values
[13134232.054859934, 5276729.061314389]
[13152104.813893467, 5248123.862118192]
[13268578.068516014, 5235836.894795135]
[13511962.877474425, 5208429.189007512]
[13821302.808943281, 5099330.470259466]
[14384193.245217128, 4948820.039202878]
values
[11524104.46656474, 2833339.310599665]
[11532046.81096636, 2819058.1655306355]
[11574911.602638066, 2486872.0899391305]
[11578200.188931746, 2438692.0056367926]
[11580778.256899402, 2435680.6854807786]
[11584058.441970771, 2391615.707772363]
[11594843.072557013, 2364552.5327744195]
[11595053.340588268, 2361880.120784548]
[11595081.28397291, 2361547.222394475]
[11595123.890719865, 2361048.355644997]
[11595167.327495843, 2360550.066064176]
[11595226.53440334, 2359886.578092189]
[11597391.967210585, 2359070.1351873865]
[11600705.194775024, 2353106.9236732014]
[11602711.10660404, 2348224.571843933]
[11606964.396200854, 2313934.90420902]
[11614917.008921618, 2299412.6091695214]
[11621702.622888647, 2270213.7881526425]
[11633426.327141583, 2255437.176226657]
[11672064.595034873, 2250015.0069678864]
[11672653.265551642, 2248235.4159895754]
[11681076.31744146, 2248203.963611083]
[11692423.317456568, 2237942.280169987]
[11701888.919640647, 2229366.7179923924]
[11724200.046464523, 2217041.0630159737]
[11726985.30331771, 2210093.8766510226]
[11749844.251769517, 2209587.029237443]
[11765682.03390252, 2184336.6606789846]
[11773217.275865776, 2175243.0387285794]
[11795204.898766877, 2172328.386960365]
[11795904.026845757, 2168824.416464113]
[11821109.44879281, 2156786.849979604]
[11821310.68258573, 2145621.7521574604]
[11831860.131262986, 2140277.2743222844]
[11843745.26104641, 2096547.516642835]
[11937370.577624144, 2095356.4190842814]
[11982258.719552115, 2080842.4001089623]
[12101420.90909262, 2074786.1472759803]
[12154233.8716739, 2044484.8925664893]
[12284163.270556804, 2038808.252573236]
[12307019.51994213, 2037545.1282299375]
[12308475.641834304, 2036407.1240920213]
[12310567.817333875, 2028257.8987535392]
[12354956.244074704, 2024763.770702183]
[12366135.45916666, 2018843.1296245428]
[12377494.613370266, 2017109.1154473855]
[12385270.207637444, 2014982.2267457955]
[12420023.15789953, 2005575.5028280767]
[12421879.466554914, 2002976.0891870349]
[12438835.411633832, 1996835.6307976504]
[12466969.315948434, 1993895.287378505]
[12523915.457237668, 1980782.3912704724]
[12547053.269324297, 1976885.9959834707]
[12607880.681806415, 1953667.4726880915]
[12711173.198814167, 1950673.2348080154]
[12779777.33603195, 1938705.77153294]
[12805822.30593452, 1935253.6405582142]
[12859300.847910197, 1928272.151917835]
[12886427.321592292, 1924709.5109382325]
[13012362.815319369, 1908794.8733596448]
[13134458.371712327, 1902688.484707804]
[13238517.94228338, 1882097.9726618514]
[13277354.382741349, 1881011.9386300205]
[13349082.9708098, 1875874.9404832423]
[13359272.215042587, 1869947.8305617583]
[13488497.46996584, 1860175.4457574503]
[13604840.07561816, 1846980.5813513696]
[13702877.604080888, 1846016.9629388999]
[13703522.131057715, 1839959.592869784]
[13797810.534274135, 1831815.6201749123]
[14086596.77401218, 1811800.076107452]
[14112427.652556123, 1810204.8243118967]
[14285686.786863942, 1790398.293356333]
[14479440.786678733, 1769688.3657260735]
[14935318.319759224, 1764271.6410486198]
[14972644.862529792, 1756761.338546648]
[15144888.54334973, 1748582.2044436843]
[15345029.580275169, 1731409.9398235143]
[15535986.279774504, 1730103.546502533]
[15743305.050596757, 1724834.9461380045]
[15848454.76150786, 1717538.051220744]
[16218369.548929224, 1700758.9541214176]
[16322579.598907623, 1698092.3750728625]
[16353945.05297391, 1697848.7122371765]
[16385507.32989032, 1688510.671434003]
[16676813.053708812, 1676989.1723780131]
[16710800.556371652, 1674880.69754027]
[17191430.941364218, 1649098.8354850295]
[17480567.92666999, 1631207.8956510632]
[17698892.681538854, 1614107.1544600134]
[18112977.371050518, 1593071.275192451]
values
[11524104.46656474, 2833339.310599665]
[11529977.229221322, 2348064.9629810285]
[11530530.804576445, 2340694.1207558634]
[11530598.78895221, 2331372.1025624587]
[11530960.186540082, 2327621.829282928]
[11531394.16007815, 2318923.5029886025]
[11531542.440654736, 2314952.7809860893]
[11531684.444551611, 2313532.305568578]
[11531759.42296407, 2312329.2941411003]
[11531797.637350028, 2311728.4284153837]
[11532553.73626558, 2301782.714062465]
[11532871.238273988, 2297311.899092739]
[11533240.819865208, 2290752.386214007]
[11533453.801437953, 2289992.913589651]
[11533653.793111987, 2288924.4949721126]
[11533698.885999441, 2287237.1951372246]
[11534268.179387804, 2283302.624202864]
[11534767.011958808, 2282508.939880132]
[11534847.049799694, 2279447.904984013]
[11534957.127017561, 2278689.9984393995]
[11535157.414451813, 2278123.7443910926]
[11535203.78738301, 2274917.9555418114]
[11535253.052597513, 2274355.6361905467]
[11535306.812322678, 2274232.1037651165]
[11535404.966336716, 2272705.2854413376]
[11535919.325640373, 2269108.516892709]
[11536022.716861304, 2268859.307449113]
[11536435.011200842, 2267997.265081772]
[11536435.984410394, 2267570.2324068374]
[11536447.196297538, 2267524.280320541]
[11536591.157852232, 2263889.003051849]
[11536902.810219979, 2263134.8827192774]
[11537112.448149016, 2261484.175592783]
[11537403.048914736, 2258457.904005389]
[11537697.50362511, 2257331.349540987]
[11537905.89651341, 2256836.5705602956]
[11537995.649533203, 2256103.4092283384]
[11537996.792582354, 2255366.4063991695]
[11538004.601602236, 2254681.8588742185]
[11538154.065959085, 2254192.02407237]
[11538218.736208327, 2253529.986434125]
[11538345.953599464, 2252812.4606500855]
[11538501.872131845, 2252726.5221041404]
[11538551.444068082, 2252281.6828190773]
[11538627.903210353, 2250653.3390949243]
[11538741.95460016, 2250315.9362323065]
[11538868.761798479, 2249934.1648190683]
[11538977.128459375, 2249332.3664763044]
[11539066.853183936, 2247981.4416398345]
[11539500.089534808, 2247803.7848350625]
[11539543.95861469, 2247619.20137972]
[11539622.312457666, 2247295.325320506]
[11539661.822609209, 2246487.5447453847]
[11539914.670541398, 2243857.0792406183]
[11540156.367808115, 2242311.555982962]
[11540810.682004293, 2239233.699095709]
[11541060.26025502, 2237153.435877132]
[11542251.666346064, 2230913.206426733]
[11542997.944026044, 2227288.700749964]
[11543136.26334846, 2226660.3540237006]
[11544090.43629616, 2225129.361260248]
[11545249.431952357, 2217069.575727331]
[11546006.588510184, 2213928.947124773]
[11546918.365874738, 2211229.0283980654]
[11547847.877872862, 2207093.6026486172]
[11548169.308503225, 2206946.5329314605]
[11548807.197784927, 2202617.9822779475]
[11549447.838405544, 2201106.1690736106]
[11549808.876788951, 2200435.834004583]
[11550220.163273234, 2200087.6877382994]
[11550256.215005463, 2197451.3230705997]
[11550520.142776668, 2196528.0616940707]
[11550701.608519563, 2196208.7378465915]
[11551921.412096964, 2191895.362758138]
[11552106.52552987, 2191469.532603617]
[11552572.450082976, 2190455.6310420875]
[11552679.483188488, 2188767.8362606415]
[11553390.566426223, 2187314.479764345]
[11554107.176270789, 2186940.057632809]
[11554346.051599082, 2185765.4089134173]
[11554715.095882164, 2183195.118905939]
[11558177.70498438, 2177880.9548248644]
[11561397.977290059, 2162931.2536022263]
[11562279.021226058, 2160771.259957021]
[11576857.333287636, 2155344.894136696]
[11580281.17000727, 2146487.455992707]
[11583653.918994319, 2146100.320603693]
[11583996.108319119, 2144703.3544932576]
[11585285.909462342, 2143689.472203735]
[11591179.070367558, 2139804.3805167773]
[11592000.074982991, 2136049.4514537198]
[11592738.963085674, 2134749.137595571]
[11593096.76850876, 2134575.911893514]
[11597651.744884236, 2131219.7698081145]
[11598924.908619015, 2128414.8005617494]
[11600817.531549571, 2126739.2227939973]
[11603442.393138446, 2124450.652278262]
[11605862.340506297, 2122578.4571958724]
[11606285.50327882, 2121957.6554379333]
[11608330.041882226, 2120728.2183176335]
[11611628.91139611, 2119533.718757491]
[11620623.274461662, 2110238.648653844]
[11628362.684515962, 2104640.9196771737]
[11650634.262779191, 2100980.0668035746]
[11662633.828550572, 2091839.987570914]
[11670360.292987784, 2089304.9030505703]
[11671096.974927155, 2086638.978881158]
[11674627.280635491, 2085226.9019715858]
[11680193.872659627, 2084508.5001008927]
[11691545.214652747, 2081244.7697101976]
[11691788.0393015, 2078321.2996075628]
[11698742.169267856, 2078168.3043568707]
[11707896.601576695, 2072932.8500967752]
[11710972.58237675, 2068794.349411679]
[11714384.246605359, 2068590.9835542156]
[11714941.850532828, 2067991.2463333532]
[11722437.187995039, 2066636.9698748214]
[11726368.400682291, 2065219.8090465115]
[11727821.245908342, 2063683.5597387743]
[11729905.244321609, 2063313.742737812]
[11733915.890062056, 2058078.5634199337]
[11745461.158286417, 2055283.4969833912]
[11747626.247556964, 2054844.1445132752]
[11752499.49181857, 2054068.2673921408]
[11756395.495496633, 2053120.0030363097]
[11757437.915648628, 2050402.2891415684]
[11772322.961109314, 2047369.5522137065]
[11779299.0004174, 2042891.676155373]
[11788867.22231181, 2041809.302297217]
[11800138.749125082, 2035485.9624713028]
[11813452.874364315, 2031689.6126615005]
[11828210.635071605, 2027559.312467919]
[11834911.786529824, 2025598.692876531]
[11849411.767878933, 2022048.4736652337]
[11857416.110914519, 2012165.1985092603]
[11894078.572750855, 2010021.8124790373]
[11910122.381434793, 1991675.6490751281]
[11954761.728513762, 1982344.507046386]
[12016875.063363368, 1974868.2697475823]
[12034534.371809322, 1957407.4997591656]
[12072575.405652469, 1946869.3407865453]
[12119707.407799419, 1929513.2192522145]
[12133324.071298022, 1927707.6603216073]
[12155850.8168204, 1917506.2261953715]
[12213863.360015921, 1911260.233032477]
[12262838.654160129, 1894147.9968754528]
[12394113.324509287, 1870664.424856237]
[12453617.983220648, 1857749.5745319019]
[12476518.837492451, 1857726.9344908516]
[12505360.254014522, 1851104.8014049479]
[12657657.422775313, 1822417.6832040383]
[12738165.810119836, 1813619.4759546225]
[12750942.879958548, 1812794.58345038]
[12771134.254066613, 1804248.0658799452]
[12781454.533570886, 1799917.2698973357]
[12850796.404346216, 1787133.1569118127]
[12856744.813918134, 1786239.4926117377]
[12960214.527200036, 1771215.9020441826]
[13067685.32909122, 1761812.9043944008]
[13297603.055798365, 1731277.4828955878]
[13334045.557682462, 1720700.9300068389]
[13419395.529995779, 1716749.5067421764]
[13537314.167648608, 1709030.0331035617]
[13545632.766596194, 1702841.0404613835]
[13697436.283427311, 1683474.5883828974]
[13786140.965469377, 1676034.356867041]
[13883877.297092617, 1666590.8009328193]
[14015009.911227396, 1657598.1731470125]
[14125265.585094465, 1650093.1776506812]
[14193674.51241159, 1644925.7964750016]
[14253731.501915492, 1641786.275880606]
[14368176.5931736, 1635591.6763676128]
[14384686.187405271, 1634284.9788500515]
[14576850.68369402, 1624664.6454059677]
[14997666.449682694, 1609434.383633076]
[15291090.8457522, 1600953.4904877138]
[15314409.329778912, 1594494.4323701377]
[15614212.831672061, 1587320.7154227651]
[15761132.871868316, 1583657.4645639223]
[15911990.637279985, 1575879.2620362744]
[15918094.672549253, 1571133.108380635]
[16236587.401345989, 1565023.0315211695]
[16390554.6434008, 1559180.0130799066]
[16862539.516683377, 1555664.6949207564]
[16960326.057338525, 1539903.6585338071]
[17060607.448123757, 1539902.8230272313]
[17628891.902577057, 1534727.111104113]
[17902333.68785603, 1533865.0390580567]
[18093641.147608817, 1517699.4924577947]
values
[11524104.46656474, 2833339.310599665]
[11526817.79854863, 2386984.3729126495]
[11526856.803502519, 2385905.6332665705]
[11526864.103088368, 2378058.7055701553]
[11526994.913145522, 2369192.1857359004]
[11527076.824157279, 2366310.637818385]
[11527179.347074619, 2365053.27835608]
[11527261.536207438, 2364593.685048077]
[11527456.137696868, 2345892.124768386]
[11528431.527740318, 2328709.524614296]
[11528482.800292322, 2325894.875813099]
[11529173.15409654, 2316045.769214246]
[11529981.611266185, 2306300.588540157]
[11531250.446866132, 2298866.9462779756]
[11532217.51355075, 2297359.495244821]
[11532274.968858775, 2289610.4274691553]
[11532797.778980942, 2285217.644228921]
[11533030.609029943, 2284022.062547453]
[11533078.123159906, 2281319.1489560935]
[11533346.607641052, 2280849.4789042003]
[11533580.827125335, 2279490.5533029493]
[11533879.902336335, 2278077.7130210376]
[11534398.270195663, 2268415.5335138817]
[11535357.194719985, 2265331.36394558]
[11536131.825016107, 2264235.7522939267]
[11536402.083576394, 2263592.11362621]
[11536902.810219979, 2263134.8827192774]
[11537087.721541619, 2260180.1768676895]
[11537139.670769025, 2258938.389523367]
[11537403.048914736, 2258457.904005389]
[11537480.020083409, 2257440.2794192056]
[11537671.588767914, 2247625.1595807]
[11538253.050939765, 2246857.2334472593]
[11539149.65951432, 2239965.687342587]
[11540388.315675445, 2237386.526261063]
[11540646.760137534, 2236873.9707101365]
[11540713.176777206, 2232394.73115058]
[11541590.397501778, 2232208.880382168]
[11542251.666346064, 2230913.206426733]
[11542291.726167588, 2230720.593157333]
[11542362.251796115, 2224911.5412836527]
[11542851.90522351, 2222840.3312019985]
[11543480.02195168, 2219840.7035663696]
[11544040.69702548, 2216556.119202365]
[11544604.386048682, 2215468.462184146]
[11545207.908241542, 2211880.4734432613]
[11546396.935534727, 2208669.034820064]
[11547119.460030794, 2204321.383871718]
[11547802.785953972, 2201135.5524137234]
[11548372.500871656, 2199740.6169743724]
[11549256.84305488, 2199120.2033790103]
[11549827.730628727, 2197378.6585287387]
[11550430.28370178, 2192338.427526521]
[11550737.384717524, 2192123.3427899694]
[11551013.386758875, 2190335.9192409725]
[11551391.109783582, 2186566.1465351707]
[11553169.469439397, 2186447.8952621315]
[11553398.694185315, 2186193.985507116]
[11553737.693899358, 2184457.9526891275]
[11553913.556196282, 2183611.943806152]
[11554226.908683848, 2179233.4856923437]
[11554819.050718166, 2177565.0115132337]
[11555873.15237044, 2177307.3457458764]
[11556257.447416253, 2177205.5862360466]
[11556962.936484976, 2174833.183359811]
[11557064.265721593, 2170456.1941899788]
[11558452.687351493, 2166549.339369298]
[11559280.540994886, 2164420.092694929]
[11560295.74653739, 2162751.146720298]
[11561236.90444639, 2159189.196356474]
[11562033.149838876, 2156591.5758121177]
[11562347.355821515, 2155781.193773871]
[11563945.767329503, 2151394.2541496716]
[11564620.48641915, 2149802.9679481015]
[11565808.127622116, 2147465.800533729]
[11567784.931759723, 2142811.977774506]
[11568067.772777753, 2141544.638805856]
[11568654.938769285, 2141315.7471910757]
[11569143.18721815, 2139030.421887238]
[11569470.222142527, 2138431.642651899]
[11570428.842199046, 2137536.1569133196]
[11570542.133647326, 2136464.615882001]
[11570941.502646277, 2134995.1983391545]
[11571877.971387297, 2133321.4870928973]
[11572961.429957965, 2130590.7945582825]
[11573411.449869463, 2130366.686666294]
[11573458.379837994, 2129789.4989363817]
[11573911.652669456, 2128973.3545486587]
[11574026.921258567, 2128341.887476903]
[11574117.04659019, 2128217.526568082]
[11574157.301728277, 2128036.834849574]
[11574953.4704372, 2126928.024918424]
[11575275.213587662, 2126016.0889208973]
[11575437.801615203, 2125454.622873089]
[11576687.389941985, 2122695.960457458]
[11577621.201514946, 2121672.790264369]
[11579656.896957744, 2117005.841975202]
[11579717.498632176, 2116771.9294662033]
[11580073.57771032, 2116095.7713946523]
[11580216.340221541, 2115668.392963599]
[11580391.956346415, 2115255.3296798794]
[11580828.728412468, 2114354.570619324]
[11582080.715159208, 2112576.6027310044]
[11582373.55267363, 2111828.235863451]
[11582567.612965053, 2110826.3440848836]
[11583108.676369257, 2110521.822310859]
[11583932.250744602, 2108970.8476483067]
[11584016.355799478, 2108676.290790791]
[11585059.624242568, 2106393.669627795]
[11585065.99649597, 2106313.407334966]
[11586138.275307424, 2104708.9934186293]
[11586547.829217725, 2104185.221366867]
[11586648.726492323, 2103779.282995487]
[11586882.337962244, 2103712.514788243]
[11587221.456066903, 2103241.8808161495]
[11587326.556824792, 2102376.465151457]
[11588549.660907593, 2100479.6506586345]
[11588890.49386291, 2099652.0119730276]
[11589589.821049681, 2099134.231726948]
[11589647.278199244, 2098500.9306612154]
[11589936.92917692, 2097577.1135919327]
[11590115.310481947, 2097556.8174217143]
[11590585.015087951, 2096810.4886846736]
[11592027.36357261, 2095073.3772304093]
[11592360.12064655, 2093499.1488503197]
[11592577.10134214, 2093409.8500492412]
[11593276.118323414, 2091842.0282238815]
[11593594.561501246, 2091102.8581004879]
[11594447.830588505, 2090182.2159577692]
[11595435.563598795, 2088917.1091065134]
[11596616.927990586, 2086414.0969931164]
[11597709.172861218, 2084188.3269722885]
[11598178.247446386, 2083800.3933643328]
[11598709.29761023, 2083751.625660053]
[11599284.479242455, 2082466.5854732823]
[11599503.185603136, 2081562.1233473606]
[11599744.72011133, 2081495.8075403406]
[11600607.479704224, 2080482.2464866005]
[11601365.166719422, 2079668.2195077557]
[11601581.212896297, 2079431.465788928]
[11601817.664058523, 2079087.415810719]
[11602014.047683744, 2078149.0509030838]
[11602985.142440561, 2076330.419826195]
[11604270.507059848, 2075447.2776253114]
[11605148.381700337, 2074654.1111932292]
[11605406.945737395, 2073213.6371737807]
[11605584.48406789, 2072438.130869702]
[11606534.875640387, 2071923.009532324]
[11606881.899133606, 2070454.773902234]
[11607973.375013757, 2068832.780310543]
[11608744.225640738, 2067837.9661085894]
[11608761.765537972, 2067665.1898685833]
[11609554.367544325, 2066858.679182876]
[11610044.336772593, 2066482.0436404096]
[11610695.719852626, 2065576.9756347095]
[11611718.273318058, 2064587.0102089131]
[11611907.03035604, 2064322.5417803319]
[11613188.365311071, 2063095.1941132091]
[11613636.094354276, 2062602.883064504]
[11614539.794724323, 2061894.754638022]
[11614766.48004225, 2059399.877586975]
[11616913.507451894, 2056247.3301536993]
[11618388.064679429, 2054217.630018811]
[11618559.682873936, 2053921.3493290297]
[11619606.18177518, 2052802.7955951097]
[11620027.509613574, 2052338.8949597073]
[11620751.17642013, 2051096.8165106862]
[11624099.742537761, 2046361.3706966517]
[11624860.114443818, 2045772.991274953]
[11625845.723977035, 2044491.826739686]
[11626723.309036387, 2043532.560580431]
[11627071.63510501, 2042992.9002598315]
[11627559.123434339, 2042381.3019623535]
[11629024.425695611, 2040721.0899590978]
[11631029.006464332, 2038203.06966703]
[11631576.192059588, 2037482.1873302895]
[11632739.800472671, 2036027.7769367702]
[11634406.737408109, 2035047.362058074]
[11634452.135655964, 2034025.5619582145]
[11635187.700008316, 2033495.098117183]
[11635752.96209206, 2032531.105759922]
[11635798.256036654, 2032468.455816755]
[11636189.73073518, 2032034.308176868]
[11636892.873146078, 2031296.4178011676]
[11636975.262688858, 2031115.1022234042]
[11637068.0108062, 2031042.724554634]
[11645424.849581074, 2021681.3949573266]
[11654976.168720363, 2011395.3203082709]
[11657068.897807587, 2009270.0190392754]
[11661425.866157513, 2005072.786922702]
[11663887.389314357, 2002875.879228458]
[11664733.713120446, 2002151.4348688785]
[11666465.132879535, 2000714.2333454415]
[11668248.303732896, 1999292.5076435322]
[11675228.659489812, 1997149.226466664]
[11684938.148476329, 1995922.6448881482]
[11703308.176174799, 1993484.4806664842]
[11706996.451053264, 1991824.1491889572]
[11713061.745584307, 1991624.3019863036]
[11715292.22855795, 1990401.4829533792]
[11740206.886740038, 1983938.3591718387]
[11749588.172676733, 1983752.7079539513]
[11761723.497650107, 1968901.624437609]
[11815191.199580789, 1948575.13812797]
[11860366.227387294, 1947843.1584447378]
[11861227.888952931, 1930821.549099531]
[11904943.838867951, 1928445.5514715482]
[11911530.241457015, 1913241.61209609]
[11947735.181386681, 1909487.9755351616]
[11982373.334943287, 1907863.5567050448]
[12025354.58844462, 1878217.857260778]
[12129773.888656748, 1874910.5255397542]
[12135909.856151182, 1856337.5966707233]
[12184488.053906105, 1841660.943352648]
[12274497.967827233, 1832885.5297480386]
[12297939.661656963, 1828427.6022233407]
[12305301.743811475, 1828366.1142036775]
[12308889.583028045, 1808451.6298754355]
[12340159.873726085, 1806038.221373423]
[12358598.658481242, 1805180.1298713754]
[12389877.590755789, 1803581.687356829]
[12402024.609717503, 1801940.6691399442]
[12413476.415201206, 1775007.5284266]
[12541790.89177219, 1770810.3243199342]
[12597523.6641563, 1741173.8160062425]
[12709261.158697853, 1738011.239237101]
[12762385.68977246, 1708322.3375669236]
[12941194.910818689, 1676911.5709354826]
[13098093.773615018, 1663847.4677320118]
[13133967.133149143, 1647480.8145074963]
[13235547.102053111, 1633682.2093939036]
[13409411.059157232, 1626281.9973102661]
[13623227.74883368, 1604058.9837827554]
[13790514.54849428, 1587375.9302771077]
[13793390.104548289, 1576172.4288698926]
[14060924.10310204, 1563304.2700179056]
[14533806.751703907, 1534298.2411120697]
[15032152.845500432, 1513712.215412503]
[15300069.317252656, 1507580.7999606743]
[15690511.879662754, 1496016.2013628527]
[15925632.07511912, 1484937.581703222]
[16467347.329111267, 1478517.830479215]
[16671971.373414617, 1463477.530218837]
[16929351.88502511, 1461954.2501349065]
[17271705.89297684, 1454195.3023970947]
[17509875.076813225, 1452769.7120726572]
[17582964.78602108, 1448263.8152603381]
end_solutions
[-3.5846823659093245, 1.1067061575459776, -50.70950921035775, 9.273303670522719, -20.46560766930545, -23.536630778082746, -37.61253430931647, 0.3339029338204782, 52.392341436355764, 8.649212495943841, 13.605220569989285, 12.579319837709107, -4.192833994828893, 27.47059779156293, 5.767991428200386, -48.22452193752333, 5.570688888780092, -46.52735317613737, 19.446718198171144, 7.487050563386948]
[-3.6916018020354953, 0.5324245796534286, -48.10699890077316, 7.229543208019786, -20.61452732575405, -25.35069905951736, -36.05369303282334, 1.1074400572478296, 53.76389822138155, 5.727067172833397, 12.881987315930234, 11.443820957494305, -2.6777176110145966, 31.9456544790685, 8.857105976487059, -44.359286292627516, 3.397548509976263, -44.479650715043554, 14.069718323149251, 8.800303404701214]
[-3.7275888573463014, 0.34317312270596323, -47.25338583527429, 6.560476405921342, -20.663436285367972, -25.94582451245643, -35.54167276719274, 1.3620221227697629, 54.21472489395154, 4.766272998342511, 12.644770565119844, 11.069984069367814, -2.1824646438899498, 33.41501423843959, 9.870842786485028, -43.09035247366458, 2.6836573490693967, -43.806812514079596, 12.30431307295967, 9.232091786189573]
[-3.7653261599102232, 0.1999934045637327, -46.65238676901179, 6.10622645322964, -20.703833273104223, -26.37274925061277, -35.16662293803757, 1.5633150981656587, 54.552170116437026, 4.043575504924878, 12.475449630172035, 10.781345141987684, -1.8589447425944914, 34.49007154841991, 10.602215467680974, -42.16774844986088, 2.149054691939095, -43.30940274826685, 11.015717310692404, 9.558575133356726]
[-3.7879685414485764, 0.11408557367839439, -46.29178732925429, 5.833676481614618, -20.728071465745977, -26.628904093506577, -34.94159304054446, 1.6840908834031962, 54.754637249928315, 3.609957008874298, 12.37385706920335, 10.608161785559606, -1.6648328018172163, 35.13510593440811, 11.04103907639854, -41.614186035578655, 1.8282930976609142, -43.010956888779205, 10.242559853332043, 9.754465141657018]
[-3.821490996297995, 0.014982236272634383, -45.91107249816813, 5.559221486460446, -20.756944216448975, -26.903758111468644, -34.69404301221847, 1.8258703924241548, 54.98220963707672, 3.1201024019355184, 12.26538168837424, 10.40730433085465, -1.4789906356545643, 35.842437795192936, 11.51508687017002, -41.01080224144948, 1.469273908375423, -42.679531730812826, 9.396749167483843, 9.976475104779041]
[-3.8550134511474132, -0.08412110113312563, -45.53035766708197, 5.284766491306275, -20.785816967151973, -27.17861212943071, -34.44649298389248, 1.9676499014451134, 55.209782024225134, 2.630247794996739, 12.156906307545132, 10.206446876149695, -1.2931484694919124, 36.549769655977755, 11.9891346639415, -40.40741844732031, 1.1102547190899317, -42.34810657284644, 8.550938481635644, 10.198485067901066]
[-4.112915060009424, -0.5688917257682875, -44.20968600609741, 4.535810445324762, -20.904590752202104, -28.15786157357327, -33.471104574686876, 2.6054723521982837, 56.16581553007676, 0.5431740185861614, 11.774945085125282, 9.282224270175847, -0.9221919897741361, 39.27754967757685, 13.725195260190816, -38.11865073939394, -0.3371424028621749, -41.00399726068667, 5.313995021328154, 11.14219170592755]
[-4.158714802396, -0.6235147938214276, -44.172360049757586, 4.571001958339712, -20.908691335272636, -28.186832883574443, -33.41622710768385, 2.6538362640620736, 56.23286113386001, 0.3909361626295224, 11.764367331913228, 9.19973293664289, -0.9851304539047907, 39.41270390104373, 13.78942923025102, -38.012906378156956, -0.41876921493168906, -40.919868409214246, 5.159382643568961, 11.208754116263774]
[-4.158714802396, -0.6235147938214276, -44.172360049757586, 4.571001958339712, -20.908691335272636, -28.186832883574443, -33.41622710768385, 2.6538362640620736, 56.23286113386001, 0.3909361626295224, 11.764367331913228, 9.19973293664289, -0.9851304539047907, 39.41270390104373, 13.78942923025102, -38.012906378156956, -0.41876921493168906, -40.919868409214246, 5.159382643568961, 11.208754116263774]
[-4.391284665378423, -0.9594544088802116, -43.58231487630632, 4.405789991491398, -20.972954617608522, -28.640116231341114, -32.88810374168591, 3.0506093273529507, 56.792876813436635, -0.850912458442123, 11.590740843774686, 8.603701127965321, -1.0452151378465957, 40.84240418946648, 14.631437507316427, -36.8400982398816, -1.218893229805784, -40.16483998502244, 3.4810485553487833, 11.76704798919289]
[-4.379024929676448, -0.9437122004262184, -43.60188322140873, 4.404717718921114, -20.970357864472202, -28.624428119982333, -32.909231102362035, 3.0330464835004505, 56.769120846152354, -0.7976510661880858, 11.59662602128013, 8.630602792223293, -1.034470239457464, 40.78669348424576, 14.60086540221297, -36.88490726777063, -1.1863086080761547, -40.195918255545294, 3.545849689799104, 11.74318224162425]
[-4.379024929676448, -0.9437122004262184, -43.60188322140873, 4.404717718921114, -20.970357864472202, -28.624428119982333, -32.909231102362035, 3.0330464835004505, 56.769120846152354, -0.7976510661880858, 11.59662602128013, 8.630602792223293, -1.034470239457464, 40.78669348424576, 14.60086540221297, -36.88490726777063, -1.1863086080761547, -40.195918255545294, 3.545849689799104, 11.74318224162425]
[-4.391284665378423, -0.9594544088802116, -43.58231487630632, 4.405789991491398, -20.972954617608522, -28.640116231341114, -32.88810374168591, 3.0506093273529507, 56.792876813436635, -0.850912458442123, 11.590740843774686, 8.603701127965321, -1.0452151378465957, 40.84240418946648, 14.631437507316427, -36.8400982398816, -1.218893229805784, -40.16483998502244, 3.4810485553487833, 11.76704798919289]
[-4.4158041367823735, -0.9909388257881979, -43.5431781861015, 4.4079345366319655, -20.978148123881162, -28.671492454058672, -32.84584902033366, 3.085735015057951, 56.840388748005196, -0.9574352429501976, 11.578970488763797, 8.549897799449377, -1.066704934624859, 40.95382559990792, 14.692581717523343, -36.750480184103544, -1.2840624732650427, -40.10268344397674, 3.351446286448142, 11.814779484330167]
[-4.439608431627245, -1.0224708165215515, -43.494628599862466, 4.400696912724724, -20.985284066328038, -28.711283697828662, -32.797278240988504, 3.125885634175317, 56.89345282150258, -1.0758858004495653, 11.563999363464927, 8.491790714467712, -1.080940674581342, 41.085208618039374, 14.767687551243876, -36.644041459851465, -1.3606134991360062, -40.03221693499451, 3.197846930594708, 11.868533595973496]
[-4.390785980266923, -0.9778080712523322, -43.41363365523475, 4.257647074924527, -21.000754071900914, -28.781694184894477, -32.77362587801977, 3.134589046186101, 56.89638152292004, -1.0740185485510247, 11.536383459409343, 8.517746552243379, -0.9370913583068544, 41.19104346153694, 14.870054456679135, -36.54598849335499, -1.4120573353005657, -40.01249663454478, 3.0631889871337217, 11.875443245176537]
[-4.341963528906602, -0.9331453259831128, -43.33263871060702, 4.11459723712433, -21.016224077473794, -28.85210467196029, -32.74997351505104, 3.1432924581968846, 56.8993102243375, -1.0721512966524844, 11.50876755535376, 8.543702390019046, -0.7932420420323669, 41.29687830503451, 14.972421362114394, -36.447935526858515, -1.4635011714651252, -39.992776334095055, 2.928531043672735, 11.882352894379581]
[-4.284262040796222, -0.8800897280165288, -43.23353235218598, 3.9422426907224315, -21.035967580406258, -28.93940372479992, -32.718741958403896, 3.15730596254769, 56.90586877001179, -1.0769722107871602, 11.474699253901214, 8.571502743329571, -0.621179359870031, 41.432406981586446, 15.100330518000437, -36.32352227754558, -1.53112955635183, -39.964944275331206, 2.7568562795256772, 11.894263480434002]
[-4.263325397788039, -0.8601310947902094, -43.21177103800487, 3.892567784931699, -21.03956491099849, -28.95746985725103, -32.718401170747754, 3.152523445583384, 56.898118754418796, -1.0564027669884437, 11.467375248780803, 8.590432212089219, -0.567639220137038, 41.447498075178544, 15.123735219422574, -36.30674176096646, -1.5353637512026521, -39.96970168909388, 2.73542271029067, 11.887297433518865]
[-4.21770657481588, -0.8187975671041026, -43.12635761189701, 3.750045530048432, -21.056595712443837, -29.032766970711734, -32.688628320127954, 3.1677098950641245, 56.90795254760814, -1.0703264057785686, 11.438066935836229, 8.608457651157003, -0.42715576944270195, 41.570253176242986, 15.235459236240505, -36.19530572897802, -1.5977800055224884, -39.940883350590155, 2.5810005471188755, 11.901715762828587]
[-4.173125912314334, -0.7766663796868405, -43.06968990350087, 3.634840860425963, -21.067070544989008, -29.081436781624177, -32.67967249872886, 3.1651947387740194, 56.89907596692032, -1.0433855578331177, 11.418721045369947, 8.64205254665234, -0.3067165975059204, 41.62802607138039, 15.302546354735725, -36.138307102970806, -1.622289684381443, -39.93985326529773, 2.5046365926227816, 11.895473226835506]
[-4.115739844094917, -0.7231079080923976, -42.98308903482149, 3.4742079575583986, -21.08412681697558, -29.157328970327796, -32.65746630099256, 3.171699165860441, 56.897632502683564, -1.0305887660375366, 11.38889571159781, 8.676606100116443, -0.14324749816717613, 41.73571967705831, 15.411278861039055, -36.03731662560614, -1.6738532574040632, -39.92405559570268, 2.3664900658089127, 11.8985107465965]
[-4.100227061891866, -0.7094667029505936, -42.940010794504325, 3.4129248662723, -21.09398842777769, -29.197088894129195, -32.63594167856853, 3.1877686268754752, 56.911689069632814, -1.0589308618393882, 11.373718388066496, 8.673300716061245, -0.08685867829441773, 41.81323109555204, 15.473201964498108, -35.9698871813997, -1.7169484407250393, -39.89874309858229, 2.2712106774650582, 11.915480360187772]
[-4.094107412305002, -0.7071603400291442, -42.86942533217876, 3.3405514221199164, -21.111291451976836, -29.26390839408493, -32.58619837293047, 3.2309753676057604, 56.95572204606019, -1.1542819795484822, 11.348644596979431, 8.638656050691178, -0.03143757135555923, 41.972275693147054, 15.584008536172192, -35.83665472719801, -1.8105055613951433, -39.83294278812938, 2.080019159379491, 11.96458211662982]
[-4.057371245061357, -0.6758514490299096, -42.74718491289477, 3.1771588701191744, -21.13996819034533, -29.377713444534415, -32.5193852959022, 3.283516793101689, 57.003846855216274, -1.2539025318540498, 11.30539538009816, 8.617914405559432, 0.11456761522618908, 42.205312927321124, 15.76384790121535, -35.63598795259345, -1.9423104113936092, -39.75152335011896, 1.7952413767306528, 12.021217963895367]
[-4.057371245061357, -0.6758514490299096, -42.74718491289477, 3.1771588701191744, -21.13996819034533, -29.377713444534415, -32.5193852959022, 3.283516793101689, 57.003846855216274, -1.2539025318540498, 11.30539538009816, 8.617914405559432, 0.11456761522618908, 42.205312927321124, 15.76384790121535, -35.63598795259345, -1.9423104113936092, -39.75152335011896, 1.7952413767306528, 12.021217963895367]
[-4.020635077817712, -0.644542558030675, -42.62494449361077, 3.013766318118433, -21.168644928713817, -29.4915184949839, -32.45257221887392, 3.3360582185976178, 57.05197166437236, -1.353523084159617, 11.262146163216888, 8.597172760427688, 0.2605728018079374, 42.438350161495194, 15.943687266258507, -35.4353211779889, -2.074115261392075, -39.670103912108544, 1.5104635940818143, 12.077853811160914]
[-4.01155329769413, -0.6362853058323219, -42.603009769708756, 2.980804948799207, -21.17372673644722, -29.511836183319016, -32.44236381798132, 3.3434925156554938, 57.057997541368934, -1.3653245329842012, 11.254378664313677, 8.59711579623193, 0.29152570842771774, 42.476351919936604, 15.974943754132038, -35.402010626340264, -2.0950808145632944, -39.65850051927676, 1.4635122764507142, 12.085411488887539]
[-3.984307957323388, -0.611513549237263, -42.537205598002686, 2.8819208408415307, -21.188972159647438, -29.572789248324348, -32.41173861530349, 3.365795406829122, 57.07607517235866, -1.4007288794579544, 11.231076167604037, 8.596944903644658, 0.38438442828705877, 42.59035719526085, 16.06871321775263, -35.30207897139436, -2.157977474076951, -39.6236903407814, 1.3226583235574143, 12.108084522067417]
[-3.947980836829065, -0.5784845404438512, -42.44946670239459, 2.750075363564629, -21.209299390581055, -29.65406000166479, -32.37090501173306, 3.395532595060626, 57.100178680344946, -1.4479346747562922, 11.200006171991184, 8.596717046861627, 0.5081960547661801, 42.74236422902652, 16.193739169246754, -35.16883676479981, -2.241839686761826, -39.577276769454265, 1.1348530530330145, 12.13831523297392]
end_values
[17438624.0387404   1448086.36071302]
[14687162.54625723  1521300.70780262]
[13793390.10454829  1576172.42886989]
[13235547.10205311  1633682.2093939 ]
[12941194.91081869  1676911.57093548]
[12659273.4640885   1724025.35745144]
[12413476.41520121  1775007.5284266 ]
[11810949.12032737  1931855.63756582]
[11800658.74434728  1930996.55938767]
[11800658.74434728  1930996.55938767]
[11669159.3168406   1998587.40921589]
[11671970.17055267  1996494.99172544]
[11671970.17055267  1996494.99172544]
[11669159.3168406   1998587.40921589]
[11663887.38931436  2002875.87922846]
[11657068.89780759  2009270.01903928]
[11636975.26268886  2031115.1022234 ]
[11618559.68287394  2053921.34932903]
[11598163.60891212  2083439.73577757]
[11593594.56150125  2091102.85810049]
[11578791.39256221  2118217.85327041]
[11569143.18721815  2139030.42188724]
[11556481.72598641  2171352.36299014]
[11551391.10978358  2186566.14653517]
[11545135.34127121  2209675.17196293]
[11535712.65236936  2256250.07358153]
[11535712.65236936  2256250.07358153]
[11529981.61126618  2306300.58854016]
[11529173.15409654  2316045.76921425]
[11527456.13769687  2345892.12476839]
[11526817.79854863  2386984.37291265]
