values
[9746.898122286539, 1882668.1431943993]
[9767.43020892192, 1881062.082772878]
[9778.049288141337, 1867748.9935053715]
[9817.031748905734, 1863917.8474151597]
[10086.772753184616, 1858972.3792735047]
[10093.11001789022, 1857669.9756894957]
[10121.991282375833, 1857162.9810345417]
[10135.85727663414, 1857051.2453797662]
[10230.461246652414, 1856437.2770390427]
[10303.949475961968, 1808734.281841153]
values
[9355.357047152405, 1573833.8059179196]
[9367.466414709352, 1572779.340142198]
[9390.67438424968, 1571209.1049757046]
[9429.289146996349, 1562306.9860311425]
[9429.595818823222, 1562295.5537950376]
[9429.876439326974, 1562290.123103126]
[9430.234096496255, 1562284.882659447]
[9430.939017824583, 1562202.7692951402]
[9432.904393788982, 1560385.5362801964]
[9535.153134013304, 1554281.7081651231]
[9566.786385185047, 1551969.082897416]
[9573.719277706288, 1551142.3504019326]
[9577.022612269599, 1551027.5103289704]
[9578.640557137047, 1550742.8882824988]
[9583.787313036728, 1550604.583249985]
[9584.968840269978, 1550509.1100910169]
[9589.658234934706, 1550326.9551078593]
[9595.22628826385, 1550148.8408183642]
[9596.719890701002, 1550104.9435839993]
[9597.478462833871, 1550083.0896656115]
[9598.244027531615, 1550061.2988792865]
[9600.593350797375, 1550021.8169382543]
[9602.827026917512, 1549992.17554422]
[9607.36523187018, 1549858.909616307]
[9607.74457325687, 1549804.7336139984]
[9608.144268386295, 1549794.2406719716]
[9611.812220315309, 1549727.9872003228]
[9618.402908767974, 1549494.0028293421]
[9624.122342383105, 1549341.3531004519]
[9625.139962292946, 1549336.5275487504]
[9626.136064101538, 1549318.867528728]
[9627.109140680039, 1548965.3736673477]
[9630.618401433949, 1548491.683470132]
[9631.389355407824, 1547354.558244231]
[9647.921226976665, 1547293.8954476535]
values
[9324.695498956246, 1579608.944966743]
[9331.406237632766, 1578186.2504180635]
[9349.910199258733, 1575215.9434432136]
[9349.9451369851, 1575168.0847281746]
[9351.039899525102, 1574919.0725827909]
[9355.0632047388, 1573753.379554233]
[9355.967346373014, 1573591.5785934306]
[9358.416161993558, 1572393.1525997454]
[9358.971378528438, 1572346.5081867084]
[9390.67438424968, 1571209.1049757046]
[9414.630249021287, 1570838.278124796]
[9425.563303508601, 1561094.0899273758]
[9432.904393788982, 1560385.5362801964]
[9457.933521026605, 1558067.7472315982]
[9463.513403739358, 1557685.1242885974]
[9486.103322791852, 1556996.936686472]
[9490.289589158483, 1556938.6230535905]
[9491.575584724595, 1556923.3955415387]
[9495.631489276593, 1556278.7601665743]
[9525.272786045922, 1554876.3430141227]
[9535.153134013304, 1554281.7081651231]
[9538.994327785205, 1554128.899705357]
[9541.822266228182, 1553832.3298062752]
[9545.338205104777, 1553772.0120411606]
[9566.786385185047, 1551969.082897416]
[9573.719277706288, 1551142.3504019326]
[9577.022612269599, 1551027.5103289704]
[9578.640557137047, 1550742.8882824988]
[9583.787313036728, 1550604.583249985]
[9584.968840269978, 1550509.1100910169]
[9589.658234934706, 1550326.9551078593]
[9595.22628826385, 1550148.8408183642]
[9596.719890701002, 1550104.9435839993]
[9597.478462833871, 1550083.0896656115]
[9598.244027531615, 1550061.2988792865]
[9600.593350797375, 1550021.8169382543]
[9602.827026917512, 1549992.17554422]
[9607.36523187018, 1549858.909616307]
[9607.74457325687, 1549804.7336139984]
[9608.144268386295, 1549794.2406719716]
[9611.812220315309, 1549727.9872003228]
[9618.402908767974, 1549494.0028293421]
[9624.122342383105, 1549341.3531004519]
[9625.139962292946, 1549336.5275487504]
[9626.136064101538, 1549318.867528728]
[9627.109140680039, 1548965.3736673477]
[9630.55575394589, 1547382.1644678165]
[9631.063965501242, 1547379.3023009414]
[9631.28179381308, 1547369.450837114]
[9631.389355407824, 1547354.558244231]
[9631.394054349847, 1547351.5231716568]
[9634.673424812918, 1547145.8350734918]
[9635.392098725404, 1546999.4947345383]
[9635.639235244578, 1546984.4211355348]
[9637.568532065801, 1546868.86844647]
[9643.553548748638, 1546664.695644234]
[9644.446925415117, 1546632.1695995573]
[9646.257653816372, 1546587.70844639]
[9649.591136983288, 1546516.009046518]
[9653.156493401451, 1546428.7500800907]
[9658.711508975048, 1546330.6890413193]
[9677.496676555702, 1546061.4546199576]
[9698.948327904269, 1546026.2683153658]
[9706.088763346243, 1545945.0876620589]
[9711.589291211347, 1545820.4249826178]
[9718.562567113662, 1545769.1983829343]
[9723.950393002773, 1545759.5198906076]
[9735.808595630217, 1545598.3637576704]
[9739.442888134743, 1545416.0106213272]
[9754.0812368194, 1545403.5226182041]
[9754.620115693819, 1545318.441577468]
[9755.941524890024, 1545217.398518748]
[9764.25749721951, 1545174.4453570184]
[9766.0688831397, 1545086.559131228]
[9768.050590560655, 1545037.1476161543]
[9772.358227758119, 1544949.2221123872]
[9773.568417733128, 1544918.1615389762]
[9776.205545863146, 1544820.318926769]
[9780.33946221613, 1544769.163522867]
[9782.825849065519, 1544643.7975532403]
[9784.268505632184, 1544637.8919101944]
[9789.107858686935, 1544522.6293551554]
[9791.03279923836, 1544510.4918287713]
[9791.422132286752, 1544500.988179147]
[9792.713430000475, 1544490.4660297127]
[9794.136327333767, 1544482.8080240493]
[9794.865843790893, 1544476.867933735]
[9794.885588663938, 1544456.4407881263]
[9797.785563739271, 1544426.0189011383]
[9801.67110656317, 1544410.1145636807]
[9802.693363850638, 1544403.9250209322]
[9803.76694363194, 1544397.960697512]
[9806.995401102864, 1544378.0155376818]
[9811.03792803579, 1544377.5738427637]
[9816.478980689726, 1544343.4329702791]
[9817.995894339234, 1544339.8753603376]
[9825.658861403008, 1544332.1892144128]
[9828.603636184385, 1544320.7362667446]
[9831.496534278018, 1544310.1316098506]
[9838.341574399506, 1544301.4391898538]
[9840.205457683709, 1544291.705140243]
[9843.861413103748, 1544291.02788279]
values
[9323.02665841341, 1579962.5313816129]
[9323.034327315469, 1579762.0732962326]
[9323.194012477297, 1579688.599802776]
[9323.722995504651, 1579542.0232174592]
[9324.529696611076, 1579395.9405708597]
[9329.884948049243, 1578711.2612196978]
[9331.406237632766, 1578186.2504180635]
[9339.994029631616, 1576740.2606989166]
[9349.910199258733, 1575215.9434432136]
[9349.9451369851, 1575168.0847281746]
[9351.039899525102, 1574919.0725827909]
[9355.0632047388, 1573753.379554233]
[9355.967346373014, 1573591.5785934306]
[9358.416161993558, 1572393.1525997454]
[9358.971378528438, 1572346.5081867084]
[9390.67438424968, 1571209.1049757046]
[9414.630249021287, 1570838.278124796]
[9425.563303508601, 1561094.0899273758]
[9432.904393788982, 1560385.5362801964]
[9453.85508776496, 1557919.8359522987]
[9463.513403739358, 1557685.1242885974]
[9468.258620816816, 1557332.937884344]
[9480.069533094867, 1556618.8205636642]
[9495.631489276593, 1556278.7601665743]
[9506.719255466547, 1555770.0579541486]
[9525.272786045922, 1554876.3430141227]
[9534.57639282514, 1554170.9790348692]
[9538.994327785205, 1554128.899705357]
[9539.699922774344, 1553986.906089974]
[9541.822266228182, 1553832.3298062752]
[9545.338205104777, 1553772.0120411606]
[9546.567455126611, 1553530.9843751953]
[9553.312805711184, 1553430.6124715726]
[9560.78784019697, 1553357.8234490668]
[9560.8234467142, 1553333.844320726]
[9561.081128392096, 1553206.5930444065]
[9561.165381514935, 1553188.2997102982]
[9564.645064638027, 1552708.5658028177]
[9566.786385185047, 1551969.082897416]
[9573.719277706288, 1551142.3504019326]
[9577.022612269599, 1551027.5103289704]
[9578.640557137047, 1550742.8882824988]
[9583.787313036728, 1550604.583249985]
[9584.968840269978, 1550509.1100910169]
[9589.658234934706, 1550326.9551078593]
[9595.22628826385, 1550148.8408183642]
[9596.719890701002, 1550104.9435839993]
[9597.478462833871, 1550083.0896656115]
[9598.244027531615, 1550061.2988792865]
[9600.593350797375, 1550021.8169382543]
[9602.827026917512, 1549992.17554422]
[9607.36523187018, 1549858.909616307]
[9607.74457325687, 1549804.7336139984]
[9608.144268386295, 1549794.2406719716]
[9611.812220315309, 1549727.9872003228]
[9618.402908767974, 1549494.0028293421]
[9624.122342383105, 1549341.3531004519]
[9625.139962292946, 1549336.5275487504]
[9626.136064101538, 1549318.867528728]
[9627.109140680039, 1548965.3736673477]
[9630.55575394589, 1547382.1644678165]
[9631.063965501242, 1547379.3023009414]
[9631.28179381308, 1547369.450837114]
[9631.389355407824, 1547354.558244231]
[9631.394054349847, 1547351.5231716568]
[9634.673424812918, 1547145.8350734918]
[9635.392098725404, 1546999.4947345383]
[9635.639235244578, 1546984.4211355348]
[9637.568532065801, 1546868.86844647]
[9643.553548748638, 1546664.695644234]
[9644.446925415117, 1546632.1695995573]
[9645.85734848854, 1546570.9440707213]
[9649.591136983288, 1546516.009046518]
[9653.156493401451, 1546428.7500800907]
[9658.711508975048, 1546330.6890413193]
[9662.222943990255, 1546233.2318202043]
[9665.493353561655, 1546229.585495208]
[9677.496676555702, 1546061.4546199576]
[9682.174058299988, 1545997.1147024855]
[9688.827564731697, 1545867.0396418122]
[9694.062728181822, 1545798.9089813686]
[9718.562567113662, 1545769.1983829343]
[9723.950393002773, 1545759.5198906076]
[9726.42220330358, 1545474.0350132543]
[9739.442888134743, 1545416.0106213272]
[9745.641980024102, 1544878.167915992]
[9745.694733481661, 1544876.434960666]
[9746.690541752434, 1544843.5924562349]
[9758.592537807506, 1544223.2239457269]
[9759.071232171147, 1544218.771664025]
[9759.10691311204, 1544218.4586129654]
[9759.66597085399, 1544213.8423523784]
[9759.743890572125, 1544213.238114248]
[9759.982419076505, 1544211.4413010145]
[9760.269740326483, 1544209.375164925]
[9760.311580308115, 1544209.0826528317]
[9761.007976859739, 1544204.4925667036]
[9761.05318387076, 1544204.2113180498]
[9761.65882551135, 1544200.6153785118]
[9761.75495361391, 1544200.0720954782]
[9762.12242176321, 1544198.0583879938]
[9762.529145195193, 1544196.3369443524]
[9762.55218063518, 1544195.8212408004]
[9762.552180635183, 1544195.8212408002]
[9762.65534603021, 1544195.3018102169]
[9762.759288654293, 1544194.7850299242]
[9762.995995828393, 1544193.631964409]
[9763.399205474843, 1544191.7400044769]
[9764.29545404548, 1544187.8283884788]
[9765.240231842155, 1544184.0863949354]
[9765.361702051587, 1544183.6305724336]
[9765.823827158214, 1544181.9448431367]
[9766.454609627774, 1544180.80594982]
[9766.488198050034, 1544179.6474380905]
[9766.746579584707, 1544178.7914517808]
[9767.272004748795, 1544177.111284542]
[9767.539014829355, 1544176.287103695]
[9767.76257315057, 1544172.4873884881]
[9768.916329910444, 1544172.325228903]
[9769.589032522099, 1544169.3404184896]
[9772.014947716087, 1544163.6706599016]
[9772.730970257002, 1544161.3987765606]
[9773.062848137079, 1544160.20986271]
[9773.57306816833, 1544159.5962002478]
[9774.000572737012, 1544158.4951038137]
[9774.60808977465, 1544157.7782584683]
[9774.991838314627, 1544157.0801923943]
[9775.228341062972, 1544156.220308843]
[9775.308327986219, 1544155.7478514686]
[9776.38446513257, 1544154.1287032363]
[9776.736714927529, 1544153.6966991564]
[9777.888531154053, 1544152.0906229995]
[9778.03178047318, 1544150.72261783]
[9778.804248277618, 1544150.7209793858]
[9778.889171181923, 1544149.8474347237]
[9779.247749305558, 1544149.609242126]
[9779.479940690899, 1544148.7629795182]
[9779.49119739123, 1544148.2099069164]
[9780.568307279258, 1544147.7500199385]
[9780.75464448713, 1544147.409434046]
[9781.357106818139, 1544147.3997124548]
[9781.519166077935, 1544146.3984130828]
[9782.582872415358, 1544145.3225362164]
[9783.497647437134, 1544143.732002848]
[9784.94154920326, 1544143.7047323007]
[9785.562214210377, 1544143.6699438638]
[9786.789729416905, 1544142.976152123]
[9788.353538957137, 1544141.821202952]
[9789.278304377929, 1544141.1043931271]
[9789.412516084067, 1544141.013495313]
[9789.919772282366, 1544140.7529294582]
[9790.267816766702, 1544140.5192148266]
[9790.561383327484, 1544140.284809904]
[9790.878400813694, 1544140.148032306]
[9791.059758420548, 1544140.0520681585]
[9791.19591522183, 1544139.9816656043]
[9791.248700948105, 1544139.9202025512]
[9791.332188945844, 1544139.912609246]
[9791.605080409896, 1544139.7785351318]
[9792.026598856899, 1544139.4614030756]
[9792.334941627887, 1544139.4473300693]
[9792.38241138718, 1544139.4165363675]
[9792.700985119316, 1544139.2960872615]
[9793.628400279533, 1544138.6627459414]
[9794.450427247537, 1544138.3228891462]
[9794.55512857739, 1544138.2840172788]
[9794.660074123003, 1544138.245869945]
[9795.839962703943, 1544138.0128597496]
[9795.897705498839, 1544137.9598950166]
[9797.077720525582, 1544137.8748972116]
[9797.524580746624, 1544137.8145291377]
[9799.06200700823, 1544136.58553816]
end_solutions
[10.34949222428087, -5.793282577149373, -18.983084384861428, -2.5788978458771528, -18.061555368801283, -18.575672500543988, -21.20539335314463, -16.004362516242374, -8.333437260641492, 4.344916527713112]
[10.350148226394419, -5.7912421385937485, -18.983140534976894, -2.5789709022075646, -18.061736085002792, -18.573404980163033, -21.20513073380866, -16.004878724499257, -8.333938302697032, 4.346255483630243]
[10.34949222428087, -5.793282577149373, -18.983084384861428, -2.5788978458771528, -18.061555368801283, -18.575672500543988, -21.20539335314463, -16.004362516242374, -8.333437260641492, 4.344916527713112]
[10.350441857117863, -5.790142037509881, -18.9830846306518, -2.579200469679572, -18.061915558650885, -18.572227072069296, -21.205136036404976, -16.005049879829834, -8.334084645210686, 4.346922764224527]
[10.351620305580772, -5.7861963925090025, -18.983063943044055, -2.579627009259296, -18.062388074849718, -18.567909249500115, -21.20484854354649, -16.005887347114683, -8.33486783129365, 4.349430010522727]
[10.35178430610916, -5.785686282870096, -18.983077980572922, -2.579645273341899, -18.062433253900096, -18.567342369404876, -21.204782888712497, -16.006016399178904, -8.334993091807535, 4.349764749502009]
[10.35178430610916, -5.785686282870096, -18.983077980572922, -2.579645273341899, -18.062433253900096, -18.567342369404876, -21.204782888712497, -16.006016399178904, -8.334993091807535, 4.349764749502009]
[10.352833124377012, -5.7823306293141785, -18.98312723481914, -2.579860509532219, -18.062771475501215, -18.563635574834198, -21.2044244384237, -16.0068117631974, -8.33575519589073, 4.351939454185207]
[10.352897939474541, -5.782035633591699, -18.98309226389216, -2.5799661612269214, -18.062838622800072, -18.56333006083495, -21.204459917138855, -16.006832814830577, -8.335765736890615, 4.3521057249927075]
[10.353905211347346, -5.77900035961869, -18.983220978752783, -2.5799751898557277, -18.063064346575494, -18.559933657838716, -21.20399224100256, -16.00765684089795, -8.336575985997802, 4.354126082877642]
[10.353733814498405, -5.768032001618791, -18.978239645211538, -2.5920475074119276, -18.069042651283763, -18.550498768600136, -21.211588957091084, -16.003847646321283, -8.331681814547114, 4.357959640886843]
[10.353615708525169, -5.762695320480082, -18.975766463904403, -2.598030840342676, -18.071998229988466, -18.54593408098047, -21.21536957577777, -16.00193252321636, -8.329229458321826, 4.359793284487694]
[10.353733814498405, -5.768032001618791, -18.978239645211538, -2.5920475074119276, -18.069042651283763, -18.550498768600136, -21.211588957091084, -16.003847646321283, -8.331681814547114, 4.357959640886843]
[10.35391594671766, -5.760365593977937, -18.975194793489415, -2.599524593096343, -18.07280179886959, -18.543680823977947, -21.21615451221339, -16.001726153963226, -8.328888854732382, 4.360913583509976]
[10.35391594671766, -5.760365593977937, -18.975194793489415, -2.599524593096343, -18.07280179886959, -18.543680823977947, -21.21615451221339, -16.001726153963226, -8.328888854732382, 4.360913583509976]
[10.354338020827935, -5.7516189766028125, -18.97203033661944, -2.6073740767296645, -18.076794175778176, -18.535743522556324, -21.220836192326573, -15.99968927505343, -8.326146986753727, 4.364478544949716]
[10.354698555321894, -5.748039733332792, -18.97100660093731, -2.609989184288092, -18.078168084217673, -18.532356365350715, -21.22228994020693, -15.999191923098895, -8.32541468773876, 4.366108124177676]
[10.354760094938213, -5.742872359227688, -18.968865879749465, -2.6152235603629865, -18.080786552686764, -18.527806221134703, -21.225517872439752, -15.997652396143636, -8.323405118775073, 4.368043506389455]
[10.356592756380724, -5.741132010496026, -18.970781236798306, -2.611200513687775, -18.0791233648282, -18.524937318669352, -21.22211597040551, -16.00038921317235, -8.326518115328069, 4.3703417554585045]
[10.356592756380724, -5.741132010496026, -18.970781236798306, -2.611200513687775, -18.0791233648282, -18.524937318669352, -21.22211597040551, -16.00038921317235, -8.326518115328069, 4.3703417554585045]
[10.354971131993352, -5.738499050540126, -18.967283651314478, -2.6191483021796476, -18.08278274114106, -18.523837570423893, -21.227858712496342, -15.996633956688738, -8.322034184785746, 4.369825987109325]
[10.351914460068695, -5.733319045268708, -18.960598143296096, -2.6343563233413416, -18.0897923017088, -18.521575665705015, -21.238823995156576, -15.989486764109262, -8.313493801468507, 4.36893268908018]
[10.351914460068695, -5.733319045268708, -18.960598143296096, -2.6343563233413416, -18.0897923017088, -18.521575665705015, -21.238823995156576, -15.989486764109262, -8.313493801468507, 4.36893268908018]
[10.349812388432568, -5.728770045493376, -18.955576377194237, -2.6458496242928145, -18.095125952358224, -18.5191604460449, -21.247007589205193, -15.984257611692872, -8.30721488318659, 4.368677181540378]
[10.34797382217737, -5.7221951396343815, -18.950085864973488, -2.6586013041103866, -18.101107054402412, -18.514790898410272, -21.25582863764893, -15.978868540832497, -8.300682403596703, 4.369397041470999]
[10.346176963677935, -5.717093475027024, -18.945295501249397, -2.66966666346456, -18.106251435381477, -18.511675910458003, -21.26357691108265, -15.974027054458654, -8.29485224549782, 4.369618805798317]
[10.344380105178502, -5.711991810419667, -18.940505137525303, -2.6807320228187335, -18.11139581636054, -18.508560922505737, -21.27132518451637, -15.96918556808481, -8.289022087398937, 4.369840570125635]
[10.341902245305086, -5.706869330388061, -18.93473071602775, -2.6939730188998277, -18.117477218591986, -18.505934435536457, -21.280749417585135, -15.963123588949784, -8.281782788658404, 4.369450455383067]
[10.34117953617534, -5.705375273712177, -18.93304650975763, -2.6978349760901468, -18.11925096090949, -18.505168376837084, -21.283498152230187, -15.961355511702067, -8.279671326525747, 4.369336671916486]
[10.091064687359243, -6.064519303192765, -18.733643519401205, -3.1064964092935066, -18.264243225735605, -19.005362771396328, -21.653250862631268, -15.632492109879003, -7.919514542986756, 4.011046955383623]
[9.427450730965418, -6.19730599967253, -17.870817591164382, -5.026004006753293, -19.03927838589604, -19.623134974463948, -23.13899322274529, -14.51040257081295, -6.655099827850606, 3.3578701772115718]
end_values
[   9797.94085873 1544137.81838142]
[   9797.33469549 1544137.7943389 ]
[   9797.94085873 1544137.81838142]
[   9796.9623311  1544137.82969845]
[   9795.7533594  1544137.98201988]
[   9795.60977489 1544138.00670026]
[   9795.60977489 1544138.00670026]
[   9794.66007412 1544138.24586995]
[   9794.55512858 1544138.28401728]
[   9793.7819342  1544138.57437393]
[   9787.94399228 1544141.20095209]
[   9785.20992854 1544143.06905214]
[   9787.94399228 1544141.20095209]
[   9784.35231824 1544143.5959693 ]
[   9784.35231824 1544143.5959693 ]
[   9780.71919231 1544146.88051312]
[   9779.49119739 1544148.20990692]
[   9777.42509033 1544150.98413773]
[   9778.37351038 1544148.72443831]
[   9778.37351038 1544148.72443831]
[   9775.91664641 1544153.34311318]
[   9771.52551295 1544163.69842094]
[   9771.52551295 1544163.69842094]
[   9768.47218749 1544172.79109717]
[   9765.34494913 1544183.33482451]
[   9763.01471409 1544193.38154087]
[   9761.00797686 1544204.4925667 ]
[   9759.07123217 1544218.77166403]
[   9758.59253781 1544223.22394573]
[   9645.85734849 1546570.94407072]
[   9323.02665841 1579962.53138161]
