values
[621695.193270407, 11988230710.774746]
[2215292.358253544, 7727151.55844756]
[2386340.0134711126, 3006167.6519631334]
[2478011.507357967, 2674969.029063148]
[2685975.6523689665, 2602479.0931530623]
[2995527.2358255666, 2575409.8550717887]
[3737513.539100447, 2395094.7374118716]
[5926971.960198667, 2308309.552314689]
[6113166.887040078, 1865057.980932016]
[6683024.484079065, 1796571.7349534223]
[6713494.574286456, 1597169.7646960611]
[15322103.934216905, 1424465.9126150226]
[16305906.266257387, 1251836.079503533]
[17527583.015383564, 1218782.2761012677]
[21588268.013816357, 1198046.6146295932]
[23651296.64296838, 1173348.3092602517]
[47228798.98251134, 1165812.4068291243]
values
[621695.193270407, 11988230710.774746]
[644367.7932488348, 9253425.634482948]
[666258.2926224965, 8647774.264776858]
[741542.1355105675, 7057942.839106744]
[760557.6229540278, 6718842.47214128]
[802551.5217038209, 6067139.349530207]
[811426.4846061127, 5950815.401851225]
[825781.9226893593, 5777336.673208584]
[833120.9188385936, 5693644.576504642]
[840682.8548809662, 5611954.848070474]
[845015.0100312633, 5570004.738466885]
[853139.5178458164, 5490430.457685867]
[856751.4959548367, 5454237.905540075]
[873552.9725789105, 5303722.0369914705]
[911440.0567659899, 5004544.147092075]
[921385.1664322506, 4938769.303848769]
[923488.0340064258, 4923474.544248475]
[933627.8825348545, 4857528.130195518]
[940919.6144556504, 4812675.979341745]
[943401.2279211567, 4794580.07599662]
[968125.1320789302, 4644931.138704616]
[1000088.8683995715, 4456424.871593903]
[1001946.7732943839, 4445488.017169975]
[1002841.4930407907, 4440102.199077952]
[1003812.9523856989, 4434691.056638154]
[1004316.9141905471, 4433769.7169595845]
[1004816.6251293209, 4432847.404418421]
[1007582.8820538016, 4413280.002214764]
[1014704.6446248635, 4372602.769644779]
[1021716.6205753689, 4332686.167382175]
[1031073.1051742544, 4266767.218426733]
[1033217.230669475, 4256380.868497707]
[1034160.4273221226, 4245709.63718097]
[1047539.3776346215, 4159302.2369752973]
[1051036.4757710155, 4152230.8543905714]
[1060080.148038153, 4109746.1656023352]
[1064663.80675927, 4083874.44108911]
[1073567.7186557448, 4065782.3309996193]
[1074280.5267808428, 4037656.7373066056]
[1081605.0649188526, 4030863.902527404]
[1087329.80592738, 4013126.6511977264]
[1098122.2792196868, 3951813.1979879546]
[1100202.229877253, 3928531.181260827]
[1116529.1270570306, 3872237.6617987477]
[1122550.9315384978, 3842223.057464143]
[1126261.20786231, 3839265.8200548943]
[1138380.6183482213, 3792449.588002606]
[1139032.5895871858, 3790433.2924068556]
[1159942.626800395, 3769318.551314804]
[1170437.8785650055, 3696566.404941159]
[1178746.3344367458, 3673238.6023562197]
[1194838.236833102, 3626800.8403714634]
[1203362.698967162, 3603601.8371308707]
[1204584.9935869628, 3602989.2796595003]
[1205452.455725634, 3581462.3821180193]
[1207597.8781521495, 3570150.2880527405]
[1216996.755968572, 3564337.898275905]
[1220297.127966052, 3532121.902846714]
[1250348.3319268532, 3527710.006944969]
[1250561.8384948384, 3527040.9676689953]
[1256171.3000546948, 3519873.1336853188]
[1259416.4484322346, 3504112.0082396576]
[1263435.1129178107, 3476435.412311083]
[1270076.766826762, 3404176.663332735]
[1304100.6868656296, 3396780.886572503]
[1307638.3195801957, 3395046.487128688]
[1320928.1765056266, 3319218.633245205]
[1345372.905233286, 3220545.4735965263]
[1366373.9400867864, 3163133.649153209]
[1379007.1223426166, 3111140.0873876885]
[1428994.3806881355, 3107786.7540521612]
[1454142.836504951, 3007137.9649705556]
[1462727.2532102924, 2984196.231226342]
[1466589.8028392645, 2974177.737354489]
[1512453.1222468868, 2945170.722420209]
[1589332.0516280767, 2829693.4190187925]
[1597931.7892536805, 2802030.804244432]
[1611397.402864463, 2784996.3773631942]
[1642870.4766386931, 2743551.238451427]
[1684953.2295067986, 2726658.208373769]
[1742117.6769059342, 2626424.153213371]
[1784783.7344801798, 2609142.9952134513]
[1795630.5918937067, 2568392.3894363805]
[1849430.8230251991, 2546808.9860889413]
[1851168.6911244416, 2510673.7424474913]
[1894540.3795259646, 2493724.980497789]
[1908961.293501559, 2453990.5079845376]
[1930660.769344326, 2445808.1527083297]
[1940031.7581032307, 2434006.079189715]
[1968592.646097445, 2399142.2267467915]
[2015181.5669081185, 2370855.6327480385]
[2167857.1303409855, 2301381.462558586]
[2189666.978335527, 2264958.674050061]
[2229499.1265839897, 2207130.401373585]
[2276693.0937267384, 2170218.468940347]
[2325441.3341355845, 2134365.501557893]
[2350395.8335410673, 2116783.212631332]
[2369823.987241394, 2109163.6753549622]
[2396803.3458502255, 2104034.8448911738]
[2427706.4224696136, 2065564.4268228917]
[2478312.7250188054, 2055913.507170459]
[2494268.929285187, 2043491.8390365217]
[2521872.189568229, 2018706.9810293468]
[2536145.108498753, 2000902.0354562427]
[2589056.3832651027, 1993789.3936257213]
[2652598.4057771014, 1939547.8993077187]
[2652598.4057771075, 1939547.899307718]
[2677023.2511947253, 1936017.6667732638]
[2724416.2271938273, 1908260.562183019]
[2760237.1262648464, 1897194.355099243]
[2774889.7275645956, 1881117.0235560944]
[2803773.2997197118, 1865193.31058869]
[2839627.2998248367, 1860681.9940884956]
[2847322.958756748, 1844350.6823382636]
[2894248.874364476, 1823787.8439852954]
[2984748.4389172015, 1786454.195499953]
[3044222.140173628, 1766997.6800909112]
[3092736.174182913, 1750231.3253140808]
[3126329.4791291743, 1745585.9507357017]
[3163459.7592246695, 1731523.6395264305]
[3204731.9377542203, 1717723.1263657757]
[3250487.5077959895, 1704125.9785941578]
[3307449.4068548135, 1697602.7834528626]
[3399506.256153372, 1592243.495412327]
[3440067.4270036463, 1590011.091545051]
[3442091.0852981894, 1584220.3397797004]
[3449321.315703185, 1561570.5384222968]
[3539331.5256803897, 1521514.2806667176]
[3606729.098665912, 1497252.720437447]
[3637314.770058843, 1483877.894875719]
[3668698.2653246573, 1470856.8872322685]
[3825568.1185710053, 1442564.4399714456]
[3890764.295952071, 1374057.6600735635]
[4108273.6128119407, 1347627.770098709]
[4255418.856260379, 1327593.9160981786]
[4664517.952903669, 1300896.8107318112]
[4722107.51222719, 1290046.7118487256]
[4803040.660363752, 1240845.0041325719]
[4990338.828369916, 1190709.6004076304]
[5477898.930490734, 1176359.1335621641]
[5800854.607154801, 1155154.328854287]
[5830546.376336434, 1134204.4612501154]
[6005351.037551135, 1130533.157983345]
[6213197.112011602, 1100368.4874140786]
[6548245.682068244, 1097516.6946524112]
[6862500.759959923, 1083093.3579416017]
[7141901.872710989, 1072207.6940189367]
[7435420.317623119, 1070355.3960958268]
[7787435.279825603, 1060403.0137946035]
[8429909.445605604, 1047935.8339378805]
[8862790.12245148, 1040728.7268912514]
[9361468.70799228, 1039095.1248707132]
[10356989.497742658, 1036068.0864211577]
[10407535.066522485, 1035167.8142369456]
[10849652.881747227, 1034831.0631023342]
[10849652.881747229, 1034831.0631023339]
values
[547832.2597633589, 14252830.797637891]
[552964.8335120431, 14194928.66280564]
[559422.0677099518, 13468167.215793809]
[570604.6401960683, 11624739.872389043]
[573377.9746217388, 11358072.348685103]
[590393.4521404646, 11151107.55124443]
[590536.5597620716, 10360025.776167229]
[603409.863772862, 9951308.484439695]
[622277.4197413293, 9020234.732032359]
[628133.0541210965, 8964431.308993375]
[636584.4985054211, 8772699.123695094]
[652539.5049430769, 8636270.19276607]
[659407.3364365583, 7988840.241287963]
[668188.6959070162, 7703188.918083829]
[671045.9623197551, 7604795.136809098]
[694518.4364007033, 7094779.961768461]
[696362.9198352945, 7011402.618897264]
[700807.5803654791, 6946153.135544148]
[700854.7587088633, 6931996.56581703]
[706105.9225067368, 6813415.088384418]
[734559.5839341441, 6553247.287262201]
[736864.8835378967, 6258232.362793544]
[741098.4801174479, 6087640.173295748]
[761722.0600515573, 5886748.966896416]
[764903.4169651549, 5758936.420400608]
[772026.5264178888, 5582936.5101286685]
[788429.0940851389, 5371249.292951973]
[806018.6140408394, 5223254.925305002]
[812866.6674037132, 5109587.21614073]
[824194.8506985636, 5077968.237844932]
[827380.3493718236, 4953533.6508823335]
[834277.3392693348, 4911952.057707137]
[844996.2226880761, 4859596.176807101]
[884383.829375155, 4551870.9254091345]
[887822.3802034348, 4535767.520125583]
[890948.569305119, 4431597.883315208]
[891858.6770377726, 4410708.829510282]
[908778.4187679124, 4352899.612176084]
[915230.2230888796, 4281784.63979816]
[927113.891489627, 4248543.237558737]
[929363.4277768374, 4115619.165739642]
[935899.8747615409, 4066444.7731263363]
[948107.1821403428, 3975454.1835231376]
[966100.4714994564, 3851181.6943872734]
[985833.8440706091, 3787008.136674904]
[1003636.0887143447, 3722946.2693456924]
[1010269.2699528638, 3669015.0158972833]
[1010620.7001998534, 3620562.964779119]
[1013814.8109696303, 3613627.3279011943]
[1041554.2083714048, 3484194.7862114348]
[1049184.8910724015, 3472473.4529643734]
[1054870.1128245986, 3458579.720992005]
[1062799.69467867, 3409067.1889059404]
[1107683.4053063432, 3274042.446486476]
[1115280.280432072, 3219716.946110266]
[1121682.1578019224, 3215380.260314415]
[1145368.6499829113, 3188035.1117492444]
[1151863.1804453002, 3141453.7563583064]
[1170658.5596631123, 3063505.827166149]
[1187891.8141089713, 3016896.3672472513]
[1198271.7500770814, 2985522.2258320265]
[1213572.087852588, 2957014.186219492]
[1232814.5373069681, 2955907.3115714025]
[1233912.3266998217, 2880532.1316447565]
[1241415.1917329011, 2859605.2597809318]
[1244359.261878372, 2859115.4314117143]
[1247256.225448509, 2858740.409462476]
[1249520.359373294, 2825586.3409227794]
[1261428.605199144, 2791290.2813235177]
[1267583.753338819, 2790491.5708810245]
[1274121.340180269, 2757610.3478914076]
[1287674.546130029, 2724743.034510266]
[1295938.9942849881, 2698008.175410484]
[1302183.2910704506, 2692643.1451454493]
[1317764.2953385692, 2661306.808008944]
[1332668.0707714655, 2613537.1217794125]
[1351436.2665068116, 2600951.1560288942]
[1363925.4264122816, 2558222.405818365]
[1384483.173575595, 2552267.45596731]
[1389063.7428773434, 2543823.2778656753]
[1398570.7698975203, 2505387.698579036]
[1425415.144838977, 2494530.748300675]
[1438940.5994404408, 2482398.015925996]
[1441324.1011840762, 2464507.078183735]
[1459397.366538613, 2435203.2008038014]
[1473678.8289588494, 2414363.5068239346]
[1476114.557148178, 2404076.983425826]
[1488375.1489887862, 2393738.5175142353]
[1511030.5504990648, 2373633.239469295]
[1531674.697092364, 2337643.054546749]
[1538297.1850086024, 2330088.173047572]
[1546534.728408114, 2326891.151385335]
[1556606.2285669362, 2325568.5390297202]
[1559273.8190189514, 2296244.9510238636]
[1566377.2817462187, 2291567.4843500154]
[1580250.6554213895, 2280630.452653658]
[1584183.2518463738, 2264397.2157240193]
[1609554.8015490517, 2232995.027419063]
[1635084.7998891412, 2208699.443543815]
[1646604.6356457672, 2205165.5904333107]
[1648635.820707762, 2183806.7464275747]
[1680512.6401733635, 2158888.6299452404]
[1683090.1034863668, 2154493.4904845194]
[1690838.812025052, 2151223.943420734]
[1743595.3469956494, 2092315.248778692]
[1775248.1044861984, 2059702.2558980295]
[1791163.5472637832, 2033462.5888839765]
[1803294.1539265153, 2020685.6402162735]
[1837717.6963736454, 1988827.5597568925]
[1838852.3686484948, 1979101.7763280077]
[1862168.2586302964, 1976110.3349049636]
[1871159.4049307972, 1949084.3084526786]
[1894363.1055944646, 1941144.926510373]
[1903930.8473198835, 1919837.6386355076]
[1953628.7314637464, 1892749.5473994748]
[1968128.5294341901, 1867819.5723444591]
[1980615.5109451155, 1854194.7564841846]
[1986881.9206072039, 1847425.8114232311]
[1993125.3409003576, 1840771.1127341955]
[1996321.5982300316, 1837374.3903381054]
[2028350.1334791125, 1776204.2962630875]
[2090861.6034107492, 1764156.833609149]
[2118436.182695178, 1745130.9388315266]
[2125671.93707152, 1707242.441725735]
[2192094.408791058, 1699971.3646184008]
[2200952.9086112427, 1690169.5794201484]
[2220578.9470164236, 1680554.1695062916]
[2281022.5595512064, 1671522.1725102195]
[2288796.476159625, 1647488.7406593517]
[2320896.937450098, 1623048.0076550245]
[2329277.987046088, 1610454.3529116374]
[2351318.106070291, 1607824.439025589]
[2360694.916097333, 1584296.217580407]
[2386254.4524272997, 1543074.9182630363]
[2439901.435093616, 1542030.6025113733]
[2453065.733709455, 1512325.1457833282]
[2501541.3121989924, 1506600.6945237527]
[2525277.057629628, 1482945.6767408908]
[2552682.451701269, 1473465.1109515843]
[2604063.899814719, 1454849.4565845965]
[2607900.9291367377, 1442055.8080801049]
[2638199.87260992, 1433197.6159093622]
[2715233.009276954, 1421921.0031098092]
[2726292.5124621238, 1404252.042661268]
[2734461.1770754233, 1395678.213359772]
[2810894.375338813, 1387134.0669075092]
[2829947.498367041, 1383043.9322822588]
[2838058.5112009626, 1381421.6383038128]
[2862602.9634179724, 1373498.9785116352]
[2882228.8678707164, 1373109.9462777507]
[2894805.0278595304, 1366968.695794009]
[2906220.657449514, 1360740.1433062612]
[2912294.982010897, 1357671.2746883496]
[2918487.160119945, 1354678.4306438146]
[2921795.4883513977, 1332243.4053238397]
[2966913.084063441, 1328484.3254982585]
[3008785.1741672116, 1300636.2473593885]
[3156107.2363988725, 1277320.9194577672]
[3210118.0373769854, 1271105.4889743463]
[3265572.5402871626, 1264292.6102393887]
[3266763.08257921, 1250145.2931184897]
[3352079.776979924, 1248763.356592244]
[3356173.159400241, 1242879.9668196791]
[3357170.6383591252, 1236137.7714065248]
[3384701.2267143717, 1233059.1954168666]
[3420224.490726929, 1224433.9850903857]
[3487480.9754647706, 1212849.4002929663]
[3555034.875415291, 1205321.7964443113]
[3558060.193919181, 1201772.5936269618]
[3575055.3580912277, 1201353.4449897667]
[3656170.846695886, 1197480.7562318095]
[3659435.73336666, 1195047.059780836]
[3710022.6170218023, 1181126.7307729032]
[3746937.2969030906, 1180387.5673321267]
[3901693.775675305, 1166384.6673950793]
[3986923.431203635, 1162590.8697943639]
[4031031.285482398, 1155566.1135072643]
[4035588.9861555607, 1153499.1592241903]
[4059453.201496657, 1145154.1297459349]
[4178241.189214636, 1141513.056448559]
[4202539.872983486, 1138299.458221519]
[4414653.182085942, 1130111.136672824]
[4511767.328298551, 1124460.279516761]
[4538658.071890633, 1110534.9840954356]
[4808655.565506183, 1107241.5760657727]
[4991718.138549545, 1096337.2561695755]
[5034095.682921506, 1086722.7807055616]
[5340135.555430592, 1076539.8343954238]
[5349983.598567612, 1074743.9105380203]
[5738599.808983939, 1072496.6875899902]
[5751028.457169285, 1069335.7079668876]
[5890564.109168362, 1068185.876439863]
[5920591.256516101, 1062362.3811614509]
[6011976.246792561, 1062052.8051333728]
[6019909.288140783, 1061974.265238618]
[6111106.23646385, 1061511.0692194446]
[6230063.812526951, 1056925.6555522121]
[6756657.594816171, 1049648.709938513]
[7064306.232396458, 1047299.5832248881]
[7124683.481562054, 1045606.64314886]
[7166962.735356002, 1043089.3338914389]
[7563265.530623305, 1036159.5180032857]
[7946472.903905827, 1034933.0321762442]
[8559164.264660725, 1033920.4698670912]
[8815067.911019534, 1031994.8658695403]
values
[543856.8660042653, 14840434.085944694]
[545586.9905749429, 14208536.878240284]
[549562.3870156796, 13924254.327622816]
[549652.4915501609, 13035712.91132602]
[551747.4319309484, 12717197.158795744]
[556273.2076943063, 12384949.659474745]
[559390.1693616275, 12054785.842732122]
[563156.5119204518, 11746848.370070696]
[570604.6401960683, 11624739.872389043]
[573377.9746217388, 11358072.348685103]
[573808.5839156116, 11191183.205201555]
[586741.6539749455, 10173148.08210286]
[588450.2154550777, 10078335.243546838]
[603409.863772862, 9951308.484439695]
[619596.6419363044, 8718171.715489209]
[632312.1188911624, 8305641.527330762]
[645085.3445481935, 7916773.642760497]
[646152.4795515423, 7846482.493910818]
[655387.5370870403, 7590108.453797739]
[666927.6589600188, 7262079.62091941]
[676988.2695405793, 7121019.834688023]
[682472.125940192, 6969265.380235134]
[683077.5249198133, 6845263.324857201]
[686121.4957287281, 6773269.305530981]
[695878.9657255138, 6507449.289002436]
[706507.0364326297, 6301003.296442501]
[725242.5560944568, 6139882.557236617]
[727653.6384585731, 5813220.817039901]
[727785.9871394242, 5808961.258030221]
[738379.1336620573, 5627671.488150929]
[751001.2296277682, 5472231.51001665]
[754846.6955545364, 5369059.138054204]
[764752.8500070544, 5340941.994493786]
[776762.1401381469, 5117090.891840197]
[793984.3562766971, 4904821.298891667]
[803157.0842568427, 4815750.642549897]
[810228.6533400498, 4733721.916270965]
[812121.4394333943, 4721335.286920487]
[826400.3369177957, 4614100.289511563]
[840928.9133111422, 4456545.948956601]
[851159.9425775369, 4362431.1475490695]
[859312.902819331, 4341604.317395139]
[873672.074046696, 4199955.963983895]
[875141.8960717631, 4134454.25414711]
[885448.0225659397, 4076437.1972607034]
[897001.2663380464, 3924006.326932471]
[916109.8993592747, 3900182.1084458814]
[918498.1382297615, 3761863.374489244]
[928382.7410138317, 3730380.407228768]
[948459.3792794052, 3589475.172730166]
[950848.5608726429, 3548327.611009419]
[965234.2169453084, 3534753.3098790725]
[967930.605833906, 3484910.6002332685]
[986081.6533774412, 3442675.9047515257]
[988804.5851048515, 3384358.4655286125]
[993024.0102447429, 3375904.5763328876]
[994366.2975302329, 3364933.134072697]
[995672.6674041576, 3354064.1480742875]
[1007662.875583276, 3310931.8428247427]
[1029841.4950588074, 3262756.1748432796]
[1030743.4717658282, 3216258.1380108483]
[1033677.0182730446, 3195546.1029907544]
[1040371.6636322183, 3182853.6996213365]
[1050133.5197967156, 3140462.9093532255]
[1070636.006060022, 3083720.6104105716]
[1087292.0290915063, 3024352.1954454086]
[1090653.1554469252, 3004942.3237551297]
[1111986.1027942938, 3001782.5251146127]
[1119724.388554738, 2981055.358685398]
[1124242.4539284718, 2961488.107997422]
[1131384.1393587228, 2942249.662956024]
[1133511.9066354763, 2922790.9012744436]
[1135643.4242897322, 2858118.2503035553]
[1146886.9986080353, 2857690.484610753]
[1151571.2647274637, 2837288.667749776]
[1169711.0386325985, 2812261.9718523975]
[1172137.5319728004, 2797462.7516232436]
[1176990.8111479601, 2757216.489428248]
[1194297.4668916534, 2737867.5281527364]
[1197361.0354103532, 2726013.0315908617]
[1197553.6105564337, 2697558.784954907]
[1206603.5834517304, 2678052.0520351687]
[1215219.040841708, 2658531.3991155555]
[1220618.6212849305, 2638804.0296809254]
[1237594.814995222, 2600124.973727879]
[1249680.1672305586, 2590719.2385174106]
[1259508.5683711104, 2587485.247701929]
[1261162.903283638, 2545983.927978424]
[1265591.9735842124, 2543899.3338555386]
[1275535.9780686859, 2525815.4452502267]
[1291899.1486465437, 2512119.6657586833]
[1304448.6853819676, 2490548.870679419]
[1309294.4608721444, 2459249.4418438184]
[1318933.4744778627, 2456063.011610544]
[1336422.6234502364, 2421521.881440303]
[1359671.3035892057, 2380059.8523247624]
[1377363.3607768307, 2364487.935979343]
[1383930.5479785993, 2356628.4312078413]
[1407567.7008543464, 2324972.3273981656]
[1431956.5071792621, 2293959.232282622]
[1466159.4340976982, 2245642.640084603]
[1490771.373443381, 2243071.776721232]
[1505722.3053836972, 2212402.544931011]
[1508418.2780466124, 2197652.1246754536]
[1528211.4930564254, 2169230.1970985653]
[1554098.2384600616, 2159263.3193392633]
[1561531.2951326491, 2133575.919713091]
[1567199.8422034997, 2125086.450898291]
[1609311.0077228348, 2116494.336534711]
[1612415.47127063, 2101727.018100643]
[1628394.0504211197, 2060187.902790232]
[1666158.1142242807, 2051309.1122855903]
[1672652.442150062, 2015232.2835134552]
[1695541.039781539, 1988795.9508462783]
[1711320.4608674631, 1958605.525152208]
[1775066.3082747713, 1892492.8397550592]
[1800276.7791180802, 1887164.8463722696]
[1814612.870076517, 1878719.6836966726]
[1829950.7783959927, 1860267.3661659278]
[1853890.0657248253, 1841821.206400694]
[1872766.1055162104, 1821993.6553914943]
[1906838.6635371316, 1768950.1738421486]
[1978958.7536519805, 1752149.4140340094]
[1990827.4770763898, 1748727.5683464992]
[2007368.7656553308, 1738181.6391826745]
[2014933.8738668128, 1718405.83080102]
[2044212.0033952731, 1702542.2936209044]
[2045556.1584938176, 1660489.9797663845]
[2088150.495119514, 1637368.7722800744]
[2097475.55478083, 1626082.0873385468]
[2138472.460369904, 1591548.1309762786]
[2206214.0446423744, 1584361.472001611]
[2206792.877816989, 1549474.5009028667]
[2218561.367826871, 1539840.1809057903]
[2238431.191331839, 1529845.8373107268]
[2268297.885398829, 1525703.3777143157]
[2282370.214304572, 1507124.0407236272]
[2305094.609853739, 1492446.7075582605]
[2356971.7837436693, 1489475.1392783206]
[2374224.991832754, 1489456.8119469525]
[2376905.2769833715, 1457380.2695457179]
[2437825.8550876873, 1449934.1251099503]
[2468135.1536992197, 1449436.3667277144]
[2468987.809565507, 1419538.2965765956]
[2516751.9467635867, 1412560.5926264753]
[2541672.9464671714, 1393344.4911524332]
[2670447.2906742343, 1379304.3694027225]
[2672466.2359351185, 1357962.3915669566]
[2708376.41447352, 1344591.3614958813]
[2766196.51442448, 1336879.3938890805]
[2786211.9602053673, 1333850.8060563225]
[2842452.6483064997, 1306269.5696361721]
[2886144.090863187, 1301360.546873448]
[2920391.142168298, 1296207.7322961814]
[2974131.937151595, 1294366.6466671212]
[2976829.307701245, 1281210.9576767543]
[2999002.608981978, 1271504.4994104367]
[3010292.243595405, 1271394.9497289825]
[3060718.019689653, 1257495.1859438298]
[3134198.318148359, 1255259.348027597]
[3205315.4623060417, 1233938.8661786462]
[3212146.6757870717, 1225192.2878519495]
[3242463.304493594, 1219222.5847592617]
[3269303.894662314, 1219016.3722098419]
[3305241.105358259, 1207530.1941923515]
[3312229.8718245476, 1207504.323214902]
[3413177.0853688666, 1191052.5953085797]
[3478156.0847539958, 1183144.868889998]
[3545967.278898069, 1175617.9013817126]
[3568332.306984205, 1170714.199486066]
[3607631.60881983, 1165983.3563037026]
[3631819.62324213, 1163586.2332328889]
[3706408.8179867915, 1156711.6314722747]
[3783607.137101554, 1147916.9771436497]
[3851653.3588972283, 1147052.4932499866]
[3882937.2556901625, 1139580.8859631175]
[3942459.372582142, 1139436.554670607]
[4026560.3479437437, 1138684.574286259]
[4147640.3863033224, 1133221.1598414455]
[4223517.57029079, 1123113.4376924231]
[4283630.914784704, 1114369.9092240587]
[4309760.141757475, 1109680.8027712025]
[4491079.191071049, 1098723.8121726033]
[4614709.49340319, 1094657.591047004]
[4672731.540263511, 1093901.7558329075]
[4690457.9110589195, 1091038.081575594]
[4799724.61415044, 1087696.239733937]
[4885340.703883007, 1084308.277991622]
[5229128.044379701, 1079518.1772174363]
[5248480.608357183, 1077629.6495367435]
[5313732.116421935, 1074872.0526383305]
[5349983.598567612, 1074743.9105380203]
[5405768.155263892, 1066243.6791018771]
[5435202.197350251, 1065154.942880347]
[5641277.019859484, 1062289.7784786713]
[5874362.73856971, 1060330.8275616881]
[5967461.641306938, 1054913.5691365597]
[6028953.138348915, 1051462.8119624977]
[6102783.228130977, 1049573.0690666493]
[6309463.511040057, 1045680.5097191348]
[6433242.5905234385, 1044087.5209096641]
[6690549.630977527, 1043706.5997069492]
[6886814.821788611, 1041664.3410057989]
[6927035.461619852, 1037254.8517351398]
[7299723.958573359, 1034907.4765086458]
[7403039.858363205, 1033894.4411361407]
[7550637.126965169, 1033650.4135048075]
[7602349.359289515, 1032206.8151888296]
[7968871.137003272, 1031338.161596092]
[7973524.494509333, 1030041.6491905228]
[8192044.327150845, 1029320.8581144179]
[8915690.484388381, 1029197.1646309656]
end_solutions
[-28.530167612557484, -1.6957691813349491, 4.438310527787174, -5.437636033446278, 16.85428800316289, 21.468901503884048, 40.165258423247884, 37.38669347776678, -34.74431484426233, -2.7339813933547155, -30.863840178875858, 35.934922694244825, 30.967168262553677, 17.748877061803675, 27.340065713753972, 20.0527969956667, 11.12611015268028, -39.796904139800446, 10.898441064987871, 72.42017401152725]
[-24.22559535709861, -0.06216827926805202, 5.055380053116711, -8.67721124423224, 14.107134407379418, 17.640762512373787, 39.127993994615764, 33.950939893743836, -34.25588507304177, -2.892884959060923, -27.468057511427318, 33.604124881472, 30.798516295832492, 16.544066827290973, 25.86073730114743, 19.853978292445547, 9.16162601765734, -36.41915798949621, 10.22183307054232, 70.15472932864444]
[-22.53460448174962, 0.5905191001137848, 5.317322337269131, -9.965749088288138, 13.031600668009, 16.13139647389978, 38.71412377841821, 32.59962472504429, -34.07261047026367, -2.957449441113444, -26.17041779018666, 32.69107498423726, 30.739498121722605, 16.073185355953093, 25.30884021003468, 19.79948711215515, 8.391380958109965, -35.104603944232636, 9.929139250822889, 69.26580493405334]
[-21.88120913672215, 0.8357474807850499, 5.4061041475634095, -10.453508429970654, 12.613695703905737, 15.551703235640716, 38.55827522530957, 32.07851512121344, -33.99632167815305, -2.9810342120268656, -25.645882053634693, 32.33663800535274, 30.712089673569782, 15.889703165159387, 25.076982379661235, 19.76340523142246, 8.092821189241073, -34.58880591797247, 9.833160707141358, 68.9216748619804]
[-20.59663477766555, 1.288174225861766, 5.527940381462655, -11.369703642198518, 11.782239301936944, 14.427063741626338, 38.269067086862464, 31.05873009219885, -33.822181560753265, -3.0216287702227085, -24.516981982691764, 31.633444583815695, 30.638883660294898, 15.52292729734942, 24.543218785709975, 19.62895146702742, 7.501557291080913, -33.54146137969681, 9.71606145234422, 68.2420897538756]
[-20.59663477766555, 1.288174225861766, 5.527940381462655, -11.369703642198518, 11.782239301936944, 14.427063741626338, 38.269067086862464, 31.05873009219885, -33.822181560753265, -3.0216287702227085, -24.516981982691764, 31.633444583815695, 30.638883660294898, 15.52292729734942, 24.543218785709975, 19.62895146702742, 7.501557291080913, -33.54146137969681, 9.71606145234422, 68.2420897538756]
[-19.312060418608947, 1.7406009709384822, 5.649776615361901, -12.285898854426382, 10.950782899968152, 13.30242424761196, 37.97985894841535, 30.038945063184258, -33.64804144335348, -3.0622233284185514, -23.388081911748834, 30.930251162278648, 30.565677647020014, 15.156151429539454, 24.00945519175871, 19.49449770263238, 6.910293392920753, -32.49411684142115, 9.598962197547081, 67.56250464577079]
[-18.605874102437394, 1.9101563096926366, 5.573773963243626, -12.671706555160208, 10.467106113900293, 12.72399497935263, 37.868119456526976, 29.48806779555045, -33.4957851977456, -3.068833853677725, -22.498758309411613, 30.52106047005569, 30.47115706377302, 14.933820595858425, 23.49566362263203, 19.246479004454166, 6.576568913938054, -31.82781367243208, 9.738013015932493, 67.18317767929535]
[-17.89968778626584, 2.079711648446791, 5.497771311125351, -13.057514255894034, 9.983429327832432, 12.145565711093301, 37.756379964638604, 28.93719052791664, -33.34352895213772, -3.075444378936899, -21.609434707074392, 30.111869777832734, 30.376636480526027, 14.711489762177397, 22.98187205350535, 18.998460306275952, 6.242844434955355, -31.161510503443004, 9.877063834317905, 66.80385071281992]
[-16.943523902950748, 2.2773918015887764, 5.3359521992031755, -13.530312368339747, 9.317664008849205, 11.378297901817863, 37.62487042178081, 28.193729890380897, -33.11878334523677, -3.0779016044734253, -20.29259626314753, 29.545722410421632, 30.22531733812903, 14.399684796120177, 22.19071852295972, 18.589960216663982, 5.788968794239755, -30.221916508640145, 10.153972558926728, 66.28918105575552]
[-16.4654419612932, 2.376231878159769, 5.2550426432420885, -13.766711424562601, 8.98478134935759, 10.994663997180144, 37.55911565035191, 27.821999571613027, -33.006410541786295, -3.079130217241689, -19.6341770411841, 29.262648726716083, 30.14965776693053, 14.243782313091565, 21.795141757686906, 18.385710171857994, 5.5620309738819556, -29.752119511238718, 10.29242692123114, 66.03184622722333]
[-15.850660312914663, 2.4971264069719066, 5.139586346598135, -14.061140953276976, 8.554606886659535, 10.504439427268741, 37.478377875268315, 27.344511169374364, -32.858114814908504, -3.0794534374500557, -18.76573951483286, 28.896400496689097, 30.047882422722374, 14.041304948480697, 21.26814632330325, 18.1090151787456, 5.269750948510156, -29.14074556316301, 10.487446420478076, 65.70067163314938]
[-15.389574076630758, 2.5877973035810093, 5.052994124115168, -14.281963099812756, 8.231976039635994, 10.13677099983519, 37.41782454395562, 26.986394867695367, -32.74689301975016, -3.079695852606331, -18.114411370069426, 28.62171432416886, 29.971550914566258, 13.889446925022547, 20.8728997475155, 17.90149393391131, 5.050540929481307, -28.682215102106227, 10.633711044913277, 65.45229068759394]
[-14.105756746243744, 2.80372598788397, 4.742929910245056, -14.837656547416382, 7.32101136934925, 9.131126035494958, 37.2727675430347, 25.990330616629215, -32.42074838846983, -3.0727385577222437, -16.1667616290147, 27.839608209363156, 29.730609603514775, 13.45151224500103, 19.655407244852302, 17.237562210624958, 4.439554099376135, -27.361569482586983, 11.15010698060084, 64.76092343724045]
[-14.105756746243744, 2.80372598788397, 4.742929910245056, -14.837656547416382, 7.32101136934925, 9.131126035494958, 37.2727675430347, 25.990330616629215, -32.42074838846983, -3.0727385577222437, -16.1667616290147, 27.839608209363156, 29.730609603514775, 13.45151224500103, 19.655407244852302, 17.237562210624958, 4.439554099376135, -27.361569482586983, 11.15010698060084, 64.76092343724045]
[-12.26778678466344, 3.105882923970133, 4.285778590957473, -15.62178983229426, 6.014406879397681, 7.694841554148884, 37.06964094900292, 24.56442972694201, -31.9509381970108, -3.06131018868191, -13.352533798032441, 26.71642629597204, 29.380152402852254, 12.821511640747113, 17.88964072777711, 16.27044723504666, 3.5648067947770974, -25.462424911977884, 11.910653703079713, 63.77124735602936]
[-11.71363415347015, 3.192111175753335, 4.138691485540002, -15.850229669568513, 5.618767059732855, 7.2642020371430425, 37.011571355892045, 24.13459308832095, -31.80727263683209, -3.0568391145256637, -12.485955708104909, 26.375350497386627, 29.270636513241215, 12.629445716514715, 17.341366713365115, 15.96726398275472, 3.3010463202832323, -24.88392596088803, 12.154804489871022, 63.47293852517177]
[-8.443051337827898, 3.655785073519418, 3.1831116106401414, -17.121933792800363, 3.267771489295132, 4.74473591462043, 36.69924324215893, 21.596632490908206, -30.945692898592323, -3.020725483851236, -7.198319032055871, 24.33617807545693, 28.586764688718386, 11.473315145829323, 13.949987896701092, 14.067239986712723, 1.7458894219282524, -21.413739036267415, 13.741550613900952, 61.71458171814944]
[-8.443051337827898, 3.655785073519418, 3.1831116106401414, -17.121933792800363, 3.267771489295132, 4.74473591462043, 36.69924324215893, 21.596632490908206, -30.945692898592323, -3.020725483851236, -7.198319032055871, 24.33617807545693, 28.586764688718386, 11.473315145829323, 13.949987896701092, 14.067239986712723, 1.7458894219282524, -21.413739036267415, 13.741550613900952, 61.71458171814944]
[-7.885386025052665, 3.722973887443809, 2.9964353675411717, -17.317441740844764, 2.862614256464512, 4.320868975511219, 36.65443457757577, 21.162696042801432, -30.797748690786634, -3.011911940965085, -6.24863514924316, 23.979813817435584, 28.45942967187019, 11.268800764285082, 13.326902292154104, 13.712718680406471, 1.482009767395411, -20.806802180639, 14.054384205452084, 61.41611064906647]
[-7.3002012801238365, 3.784256755392362, 2.7819548884004783, -17.505790277062108, 2.4341102072181604, 3.8805157743394094, 36.61406749978893, 20.706246746924236, -30.642193584814528, -3.0005802432399045, -5.214219067726876, 23.59878487715327, 28.317307126918628, 11.048177271975064, 12.637477262418987, 13.31668255816109, 1.206279977409716, -20.157970722887114, 14.416272335269793, 61.10410228553299]
[-6.715016535195007, 3.8455396233409145, 2.567474409259785, -17.69413881327945, 2.0056061579718087, 3.4401625731676, 36.5737004220021, 20.249797451047037, -30.48663847884242, -2.989248545514724, -4.179802986210591, 23.217755936870955, 28.175184581967066, 10.827553779665047, 11.948052232683867, 12.92064643591571, 0.9305501874240211, -19.509139265135232, 14.778160465087502, 60.792093921999516]
[-5.309411942346565, 3.935447719878875, 1.9342919588549183, -18.038181032853387, 0.9551744274169728, 2.4096911004012243, 36.519575236775324, 19.143710693612874, -30.119189360733593, -2.948755677229068, -1.4514501659580676, 22.252831085885397, 27.77816878813293, 10.255599333430196, 10.058180966245228, 11.815345245297753, 0.27833425436030845, -17.874663905877647, 15.869046877408287, 60.05246112031995]
[-3.754449606696528, 3.9822443110969368, 1.125483686267409, -18.31937373752271, -0.2263225532175288, 1.294783752955682, 36.499007198430405, 17.911321666716695, -29.717987145874055, -2.8917730159714683, 1.7903929573337365, 21.139983938871552, 27.287965469163836, 9.584482445013613, 7.753162583602343, 10.451261391206437, -0.43406345913274325, -15.996752987509916, 17.27893272613126, 59.24313099889312]
[-2.190035693193451, 4.019410960680309, 0.2913769360566323, -18.583584143685577, -1.4186603105349211, 0.1778189215913225, 36.48570576177028, 16.66980677748071, -29.31529700681689, -2.8321515736094627, 5.093983169916894, 20.01185974502467, 26.785197161138054, 8.902085822411978, 5.393856560540151, 9.05230642721756, -1.1490899308960483, -14.094305345939013, 18.735547709864257, 58.430542576033034]
[-1.3238606898759606, 4.041939739175742, -0.16642702480458937, -18.733562282410247, -2.0781053596108703, -0.44154274394720927, 36.476881468599956, 15.982744607508216, -29.09212163025049, -2.799592949130892, 6.914792436988259, 19.388942509119147, 26.508723550725293, 8.525694157472266, 4.095541118622169, 8.28298851101104, -1.5453262875928675, -13.043558117895893, 19.534483371560572, 57.98029815512945]
[-1.3238606898759606, 4.041939739175742, -0.16642702480458937, -18.733562282410247, -2.0781053596108703, -0.44154274394720927, 36.476881468599956, 15.982744607508216, -29.09212163025049, -2.799592949130892, 6.914792436988259, 19.388942509119147, 26.508723550725293, 8.525694157472266, 4.095541118622169, 8.28298851101104, -1.5453262875928675, -13.043558117895893, 19.534483371560572, 57.98029815512945]
[0.4084893167590202, 4.086997296166609, -1.0820349465270327, -19.033518559859584, -3.3969954577627686, -1.6802660750242728, 36.45923288225932, 14.608620267563236, -28.645770877117688, -2.7344757001737507, 10.55641097113099, 18.143108037308103, 25.95577632989977, 7.772910827592842, 1.498910234786206, 6.744352678597997, -2.337799000986506, -10.942063661809652, 21.1323546949532, 57.07980931332228]
[5.382608356613708, 4.203579813009847, -3.7370821128241403, -19.87106333756976, -7.18862986768253, -5.230912391220966, 36.417947256068516, 10.66125517853908, -27.364580964006088, -2.5445785904684306, 21.06604293969734, 14.55551190709363, 24.35600322453488, 5.602604785424818, -6.007528603603556, 2.292630852105262, -4.611319668955636, -4.891262926474662, 25.76830927050658, 54.4961291089958]
[10.356727396468395, 4.320162329853087, -6.392129279121248, -20.70860811527993, -10.980264277602291, -8.781558707417659, 36.37666162987772, 6.7138900895149245, -26.083391050894484, -2.3546814807631105, 31.575674908263686, 10.967915776879156, 22.756230119169995, 3.432298743256794, -13.51396744199332, -2.159090974387472, -6.884840336924767, 1.1595378088603292, 30.404263846059962, 51.912448904669326]
[18.060417796734484, 4.504843903100516, -10.495674266005025, -22.01352447083341, -16.851054689931516, -14.28260255981386, 36.30964918673532, 0.6010628149082313, -24.098765878836748, -2.0615302067490027, 47.83505053791448, 5.415136265373667, 20.282554129197926, 0.07401072291725175, -25.122878166211144, -9.042672300342048, -10.406667066444376, 10.525290432819357, 37.56837906972248, 47.9102767550791]
end_values
[8548603.52611985 1028861.07898237]
[4787879.24199789 1085466.81986287]
[3882937.25569016 1139580.88596312]
[3607631.60881983 1165983.3563037 ]
[3163998.54029734 1227206.26076439]
[3163998.54029734 1227206.26076439]
[2842452.6483065  1306269.56963617]
[2679124.10057428 1347704.15839291]
[2541672.94646717 1393344.49115243]
[2376905.27698337 1457380.26954572]
[2305094.60985374 1492446.70755826]
[2218561.36782687 1539840.18090579]
[2158038.26430146 1578162.88910839]
[1992783.01561527 1692719.7898304 ]
[1992783.01561527 1692719.7898304 ]
[1775066.30827477 1892492.83975506]
[1711320.46086746 1958605.52515221]
[1359671.30358921 2380059.85232476]
[1359671.30358921 2380059.85232476]
[1309294.46087214 2459249.44184382]
[1261162.90328364 2545983.92797842]
[1220618.62128493 2638804.02968093]
[1135643.42428973 2858118.25030356]
[1057156.80343365 3104110.59710474]
[ 985879.78466899 3379927.01433147]
[ 950848.56087264 3548327.61100942]
[ 950848.56087264 3548327.61100942]
[ 897001.26633805 3924006.32693247]
[ 750922.73501746 5411601.49683656]
[ 646152.47955154 7846482.49391082]
[  543856.86600427 14840434.08594469]
