values
[421.98301077479783, 12447.746493411507]
[429.4873522302487, 12124.978186268489]
[432.2738600717953, 11807.43873891652]
[457.3183291348145, 11601.718283327942]
[457.6978310007766, 10209.19776728307]
values
[415.9980990109442, 6763.4439253141545]
[416.06544769645797, 6644.565868760551]
[416.10407531514215, 6625.560102619672]
[416.1346745402024, 6588.875631150777]
[416.1645295591887, 6588.736008405798]
[416.2835869612141, 6567.308642216946]
[416.32278589391484, 6528.5547084326]
[416.49416255408784, 6525.959799636813]
[416.5224511195844, 6524.347301573726]
[416.5441861298961, 6523.365053910675]
[416.57841666102877, 6502.492921969835]
[416.5838494682252, 6501.527830226841]
[416.61515569226736, 6500.471352458449]
[416.6286417126876, 6499.051054996197]
[416.6687538171413, 6498.831304485132]
[416.6796564132577, 6498.4817297130685]
[416.7017366299497, 6497.900769498253]
[416.71666049623263, 6497.600967372701]
[416.734261246096, 6462.227674720797]
[416.751807915868, 6462.195109064459]
[416.8051531832682, 6445.410159193814]
[416.8342323011703, 6437.502843248434]
[416.86143013540345, 6429.82635202084]
[416.87932822565836, 6426.2471168090115]
[416.9281704786167, 6407.268562409219]
[416.98160767230564, 6369.129788791329]
[417.26408163748687, 6266.660833874411]
[417.5973020859417, 6187.43996682319]
[417.9906375328497, 6131.635136323877]
[418.5989585431934, 6092.37591073057]
[418.60231496600437, 6091.774712523345]
[419.3001866750821, 6076.882084626435]
[419.6914308556633, 6072.059531675952]
[420.1370611850766, 6067.262857007433]
[420.2889615069175, 5981.007846325285]
[421.86359098555647, 5902.7659026126985]
[422.78662155352777, 5871.346406970527]
[426.4745391538252, 5714.129043572296]
[429.0863508712309, 5597.574228348008]
[430.2383362954754, 5588.007526196872]
[434.6168579506711, 5461.151921282768]
[435.35946790599445, 5430.305236673029]
[435.6978006709062, 5429.840350336245]
[436.8107064608826, 5402.61088717319]
[438.6798692519693, 5385.805643682657]
[440.6315682240102, 5380.503794755149]
[441.43053393702576, 5366.005680158252]
[442.2015459445309, 5308.581016374682]
[447.26109098534425, 4790.389885590999]
[451.2922134526814, 4682.117326859205]
[452.15051820543715, 4589.848571049902]
[452.96570103106706, 3912.077100543444]
[458.2559882784314, 3692.507555228294]
[459.94585724562126, 3622.1635273087986]
[461.08565703418526, 3551.382927761421]
[463.0926863313157, 3477.171404049913]
[463.2998994377357, 3466.2284536838115]
[464.58969742252685, 3460.4186907411936]
[465.0130817048456, 3444.688010616085]
[465.1547560895933, 3439.8443210998807]
[465.4389242950509, 3430.756288271189]
[465.5338898260441, 3427.904446657819]
[465.8672251931428, 3418.6214937788586]
[466.29798439912133, 3408.2817233947794]
values
[415.9980990109442, 6763.4439253141545]
[416.06544769645797, 6644.565868760551]
[416.10407531514215, 6625.560102619672]
[416.1346745402024, 6588.875631150777]
[416.1645295591887, 6588.736008405798]
[416.2835869612141, 6567.308642216946]
[416.32278589391484, 6528.5547084326]
[416.49416255408784, 6525.959799636813]
[416.5224511195844, 6524.347301573726]
[416.5441861298961, 6523.365053910675]
[416.57841666102877, 6502.492921969835]
[416.5838494682252, 6501.527830226841]
[416.61515569226736, 6500.471352458449]
[416.6286417126876, 6499.051054996197]
[416.6687538171413, 6498.831304485132]
[416.6796564132577, 6498.4817297130685]
[416.7017366299497, 6497.900769498253]
[416.71666049623263, 6497.600967372701]
[416.734261246096, 6462.227674720797]
[416.751807915868, 6462.195109064459]
[416.78308119008653, 6449.385258105285]
[416.7914022392668, 6447.337621043603]
[416.8051531832682, 6445.410159193814]
[416.8258659979356, 6438.3562005352715]
[416.8342323011703, 6437.502843248434]
[416.86143013540345, 6429.82635202084]
[416.8752840399324, 6426.092329103182]
[416.88227473905, 6424.251361692364]
[416.9281704786167, 6407.268562409219]
[416.98160767230564, 6369.129788791329]
[417.26408163748687, 6266.660833874411]
[417.5973020859417, 6187.43996682319]
[417.77585974046536, 6187.385097531008]
[417.9906375328497, 6131.635136323877]
[418.43033613218887, 6043.163378908686]
[419.13186621231966, 6040.989443929638]
[419.59527193038366, 5989.902632427998]
[420.0116379362692, 5964.63678099568]
[421.04054082263934, 5941.703063962111]
[421.86359098555647, 5902.7659026126985]
[422.75788009685465, 5862.59536695438]
[423.68229411702276, 5826.954175071883]
[425.2993556189274, 5763.742931334547]
[426.4745391538252, 5714.129043572296]
[428.285191195287, 5668.70616376669]
[428.5208450239998, 5658.567859431384]
[429.0863508712309, 5597.574228348008]
[430.01123859441, 5008.688230973009]
[430.1396926784404, 4935.640973775006]
[430.1831806908169, 4909.72601600276]
[430.2240864903807, 4886.5345786071275]
[430.2625496363555, 4864.181368858304]
[430.27936544314247, 4854.507261689782]
[430.3124596036124, 4845.51316162075]
[430.32464770642764, 4834.283254989923]
[430.33484743081993, 4823.404238831766]
[430.3522195621872, 4813.627459903733]
[430.3801917126429, 4796.98506724531]
[430.51530045168425, 4721.262618119255]
[430.52944428896063, 4713.208581354283]
[430.5348406511676, 4712.449336399986]
[430.5608763552286, 4695.86750698783]
[430.91491384257233, 4501.341213429917]
[450.7010926542346, 4451.380180105006]
[451.8632529146154, 4444.6027054137385]
[452.0112838086313, 4386.39155990852]
[452.96570103106706, 3912.077100543444]
[454.5919903268985, 3887.855136598502]
[458.2559882784314, 3692.507555228294]
[459.94585724562126, 3622.1635273087986]
[460.71527043247295, 3543.43955058634]
[462.03558703220097, 3450.7723009937367]
[463.41781350906143, 3350.2961761907145]
[464.62914038430745, 3335.8145301699265]
[464.9273395761856, 3330.9654805593245]
[465.33591532893706, 3322.6555814843696]
[465.6531436452135, 3316.765321051988]
[465.82629350783805, 3311.431652926332]
[466.8967933869044, 3310.825066277393]
[467.0623068727933, 3300.5480092686375]
[467.09587560243074, 3299.331325024238]
[467.2740229579073, 3289.498103112363]
[467.4127726173639, 3250.1486118615517]
[467.96937563831085, 3231.3940159295976]
[468.36533142735686, 3220.3881040852166]
[468.6354329568355, 3214.200985557791]
[468.67894000158293, 3213.2888430560915]
[468.7057128180263, 3212.2306400908565]
[468.7605882343653, 3211.783835787584]
[468.77572177408155, 3211.3558382551564]
[468.8091266147133, 3210.998216543159]
[468.8238277144447, 3210.742321900652]
[468.8790914714414, 3209.386722905597]
[468.914638873964, 3208.7265454315416]
[468.94803419782215, 3208.227534452262]
[468.9814570005627, 3207.729896682936]
[469.04573453611124, 3206.4741710818744]
[469.091059127035, 3205.705040492923]
[469.0956703821862, 3204.9612057049794]
[469.194906234065, 3204.1465295651965]
[469.2963581524727, 3202.99503279373]
[469.3807536651582, 3202.971077429452]
[469.4381461254158, 3202.4083629852144]
[469.4391549340442, 3202.339871381201]
[469.4545783501891, 3201.365000086145]
[469.468070412705, 3200.5406396066105]
[469.47623503713834, 3200.4611390665355]
[469.4778179315888, 3200.4068632489752]
[469.5658890536176, 3200.3737554231525]
[469.5885957758151, 3199.1840029900563]
[469.59573531761305, 3194.921920944614]
[469.65461858246755, 3194.442426192185]
[469.8054216213265, 3193.6516211036815]
[469.85545003025345, 3193.401263348332]
[469.8854368856702, 3193.3614635159693]
[469.89293541661834, 3193.353000911505]
[469.9004346744042, 3193.3451332557984]
[469.9154353704887, 3193.3311828053547]
[469.9191859987833, 3193.3280670414597]
[469.9205063467502, 3192.722152423801]
[469.9432285983386, 3192.6561676703523]
[470.07499576647353, 3191.763827579271]
[470.1408536338182, 3191.7456991051154]
[470.21680763984625, 3191.567223346248]
[470.23494986973145, 3191.201499464023]
[470.4053053098202, 3190.7382743978833]
values
[415.9980990109442, 6763.4439253141545]
[416.06544769645797, 6644.565868760551]
[416.10407531514215, 6625.560102619672]
[416.1346745402024, 6588.875631150777]
[416.1645295591887, 6588.736008405798]
[416.2835869612141, 6567.308642216946]
[416.32278589391484, 6528.5547084326]
[416.49416255408784, 6525.959799636813]
[416.5224511195844, 6524.347301573726]
[416.5441861298961, 6523.365053910675]
[416.57841666102877, 6502.492921969835]
[416.5838494682252, 6501.527830226841]
[416.61515569226736, 6500.471352458449]
[416.6286417126876, 6499.051054996197]
[416.6687538171413, 6498.831304485132]
[416.6796564132577, 6498.4817297130685]
[416.7017366299497, 6497.900769498253]
[416.71666049623263, 6497.600967372701]
[416.734261246096, 6462.227674720797]
[416.751807915868, 6462.195109064459]
[416.78308119008653, 6449.385258105285]
[416.7914022392668, 6447.337621043603]
[416.8051531832682, 6445.410159193814]
[416.8258659979356, 6438.3562005352715]
[416.8342323011703, 6437.502843248434]
[416.86143013540345, 6429.82635202084]
[416.8752840399324, 6426.092329103182]
[416.88227473905, 6424.251361692364]
[416.9281704786167, 6407.268562409219]
[416.98160767230564, 6369.129788791329]
[417.26408163748687, 6266.660833874411]
[417.5973020859417, 6187.43996682319]
[417.77585974046536, 6187.385097531008]
[417.9906375328497, 6131.635136323877]
[418.43033613218887, 6043.163378908686]
[419.13186621231966, 6040.989443929638]
[419.59527193038366, 5989.902632427998]
[420.0116379362692, 5964.63678099568]
[421.04054082263934, 5941.703063962111]
[421.86359098555647, 5902.7659026126985]
[422.75788009685465, 5862.59536695438]
[423.68229411702276, 5826.954175071883]
[425.2993556189274, 5763.742931334547]
[426.4745391538252, 5714.129043572296]
[426.8361020001001, 4976.206961393216]
[428.3293538948781, 4531.714417785299]
[430.85893537611, 4530.775300473393]
[430.91491384257233, 4501.341213429917]
[431.0326145088941, 4437.883258936662]
[431.1203665396604, 4392.0315307443225]
[431.4334284171887, 4231.243019213221]
[431.4455273010308, 4225.668341075497]
[431.53855197632925, 4178.99631841997]
[431.6164195819115, 4140.387551485736]
[447.0838935762438, 3020.14759184503]
[447.1237168121975, 3011.5398766758894]
[447.29129625924986, 2975.7259518954133]
[447.3433255155946, 2964.7064607968596]
[452.3677626465871, 2799.7174029499824]
[453.6870788868488, 2768.126333163876]
[454.1255631325425, 2744.266407739558]
[454.9036467406879, 2707.451201695157]
[455.9129824832985, 2546.0351340441475]
[456.17030161859765, 2543.058420623736]
[456.5580251014926, 2542.9002648178534]
[456.8695554334401, 2540.899777642108]
[457.01274012078454, 2538.570196722836]
[457.10804717259117, 2535.448460120441]
[457.4064786317065, 2502.807209013554]
[457.5744576087962, 2501.5692197653425]
[457.57908453627675, 2498.8187435845157]
[457.916196268557, 2497.0401803652685]
[457.9255314295074, 2491.616223777168]
[458.07855463066454, 2480.542477551168]
end_solutions
[3.2539813591192726, 0.03164337474372639, -0.5137685920812656]
[2.891988096601449, 0.012297591453721151, -0.45478410239585404]
[3.0015251840170105, 0.01811691600357953, -0.47293016708694924]
[2.8302740478449198, 0.008988339433281827, -0.4448237519878744]
[2.8508453974304295, 0.010091423440094935, -0.44814386879053425]
[2.8216508697189018, 0.008504421512589719, -0.443617201241542]
[2.833341201883038, 0.005147443651716025, -0.47975273579964756]
[2.6281846963254543, -0.006436448935556247, -0.4516531935513963]
[2.5846612475395014, -0.009082209621921229, -0.4473104575898376]
[2.61367688006347, -0.007318369164344574, -0.4502056148975434]
[2.5846612475395014, -0.009082209621921229, -0.4473104575898376]
[2.642507012627277, -0.005859825084988708, -0.45561005140682276]
[2.6608074814371916, -0.004845924966999929, -0.4582835223181382]
[2.6608074814371916, -0.004845924966999929, -0.4582835223181382]
[2.6485010496683765, -0.005550046335768503, -0.456677503750423]
[2.6454244417261723, -0.005726076677960646, -0.45627599910849415]
[2.6454244417261723, -0.005726076677960646, -0.45627599910849415]
[2.680311598666693, -0.0038198774165570425, -0.4616018725423981]
[2.6686825463531862, -0.004455277170358244, -0.45982658139776345]
[2.6706274599397126, -0.004523894112012398, -0.46162711597560935]
[2.6706274599397126, -0.004523894112012398, -0.46162711597560935]
[2.7096144939075826, -0.0028436583443256073, -0.47144707953592124]
[2.729478999554809, -0.0017366329223553485, -0.47429321765220755]
[2.7650785797297064, -0.00018792239377196825, -0.48313566651087236]
[2.7652996060734383, -0.00013738921055091678, -0.4828387758105277]
[2.7652996060734383, -0.00013738921055091678, -0.4828387758105277]
[2.7650785797297064, -0.00018792239377196825, -0.48313566651087236]
[2.7509915319304437, -0.0009023895646314295, -0.4805104104674793]
[2.762157128723813, -0.000269888403254864, -0.48202203934293514]
[2.7229429725064644, -0.002221426373487982, -0.4743931804928029]
[-3.4770217661621468, -0.35280555269097774, 0.3703458787359182]
end_values
[ 464.98999313 2868.8873235 ]
[ 460.22155601 2773.82011172]
[ 461.63380756 2783.73795069]
[ 459.43482545 2773.17443429]
[ 459.69619813 2772.86517358]
[ 459.32415243 2772.29533213]
[ 459.22051945 2562.10886256]
[ 456.62105772 2553.84496913]
[ 456.06870119 2548.44065691]
[ 456.43651218 2551.80866371]
[ 456.06870119 2548.44065691]
[ 456.78503953 2540.53489022]
[ 457.01274012 2538.57019672]
[ 457.01274012 2538.57019672]
[ 456.85813163 2538.67072111]
[ 456.8195278  2538.72347822]
[ 456.8195278  2538.72347822]
[ 457.25272323 2534.05694736]
[ 457.10804717 2535.44846012]
[ 457.12116613 2526.02915393]
[ 457.12116613 2526.02915393]
[ 457.57908454 2498.81874358]
[ 457.82945084 2498.76392058]
[ 458.25278835 2477.59772887]
[ 458.25799712 2479.55890513]
[ 458.25799712 2479.55890513]
[ 458.25278835 2477.59772887]
[ 458.07855463 2480.54247755]
[ 458.22078313 2481.56634199]
[ 457.73938762 2492.50998862]
[ 418.50875336 8730.6324494 ]
