values
[19580.510133505675, 224.5897836300205]
[19593.98822592111, 213.140809462055]
[19678.882434959232, 134.1528648542443]
[20973.47958336284, 79.44030863161657]
[21252.945490252256, 35.16309920515749]
values
[17687.86531067987, 135.03818746358186]
[17688.713959206798, 133.73948960407355]
[17689.1592674335, 133.09254361251644]
[17690.579167252115, 131.1612651142656]
[17693.37242239891, 130.2223230380716]
[17693.433753598558, 130.1422905667695]
[17693.495303589552, 130.06228276526227]
[17693.619059969, 129.9023411121751]
[17695.260548126073, 127.1402965632021]
[17697.738932938977, 125.14920951984689]
[17697.797666812938, 124.81195392602658]
[17698.606928413814, 124.27088975919926]
[17698.64832281315, 124.26095318570898]
[17699.05303433442, 123.99065101941707]
[17699.478623318548, 123.71554207079342]
[17700.30917031201, 123.17073806281084]
[17700.351371132598, 123.16087282953939]
[17700.97197868369, 122.07772451336476]
[17702.01372478297, 122.07314342625111]
[17703.08901110438, 122.06980366903613]
[17703.852887248624, 120.94896178258458]
[17705.609957285527, 119.84705258917703]
[17707.006657063983, 118.82445827094406]
[17711.464223155865, 116.13945713613501]
[17711.477617012017, 115.09941496791944]
[17716.018457987197, 111.4939601895426]
[17719.779885351883, 109.28938998626356]
[17720.57678184312, 108.08157180718965]
[17722.155301701594, 107.80636111525232]
[17727.259803806082, 104.72285786727619]
[17730.91270233303, 101.34388016037101]
[17738.504125688614, 98.61781215995947]
[17743.820117486597, 94.38774475125683]
[17744.82169573574, 93.91956225295993]
[17746.732476080546, 93.31723290611461]
[17748.650902062065, 92.7154246658504]
[17753.29122717955, 88.97608201325315]
[17755.996416408954, 88.7041368672491]
[17756.459216187108, 88.08036199845034]
[17764.88977464854, 86.31423652560042]
[17766.044770811084, 84.10077203223406]
[17769.276434305168, 83.5402363663348]
[17782.56419875419, 79.2272761404474]
[17783.406095892573, 78.03859212434475]
[17784.583872019182, 76.11116535231005]
[17786.27052979695, 75.50026263871615]
[17805.510648684463, 69.0791448085738]
[17814.686638378735, 68.20127593458949]
[17815.819377761396, 65.77284776833474]
[17819.49355604348, 64.34641370684713]
[17825.17081944496, 62.56276650778469]
[17827.118950464715, 60.74938543205681]
[17838.22922337684, 60.68199718758362]
[17840.138206259482, 57.91769265080438]
[17843.46107249021, 57.78668926983167]
[17847.36952461507, 57.19941771073823]
[17850.4734611438, 56.815196165351324]
[17856.09942454479, 54.628470511491656]
[17862.518761994026, 52.63312733014797]
[17872.05907559755, 50.26458108046904]
[17873.10772612851, 50.11393135060129]
[17874.944517917687, 49.39664775488919]
[17877.67257624145, 48.919562619999596]
[17901.52055961293, 41.7639307531193]
[17901.521050803014, 41.7483522085889]
[17901.52772082599, 41.6547396495003]
[17901.531362261154, 41.6234824517897]
[17901.533448843806, 41.607844068082386]
[17901.535712661618, 41.59219920762425]
[17901.560202929806, 41.46681141123929]
[17901.586012342254, 41.372511090846956]
[17901.701697822842, 41.08836237971897]
[17903.51382097179, 37.955736073129856]
[17909.53695710779, 36.99635402516236]
[17913.2948630811, 36.01484075660767]
[17932.989547032765, 35.27312756188749]
[17940.615306114305, 32.49985948811937]
[17944.12697255467, 32.44345035560741]
[17947.026766228788, 32.15223750755342]
[17949.448188441784, 31.90531299346901]
[17956.399122246585, 30.891282560884605]
[17983.69147835357, 28.48420038205171]
[17990.11873045029, 25.860889422644874]
[18014.833216521194, 25.60099435515886]
[18022.83711310852, 23.156665427124267]
[18025.106187669113, 22.73888693176562]
[18047.388957078158, 21.746639175797526]
[18056.91587732194, 21.62905985734443]
[18059.4532949526, 21.478147237942693]
[18061.73304777536, 21.21165896703863]
[18065.551889685423, 20.909848187670548]
[18069.387352697522, 20.60966125294803]
[18070.39126630693, 20.30232685180141]
[18075.84643263737, 19.929112221244537]
[18077.715117828426, 19.458814021066047]
[18089.542353091765, 19.435535096350833]
[18091.113336024282, 18.316540335589735]
[18099.426515015282, 17.567199246421723]
[18104.319235408653, 17.106141563188856]
[18111.27329747528, 16.433605595458403]
[18113.251513326482, 16.216961988186313]
[18118.075292482168, 16.138911081492466]
[18120.133429599708, 15.754402435869622]
[18123.43820384222, 15.32379103238182]
[18124.724517387353, 15.319436522519368]
[18131.2275832264, 15.203112776873724]
[18132.069767884797, 15.044232564903695]
[18135.920836671092, 14.238303158476356]
[18146.981040224313, 13.560916221895411]
[18149.155469814097, 13.516540534371586]
[18160.904119606515, 12.11130665884383]
[18171.955570665083, 12.06374722056026]
[18173.863771205455, 11.990214405238845]
[18176.874068446352, 11.693103384614005]
[18180.172850391435, 10.872466327157184]
[18186.217387122855, 10.336721592440313]
[18187.471909248907, 10.26146907165176]
[18190.55332245038, 9.95388551158203]
[18190.99471635183, 9.787662597671414]
[18191.437352507128, 9.621551294391168]
[18192.618815219692, 9.549493572786702]
[18202.15051738401, 8.418245598036322]
[18207.230184184526, 7.871547527215739]
[18213.988974774205, 5.131983467766247]
[18247.071461021475, 3.465846970121248]
[18249.264537964435, 3.316941016346135]
[18267.55814149323, 1.2632613516044557]
[18272.757940833122, 0.41953425144001244]
[18274.407179576374, -1.0076828604869377]
[18284.163635276454, -4.446174002164298]
[18309.525425738324, -9.230232952791397]
[18372.387824365756, -9.74031752655128]
[18375.308498793675, -9.91975135932708]
[18402.789193435012, -14.922037935200592]
[18433.452014379895, -15.377178540614608]
[18478.91927061277, -22.182819042046916]
[18499.984634375327, -38.23382060366309]
[18613.18775265742, -41.66695012823034]
[18826.22409224, -71.36678993792368]
[19560.352736400826, -74.89283288187441]
[20033.29192973177, -89.05134798928982]
values
[15298.585413577917, 4949.991443633327]
[15300.486264888357, 4778.820714826247]
[15306.324124555662, 4613.053736179099]
[15316.060317044596, 4452.6608685955425]
[15326.6289411503, 4328.194604408791]
[15327.818353447981, 4294.717073304941]
[15339.646417102058, 4207.13134251302]
[15347.06752549341, 4147.871100788502]
[15355.093975379034, 4089.456151497212]
[15372.023408703877, 4020.3440628265353]
[15372.955258925358, 3975.156165900784]
[15382.601806993513, 3936.1148453170154]
[15384.909769531754, 3925.304510430158]
[15389.768527395348, 3894.2211673129937]
[15392.224551822666, 3884.790141088304]
[15393.217193425375, 3864.2214107485966]
[15412.09212552192, 3771.8751390469097]
[15430.818841157412, 3687.89048372222]
[15439.550315758519, 3668.318747849896]
[15441.11325355349, 3652.7897581230077]
[15442.579589948598, 3642.5490593216737]
[15451.485097080873, 3602.617895969439]
[15456.448547544414, 3583.119659147005]
[15464.917583568884, 3554.065471459058]
[15469.296728018211, 3535.0322312096205]
[15469.721623114237, 3532.48505810465]
[15473.558528654878, 3519.214759602815]
[15475.468558436398, 3516.4153689427976]
[15475.938851175406, 3509.679146688978]
[15478.634863415193, 3501.0069407383776]
[15478.65832548204, 3500.2347378425948]
[15485.113785370993, 3481.6238275392725]
[15493.106116179062, 3453.9026991330356]
[15502.757584566418, 3416.692231912649]
[15503.792229068571, 3415.6932393463057]
[15516.938682692838, 3414.602144710405]
[15520.958966960974, 3358.359743220898]
[15527.541271605163, 3351.064081920855]
[15530.920201329374, 3330.935772869299]
[15536.198433485555, 3312.045148071392]
[15541.027831075988, 3307.7767648090935]
[15548.235580320254, 3290.544629566832]
[15552.326267185012, 3272.5906934234563]
[15554.071824053852, 3267.885708212576]
[15559.243685951373, 3267.6836485577446]
[15559.820170448147, 3264.834621482248]
[15561.059905293057, 3239.576880583774]
[15570.104846900475, 3233.7653173826843]
[15571.905420473931, 3228.4412672611948]
[15575.328414053827, 3218.357995189433]
[15575.52585104162, 3217.8234025991837]
[15578.23866386448, 3208.6662632759544]
[15579.154533088837, 3206.028263938288]
[15579.883226294178, 3204.8358079284517]
[15580.990055169761, 3200.457135340322]
[15582.834882438887, 3194.8988626365026]
[15583.097286026727, 3181.258435980597]
[15583.771668855783, 3177.691168465088]
[15592.235292286918, 3156.8051788335715]
[15596.279175226618, 3153.233436068364]
[15600.375126674395, 3144.7367373380566]
[15601.11974812452, 3131.725220098628]
[15612.42645854378, 3113.6772852932068]
[15620.962524318515, 3083.578039706119]
[15631.948641940777, 3063.221869454731]
[15641.389926328935, 3040.361985137433]
[15643.953966737161, 3028.225474367714]
[15657.842187512, 2996.858804391828]
[15661.076546876859, 2992.2482811866007]
[15664.111434895764, 2982.299423465401]
[15678.8745679356, 2949.831608963141]
[15698.258717943672, 2905.068846388194]
[15701.436376505806, 2900.2800108814386]
[15707.424609092062, 2884.7142494809664]
[15735.512930252948, 2827.606479131455]
[15750.34908665754, 2789.872326055038]
[15751.420361247405, 2786.037369272478]
[15759.538921980802, 2768.7423497474438]
[15765.92128130289, 2754.2588011940725]
[15781.455062177236, 2720.8845947550203]
[15795.118489765966, 2691.5107264727903]
[15803.549762557639, 2674.4008316606755]
[15804.485668028905, 2672.610103645763]
[15809.111801732084, 2661.9592160607463]
[15812.373999854708, 2653.974554684668]
[15813.415147782534, 2652.294145379211]
[15838.494304169228, 2600.9312799567374]
[15846.116217430497, 2582.9850027281504]
[15859.311736468448, 2554.612040553585]
[15873.80985023843, 2524.5160581686455]
[15894.174940973337, 2482.391051191127]
[15949.43193057403, 2370.8185958466165]
[15958.91231938765, 2352.306077067124]
[15961.52154905246, 2347.058754493035]
[15979.907103766658, 2310.4741846419165]
[16011.647967891993, 2249.216854818959]
[16013.374280493983, 2245.6859605140444]
[16022.590539885254, 2227.770755931739]
[16026.63704657262, 2220.6666747363515]
[16038.941000311353, 2196.2919581474275]
[16041.121351772077, 2192.1619253070444]
[16053.251845313078, 2169.306896686278]
[16087.23791233908, 2105.4707024940617]
[16094.064622630645, 2092.8396658046804]
[16096.593347596883, 2088.540181564745]
[16101.228386709263, 2079.6554926726367]
[16102.643340378077, 2076.954883939172]
[16110.870546966002, 2062.3469956348213]
[16112.426263731015, 2058.7689888494074]
[16119.921826768501, 2045.1731388483686]
[16151.151885755808, 1989.2611908569625]
[16163.777774429413, 1966.1022897675548]
[16164.393422781406, 1964.7509184106962]
[16168.781167977913, 1957.0803490007447]
[16175.891490561884, 1944.0791880081097]
[16179.855248626143, 1937.1553373597185]
[16189.396044089583, 1920.0583579433246]
[16224.722317219206, 1860.4454236653817]
[16226.273464645492, 1855.4311098403214]
[16254.334634288662, 1806.866477062875]
[16276.803190200397, 1768.6115591903258]
[16282.172946288225, 1759.2018899119278]
[16282.202972269444, 1759.1537039252921]
[16285.199446502445, 1756.9197251494945]
[16304.285879371106, 1722.0587151546033]
[16322.74858514275, 1690.233215838979]
[16338.079156053027, 1665.1496826144307]
[16351.835214660561, 1642.3335746738699]
[16357.016765478491, 1633.3538301702072]
[16359.361995690999, 1629.4745806878425]
[16359.551212946983, 1629.0836248419666]
[16364.015140894699, 1621.50625339272]
[16398.062072210007, 1565.7347250461303]
[16405.519900455045, 1553.6630645678122]
[16411.685568579123, 1543.8223649866416]
[16412.06392603064, 1543.0580747660167]
[16430.743120442457, 1512.7740378550793]
[16449.736199706575, 1483.522652901186]
[16449.801915066615, 1483.4323052596123]
[16457.3069949581, 1470.641640810667]
[16460.22314808706, 1466.4502344456114]
[16461.792135270844, 1463.392607972027]
[16474.858594243044, 1442.6111177619655]
[16477.34792379252, 1439.6260793953918]
[16495.768818472956, 1409.7412000841337]
[16498.71817629299, 1405.7754358752634]
[16500.661678548306, 1402.4230250364876]
[16516.7379401064, 1377.119580404541]
[16521.368382395653, 1369.9938959354486]
[16569.364567431938, 1296.5674190845755]
[16602.838906945377, 1246.833552905926]
[16605.764650422767, 1242.4703814039071]
[16606.14295261418, 1241.7736104106648]
[16609.78633180338, 1237.0598240384868]
[16611.223675680267, 1234.1646849922524]
[16617.927464368146, 1226.384321043254]
[16621.12299201497, 1220.419552120937]
[16622.758374758687, 1219.408808556104]
[16622.883170533772, 1219.2634370512471]
[16622.901020131743, 1219.2426704731138]
[16622.972472599336, 1219.1596061059797]
[16623.044011588645, 1219.0765448468583]
[16623.115637100436, 1218.9934866895696]
[16623.187349135453, 1218.9104316279459]
[16623.331032778115, 1218.7443307669996]
[16623.909228424764, 1218.0800499154411]
[16625.34685872571, 1215.1036911533836]
[16630.427291827953, 1206.0757220026667]
[16644.66658207804, 1187.4218875868517]
[16648.44196620616, 1182.7018576683968]
[16660.228235301176, 1162.8272856127778]
[16669.732493332187, 1149.680247951748]
[16670.25643106953, 1149.238465727698]
[16670.2637353537, 1148.6673225676068]
[16674.545474481223, 1144.237521402171]
[16677.121353650036, 1140.7323336391867]
[16688.95190079506, 1122.2878919732775]
[16704.063906952644, 1101.5570688900505]
[16711.494106888378, 1091.181299493436]
[16714.82216793274, 1086.620138297686]
[16719.97857385352, 1080.628379829908]
[16722.810283389932, 1075.3843715999176]
[16727.486673103285, 1068.7199002873992]
[16731.21535416832, 1065.0553915887538]
[16741.653509893295, 1049.4996907236057]
[16750.919499287193, 1036.9362730620126]
[16753.736523333624, 1034.2188489659798]
[16754.091512925494, 1032.7116923957517]
[16761.80760030256, 1022.2155696737507]
[16763.478390508433, 1021.3271324075906]
[16767.55389272076, 1014.5372791283842]
[16768.347639946347, 1014.2145929582009]
[16772.57387774115, 1010.020058311846]
[16778.211160728773, 1002.2562493905391]
[16780.26008718583, 997.8558551257149]
[16786.073752657452, 991.0793304557092]
[16791.732186280387, 983.5820034262713]
[16795.73216577717, 981.8189347828898]
[16812.718946964826, 957.8147945059477]
[16817.72049537253, 949.3754474641214]
[16818.50398786253, 948.7769542211961]
[16824.638402988163, 942.379634551073]
[16824.967668818856, 940.2825888728705]
[16833.85385020649, 928.303179078059]
[16842.721990000966, 917.0646130986017]
[16846.305592835502, 912.4631674019893]
[16857.684048412717, 898.2071816838961]
[16870.073484691697, 882.7883285881242]
[16872.660762636428, 879.5234281925184]
[16874.647551126076, 876.9262583567835]
[16876.893657072367, 876.8422404881646]
[16887.071846260296, 861.8998434761155]
[16889.630854407114, 860.0357022110146]
[16895.845700141734, 850.9806776662409]
[16902.26545669011, 843.2572567939922]
[16905.84722594093, 838.7474051194564]
[16907.52945408831, 837.8814783636475]
[16909.719946542456, 834.549477421031]
[16922.882959425748, 819.4393508516173]
[16927.45341548256, 812.7181743537736]
[16940.99332014515, 796.7807334631207]
[16957.872561887118, 780.1541666105056]
[16967.18981650905, 767.5291589794654]
[16969.22986465924, 763.6992794398893]
[16974.9267410948, 759.3310722649537]
[16975.38989841778, 756.548365677115]
[16980.32326784698, 750.5641715371985]
[16992.797992547567, 746.6617929941733]
[16995.1462091034, 733.51624616348]
[17000.339855833183, 727.4843699110754]
[17002.879639223, 724.8273066240895]
[17021.22327298196, 709.3367653884693]
[17025.536798777906, 701.8058739102516]
[17034.26319078649, 689.0966171225946]
[17043.929425105453, 680.551079891918]
[17047.600301973216, 674.1046484737983]
[17051.969408409102, 669.2812007881668]
[17057.57947547992, 664.1750396856073]
[17063.82546257265, 656.4206534737752]
[17064.76210854645, 655.2647599541546]
[17069.901634459085, 652.0830775362358]
[17071.594206199657, 647.9856903228973]
[17072.790634915305, 646.3447665001277]
[17079.555526708882, 639.0946459942417]
[17082.225788911437, 638.0805193820671]
[17087.55311154118, 630.4607712279211]
[17094.61233507075, 624.2038152071126]
[17098.149201976932, 619.0191449534228]
[17101.03437252203, 616.2117054423098]
[17107.915291890065, 608.3978169922533]
[17112.13686686809, 604.2655241254174]
[17115.622888495396, 600.3388863459129]
[17123.6829386353, 592.1361745506551]
[17126.20348243076, 589.1159154500673]
[17138.152478834454, 582.2597989904191]
[17141.531563543238, 572.9873983940021]
[17162.52994566419, 555.4003983063558]
[17163.83395003611, 549.7698426534068]
[17171.83104856596, 541.6317977120553]
[17172.22037258066, 541.1460464324284]
[17174.053051536524, 540.8216735500033]
[17175.63611936605, 537.6178332638303]
[17180.612271569702, 532.577653877921]
[17185.296940678905, 528.4132297229557]
[17186.887338658085, 526.4098528890838]
[17201.046791498484, 512.1875579907318]
[17209.820319474133, 503.41275563375814]
[17227.650243534983, 485.67893195687316]
[17228.273921461732, 485.29928576593466]
[17239.867273363656, 474.0067890479339]
[17241.859283237027, 472.0166431618271]
[17248.598514017598, 465.70509113239416]
[17253.42030355223, 460.9183582936257]
[17256.71136547185, 457.8436148036916]
[17257.103609148624, 457.25253715236965]
[17265.006185752012, 450.23101171375856]
[17271.585011278567, 443.85276306747437]
[17273.59163771569, 441.917325268226]
[17278.828065998852, 437.0732506494761]
[17281.558682614177, 435.05761106488944]
[17283.26767073028, 432.9625020876987]
[17291.115852885036, 425.9221312663086]
[17292.514940861784, 424.4290804452776]
[17294.86445029924, 422.26119503157076]
[17294.933537822384, 422.2606613906589]
[17304.01119791573, 414.0245005905483]
[17312.468539213936, 406.367973413644]
[17317.448044339166, 402.1812148024843]
[17333.284984308186, 387.8841313212163]
[17333.599179022345, 387.7074916064822]
[17336.938102244654, 386.1760227271253]
[17337.661268782394, 384.25631045554815]
[17350.261323768344, 373.02120723245537]
[17356.12957529523, 367.95524646588717]
[17357.203559871246, 366.9848661081618]
[17358.760228646646, 365.675748822208]
[17367.113935624395, 359.1330285705292]
[17367.26556693832, 358.38686464157763]
[17374.783929335288, 352.3253999340769]
[17386.269758568298, 343.1794329133613]
[17388.338978370764, 340.72895590138387]
[17393.08620409717, 338.8762194968624]
[17395.227124190722, 334.95899329067333]
[17401.731058993857, 329.6203485065039]
[17412.228483388568, 320.8968410451771]
[17412.878140254008, 320.43143897375944]
[17418.08149637558, 316.09871499909025]
[17424.75155725427, 311.18329132373026]
[17431.425833197096, 305.2773979655799]
[17434.113484492234, 303.3129589532065]
[17441.21918552884, 299.5449609176352]
[17467.541739456017, 288.4937791533374]
[17474.812941190547, 275.4658002146019]
[17475.247275047677, 271.0498684972831]
[17479.977144986344, 267.4247928012221]
[17480.630123541985, 266.542247409929]
[17487.120575896042, 261.58856050924305]
[17491.11086381905, 259.4140803982624]
[17496.57830982461, 254.6562796021117]
[17500.434855769876, 251.55590481634178]
[17504.097882460064, 248.65804686351666]
[17508.758555010798, 245.77426075718526]
[17512.8806675304, 245.60284692157327]
[17529.427901388855, 230.40905574385934]
[17530.18881705985, 229.5326806689878]
[17534.989580662233, 226.32268841075725]
[17536.522676395343, 224.93281184503329]
[17539.18387869854, 223.47311832174282]
[17540.625454841556, 222.5309191709666]
[17543.539772260905, 220.25391835973815]
[17545.90567715167, 218.02146839223659]
[17546.743610970745, 217.77888080439797]
[17547.1943337892, 217.1938064064266]
[17548.539744549093, 216.1136379555676]
[17553.999614049906, 212.55272293335028]
[17554.842741257315, 211.74452355071864]
[17557.11602049749, 211.22294022779553]
[17562.57352742308, 206.43462592284615]
[17566.210818546147, 203.6107210203651]
[17568.23127212084, 202.1558746807655]
[17571.004623559813, 200.58400063784282]
[17571.857465774512, 200.07659181359676]
[17574.731937493052, 197.63578310821273]
[17581.240447500488, 193.14282978547365]
[17592.87577559382, 185.2735691853142]
[17596.251658475878, 183.89239805610552]
[17598.27434866505, 181.42261547059772]
[17607.375763438034, 175.46483734429827]
[17611.30066812195, 172.68562144707826]
[17616.592897319577, 169.11465935326166]
[17617.650798111852, 168.70243415456767]
[17618.195623159878, 168.20075456050856]
[17625.848676584654, 164.5656358944881]
[17627.569897956575, 162.4449966850743]
[17632.730494013875, 159.07894417317542]
[17634.431270326655, 158.3237335109349]
[17645.742454443705, 154.54638726289383]
[17646.135930398865, 149.88397976375862]
[17653.98158726413, 144.78753098168173]
[17664.756533233143, 138.08628500041826]
[17667.053145923866, 136.6254024392508]
[17675.482565728897, 135.93172930965594]
[17677.020504414697, 134.27322609276584]
[17678.012191754227, 130.3576471466092]
[17682.564612702994, 127.1614868274398]
[17686.831008484358, 124.76540291573062]
[17689.55275066603, 123.33202522231082]
[17689.969425346764, 123.01709564989633]
[17691.109548287168, 121.933378834553]
[17696.78097498553, 120.78806951312848]
[17703.70752265323, 120.07379261624553]
[17703.822387307187, 115.03732254131805]
[17707.90539838143, 111.83693787458972]
[17710.106525133942, 111.77751657858235]
[17715.85547454112, 107.31314411775165]
[17722.850495396775, 104.17870372149105]
[17726.33936064441, 101.11799447368827]
[17726.756215672314, 100.93700892358089]
[17728.4404872425, 100.31417382446975]
[17733.65253746975, 97.39550124483642]
[17736.20731496824, 95.51860394466141]
[17738.46345602457, 94.86320722502907]
[17740.60548537924, 93.34015676460277]
[17742.35331654045, 92.31962080765638]
[17743.12748005022, 91.60253552775458]
[17749.14142702814, 90.72683947674605]
[17749.35043736941, 88.74423330737446]
[17750.10415983434, 87.71726087197098]
[17753.61348596387, 85.78597025316594]
[17757.085082751575, 85.60514228850684]
[17757.23235047364, 84.94589638519847]
[17764.424634144812, 81.93557520735976]
[17768.71548239654, 78.35386934608323]
[17770.90107870585, 77.80465083738608]
[17778.299068069646, 73.6715488578296]
[17779.706997526, 73.31260703650864]
[17780.98532689254, 72.62914920448006]
[17783.053649341175, 69.59929817749392]
[17783.99853050936, 69.46825999815061]
[17786.148928265466, 68.13019717792855]
[17789.98465888708, 65.89722758965058]
[17792.279572217754, 64.64651922306507]
[17794.141403825346, 64.33558497457582]
[17796.969949545368, 62.22331742519549]
[17798.19313383615, 61.98660566832493]
[17798.85566528436, 61.1947259881818]
[17804.908993537578, 58.642936562594514]
[17807.26923732266, 58.26950142023742]
[17813.0155426285, 55.98820749469414]
[17814.988911571614, 53.330273492639066]
[17817.426831359215, 51.906402485795155]
[17817.551222950744, 51.42878423888723]
[17821.91023785317, 50.771013230692404]
[17823.09004253869, 49.474879048910594]
[17827.560480431173, 47.36993151445108]
[17828.13254832288, 47.26454654653756]
[17834.41521059772, 43.08781636290212]
[17837.2129033839, 41.45033749981607]
[17839.494554178586, 40.657223047754314]
[17839.54245015948, 40.40952583557984]
[17843.78684869476, 38.17051180224138]
[17853.76432969637, 33.77450246620111]
[17855.184233895623, 32.83751210354836]
[17859.162641850497, 30.591169840082358]
[17861.4760527618, 29.786406758222]
[17864.597254873563, 27.966653443492078]
[17865.452724840055, 27.887970201278762]
[17872.355467917732, 24.77813013379199]
[17879.118940436707, 21.271515584497365]
[17881.66669993219, 20.4752261617445]
[17883.790723213406, 19.0457440994561]
[17888.824372606035, 16.38290955064309]
[17889.87449846105, 16.134822100855132]
[17890.581544057994, 15.573130970880186]
[17895.520156608363, 13.502952724358408]
[17899.616604833267, 13.031821235872854]
[17902.668674331653, 9.930658101758013]
[17903.182774572353, 9.850158495372511]
[17906.323307154544, 8.299982132767553]
[17908.16119024646, 7.672401762507093]
[17916.70295449369, 4.56096218196663]
[17917.42553613413, 3.570686909096281]
[17920.19055186237, 1.9707101886050111]
[17923.40857536677, 0.5642946173508108]
[17933.897199614086, -4.004977167852445]
[17935.282545851922, -4.430977860095311]
[17937.42366430653, -5.511436040902964]
[17940.31031583063, -6.620074302225277]
[17944.522377175, -8.499009282620733]
[17948.805702853835, -10.332611235341801]
[17952.618063945618, -11.884972701199217]
[17954.153543902514, -12.500506130808503]
[17954.533765008062, -12.66136401943811]
[17955.8911230824, -13.02348697166346]
[17959.269738419385, -14.619706718898101]
[17968.977196722746, -18.831808993105327]
[17970.287682604125, -19.424610641004847]
[17975.696977350326, -21.557169479860207]
[17978.743959584535, -22.691461689305456]
[17979.126116585274, -22.845602502911532]
[17985.171507613206, -23.909614359703994]
[17989.641863917983, -27.035740622465454]
[17995.40436859916, -29.329925055993826]
[17997.496097878415, -29.6423444621352]
[17998.980164939923, -30.677603010048557]
[18000.202309775967, -31.228509855838226]
[18001.47609497771, -31.423402076900757]
[18007.341895506434, -33.88849323863744]
[18008.75069611966, -34.37304092395995]
[18013.799352486014, -36.34825725132707]
[18023.173594601587, -39.83136492351322]
[18024.39855178637, -40.3740633901314]
[18027.957913251375, -41.64401236073988]
[18030.115649605897, -42.43203163257145]
[18030.451356324273, -42.55431122080286]
[18031.533210023976, -42.90498760753654]
[18033.326835033746, -43.53210967752342]
[18034.025131073235, -43.8086221850437]
[18038.73161576163, -45.40001621445862]
[18041.934708366098, -46.653679312674655]
[18043.213350342718, -46.762625360443764]
[18048.189848109792, -48.83834174932683]
[18050.72762367483, -49.751938200501414]
[18051.944575198904, -49.95403990948728]
[18052.042309042135, -50.0120639967477]
[18057.929426701266, -52.06771291021924]
[18057.981063948006, -52.2042282455222]
[18069.899135803968, -56.30191566018193]
[18070.483658593086, -56.375965885209865]
[18071.686201486267, -56.87811250118095]
[18071.99343648612, -57.00064501681854]
[18072.222631947163, -57.06727834706696]
[18074.089434827165, -57.67686258623304]
[18074.189013738738, -57.70971851766012]
[18075.32342629193, -58.076353228946104]
[18076.018525179017, -58.314635732093095]
[18081.872667519037, -60.25091645977906]
[18089.649066441143, -62.73749152885715]
[18090.702769666543, -62.95238648299065]
[18091.912795130484, -63.36158096312991]
[18103.87315180705, -67.11388941223004]
[18106.24719975963, -67.97762921937901]
[18109.087574197383, -68.81204421259301]
[18109.860389964797, -69.0481290411491]
[18111.986012363985, -69.69524445804205]
[18114.352612594383, -70.27105308194206]
[18116.24599916022, -70.95909108060793]
[18121.51744722098, -72.54924638812322]
[18126.39450774408, -73.81159941074883]
[18133.173647190393, -75.59419037378875]
[18134.63641323869, -76.38451659568916]
[18136.340728049283, -76.41451027029008]
[18142.3698808913, -76.88366345704655]
[18145.724634924813, -79.52452428151447]
[18147.36067948137, -79.99889108647437]
[18148.050314771866, -80.17346945167229]
[18149.11450579612, -80.21841524569368]
[18149.316486718897, -80.4289399295335]
[18149.89189052706, -80.68465755217255]
[18150.231167704293, -80.77857724277057]
[18151.249072739374, -81.05987641851519]
[18155.0169604394, -82.09546639378323]
[18155.20378908992, -82.12455174121044]
[18155.98137533902, -82.32146308127503]
[18156.08120476218, -82.41807722379028]
[18167.733017126935, -85.51214172733816]
[18169.583861750285, -85.85576217683035]
[18170.013493038998, -86.11096339223292]
[18174.031331235972, -87.16436537229029]
[18177.990332932994, -88.16614137517992]
[18187.106007087496, -90.50773523514047]
[18187.883387178466, -90.7032179034606]
[18188.563639196305, -90.87394482099822]
[18190.86253253431, -91.54306165944664]
[18191.771096191173, -91.67477596094486]
[18197.159218883327, -93.0029545635187]
[18197.31681387542, -93.04591178584748]
[18197.87904443772, -93.11169173025495]
[18198.617494987986, -93.3432571312064]
[18200.965229925958, -93.93029574456331]
[18206.438931413206, -95.24700846503819]
[18212.34040620339, -96.66036764792857]
[18219.939349105243, -98.41888458292564]
[18221.05505088062, -98.66918020717284]
[18224.014451662555, -99.18546828605174]
[18224.09466916911, -99.37373245317036]
[18226.95699942818, -100.00841811522197]
[18228.565869498812, -100.3706390661797]
[18229.147806406178, -100.50137438382548]
[18229.342561658723, -100.54504676961221]
[18231.120902500377, -100.93993515942537]
[18234.465856147108, -101.64050922401196]
[18235.26522551226, -101.86036168237275]
[18237.18273508631, -102.2810931068206]
[18243.83091776833, -103.72330266290035]
[18244.803282977857, -103.9323855236355]
[18248.027111121526, -104.61325414495849]
[18260.70738483367, -107.25719730209991]
[18265.38594081378, -108.20650116613147]
[18270.162872523317, -109.15779817055324]
[18270.33653397407, -109.19513959539967]
[18274.293440607653, -109.97422255202899]
[18280.07573530838, -111.09622052699004]
[18282.841003211775, -111.62034134011766]
[18285.969414308496, -112.21730629953645]
[18289.138643882954, -112.81134553022106]
[18290.53657911611, -113.0701653823713]
[18291.26092674187, -113.18215243508706]
[18292.307732090216, -113.39919007239902]
[18294.23520713639, -113.7552120418206]
[18300.26864071643, -114.8505999863306]
[18300.660639065223, -114.92100783963953]
[18301.013708312643, -114.98330591157115]
[18302.21782453197, -115.20003946410355]
[18302.21961628648, -115.20031542152395]
[18302.804946660464, -115.30477720274709]
[18303.48785400739, -115.42638514234208]
[18303.975659386706, -115.51307380698455]
[18304.56104166888, -115.61690864854025]
[18305.34157817979, -115.75503005321278]
[18308.504575799387, -116.29072146394051]
[18308.97966598684, -116.39327632074216]
[18310.11893001588, -116.58997480779743]
[18310.84272112538, -116.71710359908488]
[18317.132401564784, -117.79438240062586]
[18323.416992147755, -118.84680354645394]
[18326.55899769532, -119.36394584976208]
[18326.586751168365, -119.36782775518273]
[18328.12992618524, -119.62025089891578]
[18329.700804515443, -119.87504550566486]
[18335.931578238, -120.87179955390461]
[18337.489825608973, -121.11730178692068]
[18339.048294040098, -121.3613285130849]
[18340.222542154548, -121.54415317670637]
[18341.89084028532, -121.79464584814562]
[18345.110273942984, -122.28863214525744]
[18352.568278651474, -123.41525629183052]
[18367.84097830397, -125.60109848841765]
[18369.702917131915, -125.8578209303378]
[18375.09317300022, -126.5890530167925]
[18375.87422460514, -126.69350301233061]
[18377.045854446136, -126.84947590636536]
[18377.631692984785, -126.92714630753181]
[18378.21754728362, -127.00460594847928]
[18378.656948357257, -127.0625623390902]
[18390.611014874787, -128.5942980156343]
[18391.196909624297, -128.66706921921138]
[18404.6572014963, -130.28102981213772]
[18412.688030547597, -131.19048498638233]
[18415.911597414717, -131.54390413963225]
[18432.265666888205, -133.23814147757608]
[18436.57390391017, -133.65640966005975]
[18442.156735158802, -134.18104239205297]
[18448.912285430426, -134.78923602796618]
[18467.906244721573, -136.3425924327145]
[18469.07971499163, -136.43080090727216]
[18472.80203956095, -136.7052621851644]
[18473.975684361194, -136.7897584504503]
[18479.559475769307, -137.18033944378124]
[18482.934617556522, -137.40605901945017]
[18486.317558967545, -137.62567599760595]
[18486.708924155213, -137.65050233979392]
[18487.10029968751, -137.67522877023052]
[18502.2853103949, -138.55868636393228]
[18503.46010346272, -138.62054446847984]
[18505.322128862965, -138.71697039004223]
[18506.497090440855, -138.77646954877824]
[18523.159804094375, -139.52306120963186]
[18524.335635146366, -139.56858933473583]
[18526.786576844264, -139.66070966469297]
[18532.96422846669, -139.8749897261014]
[18533.552414545502, -139.89399153023047]
[18541.595197676932, -140.13096590605753]
[18556.9021397797, -140.4596663435807]
[18559.45420818138, -140.4988936897535]
[18560.043208305982, -140.50728381025448]
[18569.272680342303, -140.63783407542536]
[18570.451430516256, -140.6543978516618]
[18578.408646701562, -140.76617531182396]
[18578.506185979535, -140.7677054989911]
[18588.924177310408, -140.91272688657082]
[18596.98644276018, -141.02378994957672]
[18597.5768862738, -141.03179312811818]
[18601.80785004294, -141.08913978563427]
[18606.23375215124, -141.14920962913726]
[18629.671053771657, -141.4557517424361]
[18634.007593721453, -141.51041647849598]
[18646.28821759777, -141.6605391207836]
[18653.738671107923, -141.7487140757085]
[18692.695587051014, -142.1622545305496]
[18759.324559765544, -142.6529876771348]
[18790.54041346282, -142.7760978180929]
[18820.63604871345, -142.82886024807405]
values
[15271.696603605118, 5294.151936877268]
[15271.716339705468, 5256.089435426588]
[15271.719801633742, 5255.270307804338]
[15272.137271631369, 5185.8230318163]
[15272.580880056079, 5146.38846533526]
[15272.607974875049, 5144.408384702953]
[15273.181576507774, 5107.194706067748]
[15273.93961542454, 5068.6458115931155]
[15274.539058300621, 5053.543514856665]
[15274.638504976181, 5038.449560882764]
[15275.607119268876, 5001.843817033769]
[15276.824246569136, 4962.356587064839]
[15276.844194727648, 4961.603071972737]
[15278.109728914867, 4925.454839916069]
[15279.163875454195, 4901.197561015046]
[15279.364294687095, 4893.406197286005]
[15279.752336882644, 4883.8149973952895]
[15279.79562116731, 4882.847194210042]
[15282.140711511403, 4854.014938061947]
[15284.405844600256, 4803.547075722667]
[15284.603526179475, 4782.135909364011]
[15285.803080806349, 4778.468281395481]
[15286.454685351746, 4748.9219304803]
[15286.56216411007, 4747.06116621513]
[15286.598213666191, 4746.814894937482]
[15289.551495650912, 4715.691549955311]
[15290.091868682623, 4703.889446451203]
[15290.709100642604, 4680.309951278397]
[15293.256678846321, 4653.217773860129]
[15293.952197628314, 4642.536443584005]
[15295.00454735667, 4630.276774436793]
[15295.555694915123, 4611.607683776026]
[15295.66615361899, 4610.266575121452]
[15295.771512824977, 4608.908356495032]
[15295.829070561567, 4607.972229218618]
[15304.055442695513, 4512.860093420298]
[15304.840423319012, 4503.92608756738]
[15305.44792312998, 4497.926153612967]
[15306.804073046758, 4477.572559166459]
[15307.46827319579, 4470.518595138558]
[15310.489242154383, 4439.093334390682]
[15311.46666034983, 4432.994313099376]
[15316.560030264322, 4379.988486662593]
[15318.0138900931, 4368.8893577441695]
[15320.086292763313, 4347.707088024783]
[15320.18469194554, 4346.806591509516]
[15320.3786283986, 4345.073750721761]
[15320.389414431096, 4345.006408431132]
[15320.572970699484, 4343.341465011849]
[15321.8398357878, 4334.227776695965]
[15323.883991117129, 4314.455769028777]
[15327.818353447981, 4294.717073304941]
[15331.1765965878, 4254.652903453815]
[15335.526095243493, 4220.498373348577]
[15335.683076220279, 4219.299207090012]
[15335.69733730903, 4219.207069745448]
[15335.844473627218, 4218.148242755705]
[15335.844897340714, 4218.101270064315]
[15335.90547855703, 4217.608746637911]
[15336.748288239769, 4212.084817835673]
[15337.420033895369, 4206.190081018673]
[15339.098632711657, 4197.375923690245]
[15346.375555113891, 4190.758221228618]
[15347.06752549341, 4147.871100788502]
[15351.144169263198, 4109.483144865127]
[15352.878836208089, 4098.279613094066]
[15353.035692714284, 4096.6885305955375]
[15353.05373657532, 4096.571568469804]
[15353.122382704008, 4096.1301519569715]
[15353.191691725173, 4095.688797271103]
[15353.20248662108, 4095.584649176735]
[15353.276666082447, 4095.1580292754916]
[15353.28600792966, 4095.039757187652]
[15353.62146984304, 4093.041960779361]
[15355.093975379034, 4089.456151497212]
[15355.671591952343, 4080.0155803953494]
[15357.408049058577, 4068.4915538214664]
[15357.949813324007, 4064.8906803050277]
[15358.038742897086, 4064.354186360637]
[15365.129717952388, 4063.7903620142424]
[15372.023408703877, 4020.3440628265353]
[15372.394914297176, 3977.447738130443]
[15372.44758546631, 3977.090001578378]
[15372.789365513756, 3975.116181279671]
[15372.803030384703, 3975.0452657672167]
[15372.876724723574, 3974.706142062695]
[15372.890858018445, 3974.5313641079083]
[15372.982105401794, 3974.0180556997757]
[15372.9821054018, 3974.018055699775]
[15373.172330134816, 3973.065573802237]
[15373.753041183749, 3970.1003123688824]
[15375.897527126746, 3957.774809674159]
[15376.639188518704, 3953.1812666978994]
[15378.562219349367, 3951.8019615247977]
[15378.922966492662, 3940.4841912229067]
[15382.601806993513, 3936.1148453170154]
[15382.786812250744, 3919.2686247489696]
[15389.768527395348, 3894.2211673129937]
[15392.224551822666, 3884.790141088304]
[15393.217193425375, 3864.2214107485966]
[15393.95049157944, 3860.421683594877]
[15394.212496610588, 3859.020698280654]
[15394.387690148598, 3858.1546569548614]
[15394.45574375929, 3857.7895975793635]
[15394.565544713354, 3857.288824637277]
[15394.568174151967, 3857.188632263485]
[15394.762350604453, 3856.2248973668025]
[15399.089669254563, 3842.9666347181774]
[15400.653781368805, 3841.7550860020183]
[15408.12567776889, 3829.085879611485]
[15408.375349788626, 3827.4493247101773]
[15408.826490345358, 3822.9643978930644]
[15409.289570872681, 3818.4872792119213]
[15412.09212552192, 3771.8751390469097]
[15417.219534773194, 3748.254598203949]
[15417.315120367384, 3747.5542442313726]
[15417.476546595688, 3746.857205021689]
[15417.880857991726, 3744.9787545577738]
[15418.074766462336, 3744.120634317798]
[15418.216182043532, 3743.454313622023]
[15418.287594401287, 3743.1288668274224]
[15418.392978340296, 3742.6490794862493]
[15418.411507949497, 3742.5523209271196]
[15418.877057039133, 3740.6899946428894]
[15423.394516850256, 3728.476877798091]
[15423.847018689183, 3726.638856728985]
[15424.71576868627, 3714.3316821552876]
[15428.092777657099, 3704.11624955036]
[15430.818841157412, 3687.89048372222]
[15439.550315758519, 3668.318747849896]
[15440.563515636639, 3647.715034763069]
[15442.579589948598, 3642.5490593216737]
[15443.603535346614, 3634.082794684277]
[15444.06887633355, 3632.1867295468214]
[15444.11984926226, 3631.967582075643]
[15444.190953455842, 3631.776150820931]
[15444.553635537983, 3630.295075533887]
[15450.718739082044, 3612.8107175145788]
[15451.485097080873, 3602.617895969439]
[15456.448547544414, 3583.119659147005]
[15464.917583568884, 3554.065471459058]
[15468.772835435917, 3539.5618257565734]
[15469.296728018211, 3535.0322312096205]
[15469.721623114237, 3532.48505810465]
[15470.868588777948, 3528.391131009046]
[15471.380679251755, 3526.3278749368956]
[15471.612148059929, 3525.4844334472054]
[15471.7904230846, 3524.832669922554]
[15471.887836594888, 3524.464272260285]
[15471.991606143085, 3524.0771047742373]
[15472.042751985426, 3523.936977839816]
[15472.098812122793, 3523.6904390000673]
[15472.2094541878, 3523.3042764340707]
[15472.2999422484, 3523.0423614837796]
[15473.558528654878, 3519.214759602815]
[15474.073905987232, 3517.0570785440545]
[15475.468558436398, 3516.4153689427976]
[15475.938851175406, 3509.679146688978]
[15478.298076671357, 3509.1281380364126]
[15478.634863415193, 3501.0069407383776]
[15478.65832548204, 3500.2347378425948]
[15485.113785370993, 3481.6238275392725]
[15493.106116179062, 3453.9026991330356]
[15498.415540376816, 3431.5022895395077]
[15501.046223872861, 3422.2756731929444]
[15501.718955039403, 3420.037820543279]
[15501.930930468692, 3419.3286023292458]
[15502.757584566418, 3416.692231912649]
[15503.008555411565, 3416.2775677748864]
[15503.792229068571, 3415.6932393463057]
[15508.486303802481, 3405.4551201252816]
[15509.162245263611, 3402.069757097349]
[15510.273060718711, 3397.7419394287817]
[15520.958966960974, 3358.359743220898]
[15527.541271605163, 3351.064081920855]
[15530.920201329374, 3330.935772869299]
[15531.306427592324, 3326.0486284273807]
[15533.930623987117, 3317.74105350126]
[15534.059743960872, 3317.400825562374]
[15534.07001682919, 3317.302870116543]
[15534.209564988905, 3316.8647943699425]
[15534.30046864715, 3316.7610988008405]
[15534.426001988882, 3316.441924264596]
[15536.198433485555, 3312.045148071392]
[15539.943870981278, 3304.6221880719236]
[15541.082942789779, 3300.4855538512757]
[15548.235580320254, 3290.544629566832]
[15550.563154045303, 3270.571725133333]
[15554.071824053852, 3267.885708212576]
[15559.243685951373, 3267.6836485577446]
[15559.820170448147, 3264.834621482248]
[15561.059905293057, 3239.576880583774]
[15567.76036890029, 3219.9970644922823]
[15568.109792929172, 3219.0249599743215]
[15568.182576088682, 3218.793094159043]
[15568.25680312618, 3218.594611276238]
[15568.856832431919, 3216.945474939101]
[15570.612977980096, 3212.120079824507]
[15578.23866386448, 3208.6662632759544]
[15579.154533088837, 3206.028263938288]
[15579.883226294178, 3204.8358079284517]
[15580.990055169761, 3200.457135340322]
[15582.834882438887, 3194.8988626365026]
[15583.097286026727, 3181.258435980597]
[15583.771668855783, 3177.691168465088]
[15592.235292286918, 3156.8051788335715]
[15596.279175226618, 3153.233436068364]
[15600.375126674395, 3144.7367373380566]
[15601.11974812452, 3131.725220098628]
[15603.75240373856, 3125.1771448319028]
[15603.885837344194, 3124.6983140554216]
[15604.340975340458, 3123.9627438265425]
[15604.42981433708, 3123.288623544827]
[15604.476583783022, 3123.1736622169537]
[15605.022000085393, 3121.798200355077]
[15605.352838589446, 3120.962657199858]
[15606.269972500433, 3118.668502725478]
[15612.42645854378, 3113.6772852932068]
[15620.962524318515, 3083.578039706119]
[15631.948641940777, 3063.221869454731]
[15641.289591902001, 3034.6814187101995]
[15642.795563041325, 3030.9912633548847]
[15642.897823467329, 3030.6546996015154]
[15643.62654367205, 3028.993569259661]
[15643.953966737161, 3028.225474367714]
[15644.747608820015, 3027.5031144340046]
[15645.236910306783, 3026.386340339494]
[15647.586611472734, 3019.842180578279]
[15657.842187512, 2996.858804391828]
[15661.076546876859, 2992.2482811866007]
[15664.111434895764, 2982.299423465401]
[15678.8745679356, 2949.831608963141]
[15681.958383955169, 2941.380331884712]
[15682.405382424973, 2940.3007953604974]
[15682.459455405902, 2940.239857227098]
[15682.538066325349, 2940.0966051964806]
[15683.0526471713, 2938.900455579395]
[15683.949347143924, 2936.764290184158]
[15698.258717943672, 2905.068846388194]
[15701.436376505806, 2900.2800108814386]
[15707.424609092062, 2884.7142494809664]
[15715.606590654432, 2866.97338881772]
[15722.37279951234, 2851.1318980526476]
[15735.512930252948, 2827.606479131455]
[15750.34908665754, 2789.872326055038]
[15751.420361247405, 2786.037369272478]
[15754.380044176532, 2780.0087454208247]
[15759.538921980802, 2768.7423497474438]
[15765.92128130289, 2754.2588011940725]
[15781.455062177236, 2720.8845947550203]
[15786.793577697692, 2709.380032593087]
[15792.604187507872, 2696.4503596108516]
[15793.91437212875, 2693.3984659762646]
[15794.218108517076, 2692.66182888625]
[15795.118489765966, 2691.5107264727903]
[15796.625431755772, 2687.3400192069507]
[15803.549762557639, 2674.4008316606755]
[15804.485668028905, 2672.610103645763]
[15809.111801732084, 2661.9592160607463]
[15812.373999854708, 2653.974554684668]
[15813.415147782534, 2652.294145379211]
[15822.802740244004, 2633.733364517569]
[15825.947582888446, 2625.9209093216236]
[15832.38497757436, 2611.839274128931]
[15833.003956417604, 2609.940649945084]
[15833.11994644744, 2609.8835209048325]
[15834.335710738116, 2607.1275115650656]
[15836.954216016893, 2602.0163956391025]
[15838.494304169228, 2600.9312799567374]
[15846.116217430497, 2582.9850027281504]
[15859.311736468448, 2554.612040553585]
[15873.80985023843, 2524.5160581686455]
[15873.99006977031, 2524.433856100564]
[15874.201766716247, 2524.2075241198895]
[15874.78836788541, 2522.9264375859466]
[15894.174940973337, 2482.391051191127]
[15904.969045808597, 2460.773055039247]
[15943.486023816513, 2383.0042368686536]
[15944.817971248513, 2380.2814000646817]
[15945.581559463237, 2378.39324047222]
[15946.602297146092, 2376.2313174820683]
[15947.220999904392, 2375.169580940014]
[15949.43193057403, 2370.8185958466165]
[15958.91231938765, 2352.306077067124]
[15961.52154905246, 2347.058754493035]
[15972.664812315665, 2325.92278559185]
[15979.907103766658, 2310.4741846419165]
[15986.577281079157, 2297.3953470560136]
[16011.647967891993, 2249.216854818959]
[16013.374280493983, 2245.6859605140444]
[16022.590539885254, 2227.770755931739]
[16026.63704657262, 2220.6666747363515]
[16026.818259181944, 2219.8493900206154]
[16038.941000311353, 2196.2919581474275]
[16041.121351772077, 2192.1619253070444]
[16044.441993402466, 2186.1347434677978]
[16052.045544952127, 2171.9042748356637]
[16053.251845313078, 2169.306896686278]
[16087.23791233908, 2105.4707024940617]
[16094.064622630645, 2092.8396658046804]
[16096.593347596883, 2088.540181564745]
[16099.300257420879, 2083.2460372467203]
[16100.662581676734, 2080.6013093830816]
[16101.228386709263, 2079.6554926726367]
[16101.384587833074, 2079.2275821217986]
[16101.488784218054, 2078.954408616782]
[16102.030813822435, 2077.9581373854867]
[16102.643340378077, 2076.954883939172]
[16110.870546966002, 2062.3469956348213]
[16112.426263731015, 2058.7689888494074]
[16119.921826768501, 2045.1731388483686]
[16141.465977306345, 2006.3740819059644]
[16151.151885755808, 1989.2611908569625]
[16163.777774429413, 1966.1022897675548]
[16164.393422781406, 1964.7509184106962]
[16168.781167977913, 1957.0803490007447]
[16175.891490561884, 1944.0791880081097]
[16179.855248626143, 1937.1553373597185]
[16184.916956334884, 1928.2926089228372]
[16189.396044089583, 1920.0583579433246]
[16199.155879624155, 1903.2546847661233]
[16224.722317219206, 1860.4454236653817]
[16226.273464645492, 1855.4311098403214]
[16254.334634288662, 1806.866477062875]
[16257.049950752722, 1801.920442147429]
[16257.564917893196, 1800.9791308999975]
[16260.707573142308, 1795.724896386798]
[16276.803190200397, 1768.6115591903258]
[16282.172946288225, 1759.2018899119278]
[16282.202972269444, 1759.1537039252921]
[16285.199446502445, 1756.9197251494945]
[16298.168115006609, 1731.7802287047236]
[16298.695549410817, 1730.864123174273]
[16300.10161473059, 1728.6985839663012]
[16304.285879371106, 1722.0587151546033]
[16322.74858514275, 1690.233215838979]
[16326.75992969992, 1683.5421941915934]
[16338.079156053027, 1665.1496826144307]
[16351.835214660561, 1642.3335746738699]
[16357.016765478491, 1633.3538301702072]
[16358.214851504583, 1631.5157706841308]
[16359.361995690999, 1629.4745806878425]
[16359.551212946983, 1629.0836248419666]
[16364.015140894699, 1621.50625339272]
[16370.163827914757, 1611.177687235432]
[16398.062072210007, 1565.7347250461303]
[16405.519900455045, 1553.6630645678122]
[16409.15463780485, 1547.9992234213155]
[16409.393640805254, 1547.7007629349819]
[16411.685568579123, 1543.8223649866416]
[16412.06392603064, 1543.0580747660167]
[16412.063926030645, 1543.0580747660165]
[16413.40739310428, 1540.738634140951]
[16413.661461391348, 1540.2970663925723]
[16417.117426536308, 1534.947293308516]
[16427.87830210448, 1517.3729424110527]
[16428.683741067518, 1516.3314725823031]
[16430.743120442457, 1512.7740378550793]
[16449.736199706575, 1483.522652901186]
[16449.801915066615, 1483.4323052596123]
[16453.68644658797, 1476.4743843102428]
[16456.614090371902, 1471.5799750756441]
[16456.89919126186, 1471.0381286318566]
[16457.3069949581, 1470.641640810667]
[16460.22314808706, 1466.4502344456114]
[16461.792135270844, 1463.392607972027]
[16469.41461101092, 1451.1730703472138]
[16469.59297607182, 1450.9459624801668]
[16474.858594243044, 1442.6111177619655]
[16477.34792379252, 1439.6260793953918]
[16495.768818472956, 1409.7412000841337]
[16498.71817629299, 1405.7754358752634]
[16500.661678548306, 1402.4230250364876]
[16516.7379401064, 1377.119580404541]
[16521.368382395653, 1369.9938959354486]
[16526.49630345797, 1361.998433746043]
[16546.035108659522, 1331.9793367795876]
[16566.704157822584, 1300.8948193876486]
[16567.627084445965, 1299.5006897186613]
[16568.5613591923, 1297.9147629213612]
[16569.364567431938, 1296.5674190845755]
[16583.859465605754, 1274.8291569366568]
[16585.98973311315, 1271.711461763109]
[16596.797136967976, 1255.6288951873523]
[16602.838906945377, 1246.833552905926]
[16605.764650422767, 1242.4703814039071]
[16606.14295261418, 1241.7736104106648]
[16609.751908959177, 1236.8415355319707]
[16611.223675680267, 1234.1646849922524]
[16613.857621740863, 1230.228345256497]
[16617.927464368146, 1226.384321043254]
[16621.12299201497, 1220.419552120937]
[16622.758374758687, 1219.408808556104]
[16622.883170533772, 1219.2634370512471]
[16622.901020131743, 1219.2426704731138]
[16622.972472599336, 1219.1596061059797]
[16623.044011588645, 1219.0765448468583]
[16623.115637100436, 1218.9934866895696]
[16623.187349135453, 1218.9104316279459]
[16623.331032778115, 1218.7443307669996]
[16623.909228424764, 1218.0800499154411]
[16625.34685872571, 1215.1036911533836]
[16628.439841065898, 1208.9847427292286]
[16629.534833216716, 1207.3530329945781]
[16630.427291827953, 1206.0757220026667]
[16644.66658207804, 1187.4218875868517]
[16648.44196620616, 1182.7018576683968]
[16657.678558962503, 1166.5304598743821]
[16660.228235301176, 1162.8272856127778]
[16661.034072009912, 1161.7938728311617]
[16661.187908282234, 1161.6646464079445]
[16669.46449066166, 1149.6902952208206]
[16669.732493332187, 1149.680247951748]
[16670.25643106953, 1149.238465727698]
[16670.2637353537, 1148.6673225676068]
[16674.545474481223, 1144.237521402171]
[16677.121353650036, 1140.7323336391867]
[16679.57583428981, 1135.6987602693948]
[16682.56933817347, 1131.1424789884609]
[16688.95190079506, 1122.2878919732775]
[16696.698541962483, 1111.3666060680873]
[16704.063906952644, 1101.5570688900505]
[16711.494106888378, 1091.181299493436]
[16714.82216793274, 1086.620138297686]
[16719.97857385352, 1080.628379829908]
[16722.810283389932, 1075.3843715999176]
[16724.79003043304, 1072.687859340375]
[16725.881141909325, 1071.080770304883]
[16727.486673103285, 1068.7199002873992]
[16731.21535416832, 1065.0553915887538]
[16731.342692188424, 1063.4882965518527]
[16741.653509893295, 1049.4996907236057]
[16750.919499287193, 1036.9362730620126]
[16753.736523333624, 1034.2188489659798]
[16754.091512925494, 1032.7116923957517]
[16761.80760030256, 1022.2155696737507]
[16763.478390508433, 1021.3271324075906]
[16767.55389272076, 1014.5372791283842]
[16768.347639946347, 1014.2145929582009]
[16772.307272512306, 1008.1945536129642]
[16778.211160728773, 1002.2562493905391]
[16780.26008718583, 997.8558551257149]
[16782.045687279748, 995.2623464687063]
[16783.21739816029, 993.7749953458042]
[16786.073752657452, 991.0793304557092]
[16791.732186280387, 983.5820034262713]
[16795.172180071586, 978.0916880595253]
[16796.130979027555, 976.8775202624663]
[16796.790689888036, 975.9714135764607]
[16800.111051964734, 971.7410822801696]
[16812.718946964826, 957.8147945059477]
[16817.72049537253, 949.3754474641214]
[16818.50398786253, 948.7769542211961]
[16824.638402988163, 942.379634551073]
[16824.967668818856, 940.2825888728705]
[16833.85385020649, 928.303179078059]
[16840.775750647117, 919.5355927663802]
[16842.721990000966, 917.0646130986017]
[16846.305592835502, 912.4631674019893]
[16857.684048412717, 898.2071816838961]
[16861.8000350007, 892.8725889524426]
[16863.26718667229, 891.1593625787639]
[16863.462521754594, 890.8392845602764]
[16864.91437248415, 889.0564976319133]
[16865.45984882651, 888.373849548243]
[16870.073484691697, 882.7883285881242]
[16872.660762636428, 879.5234281925184]
[16874.647551126076, 876.9262583567835]
[16876.893657072367, 876.8422404881646]
[16882.081966021724, 868.4900081482524]
[16882.355463467673, 867.3460694777746]
[16883.036161264237, 866.5568420106979]
[16884.037118837383, 865.3385764179791]
[16884.250114315386, 865.2009005530184]
[16887.071846260296, 861.8998434761155]
[16889.630854407114, 860.0357022110146]
[16895.570759876406, 851.2076546440054]
[16895.845700141734, 850.9806776662409]
[16896.702662007883, 849.8176984762359]
[16897.200907885985, 849.2134960108193]
[16898.0391482997, 848.2509827827217]
[16898.35878931546, 847.8260183648707]
[16902.26545669011, 843.2572567939922]
[16905.84722594093, 838.7474051194564]
[16907.52945408831, 837.8814783636475]
[16909.719946542456, 834.549477421031]
[16922.882959425748, 819.4393508516173]
[16927.45341548256, 812.7181743537736]
[16928.536793297502, 811.3468279944365]
[16932.85804282663, 806.2560806986543]
[16933.30610477781, 805.7329978335414]
[16940.99332014515, 796.7807334631207]
[16956.994329690402, 777.7834991951497]
[16964.59355169026, 768.7542822569942]
[16964.957418038008, 768.3533209512549]
[16967.18981650905, 767.5291589794654]
[16969.22986465924, 763.6992794398893]
[16969.703418261728, 762.8417585540795]
[16974.9267410948, 759.3310722649537]
[16975.38989841778, 756.548365677115]
[16980.32326784698, 750.5641715371985]
[16992.797992547567, 746.6617929941733]
[16995.1462091034, 733.51624616348]
[16998.012402972076, 730.1106267882773]
[16999.663705326788, 728.2290140808734]
[17000.219473626985, 727.9349676522808]
[17000.339855833183, 727.4843699110754]
[17002.879639223, 724.8273066240895]
[17004.348836442274, 722.9509877169015]
[17006.99451770402, 719.9122521454176]
[17014.036895591857, 711.9390071590187]
[17021.22327298196, 709.3367653884693]
[17025.536798777906, 701.8058739102516]
[17032.48483728715, 691.1016985487056]
[17033.622114516154, 689.8099048044445]
[17034.26319078649, 689.0966171225946]
[17043.929425105453, 680.551079891918]
[17046.264303798693, 675.6969165550149]
[17047.600301973216, 674.1046484737983]
[17051.969408409102, 669.2812007881668]
[17057.57947547992, 664.1750396856073]
[17063.82546257265, 656.4206534737752]
[17064.76210854645, 655.2647599541546]
[17066.434707613327, 653.3927255171137]
[17067.022535247474, 652.7159249576304]
[17067.757574928757, 651.9440485656577]
[17068.08295960961, 651.5791598843559]
[17068.425952403588, 651.2152006961318]
[17069.757866776956, 649.7680998747941]
[17071.594206199657, 647.9856903228973]
[17072.790634915305, 646.3447665001277]
[17079.555526708882, 639.0946459942417]
[17080.54827423641, 637.9645332051577]
[17087.55311154118, 630.4607712279211]
[17094.61233507075, 624.2038152071126]
[17098.149201976932, 619.0191449534228]
[17101.03437252203, 616.2117054423098]
[17102.02336503666, 614.7150179516143]
[17102.209846310776, 614.5352584705844]
[17107.915291890065, 608.3978169922533]
[17110.514091963607, 605.5965562696182]
[17112.13686686809, 604.2655241254174]
[17115.514307631995, 600.3504876816529]
[17115.622888495396, 600.3388863459129]
[17123.6829386353, 592.1361745506551]
[17126.20348243076, 589.1159154500673]
[17134.27799641226, 580.4188818670765]
[17135.275146117005, 579.3772225454092]
[17135.74430207051, 578.9487332249507]
[17141.531563543238, 572.9873983940021]
[17162.52994566419, 555.4003983063558]
[17163.83395003611, 549.7698426534068]
[17168.658462568193, 544.7779420217485]
[17169.822522091305, 543.5818661715413]
[17171.83104856596, 541.6317977120553]
[17172.22037258066, 541.1460464324284]
[17172.273303666807, 541.1382169403721]
[17172.595331481236, 541.1333602717528]
[17174.053051536524, 540.8216735500033]
[17175.63611936605, 537.6178332638303]
[17180.612271569702, 532.577653877921]
[17182.820446071964, 530.4037211697542]
[17183.511721264797, 529.7571530891922]
[17185.296940678905, 528.4132297229557]
[17186.887338658085, 526.4098528890838]
[17200.950193347482, 512.1119237411134]
[17202.605916645603, 510.4471781835373]
[17202.983835119383, 510.4359954036498]
[17204.46637844631, 508.8173671521495]
[17204.60503657673, 508.4676131526263]
[17208.607088878267, 504.51796724388146]
[17209.820319474133, 503.41275563375814]
[17214.228262922552, 499.11890324983847]
[17218.094427725307, 495.17489980159155]
[17227.650243534983, 485.67893195687316]
[17228.273921461732, 485.29928576593466]
[17235.242476779524, 478.39913446607477]
[17239.867273363656, 474.0067890479339]
[17241.859283237027, 472.0166431618271]
[17245.07028027335, 468.951926829277]
[17247.650862316164, 466.4378070651346]
[17248.598514017598, 465.70509113239416]
[17253.42030355223, 460.9183582936257]
[17256.71136547185, 457.8436148036916]
[17257.103609148624, 457.25253715236965]
[17265.006185752012, 450.23101171375856]
[17270.11100903733, 445.1670105548767]
[17270.172002216495, 445.1277761113714]
[17271.177196460812, 444.19247725139576]
[17271.585011278567, 443.85276306747437]
[17273.59163771569, 441.917325268226]
[17275.79353231199, 439.9060070829976]
[17278.828065998852, 437.0732506494761]
[17281.558682614177, 435.05761106488944]
[17283.26767073028, 432.9625020876987]
[17288.28498257202, 428.3525947641821]
[17288.77291683905, 427.87776835111276]
[17291.115852885036, 425.9221312663086]
[17292.514940861784, 424.4290804452776]
[17294.86445029924, 422.26119503157076]
[17294.933537822384, 422.2606613906589]
[17297.110110759837, 420.2413771813069]
[17298.41356372222, 419.07960636384723]
[17303.69723293268, 414.23003690432085]
[17304.01119791573, 414.0245005905483]
[17306.348116923975, 411.90445749462435]
[17307.85233465151, 410.529002074161]
[17308.243356451, 410.1903862115063]
[17312.468539213936, 406.367973413644]
[17317.448044339166, 402.1812148024843]
[17333.284984308186, 387.8841313212163]
[17333.599179022345, 387.7074916064822]
[17336.938102244654, 386.1760227271253]
[17337.661268782394, 384.25631045554815]
[17340.149497401057, 381.8280376801488]
[17342.174514226375, 380.0730916771322]
[17342.61884936143, 379.718549070918]
[17350.261323768344, 373.02120723245537]
[17356.12957529523, 367.95524646588717]
[17357.203559871246, 366.9848661081618]
[17358.760228646646, 365.675748822208]
[17367.113935624395, 359.1330285705292]
[17367.26556693832, 358.38686464157763]
[17367.54531047595, 358.2371133332723]
[17374.783929335288, 352.3253999340769]
[17386.269758568298, 343.1794329133613]
[17388.338978370764, 340.72895590138387]
[17388.536769809944, 340.5312973983433]
[17393.08620409717, 338.8762194968624]
[17395.227124190722, 334.95899329067333]
[17401.731058993857, 329.6203485065039]
[17407.249588043043, 324.95743979911254]
[17411.42568830007, 321.5838005255807]
[17412.228483388568, 320.8968410451771]
[17412.878140254008, 320.43143897375944]
[17415.47237628774, 318.26274638100415]
[17418.08149637558, 316.09871499909025]
[17421.37046903249, 313.4173103014724]
[17424.75155725427, 311.18329132373026]
[17426.21530913014, 309.5585594897733]
[17428.853698156938, 307.4131650232016]
[17431.425833197096, 305.2773979655799]
[17434.113484492234, 303.3129589532065]
[17437.82797375404, 300.21855519225016]
[17441.21918552884, 299.5449609176352]
[17443.804655873544, 295.4026517843529]
[17455.870357904325, 286.0053776682324]
[17474.812941190547, 275.4658002146019]
[17475.247275047677, 271.0498684972831]
[17476.46009702601, 269.71605316155615]
[17476.579250494684, 269.65387101563647]
[17477.532115788985, 268.9059111147769]
[17479.977144986344, 267.4247928012221]
[17480.630123541985, 266.542247409929]
[17487.120575896042, 261.58856050924305]
[17491.11086381905, 259.4140803982624]
[17496.57830982461, 254.6562796021117]
[17500.434855769876, 251.55590481634178]
[17504.097882460064, 248.65804686351666]
[17508.758555010798, 245.77426075718526]
[17511.7879698145, 242.88094173180858]
[17513.00289012066, 241.98422134221508]
[17513.397954655036, 241.6689069160782]
[17517.471048677788, 238.67500427604963]
[17521.321536160776, 235.85512527168734]
[17529.427901388855, 230.40905574385934]
[17530.18881705985, 229.5326806689878]
[17532.150872065988, 227.87374036142128]
[17534.989580662233, 226.32268841075725]
[17536.522676395343, 224.93281184503329]
[17539.18387869854, 223.47311832174282]
[17540.625454841556, 222.5309191709666]
[17543.539772260905, 220.25391835973815]
[17544.455621695044, 219.00701865617245]
[17545.77168546636, 218.05941669423643]
[17545.90567715167, 218.02146839223659]
[17546.11691146644, 217.83992697418236]
[17546.743610970745, 217.77888080439797]
[17547.1943337892, 217.1938064064266]
[17548.539744549093, 216.1136379555676]
[17549.135660317264, 215.66906155689443]
[17549.96327793887, 215.11228670367367]
[17551.748862591245, 213.87097160522856]
[17553.999614049906, 212.55272293335028]
[17554.842741257315, 211.74452355071864]
[17557.11602049749, 211.22294022779553]
[17558.419746606338, 209.10937535476344]
[17560.197908103928, 207.84698288234935]
[17562.059853527146, 206.58522245971815]
[17562.57352742308, 206.43462592284615]
[17566.077419421465, 203.70896838085915]
[17566.210818546147, 203.6107210203651]
[17568.23127212084, 202.1558746807655]
[17571.004623559813, 200.58400063784282]
[17571.857465774512, 200.07659181359676]
[17574.731937493052, 197.63578310821273]
[17577.59949946962, 195.64931326677694]
[17578.303803324263, 195.3051869518794]
[17581.240447500488, 193.14282978547365]
[17583.467859856584, 191.58987792880797]
[17586.31130010896, 189.63581951468936]
[17592.87577559382, 185.2735691853142]
[17596.251658475878, 183.89239805610552]
[17598.27434866505, 181.42261547059772]
[17603.15338226654, 178.13140709187022]
[17607.375763438034, 175.46483734429827]
[17611.30066812195, 172.68562144707826]
[17615.22019557257, 170.00322691853185]
[17616.592897319577, 169.11465935326166]
[17617.650798111852, 168.70243415456767]
[17618.195623159878, 168.20075456050856]
[17619.011644609855, 167.51455717642077]
[17620.430686459633, 166.58867611686142]
[17625.848676584654, 164.5656358944881]
[17626.439450775044, 162.59820018319047]
[17627.569897956575, 162.4449966850743]
[17632.359061570347, 158.7502787059298]
[17633.12871874309, 158.2737476624807]
[17645.742454443705, 154.54638726289383]
[17646.135930398865, 149.88397976375862]
[17649.805747099763, 147.45408302420523]
[17650.885104002, 146.78260998653397]
[17653.98158726413, 144.78753098168173]
[17657.897791264142, 142.37609073405181]
[17664.756533233143, 138.08628500041826]
[17667.053145923866, 136.6254024392508]
[17669.57130250773, 135.06278775363037]
[17671.338469767466, 133.9516230119485]
[17673.192300509847, 132.8425586725995]
[17673.790838283447, 132.45257739479652]
[17674.55741643387, 131.99866770060126]
[17678.012191754227, 130.3576471466092]
[17682.564612702994, 127.1614868274398]
[17683.824219390066, 126.26368878751876]
[17684.512496564712, 125.86073756495975]
[17684.94122413383, 125.67268125879477]
[17685.510198383985, 125.25983218303625]
[17685.648300668418, 125.19319127867308]
[17686.31094104282, 124.81569023983926]
[17686.831008484358, 124.76540291573062]
[17687.342400014448, 124.1991073279315]
[17688.96772759818, 123.17198019728048]
[17689.969425346764, 123.01709564989633]
[17691.109548287168, 121.933378834553]
[17695.4407931425, 119.27298701671114]
[17703.822387307187, 115.03732254131805]
[17707.90539838143, 111.83693787458972]
[17709.510148877474, 110.9041653368599]
[17710.217781593445, 110.51486068638908]
[17715.85547454112, 107.31314411775165]
[17716.396061619635, 106.87988101273982]
[17722.850495396775, 104.17870372149105]
[17723.199603017438, 102.95220418578774]
[17723.689511359207, 102.6638020364826]
[17724.946115144405, 101.96407088969059]
[17726.33936064441, 101.11799447368827]
[17726.756215672314, 100.93700892358089]
[17727.447461833457, 100.46742585253168]
[17728.14668939951, 100.0870298328548]
[17733.65253746975, 97.39550124483642]
[17736.20731496824, 95.51860394466141]
[17738.46345602457, 94.86320722502907]
[17740.60548537924, 93.34015676460277]
[17742.35331654045, 92.31962080765638]
[17743.12748005022, 91.60253552775458]
[17743.761583311425, 91.21385690710079]
[17745.79389742115, 90.04218522912547]
[17747.623395442333, 89.03440878300702]
[17749.35043736941, 88.74423330737446]
[17750.10415983434, 87.71726087197098]
[17753.61348596387, 85.78597025316594]
[17754.51698187013, 85.17184703943784]
[17755.992490393757, 84.43255242326842]
[17756.323861518813, 84.21344585523875]
[17761.51940724545, 81.27986819337843]
[17763.743866428147, 80.06028623040456]
[17768.71548239654, 78.35386934608323]
[17770.90107870585, 77.80465083738608]
[17778.22840490808, 72.1570726612915]
[17783.053649341175, 69.59929817749392]
[17783.99853050936, 69.46825999815061]
[17785.027697368267, 68.51317943531237]
[17786.148928265466, 68.13019717792855]
[17788.173907090262, 66.8176192616186]
[17788.815819460397, 66.47291730656224]
[17789.98465888708, 65.89722758965058]
[17792.279572217754, 64.64651922306507]
[17794.141403825346, 64.33558497457582]
[17794.932344962195, 63.219243533873566]
[17796.969949545368, 62.22331742519549]
[17797.468650108, 61.92616435091301]
[17798.85566528436, 61.1947259881818]
[17802.643994202215, 59.14698976386376]
[17804.908993537578, 58.642936562594514]
[17807.26923732266, 58.26950142023742]
[17813.0155426285, 55.98820749469414]
[17814.988911571614, 53.330273492639066]
[17817.426831359215, 51.906402485795155]
[17817.551222950744, 51.42878423888723]
[17820.568393145477, 49.84104808578846]
[17822.086978129308, 49.061166382668915]
[17827.560480431173, 47.36993151445108]
[17828.13254832288, 47.26454654653756]
[17830.10490250029, 44.98079838670165]
[17834.41521059772, 43.08781636290212]
[17837.2129033839, 41.45033749981607]
[17839.494554178586, 40.657223047754314]
[17839.54245015948, 40.40952583557984]
[17839.99874398425, 39.983484129863854]
[17843.78684869476, 38.17051180224138]
[17847.28813626792, 36.373261453539726]
[17849.935908387844, 35.050181382557355]
[17853.76432969637, 33.77450246620111]
[17855.184233895623, 32.83751210354836]
[17859.162641850497, 30.591169840082358]
[17859.42725078006, 30.374076244939687]
[17861.4760527618, 29.786406758222]
[17862.829250117684, 28.771909083214638]
[17864.597254873563, 27.966653443492078]
[17865.452724840055, 27.887970201278762]
[17867.747411073262, 26.374123415467068]
[17872.355467917732, 24.77813013379199]
[17877.3299518111, 21.74083222927115]
[17877.87526930838, 21.485599944502724]
[17877.89189639777, 21.470058917171542]
[17879.118940436707, 21.271515584497365]
[17879.836524298273, 20.583230565022916]
[17881.66669993219, 20.4752261617445]
[17883.790723213406, 19.0457440994561]
[17888.824372606035, 16.38290955064309]
[17889.87449846105, 16.134822100855132]
[17890.581544057994, 15.573130970880186]
[17893.412938116315, 14.266043678778374]
[17895.520156608363, 13.502952724358408]
[17896.758845070603, 12.619479470266725]
[17898.636972411474, 11.780652131985107]
[17901.712654163577, 10.335269088699135]
[17902.668674331653, 9.930658101758013]
[17903.182774572353, 9.850158495372511]
[17906.323307154544, 8.299982132767553]
[17906.67792931949, 8.067383527170023]
[17908.16119024646, 7.672401762507093]
[17913.03990669691, 5.1916287321112975]
[17914.446005068796, 4.632886328453651]
[17915.23229131556, 4.187745970635433]
[17917.42553613413, 3.570686909096281]
[17920.19055186237, 1.9707101886050111]
[17923.40857536677, 0.5642946173508108]
[17930.599542079613, -2.571696307886299]
[17933.897199614086, -4.004977167852445]
[17935.282545851922, -4.430977860095311]
[17936.65032272432, -5.231667652354531]
[17937.42366430653, -5.511436040902964]
[17940.31031583063, -6.620074302225277]
[17941.33636150656, -7.188273250690628]
[17944.522377175, -8.499009282620733]
[17948.805702853835, -10.332611235341801]
[17950.557382700998, -11.18130084290496]
[17952.618063945618, -11.884972701199217]
[17953.592945359553, -12.51743133668299]
[17954.533765008062, -12.66136401943811]
[17955.8911230824, -13.02348697166346]
[17959.269738419385, -14.619706718898101]
[17962.343202881315, -16.103498438577475]
[17965.629276579057, -17.533752403839358]
[17968.977196722746, -18.831808993105327]
[17970.287682604125, -19.424610641004847]
[17971.54465340247, -19.968263291772303]
[17975.696977350326, -21.557169479860207]
[17975.761873991134, -21.613480605220374]
[17978.743959584535, -22.691461689305456]
[17979.071829991335, -22.937420022961888]
[17985.171507613206, -23.909614359703994]
[17985.703626969917, -25.62874979065282]
[17985.96578136358, -25.647079445881673]
[17986.83771013176, -26.04333218992373]
[17987.04079011706, -26.0744784283321]
[17989.641863917983, -27.035740622465454]
[17990.226415463043, -27.437158145196392]
[17990.76983372095, -27.601381042181103]
[17991.069762497318, -27.78284051450548]
[17992.256020220986, -28.210788425987374]
[17995.40436859916, -29.329925055993826]
[17997.496097878415, -29.6423444621352]
[17998.980164939923, -30.677603010048557]
[18000.202309775967, -31.228509855838226]
[18001.47609497771, -31.423402076900757]
[18003.130453757985, -32.47524316246309]
[18005.68283280589, -33.416802456968185]
[18007.341895506434, -33.88849323863744]
[18008.75069611966, -34.37304092395995]
[18008.7571183849, -34.64242116814265]
[18013.799352486014, -36.34825725132707]
[18015.593818718935, -37.19906395855881]
[18020.567971082168, -39.064847240676585]
[18022.695118227482, -39.837706754818385]
[18024.39855178637, -40.37406339013164]
[18026.0744245821, -41.03771857360795]
[18027.957913251375, -41.64401236073988]
[18028.656617213375, -42.01746628938453]
[18029.41407898557, -42.19525866780313]
[18030.115649605897, -42.43203163257145]
[18030.451356324273, -42.55431122080286]
[18031.533210023976, -42.90498760753654]
[18033.326835033746, -43.53210967752342]
[18034.025131073235, -43.8086221850437]
[18036.144810292237, -44.595083176328174]
[18038.73161576163, -45.40001621445862]
[18041.50239930583, -46.52379774022229]
[18041.934708366098, -46.653679312674655]
[18043.213350342718, -46.762625360443764]
[18046.389859339244, -48.394541851395886]
[18047.1157217072, -48.617609643540206]
[18048.189848109792, -48.83834174932683]
[18050.72762367483, -49.751938200501414]
[18051.944575198904, -49.95403990948728]
[18052.042309042135, -50.0120639967477]
[18057.929426701266, -52.06771291021924]
[18057.981063948006, -52.2042282455222]
[18060.804388271874, -53.284544198507504]
[18061.81464927698, -53.65316092731706]
[18061.88803087003, -53.653511726993656]
[18065.25318162036, -54.77741538191522]
[18065.522725956685, -54.913003373966774]
[18066.364283555635, -55.21527363782418]
[18067.952615526385, -55.719018929573565]
[18069.899135803968, -56.30191566018193]
[18069.994239569005, -56.352577941183185]
[18070.483658593086, -56.375965885209865]
[18071.686201486267, -56.87811250118095]
[18071.99343648612, -57.00064501681854]
[18072.222631947163, -57.06727834706696]
[18074.089434827165, -57.67686258623304]
[18074.189013738738, -57.70971851766012]
[18075.32342629193, -58.076353228946104]
[18076.018525179017, -58.314635732093095]
[18077.029763612285, -58.64792031060185]
[18081.872667519037, -60.25091645977906]
[18086.0573517433, -61.667995326636486]
[18089.649066441143, -62.73749152885715]
[18090.702769666543, -62.95238648299065]
[18091.912795130484, -63.36158096312991]
[18103.66920877887, -67.13414869932946]
[18104.188878224053, -67.38419228217526]
[18106.24719975963, -67.97762921937901]
[18109.087574197383, -68.81204421259301]
[18109.292929883384, -68.91112331669954]
[18109.860389964797, -69.0481290411491]
[18111.986012363985, -69.69524445804205]
[18114.352612594383, -70.27105308194206]
[18115.762413639284, -70.91843854811593]
[18116.24599916022, -70.95909108060793]
[18121.51744722098, -72.54924638812322]
[18122.601093900714, -72.75616311734619]
[18123.581742768776, -73.24384128659973]
[18124.963488635218, -73.4144570419981]
[18126.39450774408, -73.81159941074883]
[18133.173647190393, -75.59419037378875]
[18134.63641323869, -76.38451659568916]
[18136.214995244212, -76.9360264995445]
[18137.615518430764, -77.23775583235506]
[18139.228289461957, -77.74296741369363]
[18140.559420622612, -78.14381413054438]
[18142.114115565004, -78.54376204874694]
[18142.959770959915, -78.80293942796162]
[18143.984119786255, -79.07077462067925]
[18144.7637876142, -79.22692030408997]
[18145.724634924813, -79.52452428151447]
[18146.694393709495, -79.85371606524664]
[18147.36067948137, -79.99889108647437]
[18148.050314771866, -80.17346945167229]
[18148.660828493266, -80.38158862515512]
[18149.316486718897, -80.4289399295335]
[18149.54261239817, -80.6051051909153]
[18149.825470685264, -80.70436375043062]
[18150.12454739357, -80.7662264923105]
[18150.231167704293, -80.77857724277057]
[18151.249072739374, -81.05987641851519]
[18151.833953369718, -81.1664288231923]
[18153.43066739342, -81.6603391481042]
[18155.0169604394, -82.09546639378323]
[18155.20378908992, -82.12455174121044]
[18155.98137533902, -82.32146308127503]
[18156.08120476218, -82.41807722379028]
[18162.320350479178, -84.05419801046088]
[18162.933466749924, -84.23574562136363]
[18163.806895920236, -84.46953108903637]
[18165.568188864898, -84.95395997146716]
[18167.733017126935, -85.51214172733816]
[18169.583861750285, -85.85576217683035]
[18170.013493038998, -86.11096339223292]
[18174.031331235972, -87.16436537229029]
[18177.990332932994, -88.16614137517992]
[18181.728993118886, -89.09498063719938]
[18181.81030535007, -89.19672591832119]
[18182.82880445536, -89.43841519232231]
[18183.24384578878, -89.44594147223503]
[18185.185678545986, -90.03903693045964]
[18185.553163682267, -90.15130333928477]
[18187.106007087496, -90.50773523514047]
[18187.883387178466, -90.7032179034606]
[18188.563639196305, -90.87394482099822]
[18190.86253253431, -91.54306165944664]
[18191.771096191173, -91.67477596094486]
[18194.122679309905, -92.27117773160785]
[18196.86982181268, -92.94949202055878]
[18197.159218883327, -93.0029545635187]
[18197.31681387542, -93.04591178584748]
[18197.87904443772, -93.11169173025495]
[18198.46518791212, -93.32271946697668]
[18198.520545557054, -93.33594761814587]
[18198.617494987986, -93.3432571312064]
[18198.756931412736, -93.39393209234488]
[18200.600522601275, -93.81305435599427]
[18200.780105273094, -93.85473557557958]
[18200.965229925958, -93.93029574456331]
[18206.438931413206, -95.24700846503819]
[18210.21745326031, -96.1439222467864]
[18212.34040620339, -96.66036764792857]
[18216.688963910678, -97.40665451762901]
[18218.750667411357, -98.16253273996249]
[18219.855931413924, -98.3797290158611]
[18219.939349105243, -98.41888458292564]
[18220.71133774802, -98.59589868049247]
[18221.05505088062, -98.66918020717284]
[18222.06456825948, -98.92802900350603]
[18222.503130153156, -99.0282386039851]
[18224.014451662555, -99.18546828605174]
[18224.09466916911, -99.37373245317036]
[18224.167718023706, -99.3903463928332]
[18224.45991741037, -99.45676854397948]
[18226.95699942818, -100.00841811522197]
[18228.211198693112, -100.30884530840157]
[18228.565869498812, -100.3706390661797]
[18229.147806406178, -100.50137438382548]
[18229.342561658723, -100.54504676961221]
[18230.60853746248, -100.82833679893749]
[18231.120902500377, -100.93993515942537]
[18231.338960485293, -100.99131582871381]
[18234.465856147108, -101.64050922401196]
[18235.26522551226, -101.86036168237275]
[18235.70353153309, -101.95690287790231]
[18236.488806988124, -102.12932359356216]
[18236.78102272308, -102.19347310320808]
[18237.18273508631, -102.2810931068206]
[18240.853607333378, -103.08070330542375]
[18243.83091776833, -103.72330266290035]
[18244.803282977857, -103.9323855236355]
[18248.027111121526, -104.61325414495849]
[18256.817831839136, -106.45906001636239]
[18257.694998129733, -106.64021038163435]
[18258.682584241444, -106.74117304380023]
[18258.77404971476, -106.83451890886309]
[18260.70738483367, -107.25719730209991]
[18260.995087621286, -107.32809428909913]
[18261.43391553592, -107.41759377408394]
[18265.38594081378, -108.20650116613147]
[18266.555785351164, -108.44171718514582]
[18267.140738137525, -108.5590089107021]
[18268.310704465086, -108.79295997644238]
[18270.162872523317, -109.15779817055324]
[18270.33653397407, -109.19513959539967]
[18271.50648203673, -109.42677333248099]
[18274.293440607653, -109.97422255202899]
[18279.490632736066, -110.98359863088518]
[18280.07573530838, -111.09622052699004]
[18282.841003211775, -111.62034134011766]
[18285.969414308496, -112.21730629953645]
[18289.138643882954, -112.81134553022106]
[18290.53657911611, -113.0701653823713]
[18291.26092674187, -113.18215243508706]
[18292.307732090216, -113.39919007239902]
[18294.23520713639, -113.7552120418206]
[18297.543189715183, -114.36816998991029]
[18297.800640626923, -114.40561891709714]
[18298.42151184367, -114.5272925964591]
[18298.93388477747, -114.61989668401462]
[18300.26864071643, -114.8505999863306]
[18300.361789917337, -114.8639827827559]
[18300.660639065223, -114.92100783963953]
[18301.013708312643, -114.98330591157115]
[18302.21782453197, -115.20003946410355]
[18302.21961628648, -115.20031542152395]
[18302.804946660464, -115.30477720274709]
[18303.39029437228, -115.40902999473528]
[18303.48785400739, -115.42638514234208]
[18303.975659386706, -115.51307380698455]
[18304.56104166888, -115.61690864854025]
[18305.34157817979, -115.75503005321278]
[18308.394298427796, -116.29102528609828]
[18308.97966598684, -116.39327632074216]
[18309.272356130903, -116.4443235229616]
[18309.565050512745, -116.49531851592032]
[18310.11893001588, -116.58997480779743]
[18310.735870340028, -116.69877640613649]
[18310.84272112538, -116.71710359908488]
[18311.61402951777, -116.85082165169216]
[18316.32497356168, -117.65788085052621]
[18317.132401564784, -117.79438240062586]
[18323.416992147755, -118.84680354645394]
[18326.55899769532, -119.36394584976208]
[18326.586751168365, -119.36782775518273]
[18328.12992618524, -119.62025089891578]
[18329.700804515443, -119.87504550566486]
[18331.65375570375, -120.19075663585348]
[18332.29233142353, -120.29313617522104]
[18333.60985643717, -120.50368980977845]
[18335.931578238, -120.87179955390461]
[18337.489825608973, -121.11730178692068]
[18337.951560557278, -121.1631679083028]
[18339.048294040098, -121.3613285130849]
[18340.222542154548, -121.54415317670637]
[18341.100988279548, -121.6803891934185]
[18341.89084028532, -121.79464584814562]
[18345.110273942984, -122.28863214525744]
[18346.926613186562, -122.55648673689667]
[18347.74470857702, -122.68810154100919]
[18352.568278651474, -123.41525629183052]
[18367.84097830397, -125.60109848841765]
[18369.702917131915, -125.8578209303378]
[18370.58160243361, -125.97821085082253]
[18371.753237588502, -126.13799475340835]
[18375.09317300022, -126.5890530167925]
[18375.727775300158, -126.67394715624108]
[18375.87422460514, -126.69350301233061]
[18376.167126164237, -126.73257523265079]
[18376.899397272693, -126.83002538034634]
[18377.045854446136, -126.84947590636536]
[18377.631692984785, -126.92714630753181]
[18377.923024248954, -126.94851828547948]
[18378.07108223077, -126.98526079961681]
[18378.21754728362, -127.00460594847928]
[18378.656948357257, -127.0625623390902]
[18382.87626056877, -127.6076909959672]
[18383.21679111257, -127.65726711038148]
[18383.68152144185, -127.71155790838756]
[18390.611014874787, -128.5942980156343]
[18391.196909624297, -128.66706921921138]
[18401.227591463547, -129.88037261017212]
[18404.6572014963, -130.28102981213772]
[18407.10448081321, -130.56238752765688]
[18407.544013895113, -130.61249224942028]
[18412.635340580226, -131.180304003446]
[18412.688030547597, -131.19048498638233]
[18412.981060617356, -131.22288172026293]
[18413.860176528236, -131.3197507824675]
[18415.911597414717, -131.54390413963225]
[18419.3896550359, -131.9144691749067]
[18420.7079780596, -132.05433666611682]
[18421.44208661254, -132.12648283284759]
[18432.265666888205, -133.23814147757608]
[18436.57390391017, -133.65640966005975]
[18442.156735158802, -134.18104239205297]
[18443.329462673155, -134.28857280317231]
[18443.62265653729, -134.3153191995795]
[18444.50226698451, -134.39523132021975]
[18448.47247139818, -134.75057554709227]
[18448.912285430426, -134.78923602796618]
[18450.085176981484, -134.89172891548122]
[18455.608248063418, -135.36059290991975]
[18456.487730030898, -135.4338032490892]
[18459.288711221718, -135.66646696815698]
[18466.04515024285, -136.20059056503948]
[18467.906244721573, -136.3425924327145]
[18469.07971499163, -136.43080090727216]
[18472.80203956095, -136.7052621851644]
[18473.975684361194, -136.7897584504503]
[18479.559475769307, -137.18033944378124]
[18482.934617556522, -137.40605901945017]
[18486.317558967545, -137.62567599760595]
[18486.708924155213, -137.65050233979392]
[18487.10029968751, -137.67522877023052]
[18495.965689801007, -138.20947094912523]
[18496.699765061298, -138.25129747833287]
[18502.2853103949, -138.55868636393228]
[18503.46010346272, -138.62054446847984]
[18504.634996883557, -138.6814917490994]
[18505.322128862965, -138.71697039004223]
[18506.497090440855, -138.77646954877824]
[18508.60572596328, -138.88145105858467]
[18509.046362726924, -138.90291069109986]
[18509.78078949835, -138.938390859607]
[18510.221464903643, -138.95950735641355]
[18510.95595623508, -138.994415366957]
[18516.10237888412, -139.22963217087013]
[18523.159804094375, -139.52306120963186]
[18524.335635146366, -139.56858933473583]
[18526.786576844264, -139.66070966469297]
[18532.96422846669, -139.8749897261014]
[18533.552414545502, -139.89399153023047]
[18534.140629159276, -139.91276023455663]
[18540.466883258152, -140.10030849049406]
[18541.595197676932, -140.13096590605753]
[18542.134358175677, -140.14515931373705]
[18542.42859484456, -140.1528634792479]
[18546.794500091786, -140.2606035767339]
[18556.9021397797, -140.4596663435807]
[18559.45420818138, -140.4988936897535]
[18560.043208305982, -140.50728381025448]
[18562.49748900747, -140.54204255423645]
[18569.272680342303, -140.63783407542536]
[18570.009383836346, -140.64818859761834]
[18570.451430516256, -140.6543978516618]
[18578.408646701562, -140.76617531182396]
[18578.506185979535, -140.7677054989911]
[18584.648003730705, -140.85345010388988]
[18588.924177310408, -140.91272688657082]
[18596.98644276018, -141.02378994957672]
[18597.5768862738, -141.03179312811818]
[18599.59306792412, -141.0593222527102]
[18600.035983648155, -141.0652968038145]
[18601.80785004294, -141.08913978563427]
[18606.23375215124, -141.14920962913726]
[18615.43788765944, -141.2715660465329]
[18629.671053771657, -141.4557517424361]
[18634.007593721453, -141.51041647849598]
[18646.28821759777, -141.6605391207836]
[18651.466883250538, -141.72236846119134]
[18653.738671107923, -141.7487140757085]
[18666.477796443432, -141.8933086441208]
[18676.019009419655, -141.99558384119933]
[18685.567772720744, -142.0928693267999]
[18689.077445467312, -142.12799224568508]
[18692.695587051014, -142.1622545305496]
[18705.819208899207, -142.28252166414998]
[18736.8890025419, -142.52148479129954]
[18750.911923905605, -142.60787252521683]
[18752.904464755455, -142.61880993742875]
[18759.324559765544, -142.6529876771348]
[18773.27188648784, -142.71706519439618]
[18783.35223980876, -142.75395910876483]
[18783.65250652035, -142.75488524932064]
[18789.338605886038, -142.772942584967]
[18790.54041346282, -142.7760978180929]
[18810.974027501685, -142.81929594667653]
[18820.63604871345, -142.82886024807405]
end_solutions
[1.581040376789182, -3.113896421260905, -1.2682202713585606]
[1.2382590011756527, -3.176862564027316, -1.2996624293286647]
[1.167199650614735, -3.1898877495172564, -1.3061159214594804]
[1.0934525555700847, -3.203460152142572, -1.3129399850767394]
[1.0071061723104986, -3.219264896429988, -1.3207295275654638]
[0.9180720445671795, -3.235616857852779, -1.3288896415406317]
[0.8182026431855329, -3.2532343224692024, -1.3363837361653617]
[0.7183332418038864, -3.2708517870856264, -1.3438778307900914]
[0.6228611333228421, -3.2866644681953097, -1.3486857500909837]
[0.5273890248417978, -3.302477149304993, -1.353493669391876]
[0.3806761589012987, -3.326110471012969, -1.3593562418322955]
[0.2368938024068785, -3.3498895655235144, -1.3665196971503604]
[0.09311144591245829, -3.37366866003406, -1.3736831524684252]
[-0.08518049358096308, -3.40337601230534, -1.3830759223200078]
[-0.2608704869932017, -3.4326083232601343, -1.392227240658126]
[-0.43916242648662307, -3.462315675531414, -1.4016200105097085]
[-0.7081913870580572, -3.5062491963786875, -1.4137483283348906]
[-0.9688343528045217, -3.5504876497122826, -1.4293154170375273]
[-1.2640194141973036, -3.602146479528408, -1.4505265606737052]
[-1.6752340162090782, -3.6723782323197525, -1.476168626295432]
[-2.086448618220853, -3.742609985111097, -1.501810691917159]
[-2.4972921823671705, -3.8128514651147603, -1.527607410302071]
[-2.5924348371295975, -3.834511298336288, -1.5459802399866365]
[-2.6875774918920246, -3.856171131557816, -1.5643530696712022]
[-2.784094674219854, -3.8773410186327273, -1.5811468173348269]
[-2.880611856547683, -3.8985109057076386, -1.5979405649984515]
[-2.9771290388755123, -3.9196807927825503, -1.6147343126620763]
[-3.07524081182308, -3.94055537222124, -1.6303226503672592]
[-3.1733525847706474, -3.9614299516599294, -1.645910988072442]
[-3.2972800168206495, -3.9871500775526334, -1.6641135102417195]
[-3.4082996193194344, -4.01044743021833, -1.6810089401789496]
end_values
[18820.63604871  -142.82886025]
[18532.96422847  -139.87498973]
[18473.97568436  -136.78975845]
[18412.68803055  -131.19048499]
[18341.10098828  -121.68038919]
[18267.14073814  -108.55900891]
[18185.55316368   -90.15130334]
[18104.18887822   -67.38419228]
[18028.65661721   -42.01746629]
[ 1.79535929e+04 -1.25174313e+01]
[17839.99874398    39.98348413]
[17727.44746183   100.46742585]
[17615.22019557   170.00322692]
[17476.46009703   269.71605316]
[17340.1494974    381.82803768]
[17202.60591665   510.44717818]
[16998.01240297   730.11062679]
[16796.79068989   975.97141358]
[16569.36456743  1296.56741908]
[16257.56491789  1800.9791309 ]
[15946.60229715  2376.23131748]
[15642.89782347  3030.6546996 ]
[15568.18257609  3218.79309416]
[15501.93093047  3419.32860233]
[15444.11984926  3631.96758208]
[15394.56817415  3857.18863226]
[15353.28600793  4095.03975719]
[15320.18469195  4346.80659151]
[15295.55569492  4611.60768378]
[15276.84419473  4961.60307197]
[15271.69660361  5294.15193688]
