values
[27993.360884661368, 5263029.247569282]
[28210.874998142524, 5262217.226550927]
[30318.17192395109, 5210113.394506701]
[31734.591251905676, 5173211.690248272]
[36806.93944812137, 5105000.659840814]
[38009.226264492085, 5090514.515072081]
[44472.88613042017, 5071303.66749228]
[44952.77766095775, 5012413.9510232685]
[52229.1854101656, 4977439.114067539]
[55427.198990439996, 4956549.608018882]
[58583.6121649191, 4913003.297306499]
values
[27849.41867966788, 5507478.292501292]
[27993.360884661368, 5263029.247569282]
[28210.874998142524, 5262217.226550927]
[30318.17192395109, 5210113.394506701]
[31734.591251905676, 5173211.690248272]
[36806.93944812137, 5105000.659840814]
[38009.226264492085, 5090514.515072081]
[41117.80514162012, 5057218.5022204025]
[41134.80692875108, 5055772.571447113]
[41713.92526802406, 5038045.16891891]
[44941.17071024064, 5036714.343097375]
[44952.77766095775, 5012413.9510232685]
[45430.047381833756, 5008290.902497749]
[47509.31136809528, 4993182.163356992]
[47901.86442480027, 4986436.193797404]
[48097.27538330749, 4967987.985135639]
[48588.85686776865, 4965854.147830936]
[49319.50468807638, 4949519.568153822]
[49687.90203585424, 4943639.301018645]
[50205.62333492546, 4939266.657284976]
[51813.59621130033, 4929080.22290897]
[52718.52321810798, 4902312.148368753]
[54420.951007504824, 4873153.167880813]
[55391.83234775524, 4856522.296005667]
[55585.96369711836, 4855142.137369522]
[56100.00486241211, 4849708.437730734]
[56369.276578559584, 4845856.253956416]
[57169.77906567037, 4838870.555544634]
[57344.732805678854, 4835378.173771401]
[57389.83552138536, 4834641.26939351]
[57451.897627667284, 4833497.401552909]
[57701.38234672447, 4831394.897482816]
[57948.42977306915, 4828326.293111294]
[58113.2831718059, 4826824.850132845]
[58462.31681001637, 4823861.532522971]
[58472.510898853194, 4823577.581768708]
[58474.07491542477, 4823020.787162332]
[58697.0014892799, 4821916.117041591]
[58784.4815497074, 4820982.456933665]
[58923.90667500886, 4819276.46641656]
[59000.19213393868, 4818292.500922875]
[59155.55676967339, 4817589.36358123]
[59169.37620589463, 4817519.405220238]
[59242.54298178678, 4817260.786700709]
[59552.355941211696, 4814753.932110465]
[59652.14041305341, 4811071.491731534]
[60279.49846801715, 4810448.6326991385]
[60549.02655389636, 4808300.954990108]
[60552.223841970976, 4807610.413978634]
[60573.64282075334, 4807355.489560671]
[60713.86428469239, 4806817.191523075]
values
[27849.41867966788, 5507478.292501292]
[27993.360884661368, 5263029.247569282]
[28210.874998142524, 5262217.226550927]
[30318.17192395109, 5210113.394506701]
[31734.591251905676, 5173211.690248272]
[36806.93944812137, 5105000.659840814]
[38009.226264492085, 5090514.515072081]
[41117.80514162012, 5057218.5022204025]
[41134.80692875108, 5055772.571447113]
[41713.92526802406, 5038045.16891891]
[44941.17071024064, 5036714.343097375]
[44952.77766095775, 5012413.9510232685]
[45430.047381833756, 5008290.902497749]
[46674.48670963928, 4998516.023887459]
[47191.74721642008, 4987524.360719722]
[47582.44835875384, 4979815.908180545]
[48097.27538330749, 4967987.985135639]
[48318.495593528496, 4965495.7890171725]
[48341.72989677943, 4965044.078645152]
[48870.5225570904, 4955278.2464002855]
[49319.50468807638, 4949519.568153822]
[49335.72186869911, 4946275.518713875]
[49443.93657166591, 4944502.274140817]
[49687.90203585424, 4943639.301018645]
[50205.62333492546, 4939266.657284976]
[51265.51898752526, 4916261.227974452]
[51673.484772591924, 4909800.738077141]
[51856.8113547061, 4906154.965789894]
[51882.38699737326, 4905689.745501027]
[52056.56285500684, 4902682.514084756]
[52084.66542470888, 4902229.792168251]
[52101.97900819148, 4901898.506283358]
[52287.42701252492, 4899053.811688694]
[52627.87495240973, 4894566.55536351]
[52691.96839048076, 4893620.964217626]
[52738.030228209456, 4892857.125703761]
[52776.197627498615, 4892206.510666986]
[52912.84629190919, 4892088.857219608]
[53155.236506572575, 4885930.643908744]
[53593.1105889974, 4879911.095559091]
[54054.41960200778, 4873310.390789338]
[54095.13638252694, 4872736.774224151]
[54126.73260834232, 4871975.792404846]
[54981.200569184795, 4860182.679337498]
[55391.83234775524, 4856522.296005667]
[55585.96369711836, 4855142.137369522]
[55672.150682239386, 4852861.0539875375]
[56100.00486241211, 4849708.437730734]
[56189.668381311654, 4846924.38720494]
[56296.258984835935, 4845347.8626207225]
[56382.141347000856, 4843861.234642795]
[56470.30604603159, 4842424.389184489]
[56489.82127677356, 4842143.130845286]
[56544.66566657272, 4841459.361261364]
[56607.13505131266, 4840565.68919155]
[56691.25870370331, 4839541.385626189]
[56750.93427585573, 4839166.420164464]
[56914.79111847096, 4837070.95673036]
[57112.289247638546, 4834638.250634812]
[57165.29414919975, 4833882.413598032]
[57184.63396043205, 4833601.175386127]
[57268.32269275497, 4832329.234866749]
[57276.26292180695, 4832258.195842765]
[57398.59053768303, 4830700.347438862]
[57494.4246592072, 4829732.522244548]
[57664.4481081661, 4827571.607083804]
[57737.697331025156, 4826325.608614126]
[57898.42942866581, 4826100.446832135]
[57996.577651958345, 4823918.679208634]
[58037.370346127485, 4823037.277168116]
[58138.21896412946, 4822701.467506763]
[58282.09481790154, 4820435.507252906]
[58923.90667500886, 4819276.46641656]
[58927.21520961552, 4814556.559683871]
[59164.05575189231, 4812047.089352859]
[59210.54751399873, 4811736.762963875]
[59230.990206233066, 4811614.631302264]
[59449.3543598886, 4810443.230018142]
[59539.739856153894, 4809536.543719599]
[59545.18348226507, 4809486.460085986]
[59556.15559585264, 4809387.150259564]
[59685.40155679855, 4808400.896368944]
[59688.57461736338, 4808379.246278881]
[59728.023448987085, 4808100.1039859]
[59728.02344898709, 4808100.103985899]
[59745.135159138896, 4807977.278032915]
[59751.691449433274, 4807910.987006795]
[59756.15287328657, 4807896.825197301]
[59759.2839261818, 4807849.099465588]
[59777.15601366671, 4807730.906887855]
[59801.89119315508, 4807631.5864431355]
[59803.16528850176, 4807540.484815362]
[59821.45509667678, 4807411.448986571]
[59829.38856095344, 4807357.221911989]
[59856.31326631319, 4807181.119536433]
[59883.2986381728, 4807003.627310521]
[59894.59298938185, 4806979.613831328]
[59899.94581740748, 4806922.819887631]
[59927.18714220185, 4806791.199932035]
[59929.619569380455, 4806717.538056996]
[59947.91475305377, 4806628.522204512]
[59950.05791737442, 4806613.842775118]
[59956.3155904968, 4806570.234349408]
[59960.351286674144, 4806541.520287488]
[59960.43107856009, 4806541.005332492]
[59962.057604173926, 4806529.20480625]
[59964.5839474031, 4806510.966737648]
[59968.13403778237, 4806484.9519056]
[59970.15587029518, 4806470.1905573355]
[59976.2893346006, 4806368.442592379]
[59981.69808379676, 4806327.945593579]
[59987.09797124225, 4806288.0934228655]
[59988.908125919945, 4806274.9526609285]
[59992.560034324866, 4806248.886079021]
[59997.21280215908, 4806216.7058666]
[59998.15856049078, 4806210.323559262]
[60000.06806217173, 4806197.61267955]
[60003.96861177834, 4806172.405859296]
[60005.96506080303, 4806159.909918311]
[60006.975985652956, 4806153.688814998]
[60007.99580787598, 4806147.485623095]
[60009.0248447854, 4806141.300342569]
[60012.17034211172, 4806122.851968898]
[60016.51166784584, 4806098.504894399]
[60021.03766277832, 4806074.444397032]
[60025.76430751451, 4806050.670473984]
[60028.20727442159, 4806038.890976889]
[60031.75401778787, 4806033.82671299]
[60033.25997597299, 4806015.546909543]
[60034.55882172758, 4806009.755668826]
[60035.872210533526, 4806003.982338451]
[60037.20026039774, 4805998.226918356]
[60038.54307790987, 4805992.489408489]
[60046.914591531735, 4805958.44046081]
[60049.82614561114, 4805947.234090724]
[60055.83128848348, 4805925.036266265]
[60057.370313760825, 4805919.531583882]
[60059.32721679726, 4805911.8699479485]
[60063.67536327692, 4805897.691947288]
[60065.288366253946, 4805892.276811034]
[60067.122752909185, 4805886.456027066]
[60068.557585125636, 4805881.500265523]
[60070.21349940279, 4805876.138856124]
[60073.69554989499, 4805865.787628093]
[60075.26438477283, 4805860.162080497]
[60078.69894508296, 4805849.600439835]
[60085.72135129248, 4805828.692059303]
[60090.006082254185, 4805821.888755498]
[60100.31682506927, 4805787.734884582]
[60104.06533763001, 4805777.674667815]
[60104.6350640555, 4805734.487547769]
[60132.74167372561, 4805688.731134414]
[60164.25041096502, 4805589.67253945]
[60172.33362382593, 4805549.647986165]
[60190.55847123114, 4805521.274083306]
[60193.672611839174, 4805514.84903641]
[60194.134340655684, 4805495.405636828]
[60219.32988006747, 4805455.783046925]
[60220.590701762194, 4805452.123278271]
[60221.35321263718, 4805451.239075405]
[60221.6307052317, 4805450.457511328]
[60222.06920971566, 4805449.031581834]
[60223.72753593144, 4805445.105322885]
[60226.930432245885, 4805438.220136223]
[60227.4588758491, 4805436.682701557]
[60227.47491880903, 4805433.757317275]
[60229.31856200289, 4805429.281918249]
[60233.00717981307, 4805420.265321097]
[60238.86010528923, 4805403.297269928]
[60242.234108194985, 4805321.245550224]
[60271.052285963895, 4805272.311452839]
[60272.81614399961, 4805235.392781292]
[60280.10578703604, 4805209.383372084]
[60283.221263248975, 4805190.571407442]
[60285.052512055736, 4805185.749756087]
[60286.89993277624, 4805181.104293834]
[60287.12949103876, 4805177.209646052]
[60289.03931001818, 4805171.390959017]
[60290.0120540681, 4805168.226432441]
[60290.08477736621, 4805168.226268134]
[60290.14366289672, 4805167.680509532]
[60290.49015775937, 4805166.797730008]
[60291.70698482991, 4805163.123135286]
[60292.75661068459, 4805160.061819857]
[60294.38296345145, 4805155.631225327]
[60294.475781889894, 4805155.487564802]
[60294.62914613889, 4805154.811059268]
[60294.74739237999, 4805154.620788088]
[60295.63832394145, 4805152.215849068]
[60296.23119813745, 4805151.483917686]
[60296.27215638847, 4805151.097203381]
[60296.33454566287, 4805150.737000028]
[60296.348632923, 4805150.379284365]
[60296.80480598335, 4805150.068203593]
[60296.82179543521, 4805149.344292869]
[60297.23996586026, 4805148.093720194]
[60297.45293438491, 4805147.826346851]
[60297.58872581264, 4805147.239797041]
[60298.22307006092, 4805145.617537091]
[60298.59852963412, 4805144.767278067]
[60298.691521933666, 4805144.68851421]
[60299.36961994686, 4805142.87108241]
[60299.52881296814, 4805142.74085533]
[60299.60695018904, 4805142.386973008]
[60300.10166608654, 4805141.455575989]
[60300.596860975544, 4805140.134945636]
[60300.803139088166, 4805139.572903778]
[60301.15255351584, 4805139.183020844]
[60301.504037477556, 4805138.071896003]
[60301.73839539311, 4805137.733974875]
[60301.79910297428, 4805137.470998188]
[60302.054170742296, 4805136.771580726]
[60302.53011272499, 4805136.301256691]
[60302.942510823465, 4805135.284148113]
[60303.182702466795, 4805134.80792567]
[60303.42680706897, 4805133.99102044]
[60303.734257581746, 4805133.406851888]
[60304.01087464072, 4805132.832226429]
[60304.35573596058, 4805132.247212191]
[60305.10133297176, 4805131.88799102]
[60305.340108499404, 4805130.550889558]
[60305.905699925635, 4805129.157855934]
[60306.49911217248, 4805127.971467731]
[60307.371834840604, 4805127.04728093]
[60307.72526858096, 4805126.190064533]
[60308.11550599064, 4805125.512358218]
[60308.41147357952, 4805124.739498684]
[60308.50994408434, 4805124.479182665]
[60309.23440684358, 4805123.925379483]
[60309.51642282251, 4805123.191539003]
[60309.583883235835, 4805122.760156126]
[60309.89094735696, 4805122.328522859]
[60310.494171715734, 4805121.523129612]
[60311.16377796544, 4805121.223254679]
[60311.24085276657, 4805119.930877162]
[60311.336597779766, 4805119.888515878]
[60311.494597605844, 4805119.719842073]
[60311.53733900449, 4805119.355952443]
[60312.981201241346, 4805117.6565664755]
[60312.99992839549, 4805117.102272666]
[60313.59599749123, 4805116.926412479]
[60314.32203402092, 4805115.797634703]
[60314.39505497735, 4805115.338393266]
[60314.72864897006, 4805114.414391886]
[60315.580325645074, 4805113.912666724]
[60315.78774386396, 4805112.880339122]
[60317.027323698705, 4805111.827389741]
[60317.80812836021, 4805110.477367172]
[60317.958563561144, 4805109.867544956]
[60318.37730821826, 4805109.117126174]
[60318.45018832508, 4805109.0986035755]
[60318.77569538565, 4805108.878590588]
[60320.07372162662, 4805107.516869963]
[60320.60968402931, 4805106.944700011]
[60321.36778300874, 4805105.611137889]
[60322.379999330224, 4805103.997691248]
[60322.6598220939, 4805103.916938352]
[60323.23099894318, 4805103.341485925]
[60323.305299926775, 4805103.035302563]
[60324.18334375102, 4805102.283513377]
[60325.11407425706, 4805100.588175942]
[60326.17015904813, 4805099.984892658]
[60326.35738730202, 4805099.128940317]
[60326.95157435286, 4805099.0559030995]
[60326.95566793256, 4805098.545559175]
[60329.05167868648, 4805096.60553128]
[60329.12476818156, 4805096.298274995]
[60329.86477563299, 4805095.322722274]
[60330.38516783347, 4805095.314677715]
[60331.10715432326, 4805094.639686326]
[60332.273535354354, 4805094.403923481]
[60332.39043392964, 4805094.068396891]
[60333.25801166652, 4805093.565978639]
[60334.10106644522, 4805091.636580458]
[60334.147988669625, 4805091.418894751]
[60335.084034413005, 4805089.979483765]
[60336.09528038086, 4805089.185266136]
[60337.39386606103, 4805087.820271431]
[60338.71079341704, 4805087.576232902]
[60339.75431523624, 4805085.712318234]
[60341.15157335108, 4805084.993529375]
[60341.89355344711, 4805084.333339081]
[60342.50515757227, 4805083.931292153]
[60342.89055628362, 4805083.85966009]
[60343.55813859967, 4805082.569742962]
[60344.624472060714, 4805081.650185877]
[60346.76153123602, 4805081.043546111]
[60348.113976817986, 4805080.085204903]
[60349.14830343446, 4805078.93988199]
[60349.33038172073, 4805078.625374461]
[60350.21497305473, 4805077.583130519]
[60350.49982823625, 4805077.409632614]
[60350.61089410298, 4805077.279939239]
[60350.833222670866, 4805077.020799486]
[60352.11551991391, 4805076.305101006]
[60352.98495629461, 4805075.6667559575]
[60353.13024658804, 4805075.380547324]
[60354.66009694447, 4805074.434299949]
[60355.62643188999, 4805073.579186867]
[60357.127055918, 4805073.463882361]
[60358.05555556949, 4805072.235243615]
[60358.11422376872, 4805072.011636028]
[60359.866791831155, 4805070.831048118]
[60361.14422072362, 4805069.918846599]
[60364.75440870084, 4805068.927182759]
[60364.86498880033, 4805067.251383558]
[60366.71969611225, 4805066.765385721]
[60367.044121811115, 4805066.686794729]
[60369.36321605191, 4805065.2188766645]
[60370.37770748566, 4805064.457273115]
[60372.262883369855, 4805062.98744419]
[60374.741782939804, 4805061.675002965]
[60376.324712072004, 4805061.128028329]
[60377.79147798334, 4805060.385272]
[60377.81892750398, 4805059.689211701]
[60379.65175833147, 4805059.434099443]
[60380.1299646955, 4805059.197232755]
[60384.268032837535, 4805057.371275352]
[60387.25046209407, 4805054.854029131]
[60389.05202117023, 4805054.090748291]
[60389.22867203551, 4805053.629020741]
[60390.96274744419, 4805052.909449086]
[60393.92424126953, 4805051.686315945]
[60394.706951884466, 4805051.610329275]
[60395.05422783405, 4805050.867044569]
[60397.68932695345, 4805050.445238135]
[60399.1027872854, 4805049.921102705]
[60400.009411117615, 4804978.764707141]
[60403.36815643941, 4804966.182004863]
values
[27849.41867966788, 5507478.292501292]
[27993.360884661368, 5263029.247569282]
[28210.874998142524, 5262217.226550927]
[30318.17192395109, 5210113.394506701]
[31734.591251905676, 5173211.690248272]
[36806.93944812137, 5105000.659840814]
[38009.226264492085, 5090514.515072081]
[41117.80514162012, 5057218.5022204025]
[41134.80692875108, 5055772.571447113]
[41713.92526802406, 5038045.16891891]
[44941.17071024064, 5036714.343097375]
[44952.77766095775, 5012413.9510232685]
[45430.047381833756, 5008290.902497749]
[46674.48670963928, 4998516.023887459]
[47191.74721642008, 4987524.360719722]
[47196.61369362699, 4987470.357597486]
[47280.19512855322, 4985440.440249391]
[47582.44835875384, 4979815.908180545]
[48097.27538330749, 4967987.985135639]
[48318.495593528496, 4965495.7890171725]
[48341.72989677943, 4965044.078645152]
[48377.38800503345, 4964226.362420191]
[48870.5225570904, 4955278.2464002855]
[49319.50468807638, 4949519.568153822]
[49335.72186869911, 4946275.518713875]
[49443.93657166591, 4944502.274140817]
[49545.64625964896, 4942819.5066244]
[50205.62333492546, 4939266.657284976]
[50498.7759351009, 4925116.905422144]
[51232.31378842885, 4916749.269881661]
[51265.51898752526, 4916261.227974452]
[51673.484772591924, 4909800.738077141]
[51856.8113547061, 4906154.965789894]
[51882.38699737326, 4905689.745501027]
[52056.56285500684, 4902682.514084756]
[52084.66542470888, 4902229.792168251]
[52101.97900819148, 4901898.506283358]
[52155.80396847855, 4901068.853874633]
[52287.42701252492, 4899053.811688694]
[52627.87495240973, 4894566.55536351]
[52691.96839048076, 4893620.964217626]
[52738.030228209456, 4892857.125703761]
[52776.197627498615, 4892206.510666986]
[52912.84629190919, 4892088.857219608]
[53108.016624424636, 4886556.7493671635]
[53155.236506572575, 4885930.643908744]
[53251.45638458945, 4885107.7703760285]
[53593.1105889974, 4879911.095559091]
[54054.41960200778, 4873310.390789338]
[54090.41183904978, 4872541.909667267]
[54126.73260834232, 4871975.792404846]
[54981.200569184795, 4860182.679337498]
[55002.82362023648, 4859913.236492389]
[55391.83234775524, 4856522.296005667]
[55534.55562173549, 4854485.091971502]
[55672.150682239386, 4852861.0539875375]
[56100.00486241211, 4849708.437730734]
[56189.668381311654, 4846924.38720494]
[56296.258984835935, 4845347.8626207225]
[56375.54164102385, 4844221.9225721555]
[56382.141347000856, 4843861.234642795]
[56419.52937042852, 4843554.912906494]
[56470.30604603159, 4842424.389184489]
[56489.82127677356, 4842143.130845286]
[56544.66566657272, 4841459.361261364]
[56607.13505131266, 4840565.68919155]
[56691.25870370331, 4839541.385626189]
[56750.93427585573, 4839166.420164464]
[56914.79111847096, 4837070.95673036]
[57112.289247638546, 4834638.250634812]
[57127.36164814552, 4834521.389696522]
[57165.29414919975, 4833882.413598032]
[57184.63396043205, 4833601.175386127]
[57268.32269275497, 4832329.234866749]
[57276.26292180695, 4832258.195842765]
[57398.59053768303, 4830700.347438862]
[57494.4246592072, 4829732.522244548]
[57664.4481081661, 4827571.607083804]
[57693.5051953875, 4827516.9306436125]
[57704.64578493931, 4827329.863618551]
[57715.312030878085, 4827143.467335936]
[57731.249508139976, 4826855.856973237]
[57733.434613667436, 4826814.254870403]
[57737.697331025156, 4826325.608614126]
[57898.42942866581, 4826100.446832135]
[57996.577651958345, 4823918.679208634]
[58037.370346127485, 4823037.277168116]
[58138.21896412946, 4822701.467506763]
[58282.09481790154, 4820435.507252906]
[58419.82121912235, 4819466.483419112]
[58725.10609837596, 4817299.955736369]
[58927.21520961552, 4814556.559683871]
[59114.1991998936, 4812485.444274714]
[59147.75533063486, 4812173.218759883]
[59162.9953099019, 4812054.938978247]
[59164.05575189231, 4812047.089352859]
[59188.12198451293, 4811879.12075982]
[59189.87826679792, 4811867.779403083]
[59210.54751399873, 4811736.762963875]
[59230.990206233066, 4811614.631302264]
[59449.3543598886, 4810443.230018142]
[59539.739856153894, 4809536.543719599]
[59545.18348226507, 4809486.460085986]
[59556.15559585264, 4809387.150259564]
[59621.66948883688, 4808843.73290846]
[59632.47706623283, 4808765.887524773]
[59636.92519720495, 4808734.2296907585]
[59643.39687673073, 4808688.855635869]
[59662.88015337993, 4808554.44958456]
[59669.35709817211, 4808510.219649591]
[59670.1649543634, 4808504.711021276]
[59682.214915353, 4808422.617983276]
[59685.40155679855, 4808400.896368944]
[59688.57461736338, 4808379.246278881]
[59692.93349934694, 4808349.294326717]
[59701.10987022724, 4808293.361195138]
[59725.2664721725, 4808125.024706085]
[59728.023448987085, 4808100.1039859]
[59728.02344898709, 4808100.103985899]
[59745.135159138896, 4807977.278032915]
[59751.691449433274, 4807910.987006795]
[59756.15287328657, 4807896.825197301]
[59759.2839261818, 4807849.099465588]
[59777.15601366671, 4807730.906887855]
[59801.89119315508, 4807631.5864431355]
[59803.16528850176, 4807540.484815362]
[59821.45509667678, 4807411.448986571]
[59829.38856095344, 4807357.221911989]
[59856.31326631319, 4807181.119536433]
[59883.2986381728, 4807003.627310521]
[59894.59298938185, 4806979.613831328]
[59899.94581740748, 4806922.819887631]
[59927.18714220185, 4806791.199932035]
[59929.619569380455, 4806717.538056996]
[59944.91102543396, 4806648.637630963]
[59947.91475305377, 4806628.522204512]
[59950.05791737442, 4806613.842775118]
[59953.81097753248, 4806587.790838228]
[59953.91127164342, 4806586.973108279]
[59955.30641660192, 4806576.595060464]
[59956.3155904968, 4806570.234349408]
[59958.58191618474, 4806554.472029997]
[59959.99696218969, 4806543.933771176]
[59960.09072188089, 4806543.130125938]
[59960.351286674144, 4806541.520287488]
[59960.43107856009, 4806541.005332492]
[59962.057604173926, 4806529.20480625]
[59962.1675040524, 4806527.832222733]
[59964.5839474031, 4806510.966737648]
[59965.36279568657, 4806504.903796494]
[59967.048863184966, 4806491.919884254]
[59968.13403778237, 4806484.9519056]
[59968.759407946665, 4806479.884539119]
[59970.15587029518, 4806470.1905573355]
[59976.2893346006, 4806368.442592379]
[59976.6613499277, 4806365.675145187]
[59981.69808379676, 4806327.945593579]
[59987.09797124225, 4806288.0934228655]
[59987.46324464122, 4806285.435190502]
[59988.908125919945, 4806274.9526609285]
[59992.560034324866, 4806248.886079021]
[59997.21280215908, 4806216.7058666]
[59998.15856049078, 4806210.323559262]
[59998.54207635368, 4806207.77454347]
[60000.06806217173, 4806197.61267955]
[60003.96861177834, 4806172.405859296]
[60005.16554958247, 4806164.905675813]
[60005.96506080303, 4806159.909918311]
[60006.059237046175, 4806159.273616327]
[60006.975985652956, 4806153.688814998]
[60007.48476465123, 4806150.584980122]
[60007.99580787598, 4806147.485623095]
[60009.0248447854, 4806141.300342569]
[60012.17034211172, 4806122.851968898]
[60015.40969200678, 4806104.564796314]
[60016.51166784584, 4806098.504894399]
[60017.856820959176, 4806091.274254851]
[60019.65119566861, 4806081.613411001]
[60021.03766277832, 4806074.444397032]
[60025.76430751451, 4806050.670473983]
[60027.690050697696, 4806041.189988365]
[60028.20727442159, 4806038.890976889]
[60031.75401778787, 4806033.82671299]
[60033.25997597299, 4806015.546909543]
[60034.28234495285, 4806010.881816952]
[60034.55882172758, 4806009.755668826]
[60035.21369060822, 4806006.866764848]
[60035.41219132105, 4806005.5869310545]
[60035.872210533526, 4806003.982338451]
[60036.35179156271, 4806001.581685333]
[60037.20026039774, 4805998.226918356]
[60038.54307790987, 4805992.489408489]
[60041.27338409557, 4805981.068119209]
[60043.459984380876, 4805971.908266708]
[60045.48159014516, 4805964.070510541]
[60046.914591531735, 4805958.44046081]
[60049.82614561114, 4805947.234090724]
[60052.04967586857, 4805938.876326109]
[60052.798436563324, 4805936.099359379]
[60053.323202615116, 4805933.749804593]
[60054.40657136128, 4805929.916861871]
[60055.83128848348, 4805925.036266265]
[60057.370313760825, 4805919.531583882]
[60058.92432025011, 4805914.0448108595]
[60059.32721679726, 4805911.8699479485]
[60061.38209170417, 4805905.2055766145]
[60063.67536327692, 4805897.691947288]
[60063.87270814935, 4805896.406410462]
[60065.288366253946, 4805892.276811034]
[60067.122752909185, 4805886.456027066]
[60068.557585125636, 4805881.500265523]
[60070.21349940279, 4805876.138856124]
[60072.4498303427, 4805868.496893826]
[60073.69554989499, 4805865.787628093]
[60075.082773887516, 4805859.878062879]
[60076.31295630604, 4805856.227221628]
[60078.69894508296, 4805849.600439835]
[60082.185267579436, 4805839.110432971]
[60084.14014176087, 4805832.603240627]
[60085.72135129248, 4805828.692059303]
[60086.901182289985, 4805824.164739263]
[60090.006082254185, 4805821.888755498]
[60094.76445383913, 4805802.959516447]
[60100.31682506927, 4805787.734884582]
[60104.06533763001, 4805777.674667815]
[60104.6350640555, 4805734.487547769]
[60132.74167372561, 4805688.731134414]
[60164.25041096502, 4805589.67253945]
[60172.33362382593, 4805549.647986165]
[60190.55847123114, 4805521.274083306]
[60193.45089355615, 4805516.203788216]
[60193.672611839174, 4805514.84903641]
[60194.134340655684, 4805495.405636828]
[60201.727072807225, 4805495.081624881]
[60208.57978108629, 4805477.518993235]
[60212.01740285864, 4805472.17553087]
[60216.091941152394, 4805461.029775133]
[60219.32988006747, 4805455.783046925]
[60219.78114880509, 4805454.333995769]
[60220.590701762194, 4805452.123278271]
[60221.2099150021, 4805450.990336612]
[60221.6307052317, 4805450.457511328]
[60221.97217751034, 4805449.208286421]
[60222.06920971566, 4805449.031581834]
[60222.409339188, 4805446.838948107]
[60223.72753593144, 4805445.105322885]
[60224.86060965061, 4805442.381166123]
[60226.110482547236, 4805439.378260542]
[60226.2696663993, 4805434.664897443]
[60227.47491880903, 4805433.757317275]
[60229.31856200289, 4805429.281918249]
[60233.00717981307, 4805420.265321097]
[60235.61052822921, 4805409.114740018]
[60237.37776612205, 4805407.085026629]
[60238.86010528923, 4805403.297269928]
[60242.234108194985, 4805321.245550224]
[60271.052285963895, 4805272.311452839]
[60272.81614399961, 4805235.392781292]
[60280.10578703604, 4805209.383372084]
[60283.221263248975, 4805190.571407442]
[60285.052512055736, 4805185.749756087]
[60286.89993277624, 4805181.104293834]
[60287.12949103876, 4805177.209646052]
[60287.90782178292, 4805175.140561853]
[60288.71695349929, 4805172.470550418]
[60289.03931001818, 4805171.390959017]
[60289.90932665283, 4805164.452701047]
[60291.45652420967, 4805163.884513291]
[60291.61236660396, 4805163.380666432]
[60291.70698482991, 4805163.123135286]
[60292.29429584325, 4805161.478081029]
[60292.63245780489, 4805160.374336507]
[60292.75661068459, 4805160.061819857]
[60292.89453327773, 4805159.698170087]
[60293.13595112655, 4805155.174958126]
[60294.06392026557, 4805152.466548063]
[60295.63832394145, 4805152.215849068]
[60295.71369260654, 4805152.076388522]
[60295.826566933676, 4805151.5695659695]
[60296.01595443293, 4805151.201393598]
[60296.21630727044, 4805150.444239314]
[60296.348632923, 4805150.379284365]
[60296.42335919269, 4805149.972267285]
[60296.82179543521, 4805149.344292869]
[60297.23996586026, 4805148.093720194]
[60297.45293438491, 4805147.826346851]
[60297.53783774372, 4805147.156716685]
[60297.829938035786, 4805146.558681668]
[60298.22307006092, 4805145.617537091]
[60298.59852963412, 4805144.767278067]
[60298.62997694561, 4805144.5131565025]
[60298.70004716547, 4805144.193121229]
[60299.00139760012, 4805143.59143633]
[60299.154452965086, 4805140.403709968]
[60300.36376551439, 4805137.384362298]
[60301.25217162176, 4805135.415169499]
[60302.45309242151, 4805133.494679932]
[60303.734257581746, 4805133.406851888]
[60303.76725745338, 4805131.50957226]
[60304.58999117039, 4805131.476493906]
[60304.74437730174, 4805131.168175889]
[60305.340108499404, 4805130.550889558]
[60305.72640879027, 4805129.702117977]
[60305.855600252864, 4805129.167757939]
[60305.89170066214, 4805129.039757417]
[60305.891700662156, 4805129.039757416]
[60306.04930269649, 4805128.877180348]
[60306.071297165836, 4805128.630985825]
[60306.49911217248, 4805127.971467731]
[60307.098284630316, 4805126.518369145]
[60307.43297895652, 4805126.136476199]
[60307.50426020791, 4805125.361669797]
[60308.012760040176, 4805125.027704212]
[60308.06021623515, 4805124.794534594]
[60308.38152997736, 4805122.312009205]
[60309.75380127476, 4805122.019790066]
[60310.22489841176, 4805121.708296871]
[60310.28447963706, 4805120.957284307]
[60310.47615275094, 4805118.7787945885]
[60311.75881957967, 4805118.381013679]
[60311.873153476925, 4805117.729758859]
[60312.62124376858, 4805116.770513183]
[60313.00022721508, 4805115.158226334]
[60314.08287065127, 4805114.941865368]
[60314.59513363092, 4805113.690248475]
[60314.95312442753, 4805113.651780642]
[60315.77272368273, 4805112.853014366]
[60315.81984624087, 4805112.747922883]
[60316.032897353274, 4805111.829953268]
[60316.03849170938, 4805111.792533167]
[60316.58709936443, 4805110.479682766]
[60317.06203380195, 4805110.364714018]
[60317.51826516582, 4805109.702608513]
[60317.62556370564, 4805108.572227123]
[60318.22812536179, 4805108.381915274]
[60319.2089527729, 4805108.029094241]
[60319.33937406292, 4805107.45574401]
[60319.457390552794, 4805106.409799104]
[60319.89529939142, 4805106.359261202]
[60320.435623547135, 4805105.775531357]
[60320.61394982208, 4805105.705166192]
[60320.616673699835, 4805105.287829664]
[60320.8085018291, 4805105.07879951]
[60320.98752125899, 4805104.912912634]
[60321.34467846076, 4805104.223172393]
[60322.379999330224, 4805103.997691248]
[60322.448662044255, 4805102.4642308]
[60323.103036577544, 4805102.401604481]
[60323.58792630473, 4805101.8794410275]
[60323.82041286497, 4805101.118031996]
[60324.02050590047, 4805100.61722328]
[60324.71054722191, 4805100.175843872]
[60325.493050265206, 4805099.563521383]
[60325.56270079463, 4805098.642975433]
[60325.84755528936, 4805098.486804733]
[60327.664143447604, 4805097.802676171]
[60328.07995184508, 4805096.231351986]
[60328.227372130204, 4805095.8241861975]
[60328.800651411795, 4805094.946030464]
[60330.14423057213, 4805094.794195908]
[60330.20921587685, 4805093.258760685]
[60331.484624028075, 4805093.209767185]
[60331.624064051946, 4805092.422422663]
[60332.39028127671, 4805092.258483752]
[60332.39076199319, 4805091.514012477]
[60333.64104084387, 4805090.758608393]
[60334.086348565295, 4805090.087196896]
[60335.084034413005, 4805089.979483765]
[60335.700086503035, 4805088.015469903]
[60336.18847023712, 4805087.610771263]
[60336.827290841444, 4805087.097485338]
[60336.97480762086, 4805086.464422406]
[60337.9721352644, 4805085.627955123]
[60338.51551539722, 4805084.8651712295]
[60338.97907858934, 4805084.801234107]
[60339.34321599641, 4805084.797291346]
[60340.50815003834, 4805083.970766685]
[60341.45742095369, 4805082.876822927]
[60342.00862222809, 4805082.30197025]
[60342.03667239157, 4805081.719275277]
[60342.356629376605, 4805081.687696749]
[60344.50911854542, 4805081.139474721]
[60344.64985170564, 4805080.413454372]
[60344.81856075078, 4805080.214691984]
[60345.10551080043, 4805079.813116423]
[60347.14797700368, 4805078.051089496]
[60347.58559653797, 4805077.652828285]
[60348.69457885132, 4805076.467421793]
[60349.399361966054, 4805075.76270784]
[60351.478878541864, 4805074.730387676]
[60352.3372943911, 4805073.636899234]
[60352.95910086526, 4805073.6155556515]
[60353.08740595601, 4805073.494815166]
[60354.71924627435, 4805072.603451422]
[60355.33334410075, 4805071.57728679]
[60356.06830578026, 4805070.90706557]
[60356.80627558258, 4805070.240483072]
[60356.91847748566, 4805070.215204965]
[60359.641922185576, 4805069.635046659]
[60360.75224233695, 4805067.608086251]
[60362.678876138714, 4805067.442369453]
[60363.35525965332, 4805067.409534525]
[60364.54971271807, 4805065.121000503]
[60367.05178310197, 4805063.131710812]
[60369.06804532221, 4805062.706286254]
[60370.58716238714, 4805062.071372373]
[60371.12756169828, 4805061.664084338]
[60372.38870367685, 4805060.885660442]
[60372.50087640088, 4805060.6355160065]
[60373.18616877738, 4805059.643465085]
[60375.18378695138, 4805058.539780068]
[60376.4864211805, 4805057.622102129]
[60378.29998386811, 4805057.18919871]
[60379.34653065982, 4805056.3948228555]
[60380.63630349262, 4805055.510291028]
[60380.66743090543, 4805055.508351233]
[60383.02923086156, 4805054.619532848]
[60386.05623803604, 4805053.806106021]
[60386.24538912918, 4805052.649699447]
[60388.39107936402, 4805051.946958759]
[60388.959782393904, 4805051.719904297]
[60389.439663780344, 4805051.711087092]
[60389.92237907686, 4805051.578746177]
[60391.744239023436, 4805049.963866099]
[60393.82123533564, 4805049.431866514]
[60394.885625156014, 4805048.987920002]
[60396.52545721675, 4805048.699079336]
[60396.74393076236, 4805048.09555881]
[60396.96186677695, 4805047.830850443]
[60397.436707005385, 4805047.444947204]
[60399.45626553604, 4805047.240782157]
[60400.009411117615, 4804978.764707141]
[60403.36815643941, 4804966.182004863]
[60426.73654516426, 4804963.789836092]
end_solutions
[8.252436913367468, -3.8452214665540456, -2.8302490258193114, -1.0335171212666814, -13.175207609224076, -29.467213490359452, 5.102911609274072, -10.220595623201806, -39.04517663277707, -3.6859767690588585, 18.030112012667743, 17.198439997934692, 12.3244922154608, 14.064862015938438, 14.240588201505645, -1.802299166295509, 13.755919584264333, -3.5580655590808274, 7.141235313448054, -4.54055821753308]
[8.251327574831523, -3.8465220089716334, -2.8311332180059723, -1.0356392923417603, -13.176145567776835, -29.469201038730418, 5.101629553082321, -10.218529999800737, -39.0445179660375, -3.684862556549562, 18.03183003920614, 17.19885095748899, 12.325192226898947, 14.067677724170284, 14.239139409065743, -1.8033931249128492, 13.753776949046065, -3.5598068443612934, 7.1381300963704994, -4.540490335479816]
[8.25009613206197, -3.8479618393773056, -2.8321158011543965, -1.037987063457844, -13.177185086067798, -29.471406173693467, 5.100212471435773, -10.216242774064401, -39.04378656117217, -3.683628573675528, 18.03373421521011, 17.19930921805342, 12.325966040860825, 14.070798658707206, 14.237529570171148, -1.804605258918973, 13.751400339457637, -3.561740222883655, 7.134690107298031, -4.540418342505446]
[8.24751381292739, -3.850984117926548, -2.8341754386951976, -1.0429164679316676, -13.179366207463465, -29.476031218221657, 5.097236192607026, -10.211442073536798, -39.04225301831359, -3.68103871745795, 18.037729536757485, 17.200268570093606, 12.327591242643233, 14.077346839506546, 14.234154965531907, -1.807148792652611, 13.746415209990758, -3.565794168547022, 7.127471112274347, -4.540264782774075]
[8.24751381292739, -3.850984117926548, -2.8341754386951976, -1.0429164679316676, -13.179366207463465, -29.476031218221657, 5.097236192607026, -10.211442073536798, -39.04225301831359, -3.68103871745795, 18.037729536757485, 17.200268570093606, 12.327591242643233, 14.077346839506546, 14.234154965531907, -1.807148792652611, 13.746415209990758, -3.565794168547022, 7.127471112274347, -4.540264782774075]
[8.244561807057057, -3.8544374427391315, -2.8365303707444376, -1.0485482522839116, -13.1818587595983, -29.48131787460339, 5.0938364338459134, -10.205956587258981, -39.040499907837074, -3.6780793010383306, 18.04229565354438, 17.201366043457586, 12.329447837412541, 14.084830510562611, 14.230296548887544, -1.8100554539973261, 13.740717286709586, -3.5704286945429047, 7.119221668994271, -4.54009063836377]
[8.242609609344147, -3.8567194745051165, -2.8380882956532414, -1.0522687810843978, -13.183507243893443, -29.48481360706023, 5.091590470118034, -10.202331018075876, -39.03933986475788, -3.676123480986874, 18.04531349033593, 17.202093414747672, 12.33067347531095, 14.08977730437663, 14.227744519397369, -1.8119771869931314, 13.736949257398276, -3.5734934988132947, 7.113768712936404, -4.53997706738351]
[8.24113360640898, -3.8584461369114083, -2.8392657616778614, -1.05508467326052, -13.18475351996086, -29.487456935251096, 5.089890590737478, -10.199588274936968, -39.03846330951962, -3.674643772777064, 18.047596548729373, 17.202642151429664, 12.331601772695604, 14.093519139904663, 14.225815311075188, -1.8134305176654888, 13.73410029575769, -3.575810761811236, 7.109643991296366, -4.539889995178357]
[8.236643667261418, -3.8636806274082396, -2.842852931883834, -1.0636121700097703, -13.188539987814522, -29.495492776336917, 5.084746709386337, -10.191269989201604, -39.035793623008225, -3.6701559684546603, 18.05452598656181, 17.204323510612575, 12.33440787863718, 14.104879134076008, 14.219940430501572, -1.817842933498, 13.725439836246238, -3.582860856620604, 7.097127263859546, -4.539641172361023]
[8.23355800990467, -3.8672665965078368, -2.8453213742913905, -1.0694489071809667, -13.191137686954448, -29.501011894883504, 5.081229398208529, -10.18557006146723, -39.03395790908101, -3.6670802388468235, 18.059279213329244, 17.20548544191343, 12.336326408094447, 14.112672230059946, 14.215898484372559, -1.820868987974678, 13.719493148886947, -3.587707089937952, 7.088545655538263, -4.539480128062636]
[8.232383363664711, -3.8686476266744774, -2.846256892986127, -1.0717030350018102, -13.192135375662227, -29.503118040928534, 5.079864602338325, -10.183375439671316, -39.03325881672697, -3.6658975786135954, 18.061099771259038, 17.205920737766142, 12.337068577489298, 14.115657858821322, 14.21436691447634, -1.82203124824253, 13.717220083811931, -3.5895496269207507, 7.085248640630798, -4.539405219360565]
[8.23047235254792, -3.8708525656074335, -2.8477898166989473, -1.0752856443521634, -13.193735386094373, -29.506531013430088, 5.07771208703072, -10.179870133732855, -39.0321221951538, -3.6640045092389864, 18.06403244009668, 17.206647373214288, 12.338244937551714, 14.120465326043885, 14.211856538243547, -1.823895042451356, 13.713546461527658, -3.592553323255301, 7.079964047216979, -4.53931908376425]
[8.227668155731976, -3.8740449787680524, -2.850050335494471, -1.0804560547109978, -13.196058249669687, -29.51152512666367, 5.074623840390622, -10.174794166750594, -39.03045585871469, -3.66125852180717, 18.068306439352803, 17.20773170677784, 12.33994010195298, 14.127468715708652, 14.208153207264143, -1.8266013970767145, 13.708181946651223, -3.5969675457721397, 7.072291905201995, -4.5392293328369515]
[8.224739319197557, -3.8774673824063033, -2.8523885878374067, -1.0860334724032232, -13.198535417390804, -29.51676993093475, 5.071254541107903, -10.169354215917476, -39.02871233043427, -3.65832530111516, 18.0728304466096, 17.208827279558726, 12.341774017738963, 14.13488772771157, 14.204325409545167, -1.8294864250778344, 13.702525594674839, -3.601564412258951, 7.06411026697552, -4.539060676975307]
[8.222952947799243, -3.879442330861628, -2.8538437780028145, -1.0892090744201854, -13.199981123677146, -29.51993221239881, 5.069383078442918, -10.166212893829872, -39.02765290070241, -3.656619465000745, 18.075513107446564, 17.209542675789535, 12.342811626416662, 14.139279572595978, 14.201939500051946, -1.831171545910899, 13.699143809490513, -3.6043854646235287, 7.059335169773193, -4.539053446313339]
[8.219913897061812, -3.8827741927639527, -2.8563267089231337, -1.0945550466691993, -13.202424997459062, -29.525302987268578, 5.066244716209514, -10.160912381514452, -39.02585113008637, -3.6537381366156936, 18.080057561905164, 17.21077192219491, 12.34455619629386, 14.14671791121523, 14.197867932467343, -1.8340201486609893, 13.693407027838568, -3.609188899802743, 7.051264651994669, -4.53906502755774]
[8.219913897061812, -3.8827741927639527, -2.8563267089231337, -1.0945550466691993, -13.202424997459062, -29.525302987268578, 5.066244716209514, -10.160912381514452, -39.02585113008637, -3.6537381366156936, 18.080057561905164, 17.21077192219491, 12.34455619629386, 14.14671791121523, 14.197867932467343, -1.8340201486609893, 13.693407027838568, -3.609188899802743, 7.051264651994669, -4.53906502755774]
[8.216626431015825, -3.8862940581422265, -2.8590344148816396, -1.100168302861637, -13.205020200985183, -29.531085366460736, 5.062987268855145, -10.155310807554962, -39.02390475580104, -3.6506836619587864, 18.08491580408998, 17.212137297920208, 12.346382305412156, 14.154664359412305, 14.19342527607503, -1.8370459816190567, 13.687252055166333, -3.614397839966855, 7.042695315066156, -4.539149315548803]
[8.213338964969841, -3.8898139235205007, -2.861742120840145, -1.1057815590540745, -13.207615404511305, -29.53686774565289, 5.059729821500776, -10.149709233595473, -39.02195838151572, -3.647629187301879, 18.089774046274798, 17.21350267364551, 12.348208414530452, 14.162610807609381, 14.188982619682719, -1.8400718145771242, 13.681097082494098, -3.619606780130967, 7.034125978137643, -4.539233603539866]
[8.212514049063888, -3.890677814839523, -2.862426551123458, -1.1071511919350592, -13.208255415793968, -29.53831240474998, 5.058943993342087, -10.148334010886012, -39.02147065881983, -3.646877039613694, 18.0909799338706, 17.21385339434206, 12.348652708593104, 14.164581893968837, 14.187859028306285, -1.8408182722158544, 13.679564342201234, -3.620916822028116, 7.032012656464662, -4.539271198040629]
[8.20935350347974, -3.893873514215359, -2.865078490267753, -1.1121687591706455, -13.210642907597096, -29.543810453433828, 5.0561188615704005, -10.143243467191692, -39.019604991085586, -3.6440797199722708, 18.09552154388312, 17.21524606787495, 12.350271522382583, 14.171998448133955, 14.183502654387409, -1.8436034932652845, 13.673759745177456, -3.6259532128269965, 7.024132794753694, -4.539512479755705]
[8.2071545437582, -3.8961192823925437, -2.8669177825523855, -1.1157047674491771, -13.212316661960656, -29.54764297209857, 5.054116924565541, -10.139666778312435, -39.01830636519655, -3.64211694938542, 18.09869676458623, 17.21620544516381, 12.351414149824311, 14.177185039986107, 14.180481773895647, -1.8455559470190472, 13.669707891445919, -3.6294539396492986, 7.018607872643473, -4.539661316488814]
[8.204474791105357, -3.898840016169054, -2.869163398266849, -1.1199815552062362, -13.214347285044001, -29.552308255772864, 5.051703390177268, -10.135333162025645, -39.01672421838491, -3.6397369042712833, 18.102555179944044, 17.217381470574683, 12.352794870439915, 14.183486612994741, 14.176793146690327, -1.8479247844206437, 13.664779666068261, -3.63372249845989, 7.011905480732879, -4.539856375712907]
[8.146648943462848, -3.965185434150325, -2.9155533837959906, -1.227870648132272, -13.261757490177617, -29.65534292858753, 4.987509013513209, -10.030301235155118, -38.982881176332214, -3.5827355360759006, 18.191460193516193, 17.238948743684873, 12.388770364028304, 14.328639321038429, 14.100397161187304, -1.9036046594054827, 13.55451761603226, -3.724895702531085, 6.853313837602768, -4.537476164735693]
[8.142038504153486, -3.9706925822192325, -2.9192012977883897, -1.23689574213413, -13.265709558583222, -29.663635412179364, 4.982016954074588, -10.02155944321437, -38.980143916915466, -3.5780298524746605, 18.198671947152434, 17.240611185775805, 12.391757162498537, 14.340462089805037, 14.094420604706386, -1.9082154655788452, 13.545555414108618, -3.7321180587949443, 6.8402190885020495, -4.537106999074469]
[8.137428064844126, -3.9761997302881396, -2.9228492117807887, -1.245920836135988, -13.269661626988828, -29.671927895771198, 4.976524894635967, -10.012817651273622, -38.97740665749872, -3.5733241688734205, 18.205883700788675, 17.242273627866737, 12.394743960968771, 14.352284858571643, 14.088444048225469, -1.9128262717522078, 13.536593212184975, -3.7393404150588037, 6.8271243394013315, -4.536737833413245]
[8.129152287208989, -3.985936775964113, -2.929435826466684, -1.2618220065561538, -13.276672229215315, -29.686765052203505, 4.966907564649686, -9.997357544912427, -38.972496731944425, -3.5649871052012703, 18.218726485749904, 17.2453217107914, 12.399996436804285, 14.373330865529276, 14.077649359834801, -1.9210059605784693, 13.520593688940792, -3.7523267383780263, 6.8039006754212, -4.536201577978355]
[7.945780108387869, -4.201507260124737, -3.0753663685454447, -1.6139497348251852, -13.431389480666553, -30.01538789472056, 4.754317716116349, -9.655373720783816, -38.864061943987195, -3.3803923463466563, 18.50344737893969, 17.312555140606484, 12.516676197391282, 14.839533362051501, 13.83820864139351, -2.1018218575451963, 13.166631052573587, -4.0402513712487735, 6.290052588513696, -4.524411263504095]
[7.244165073021126, -4.980090597465662, -3.6471937201981843, -2.864566896501688, -14.009983417703177, -31.259741277523098, 4.010669744962241, -8.411805697778533, -38.44165005583504, -2.708121630412531, 19.55434185757533, 17.5988063706689, 12.91884395253702, 16.566616316771455, 12.905505413691175, -2.771054656809269, 11.828880915519466, -5.145200451463817, 4.401833986961935, -4.520118520506118]
[6.203782353584634, -6.255017301451164, -4.465046908638955, -4.953879654706045, -14.943461340729272, -33.14356881705238, 2.7112737665425213, -6.376488858714272, -37.807934598285996, -1.62410717242415, 21.188627158537937, 17.981059638216045, 13.596147173613925, 19.265202435782136, 11.579109381387275, -3.8458251306382314, 9.767591772388137, -6.762288029255019, 1.3741573047094002, -4.413321161547184]
[5.000222625339621, -7.770812904501973, -5.40097305445932, -7.450614333359204, -16.049123305080236, -35.33600556762081, 1.141216781979705, -3.9568926913914186, -37.07224980020423, -0.34047364116275425, 23.104975781943104, 18.40902786231206, 14.40707877077978, 22.433755631719954, 10.063962963075593, -5.117229675129943, 7.356532768651343, -8.625705113344882, -2.205830669908423, -4.255673686183938]
end_values
[  60489.7522308  4805026.51548414]
[  60484.7606284  4805026.60581752]
[  60479.05815288 4805026.80977955]
[  60466.55412342 4805028.06344169]
[  60466.55412342 4805028.06344169]
[  60451.49813746 4805030.68708382]
[  60441.19991505 4805032.94831479]
[  60433.28535904 4805035.17829858]
[  60408.96438445 4805042.91954651]
[  60392.45719392 4805049.56469075]
[  60386.24538913 4805052.64969945]
[  60376.48642118 4805057.62210213]
[  60362.90498079 4805065.56422406]
[  60349.39936197 4805075.76270784]
[  60342.03667239 4805081.71927528]
[  60330.57808036 4805092.5535204 ]
[  60330.57808036 4805092.5535204 ]
[  60319.81913    4805104.93562992]
[  60310.47615275 4805118.77879459]
[  60308.38152998 4805122.31200921]
[  60301.25217162 4805135.4151695 ]
[  60296.786696   4805145.53222252]
[  60291.8371596  4805158.51864374]
[  60063.87270815 4805896.40641046]
[  60043.45998438 4805971.90826671]
[  60025.76430751 4806050.67047398]
[  60000.06806217 4806197.61267955]
[  59147.75533063 4812173.21875988]
[  54126.73260834 4871975.79240485]
[  42458.50922634 5102638.55506502]
[  35309.72213752 5591778.30024207]
