values
[-30.63826721414322, 44116.755446904535]
[60.57432322294452, 12176.928950026486]
[62.915701583601894, -142.04918072633726]
[76.453455607324, -142.3574788984593]
[179.9078189565553, -142.6566990008507]
[187.1521061219203, -144.35971701466926]
values
[-30.63826721414322, 44116.755446904535]
[39.610366920267346, 992.5326197490745]
[41.48178361214908, 793.2157842730226]
[41.98381876754957, 742.0753811739314]
[43.88335180313627, 567.6049111462769]
[44.96887789598876, 475.1654332336826]
[49.56765153380737, 156.74238349793612]
[50.15964941481476, 119.21053073447527]
[50.691281951222386, 96.49259677821527]
[51.28924888847897, 67.32092808127655]
[51.483941876533585, 55.4427831686551]
[51.63902104859776, 51.41789854994164]
[51.79591713673559, 43.236081269881396]
[51.989470320244514, 36.117086322399814]
[53.01595734287876, -8.753230156526968]
[53.02723109992575, -8.886602903777657]
[53.07131007755866, -12.989498787365335]
[53.284998861089996, -18.758611156404683]
[53.91353073659236, -43.19059864418895]
[54.70479233073173, -64.15194110807609]
[54.760744709000456, -68.08186509831994]
[54.95898670727173, -72.79263533245192]
[55.37294649359365, -84.14935291634455]
[55.42395164031473, -85.94793630626836]
[55.63424761430819, -91.27795217447476]
[55.70229387450808, -91.7742856776873]
[55.77841067649573, -92.5358374721167]
[55.79156058518772, -95.98945421550951]
[55.918735290143836, -96.90075783931263]
[55.92564351941707, -98.68643013238045]
[56.03135418936113, -100.72302166506446]
[56.31220189553731, -105.9671997685556]
[56.534827623612536, -109.27081023262193]
[56.53567498284725, -110.29126201756566]
[56.55770085041102, -110.4225937149325]
[56.58610983022256, -110.58637920529767]
[56.86286306762988, -115.43653992095119]
[56.89542402781111, -115.59524127393593]
[56.94181201870024, -116.39984952988868]
[56.94639451741927, -116.71374574990057]
[57.08410115262125, -118.70047184220829]
[57.65600530491174, -124.0282750776066]
[57.723593597594096, -126.56104380164722]
[57.84634442541475, -127.2517930343045]
[57.91166534141549, -128.66946605133464]
[58.112804191374515, -130.21466282672856]
[58.16428579542653, -130.87949978333057]
[58.231223226005845, -131.54406699007623]
[58.30115335100027, -132.0584886139728]
[58.37303650343737, -132.85758389463317]
[58.439559180200426, -133.36348079286523]
[58.581984252281835, -134.65357936798995]
[58.70301259546198, -135.70509047462696]
[58.788097451502075, -136.22764920655487]
[58.901116725484734, -137.1989371447936]
[58.923779644460076, -137.3436796341952]
[59.00024348609964, -137.8784083901028]
[59.03352435060868, -138.06556906195834]
[59.124864465370614, -138.54299743632103]
[59.21947195729046, -139.0650368273513]
[59.2379951082385, -139.299384115361]
[59.26158611563627, -139.44113050319598]
[59.272820229560914, -139.44376483784148]
[59.29496597475552, -139.6310578288732]
[59.36759479371967, -139.99111993623032]
[59.39256820225143, -140.04191504991235]
[59.43058509155656, -140.28372285707658]
[59.49605122653842, -140.45483357967157]
[59.50004642134079, -140.50164567826687]
[59.5613987972555, -140.7732611062623]
[59.574154592287265, -140.83563656280919]
[59.594083095002794, -140.923396149206]
[59.629414244444966, -141.12488615398763]
[59.64829381990318, -141.14229710755592]
[59.66383514914008, -141.19989308104468]
[59.696154850268336, -141.33397243201122]
[59.735617702906644, -141.5003401963558]
[59.74958673027712, -141.5159107106734]
[59.76228580245178, -141.5723414332605]
[59.782934332440426, -141.66506597879464]
[59.78874061623535, -141.6691674821085]
[59.79666544514266, -141.67376735258836]
[59.81102297411761, -141.71351155386455]
[59.81707482023504, -141.75590442922527]
[59.824418444424204, -141.76731506769255]
[59.82844258560932, -141.78819149261665]
[59.84337222334296, -141.82198334355851]
[59.85974169192881, -141.8933629712781]
[59.872479270762334, -141.89339586611914]
[59.89856574393192, -141.9814351211657]
[59.90484058696506, -141.99139869504157]
[59.94276567485557, -142.0851997834622]
[59.95527074908015, -142.12252504743947]
[59.96385634914731, -142.14120380412427]
[59.9703053767466, -142.14939266573637]
[59.971852251750114, -142.1566340775067]
[59.97592825393453, -142.17392448560742]
[59.99545202246464, -142.2000922952572]
[60.004266167196086, -142.22625302037798]
[60.02409976043135, -142.26554249354606]
[60.02916890203527, -142.281557266734]
[60.03741608247302, -142.29514466584362]
[60.038888002088676, -142.30068553981127]
[60.04261719861612, -142.3069851742162]
[60.04516533223424, -142.30819780328878]
[60.0613774906519, -142.3383823285396]
[60.06578671234089, -142.3496522001763]
[60.06897187439589, -142.35423168632468]
[60.07869284599156, -142.37169261560146]
[60.09214426050416, -142.39433016659237]
[60.1000251548569, -142.4052691892385]
[60.10019077016876, -142.40685945499504]
[60.118504985384355, -142.4361571311772]
[60.12169063923847, -142.4413073818486]
[60.13148240284918, -142.45541734737677]
[60.1388064632906, -142.46455425146252]
[60.14345570867906, -142.4667886478046]
[60.14486888698166, -142.47513441070535]
[60.14541362113457, -142.47623328530977]
[60.15295845237967, -142.487392082863]
[60.155138217502035, -142.49047231584962]
[60.16096594756136, -142.49864789042394]
[60.16680991035188, -142.50443641989065]
[60.169646808689045, -142.50618884795895]
[60.172325632789075, -142.5132912916764]
[60.17842751774149, -142.51882829429115]
[60.18427710645903, -142.5280092865239]
[60.185238018766036, -142.5297192335638]
[60.18869106707442, -142.53166370767866]
[60.18904015012139, -142.53239167702725]
[60.18928400129047, -142.53555106176023]
[60.190688031856446, -142.53718484607722]
[60.19924102034833, -142.5473325987277]
[60.20303535985733, -142.5487712673829]
[60.20840066352098, -142.55526929775493]
[60.21127250342004, -142.55843465517452]
[60.21381006466043, -142.56047485098694]
[60.21760576342928, -142.5691376975716]
[60.22397965207565, -142.57498138749688]
[60.230520838054595, -142.58315962325776]
[60.23697865507847, -142.5899193897072]
[60.240994709913515, -142.59417453012833]
[60.243436658576506, -142.59651171746142]
[60.2500604160878, -142.60309135403682]
[60.2538363849822, -142.60608028531334]
[60.25589075637826, -142.60893995978014]
[60.25635322499476, -142.60919413369032]
[60.26131804040249, -142.61370994841684]
[60.26895639065213, -142.62021107674113]
[60.280791321558546, -142.62996817307683]
[60.28629798524445, -142.6358939765769]
[60.29142565376629, -142.63794667852636]
[60.29558621474147, -142.6426120844971]
[60.30022305190705, -142.6434985161531]
[60.30089602122616, -142.64552262670787]
[60.30619336485835, -142.64970989371898]
[60.31024151807356, -142.65420094378337]
[60.31038214497111, -142.65433364900153]
[60.311697511860935, -142.6549275257374]
[60.31353164384334, -142.65703990683912]
[60.316842237468144, -142.6590475376006]
[60.31841703352924, -142.66035972239388]
[60.323302516439135, -142.66359422338104]
[60.33159797473609, -142.66710875249024]
[60.33209397776064, -142.6692960569974]
[60.33994572499329, -142.67234313078876]
[60.34574953155016, -142.67629955772935]
[60.34817888736256, -142.6781443705159]
[60.35359711920464, -142.67931092289456]
[60.35664206822819, -142.6820447339717]
[60.35697117623628, -142.6830852182816]
[60.359902009173645, -142.68466858278012]
[60.36576378001764, -142.68773994434258]
[60.36922276507128, -142.69005149249418]
[60.37916345120028, -142.69421002360818]
[60.38334993230365, -142.6961912060833]
[60.38620875413131, -142.69848666222038]
[60.39088804344704, -142.69939722285858]
[60.39171502547246, -142.69997857109072]
[60.396390350247806, -142.7015285875914]
[60.399250145806526, -142.70299840782488]
[60.40392141676657, -142.70377575129183]
[60.406357045016314, -142.7058004375674]
[60.408115746452104, -142.70598318405004]
[60.41305460918405, -142.7066735964118]
[60.415174127508756, -142.70867846165538]
[60.41771071252172, -142.70927818925637]
[60.41852601576826, -142.70966219378224]
[60.41965660985526, -142.71000399166184]
[60.424729846531555, -142.71113639469382]
[60.42488351376108, -142.71151133024952]
[60.42843061681604, -142.7122437807351]
[60.42862177373218, -142.7124681065222]
[60.43158038725978, -142.71297202490712]
[60.432809123215726, -142.71366440224256]
[60.43525879700551, -142.71368115734393]
[60.43649152595166, -142.71498253966254]
[60.437716356869224, -142.71499157127943]
[60.4628424776082, -142.71660581650008]
[60.48306129325717, -142.7169890648292]
[60.504787375529794, -142.71700998446383]
[60.52345997107238, -142.71744782307425]
[60.53086388166016, -142.7198147231034]
[60.53437370906649, -142.72034951743274]
[60.53612863524271, -142.7206047942588]
[60.569089928195844, -142.72099808591483]
[60.58568636101456, -142.7229467722489]
[60.624898483935546, -142.72341377822866]
[60.63648858959386, -142.72446808353337]
[60.636999249100946, -142.724781003899]
[60.66672378875088, -142.72552369591097]
[60.67095453216228, -142.72562127356645]
[60.68328713875706, -142.7257064756022]
[60.690640344267884, -142.72572333546609]
[60.71396902399042, -142.72610206610568]
[60.74341063207627, -142.72639765457038]
[105.02402862198241, -143.16268050178113]
[187.1521061219203, -144.35971701466926]
values
[-36.82928301493864, 60582.6394430629]
[-36.72071335342136, 60249.12773276552]
[-36.346554527762095, 59024.88775223605]
[-30.63826721414322, 44116.755446904535]
[-19.635168856779536, 26982.161869093026]
[-19.17146436880671, 26541.507135421376]
[-17.898868419772377, 25338.930445201036]
[-7.116160166113595, 16193.925504876097]
[-6.740403850699167, 15950.207025150861]
[-5.54448942397601, 15256.601186353935]
[-5.016409603058378, 14939.903856691903]
[1.3972392714689263, 11425.776866426955]
[1.631412481023439, 11320.149439612525]
[2.288278937081607, 11026.456689087103]
[3.033349227298622, 10700.08423059237]
[3.4430976219457463, 10523.066983579229]
[3.5935141587320842, 10458.947788122781]
[3.7839534850208807, 10378.25170557407]
[4.1259392240549815, 10234.36598590352]
[8.320527176813108, 8188.70132481487]
[19.757346427157778, 4620.910598366399]
[19.888309658182443, 4589.560734957399]
[21.44918182258433, 4201.571558373349]
[24.901495451311284, 3311.9046195857127]
[25.61689843889534, 3162.744434260488]
[27.02387893960931, 2893.204475944686]
[31.179800246531848, 2132.5780374495707]
[31.667932264625726, 2055.6646151383648]
[33.51582522695569, 1770.4768532328806]
[34.011184135334354, 1700.1537539456797]
[36.209214932074595, 1399.8679297928863]
[36.39486122326286, 1377.0537690841445]
[36.45387915349445, 1368.7218941702304]
[36.712753947196454, 1337.153022013427]
[36.74560652532825, 1332.6012694045148]
[36.99105700004208, 1302.1877311602352]
[37.24179882016961, 1230.3736732660793]
[38.00314672843434, 1175.878371632212]
[38.43205148323147, 1127.8371297565327]
[38.620119749821306, 1107.263797326943]
[38.80478902978515, 1082.3943559544898]
[39.610366920267346, 992.5326197490745]
[41.48178361214908, 793.2157842730226]
[41.63220214731707, 780.1365902372173]
[41.98381876754957, 742.0753811739314]
[42.57489689538583, 649.9372165866403]
[43.88335180313627, 567.6049111462769]
[44.656751797853836, 487.09698690149173]
[44.96887789598876, 475.1654332336826]
[45.785255238979765, 391.6247346433714]
[47.19174555725697, 298.1469015070934]
[48.641749771055466, 205.26767896233255]
[49.56765153380737, 156.74238349793612]
[50.15964941481476, 119.21053073447527]
[50.691281951222386, 96.49259677821527]
[51.22697260019937, 45.20129209561739]
[51.28868931978739, 42.694189076821914]
[51.5585250540887, 31.944687824572725]
[51.88775286884836, 23.247487244260327]
[52.439521502842176, 2.6356797419630027]
[52.82268374254348, -15.455999924733874]
[53.063644517551886, -20.92469809420068]
[53.267888288283565, -29.983178280292748]
[53.53853222883664, -38.32480790370809]
[53.75439864409379, -44.750833070330785]
[53.97555082222987, -49.1254214531628]
[54.18074023231248, -54.840874409255576]
[54.22685701775621, -58.081910202656886]
[54.332999827718034, -59.14467607065204]
[54.509058882700394, -66.53977907293718]
[54.61991694959881, -68.47973932707927]
[54.88598355389541, -73.61933619346928]
[54.96346953660129, -76.8186502920214]
[55.04791558161158, -77.56623167377333]
[55.06110008564496, -77.64060699264937]
[55.37294649359365, -84.14935291634455]
[55.42395164031473, -85.94793630626836]
[55.5434844254986, -90.89880906971828]
[55.58956239872415, -91.10021854263844]
[55.63424761430819, -91.27795217447476]
[55.70229387450808, -91.7742856776873]
[55.77841067649573, -92.5358374721167]
[55.79156058518772, -95.98945421550951]
[55.918735290143836, -96.90075783931263]
[55.92564351941707, -98.68643013238045]
[56.01999919410013, -100.46613995707195]
[56.03135418936113, -100.72302166506446]
[56.067756177676394, -102.02489087132383]
[56.12506908891444, -102.28532851319422]
[56.31220189553731, -105.9671997685556]
[56.320959339123526, -105.99451766601092]
[56.384155240726265, -107.71130224300703]
[56.489835539514466, -109.5165137291417]
[56.53567498284725, -110.29126201756566]
[56.55770085041102, -110.4225937149325]
[56.58610983022256, -110.58637920529767]
[56.73922442163366, -113.57962392820465]
[56.86286306762988, -115.43653992095119]
[56.89542402781111, -115.59524127393593]
[56.94181201870024, -116.39984952988868]
[56.94639451741927, -116.71374574990057]
[57.01510025524974, -117.7682602357757]
[57.08410115262125, -118.70047184220829]
[57.19161395489231, -120.27372684846166]
[57.29288091661058, -121.39619729489029]
[57.4041670197411, -123.07288183761986]
[57.51117243777188, -124.45539015151465]
[57.64765858675393, -126.05134079018136]
[57.66026564665642, -126.24564559191649]
[57.679811111178616, -126.4754547411233]
[57.72155281386603, -126.95058841277816]
[57.72609859651494, -126.99077296893604]
[57.784871903931126, -127.5859432266595]
[57.78955903601338, -127.73337647555744]
[57.85518171264702, -128.46494813018904]
[57.86495842943126, -128.54746658092245]
[57.89543144070523, -128.89895363280957]
[57.94603456273298, -129.41707671604323]
[57.966700511194865, -129.65562741194012]
[57.992166534174565, -129.92043333628433]
[58.00356589761342, -130.01941175002037]
[58.01679151863424, -130.17096265793705]
[58.03405968965142, -130.35185650881576]
[58.063252522630656, -130.609104048212]
[58.08958544342007, -130.8791298262899]
[58.10758639801876, -131.0164872579489]
[58.11519932126425, -131.16280530572956]
[58.1439857094338, -131.4448560664906]
[58.17277590508164, -131.72339113694105]
[58.22096569592559, -132.0530972711837]
[58.22344019412461, -132.1845342602252]
[58.284982104568975, -132.75421883444267]
[58.31431247551699, -132.95742282628365]
[58.31575955009149, -133.03307186320936]
[58.32423200023923, -133.06764762520024]
[58.359760342097324, -133.33273495117913]
[58.395032911635276, -133.73180964050783]
[58.43028046724326, -134.02070505936726]
[58.45822912543347, -134.24149476876198]
[58.50119769145241, -134.62708971281444]
[58.5637752513207, -135.12444171943332]
[58.603481073665115, -135.44388537537642]
[58.61118620810009, -135.50367483198724]
[58.63591763378883, -135.67376594031725]
[58.67130600166494, -135.97229223438828]
[58.67569912004766, -136.00060263643252]
[58.72647380812412, -136.35925803726025]
[58.7393539184905, -136.42391128305312]
[58.75707552847546, -136.59318122352923]
[58.77930705471646, -136.7456796267374]
[58.7812800626368, -136.75917711387066]
[58.79670307060217, -136.8670540793053]
[58.871847784765926, -137.01524056645036]
[58.879987298625515, -137.41921272839795]
[58.900532548510775, -137.5112869310732]
[58.90701032025556, -137.60876392093408]
[58.92244213523404, -137.7085656242747]
[58.96179031445836, -137.92951699850167]
[58.973598387974256, -138.0315519157605]
[58.98237639525673, -138.08687217052568]
[59.01468059602909, -138.26372579326852]
[59.05055487744229, -138.46398504799637]
[59.0544510124705, -138.52088234922087]
[59.05776828391662, -138.5413578368259]
[59.069723408840595, -138.5866218959888]
[59.081455028398786, -138.67764284775802]
[59.10049883206927, -138.7875580371056]
[59.13928532336397, -139.00500398708817]
[59.1536472688959, -139.0833615650044]
[59.190916107918646, -139.2849023792585]
[59.20204108779691, -139.33851451690225]
[59.20323188655775, -139.34966206450528]
[59.210958026242956, -139.39020706504607]
[59.21149653180438, -139.39340663198425]
[59.22083235478406, -139.44124030703]
[59.230653655864494, -139.48054528449572]
[59.2410763607863, -139.54595117917464]
[59.27869925196186, -139.7352009704138]
[59.28361081927144, -139.7539747772613]
[59.30062223495708, -139.77702117418852]
[59.331881953314614, -139.95964779481375]
[59.35095604626057, -140.08202986955368]
[59.36100804725877, -140.11671473376987]
[59.365210542718735, -140.14208098356391]
[59.37703111431906, -140.16607345872657]
[59.387500969195095, -140.24040529552678]
[59.389247493609396, -140.25662636817867]
[59.38998297358429, -140.2600145874341]
[59.39384300564553, -140.2658163471063]
[59.41565826844121, -140.3741015032118]
[59.42041114908147, -140.38628361821574]
[59.4365542961388, -140.46425899924242]
[59.44192603531794, -140.48663920537103]
[59.46127996783887, -140.56823105311975]
[59.479782906887245, -140.64629132446674]
[59.49985090700705, -140.72782918471577]
[59.52849996553176, -140.83636267970536]
[59.53497035365742, -140.86759598990807]
[59.542005083505124, -140.88509462980068]
[59.55944304921196, -140.96221924130228]
[59.56459658931883, -140.98037949850504]
[59.56768068403314, -140.99223946356082]
[59.57615568021203, -141.02400282168722]
[59.610509492154584, -141.148893454732]
[59.61807490310509, -141.17527687352646]
[59.630049463849296, -141.2175892440646]
[59.647463027782145, -141.25261494619684]
[59.656457717224306, -141.3097682660457]
[59.66119034404169, -141.3254715762366]
[59.663240402851976, -141.33130852131265]
[59.668331850584714, -141.34835264652415]
[59.66893248845356, -141.35146207655552]
[59.67675308790026, -141.37308948872254]
[59.68685238224544, -141.41048713950815]
[59.70751659883158, -141.41987250398788]
[59.7078813789112, -141.47307150306733]
[59.70803133354678, -141.47523710826363]
[59.71816204189074, -141.50796616931783]
[59.72122324905221, -141.5199054146794]
[59.72542351656109, -141.53250494287903]
[59.73058016090629, -141.5485137574686]
[59.73982316221815, -141.5765290705267]
[59.740957314938676, -141.5807473222997]
[59.74209147684571, -141.5849577550723]
[59.7451785931352, -141.58931904152698]
[59.750220471049, -141.6092042789892]
[59.75700055371281, -141.6297195585959]
[59.76730749405329, -141.65686942472334]
[59.76887984102458, -141.66360666183311]
[59.770097245118116, -141.6684494146054]
[59.78361406571087, -141.66998071916515]
[59.784544045544884, -141.7098228421558]
[59.78559540285607, -141.71301537004405]
[59.78912077752593, -141.7228986990195]
[59.792376579349146, -141.73254290123506]
[59.79545469426201, -141.7391493377172]
[59.79760425602894, -141.74697994737]
[59.79794033716238, -141.74723258988993]
[59.805897698294025, -141.75588698727364]
[59.811026564190534, -141.7821421307217]
[59.81360663761331, -141.79155939220615]
[59.82674986658828, -141.8260051277787]
[59.84153823886539, -141.86620321430647]
[59.841621400278235, -141.8669133902797]
[59.84277145231699, -141.86984682876903]
[59.84385187370504, -141.87276157841038]
[59.84650715752117, -141.87959031855326]
[59.847169420314636, -141.88071021767652]
[59.85475433538887, -141.89956085641364]
[59.85607278143204, -141.9041360454424]
[59.864067314817795, -141.92398672758233]
[59.865659846755314, -141.92881401363934]
[59.86793337019241, -141.9342460852549]
[59.86947329210569, -141.93771978912858]
[59.87048083027698, -141.94055200540453]
[59.87086699003955, -141.94188535183517]
[59.873597344260226, -141.94897157476282]
[59.87434700616337, -141.95070372117203]
[59.87941252476157, -141.96323810687434]
[59.881534048580356, -141.96851412012785]
[59.88276226083068, -141.97166316180673]
[59.8840050297948, -141.9717696564628]
[59.89492356719288, -142.00078291721582]
[59.8974781761948, -142.00689512865452]
[59.900141528993124, -142.01232122716473]
[59.901391058875255, -142.01628511551183]
[59.90854958641557, -142.0326495444657]
[59.91430037677542, -142.04725270773275]
[59.91721002516886, -142.05379824444722]
[59.91736596016886, -142.05406741331518]
[59.92306285077564, -142.06316530018304]
[59.92762444850201, -142.07771962106756]
[59.9297286155117, -142.0828049551524]
[59.934671869687726, -142.0922770421514]
[59.93546211931358, -142.095811413636]
[59.9377239509735, -142.10071457384998]
[59.93996019186623, -142.1051169560771]
[59.94009730599972, -142.10597850176956]
[59.941029178231965, -142.10748190398164]
[59.94523780124016, -142.117393861338]
[59.95097170273298, -142.13004125665404]
[59.95161845227032, -142.13110756133352]
[59.95344889942442, -142.13503019302024]
[59.96133718495475, -142.15240699752212]
[59.963524910727564, -142.15732198192643]
[59.971721259700736, -142.17111613876023]
[59.97326910521932, -142.17780644159703]
[59.97397284604383, -142.1788194263401]
[59.97529092228631, -142.18205350246677]
[59.976109035005145, -142.18384647808847]
[59.98252578336281, -142.19669832188129]
[59.98585223241705, -142.20394912885553]
[59.999199046754946, -142.23059833046878]
[59.999379170234484, -142.23074536816094]
[60.000534704400856, -142.2321900942259]
[60.001303937106165, -142.23503749651044]
[60.00505470293333, -142.24171262250127]
[60.00703928607005, -142.24638014862967]
[60.00838387138135, -142.24865149059517]
[60.0130101355441, -142.25790101555995]
[60.01377437138661, -142.2591166235554]
[60.01622081257562, -142.2639461549817]
[60.01945866552452, -142.27029073627605]
[60.02155553991452, -142.27381906328213]
[60.02465874252233, -142.2802047089535]
[60.02838603188024, -142.28690065705456]
[60.02934229690087, -142.2890885446514]
[60.030915383665366, -142.2913299942436]
[60.03261290450812, -142.29512107674574]
[60.03423211700132, -142.2980916947176]
[60.036298113694606, -142.30183877800897]
[60.03714920569136, -142.30189120512225]
[60.038027810579145, -142.30438859068792]
[60.03912204168501, -142.30700027106238]
[60.04170037720039, -142.3113884627714]
[60.04339952365499, -142.31173119663808]
[60.04582694287186, -142.31385684324349]
[60.05144600359575, -142.32871789787586]
[60.05355582275701, -142.33253848331526]
[60.05742701924142, -142.33996111177115]
[60.06000235144884, -142.34390578109569]
[60.06578671234089, -142.3496522001763]
[60.06897187439589, -142.35423168632468]
[60.070856713047014, -142.36241828834667]
[60.07270887455602, -142.36578977391574]
[60.07869284599156, -142.37169261560146]
[60.08076920153791, -142.37965510255637]
[60.0820234274811, -142.3799901716007]
[60.08215686631846, -142.38162341890634]
[60.082837054913576, -142.38281469103484]
[60.084814337659786, -142.38601106248376]
[60.08659319709859, -142.38892976102855]
[60.08885523461614, -142.39295601321518]
[60.089850613697685, -142.39424805801033]
[60.090061071016756, -142.39477386992203]
[60.090577299760376, -142.39583832211045]
[60.09231686860449, -142.3983037510993]
[60.09239594255356, -142.39838848288665]
[60.09412998887297, -142.40139775213717]
[60.09521177468074, -142.4033765244218]
[60.097991168197744, -142.40670076336974]
[60.09857740121105, -142.40833589515708]
[60.09989659251287, -142.41077184543227]
[60.101765690242836, -142.4133899843556]
[60.10529143287115, -142.41893112639835]
[60.105840912789326, -142.4201456750678]
[60.10732390664307, -142.4225470171117]
[60.110684266390145, -142.42729462011698]
[60.11216868560772, -142.42938620195844]
[60.11386956938538, -142.43092905728332]
[60.11455137344135, -142.43318765114577]
[60.11496354056772, -142.43389681053978]
[60.1164373787091, -142.43615673804288]
[60.117034807236315, -142.436992250469]
[60.11709710877687, -142.4370053188706]
[60.11818766979207, -142.43880132764585]
[60.12169063923847, -142.4413073818486]
[60.121711681299495, -142.44236149652906]
[60.12326193304023, -142.4468015665793]
[60.12444892724054, -142.44818097131179]
[60.12641584984636, -142.44959157605052]
[60.1266209977023, -142.45037221183455]
[60.12697404813279, -142.452128268792]
[60.12806737635115, -142.45312878973667]
[60.12826184091973, -142.4538176370181]
[60.12902473724896, -142.45531398216838]
[60.13148240284918, -142.45541734737677]
[60.131734771678204, -142.45810132590057]
[60.1328835959303, -142.46067633986198]
[60.13779966323171, -142.46771378785556]
[60.141805165666334, -142.4735232898855]
[60.14231097701657, -142.47413614086474]
[60.14368848306108, -142.47552076505076]
[60.1439809100001, -142.476749307759]
[60.14522694176741, -142.47824484729227]
[60.147523922299136, -142.48121526423955]
[60.15032345264441, -142.4853262183022]
[60.1510894198336, -142.48637375464511]
[60.151368586307434, -142.4870532820694]
[60.15295845237967, -142.487392082863]
[60.1535124806685, -142.48971517672]
[60.15367929501446, -142.48983297608052]
[60.1540210687507, -142.49042239330478]
[60.155138217502035, -142.49047231584962]
[60.15553961465981, -142.492157771116]
[60.15586918557921, -142.49283905495918]
[60.15670155421116, -142.4940631881949]
[60.159357748219044, -142.49777062992973]
[60.15941270833239, -142.49785525070595]
[60.16096594756136, -142.49864789042394]
[60.1623585815389, -142.5016641031774]
[60.16277349268491, -142.5023082717887]
[60.16367573832597, -142.5034643194514]
[60.16680991035188, -142.50443641989065]
[60.16739205481007, -142.50835519624897]
[60.169938270290125, -142.5116973301507]
[60.17136303213572, -142.51352606655962]
[60.172787802859254, -142.51534684634524]
[60.17401878095264, -142.5170119713031]
[60.175162119185394, -142.51849333332936]
[60.17842751774149, -142.51882829429115]
[60.17936879455775, -142.5238726255359]
[60.1806339702784, -142.5254319853352]
[60.18306498881021, -142.5284902291115]
[60.18428538038878, -142.53020966757092]
[60.18529129574281, -142.53134490127061]
[60.18585660710959, -142.53195111794653]
[60.186365269884995, -142.53259101982144]
[60.187209871757766, -142.53286645894073]
[60.187623306194176, -142.53422083352595]
[60.18928400129047, -142.53555106176023]
[60.1893280640139, -142.5362347784146]
[60.18955481279463, -142.53651687537862]
[60.190688031856446, -142.53718484607722]
[60.19197096644371, -142.53923419577495]
[60.19274440122296, -142.54040180994085]
[60.19528780653655, -142.54351892235806]
[60.1957964911686, -142.5441391235484]
[60.19770478153357, -142.54642889302616]
[60.19898993344038, -142.5477679376215]
[60.199288622015466, -142.54842545655717]
[60.20013768618413, -142.54941081453993]
[60.20279347945317, -142.55239656052228]
[60.20332434415335, -142.55302074606672]
[60.205983257046306, -142.5561114297494]
[60.206491966311994, -142.55670945100954]
[60.206529130417074, -142.5567206137175]
[60.20749012585747, -142.5578535679702]
[60.20764075314592, -142.55804296227197]
[60.207954122988205, -142.55834226640303]
[60.208946311187624, -142.55952147827344]
[60.209173080158045, -142.5597853898544]
[60.21019051459738, -142.56096710520677]
[60.21120795379556, -142.56214452668337]
[60.21272361610067, -142.5636361428134]
[60.21529095389672, -142.56543350904542]
[60.21543688663767, -142.56687268361063]
[60.21635753512583, -142.56775127431345]
[60.21760576342928, -142.5691376975716]
[60.21809983118819, -142.56954382464357]
[60.21877302627515, -142.57062821791985]
[60.21980207802944, -142.57154595178812]
[60.22241291127121, -142.5746182119813]
[60.22376680317523, -142.57526510175595]
[60.22492654061583, -142.57731905855476]
[60.22560296906625, -142.57808125893874]
[60.22621506326113, -142.5785347318297]
[60.22643712951865, -142.57895571684702]
[60.22701740134118, -142.57958556009163]
[60.2272606119085, -142.57988076533243]
[60.22763799447012, -142.58030373486122]
[60.22788591715818, -142.5805192020844]
[60.228521865489405, -142.58127070675528]
[60.22879307238001, -142.58150341098641]
[60.229208015295434, -142.5819407134624]
[60.229647706919614, -142.58231748706487]
[60.22984963661978, -142.5824809290683]
[60.230520838054595, -142.58315962325776]
[60.23087925135476, -142.58375149627705]
[60.23164549264121, -142.58455289664124]
[60.231676797504385, -142.58462504600982]
[60.23253990349111, -142.5854072362191]
[60.23257379744158, -142.58549249945068]
[60.232663030933345, -142.5856410915685]
[60.2334335557748, -142.58632146466365]
[60.23456611673425, -142.5874733931076]
[60.2350574285334, -142.58809684530732]
[60.23578212842674, -142.58878405794442]
[60.236963615262574, -142.59013475305497]
[60.2379418524664, -142.59067248314432]
[60.23884377546917, -142.59203753852012]
[60.23992316739743, -142.59302270502667]
[60.24027556679517, -142.59350097402395]
[60.240994709913515, -142.59417453012833]
[60.24203406794795, -142.5952897337843]
[60.2430516541533, -142.59633480689564]
[60.243436658576506, -142.59651171746142]
[60.24429142510565, -142.5974406198191]
[60.247362203662824, -142.59975133235153]
[60.24750755348068, -142.60075996022485]
[60.247961170998146, -142.60121614510587]
[60.24829879518655, -142.60154983984143]
[60.2500604160878, -142.60309135403682]
[60.25354807452262, -142.6064628796093]
[60.253962890592454, -142.60709686717436]
[60.25527584964079, -142.60836972655383]
[60.25589075637826, -142.60893995978014]
[60.25635322499476, -142.60919413369032]
[60.256431066902756, -142.60944469723344]
[60.25643804810827, -142.60949895063177]
[60.25778997790241, -142.61077259281038]
[60.25842853484418, -142.61130843261762]
[60.25846637680289, -142.61141113172192]
[60.2589361004028, -142.61170423030336]
[60.25897520725224, -142.6119000589466]
[60.25940160108754, -142.6123251508655]
[60.26050170573884, -142.61336040542454]
[60.26131804040249, -142.61370994841684]
[60.263491295275294, -142.61605104097904]
[60.26384779501965, -142.61643226780458]
[60.26414201274583, -142.6167285656638]
[60.266102121348915, -142.61813589061003]
[60.26887162218937, -142.62105356996594]
[60.27090812436524, -142.62282616541816]
[60.272864433964834, -142.62461588248934]
[60.27337329759687, -142.62507496295717]
[60.274899895631115, -142.62644577081508]
[60.27582837412442, -142.6272301827491]
[60.277368301454494, -142.6285877549904]
[60.27870290216649, -142.62959993262547]
[60.27905185895754, -142.63005922983422]
[60.2808348001651, -142.631572982469]
[60.28217577013513, -142.63271112367252]
[60.28357018841357, -142.63392833808]
[60.28479265587715, -142.63485823576417]
[60.28509233836102, -142.63519931872685]
[60.28629798524445, -142.6358939765769]
[60.28698284972183, -142.63678557234778]
[60.287547382463664, -142.63725768652213]
[60.28775900086327, -142.637417424258]
[60.28828121142255, -142.63784746474855]
[60.288420239695746, -142.63796451824965]
[60.289299011000246, -142.63870058759213]
[60.28981563479304, -142.63870845662083]
[60.29011159419293, -142.63924346825507]
[60.29038670556623, -142.63957591530098]
[60.2908586447838, -142.63997223219062]
[60.29130330267058, -142.6403381269954]
[60.291382223029224, -142.64039396985194]
[60.29176757434393, -142.6407013808743]
[60.29225961713045, -142.64111136121593]
[60.29279861538799, -142.64152032161923]
[60.29330026873864, -142.64191188869225]
[60.29399859121157, -142.64236762094026]
[60.2945775545462, -142.64297313317545]
[60.29508299148082, -142.64331040305177]
[60.29635219385819, -142.64430798611502]
[60.29674044113309, -142.64469490277526]
[60.299316219404666, -142.64669382700615]
[60.30097498738487, -142.64771505557573]
[60.30125218575207, -142.64824143364174]
[60.30145582453439, -142.6483199147424]
[60.30169464940534, -142.64858688483756]
[60.30194731096197, -142.64878292442748]
[60.302817284039826, -142.6494405286185]
[60.303699051846515, -142.65012506928898]
[60.30498768316256, -142.65107919741845]
[60.305158173490874, -142.6511710171669]
[60.30787391544076, -142.65325604833714]
[60.31024151807356, -142.65420094378337]
[60.31038214497111, -142.65433364900153]
[60.311697511860935, -142.6549275257374]
[60.312362220608556, -142.656570773862]
[60.312594527824565, -142.6567313606856]
[60.31311239265528, -142.65714259632728]
[60.31356557717515, -142.65738361425156]
[60.314031764182424, -142.65778563528633]
[60.31478227265995, -142.6583351353932]
[60.314899544243325, -142.65843014244163]
[60.316095487072566, -142.65929661121524]
[60.31675459764627, -142.65974334309647]
[60.3177150816308, -142.66027238018043]
[60.31810001816972, -142.6607194298536]
[60.31817850154402, -142.66076796319345]
[60.31962148193919, -142.66082975723373]
[60.319940493233055, -142.6620170102548]
[60.32022778460347, -142.66221705985927]
[60.320420656634305, -142.662328316415]
[60.32072638149001, -142.66251986154637]
[60.32190199811189, -142.66304234595285]
[60.3225107624415, -142.66364707639403]
[60.322771179358234, -142.66395943979228]
[60.32424790345684, -142.6649817991138]
[60.32505816224123, -142.66554427152124]
[60.32519846123969, -142.66555792930288]
[60.32674421497071, -142.6666673209856]
[60.32761572955125, -142.66725705113396]
[60.327774354198944, -142.6673758206687]
[60.328492608348604, -142.6678528895807]
[60.32965362581459, -142.6685910747783]
[60.330272671987906, -142.66875911010862]
[60.33209397776064, -142.6692960569974]
[60.33475112782322, -142.67163469264221]
[60.33547209893741, -142.67239207225776]
[60.336183112374506, -142.67285277159462]
[60.33675773700494, -142.67321532972844]
[60.33699006840897, -142.67335437526313]
[60.3381194258206, -142.67396694623764]
[60.33972465668432, -142.67503470064025]
[60.34055560522875, -142.6755866126073]
[60.34089041567501, -142.67579404141557]
[60.34114740426191, -142.6759263802255]
[60.341354786754444, -142.67606859415434]
[60.3419621751734, -142.6764130366858]
[60.34261740219552, -142.6768446541987]
[60.342875966477074, -142.6769679399622]
[60.34289516831367, -142.67701826775902]
[60.34358067369252, -142.67741948543483]
[60.345621395860896, -142.6783338249609]
[60.346228600980176, -142.67901852663027]
[60.34643334152373, -142.67913728402695]
[60.349805487282914, -142.6809875121005]
[60.35107157090048, -142.6818340900737]
[60.35154898883314, -142.6821026575327]
[60.35241691926317, -142.68261302820258]
[60.35300157542522, -142.6829580175997]
[60.353288909051365, -142.68312020397175]
[60.3535212568217, -142.6832446822094]
[60.35538989935298, -142.6838892182179]
[60.35578120728473, -142.68449360308773]
[60.35627671388159, -142.68479383138558]
[60.35730782222095, -142.6850238688514]
[60.357421892632466, -142.68542561762723]
[60.358712184166585, -142.6861255104924]
[60.35926861429683, -142.68643175263387]
[60.35974675857491, -142.6866324618473]
[60.360888831951335, -142.68727824248043]
[60.36155495244153, -142.68766271951043]
[60.361671130390825, -142.68772134187608]
[60.362129641919815, -142.68796718476008]
[60.36270433286223, -142.68827033944902]
[60.36300460828682, -142.68841613753935]
[60.363473119354246, -142.68865721673285]
[60.36471756462202, -142.68930291020044]
[60.36568808847813, -142.68983151472094]
[60.36681807636797, -142.69040153111433]
[60.366837490026874, -142.69042021245806]
[60.36754938659727, -142.69078442709707]
[60.36774901858485, -142.69085697049144]
[60.36799734585596, -142.69098487003316]
[60.368678552815474, -142.6913569898978]
[60.36982130074254, -142.69193200836105]
[60.37002082526369, -142.69202184648037]
[60.37018626193302, -142.69210643481992]
[60.37039601134885, -142.6922175520183]
[60.371545436953404, -142.6927847082519]
[60.37167061853045, -142.69284676690847]
[60.37211349051771, -142.69306533741926]
[60.37432945728583, -142.69387939436598]
[60.374531675068845, -142.69403399220755]
[60.3748717878132, -142.694363129169]
[60.37524123146189, -142.69458255891104]
[60.375472885108586, -142.69467705560223]
[60.375875353858156, -142.69486560421382]
[60.37595963726239, -142.69492378019066]
[60.37707153710341, -142.69543560303953]
[60.37766061341322, -142.6957272828755]
[60.37775699558842, -142.69575995673387]
[60.37808888661302, -142.69592811135257]
[60.3782316445292, -142.6959948904052]
[60.37882854750084, -142.69605515112417]
[60.37910869870064, -142.69637635387244]
[60.379524786035425, -142.6965922170259]
[60.38178913351093, -142.69762223700752]
[60.38222315896342, -142.69782373092187]
[60.3826827199152, -142.69800215200144]
[60.382685848820635, -142.69802442654185]
[60.383315311818414, -142.69829327295542]
[60.38407330881427, -142.69864713350583]
[60.38569369913068, -142.6993380596528]
[60.386643034029525, -142.69977508758564]
[60.3875044192667, -142.70014517731087]
[60.388854277747534, -142.70067524062932]
[60.389499681044605, -142.7008647133167]
[60.38969641080205, -142.70100317844617]
[60.39044305172215, -142.70138946459912]
[60.391200017306964, -142.70170064202054]
[60.39157416586972, -142.70181851922854]
[60.39249156016573, -142.70215798115453]
[60.39348428883398, -142.70263940216824]
[60.394294515399274, -142.70295658568028]
[60.394626433381355, -142.70310092328648]
[60.395197507851115, -142.70332971915434]
[60.39548433664705, -142.70344362592144]
[60.395771724557186, -142.7035572052462]
[60.39616270860669, -142.703681904244]
[60.39641199101316, -142.70376771837726]
[60.397574435949714, -142.70426117241604]
[60.39864957990981, -142.70447476325086]
[60.399241748896976, -142.70481318171898]
[60.39933209567675, -142.70494278940495]
[60.39966708706768, -142.7049650670195]
[60.40058044859, -142.70539085965768]
[60.40061129638185, -142.70542507559065]
[60.4011680403376, -142.7055598780037]
[60.40200191066463, -142.70584802359198]
[60.402607957143694, -142.70601244886805]
[60.40289566413238, -142.70627771409826]
[60.4034667597301, -142.70648759970862]
[60.40475783254512, -142.70695505420323]
[60.40531349538055, -142.70714237328986]
[60.406343611018166, -142.70733764468272]
[60.40809882594426, -142.7080627479104]
[60.4091309399928, -142.7084044502063]
[60.409834956615676, -142.7086500340044]
[60.41035422879968, -142.70889577537196]
[60.41105948271579, -142.70914464659236]
[60.412702001888, -142.70961159798452]
[60.4144933158617, -142.71027226251763]
[60.41498904175966, -142.71042254165414]
[60.41595514053672, -142.71048119506264]
[60.41671942831008, -142.7106765979317]
[60.416816835625546, -142.7109417865963]
[60.41701615150766, -142.7110716454797]
[60.418047541750205, -142.71137923670906]
[60.41829276905293, -142.71146419554492]
[60.41910308194918, -142.71170364490072]
[60.41943504036795, -142.71181227039816]
[60.41996718442892, -142.71194990364614]
[60.42024287104751, -142.71201739247235]
[60.42147391990546, -142.7120860613815]
[60.42172515196321, -142.71249270982503]
[60.42257700145512, -142.71273295771744]
[60.42334025300253, -142.71294762068644]
[60.424362827246604, -142.71322880460295]
[60.42454369210919, -142.71329544411105]
[60.42551252832117, -142.71354944751036]
[60.425741118820206, -142.71362624922477]
[60.42639176436226, -142.71378507418981]
[60.42664826832743, -142.71387409670876]
[60.426772683826805, -142.71391424287012]
[60.42678599244265, -142.7139215678255]
[60.42703951917445, -142.71392676165868]
[60.427923295798855, -142.71402226115399]
[60.42801204359768, -142.71417229870374]
[60.42842562081862, -142.71436035438632]
[60.43044969230841, -142.7148497167071]
[60.43073883876202, -142.71485711727593]
[60.43119122944368, -142.71493973449012]
[60.432124037962346, -142.71506279627272]
[60.432524927380406, -142.7154140660005]
[60.43320636026662, -142.71556850301602]
[60.435226125707665, -142.71597625181528]
[60.435971536653405, -142.71609751876125]
[60.43686147650694, -142.71646006227115]
[60.43703856626123, -142.71649729550919]
[60.437665297549636, -142.7166485470348]
[60.43989209473808, -142.71698789994542]
[60.440473781429695, -142.717225521409]
[60.44067184766799, -142.71729098666336]
[60.44112216605544, -142.7174132173946]
[60.44165942957846, -142.71751697271117]
[60.44166529915213, -142.7175288321954]
[60.44285374795792, -142.7177747827677]
[60.443428645099296, -142.71789340625202]
[60.4443265168969, -142.7180658249382]
[60.44494953203101, -142.71816640320793]
[60.447148490000764, -142.7183816942545]
[60.44722551955014, -142.718650188751]
[60.448176935090835, -142.7187533350309]
[60.44929495824615, -142.7188062169895]
[60.44974281407634, -142.71911746493328]
[60.45011281849785, -142.71917933439116]
[60.45040027933562, -142.71923948286005]
[60.45069303495823, -142.71928553446512]
[60.45132330615761, -142.71939523820242]
[60.451602185520194, -142.71940733721365]
[60.45202956401091, -142.71952051776182]
[60.452780005646126, -142.7196389625737]
[60.453360800097194, -142.71974436827261]
[60.45440536908061, -142.71991696682426]
[60.45814498809738, -142.72046877566044]
[60.45860164897095, -142.72056388599935]
[60.45914676587666, -142.72064173205746]
[60.45916115892626, -142.72064480707144]
[60.460383029290206, -142.7207909082748]
[60.46100728938375, -142.72089180636382]
[60.46104971562543, -142.7208989597333]
[60.462322285060345, -142.72107310725065]
[60.46293788786476, -142.72115819335608]
[60.46320180724924, -142.7211894432336]
[60.46344616690248, -142.7212189334678]
[60.463641255235125, -142.72124698915502]
[60.465281799797346, -142.72144049955796]
[60.46588538037451, -142.72150418480962]
[60.46595388431687, -142.7215249325948]
[60.466864942232455, -142.72160772643088]
[60.467020555158136, -142.72164591085078]
[60.46760081640242, -142.72171191334493]
[60.46814699970336, -142.72176884437278]
[60.469030619642744, -142.7218424010086]
[60.46955693816523, -142.7218797121466]
[60.46966352356545, -142.7218948528224]
[60.470399905649366, -142.72199965147132]
[60.4713682431148, -142.72209212748433]
[60.47182502355104, -142.7221370457796]
[60.47265283407011, -142.72221037933105]
[60.473315459078854, -142.72223043636302]
[60.473743031076246, -142.72226361780514]
[60.47406279510147, -142.72230182167453]
[60.47420919419435, -142.72234623131405]
[60.47490578496548, -142.7224010287783]
[60.475995989086066, -142.72244841082392]
[60.47662959479215, -142.7225362120953]
[60.478484021677126, -142.7226017320777]
[60.479765548143625, -142.722691936942]
[60.47985123481285, -142.7227503286235]
[60.480139290212044, -142.72277088848907]
[60.48071315728263, -142.7228021936223]
[60.48143426888124, -142.72284341790052]
[60.48452573093359, -142.72298276641632]
[60.48479679360582, -142.72300222418605]
[60.486818348026425, -142.7230789235736]
[60.48835135819821, -142.7230876276716]
[60.48877774552657, -142.72310606026622]
[60.488990939706845, -142.72311478304252]
[60.48902132267039, -142.72313975616947]
[60.489714255409844, -142.7231565448404]
[60.49368543927444, -142.72320991017207]
[60.624898483935546, -142.72341377822866]
[60.63648858959386, -142.72446808353337]
[60.636999249100946, -142.724781003899]
[60.63792105980868, -142.72489119046512]
[60.643635835743176, -142.72517183243016]
[60.66672378875088, -142.72552369591097]
[60.67095453216228, -142.72562127356645]
[60.68328713875706, -142.7257064756022]
[60.690640344267884, -142.72572333546609]
[60.71396902399042, -142.72610206610568]
[60.74341063207627, -142.72639765457038]
[105.02402862198241, -143.16268050178113]
[187.1521061219203, -144.35971701466926]
values
[-38.88028531786652, 68171.00162816061]
[-38.72764223534933, 67533.23027837323]
[-38.69601577641875, 67402.47044489889]
[-38.67600458459448, 67321.33198411959]
[-38.64414478147076, 67190.78607580221]
[-38.471423337660795, 66435.47298271605]
[-38.30948462000957, 65806.24814897346]
[-38.14414109773735, 65180.16876322049]
[-38.107897491912425, 65046.54522834682]
[-38.03202052476637, 64764.53327837931]
[-37.863050519282986, 64148.94340414981]
[-37.79615892016449, 63908.450927075355]
[-37.73589563494877, 63697.39740586702]
[-37.52240456196854, 62955.861655542176]
[-37.40637263641348, 62558.12144204511]
[-37.35428430079253, 62277.332834789224]
[-37.28890407690214, 62161.71331735289]
[-36.82928301493864, 60582.6394430629]
[-36.72071335342136, 60249.12773276552]
[-36.346554527762095, 59024.88775223605]
[-30.63826721414322, 44116.755446904535]
[-19.635168856779536, 26982.161869093026]
[-19.17146436880671, 26541.507135421376]
[-17.898868419772377, 25338.930445201036]
[-11.133895907384478, 18779.901834163822]
[-9.95694789831736, 17980.648166123196]
[-9.169481127671794, 17475.663338224764]
[-8.760440168164202, 17199.543459303215]
[-8.248803517978203, 16873.798698221228]
[-8.23213160650861, 16858.33324882162]
[-8.154851407680361, 16815.834037343557]
[-7.811422326561342, 16604.590534000115]
[-7.5718212729225485, 16458.376025914862]
[-7.394123799099241, 16351.193309590682]
[-7.116160166113595, 16193.925504876097]
[-6.740403850699167, 15950.207025150861]
[-6.596583583638399, 15875.453636370512]
[-6.220498040724834, 15645.249523889122]
[-5.69724685693857, 15343.375809647649]
[-5.54448942397601, 15256.601186353935]
[-5.016409603058378, 14939.903856691903]
[1.3972392714689263, 11425.776866426955]
[1.631412481023439, 11320.149439612525]
[2.288278937081607, 11026.456689087103]
[3.033349227298622, 10700.08423059237]
[3.4430976219457463, 10523.066983579229]
[3.5935141587320842, 10458.947788122781]
[3.7839534850208807, 10378.25170557407]
[4.1259392240549815, 10234.36598590352]
[8.320527176813108, 8188.70132481487]
[19.757346427157778, 4620.910598366399]
[19.888309658182443, 4589.560734957399]
[21.44918182258433, 4201.571558373349]
[24.901495451311284, 3311.9046195857127]
[25.61689843889534, 3162.744434260488]
[27.02387893960931, 2893.204475944686]
[31.179800246531848, 2132.5780374495707]
[31.667932264625726, 2055.6646151383648]
[33.51582522695569, 1770.4768532328806]
[34.011184135334354, 1700.1537539456797]
[36.209214932074595, 1399.8679297928863]
[36.39486122326286, 1377.0537690841445]
[36.45387915349445, 1368.7218941702304]
[36.712753947196454, 1337.153022013427]
[36.74560652532825, 1332.6012694045148]
[36.99105700004208, 1302.1877311602352]
[37.24179882016961, 1230.3736732660793]
[38.00314672843434, 1175.878371632212]
[38.43205148323147, 1127.8371297565327]
[38.620119749821306, 1107.263797326943]
[38.80478902978515, 1082.3943559544898]
[39.610366920267346, 992.5326197490745]
[41.48178361214908, 793.2157842730226]
[41.63220214731707, 780.1365902372173]
[41.98381876754957, 742.0753811739314]
[42.57489689538583, 649.9372165866403]
[43.88335180313627, 567.6049111462769]
[44.656751797853836, 487.09698690149173]
[44.96887789598876, 475.1654332336826]
[45.785255238979765, 391.6247346433714]
[47.19174555725697, 298.1469015070934]
[48.641749771055466, 205.26767896233255]
[49.56765153380737, 156.74238349793612]
[50.15964941481476, 119.21053073447527]
[50.691281951222386, 96.49259677821527]
[51.22697260019937, 45.20129209561739]
[51.28868931978739, 42.694189076821914]
[51.498128457294236, 34.27148333415738]
[51.5585250540887, 31.944687824572725]
[51.88775286884836, 23.247487244260327]
[52.0573992175707, 12.821502654291862]
[52.439521502842176, 2.6356797419630027]
[52.73588627330924, -12.537254153599122]
[52.82268374254348, -15.455999924733874]
[52.916866127115334, -18.585122457293295]
[52.91705639341746, -18.59118973979703]
[53.063644517551886, -20.92469809420068]
[53.20606223479776, -27.948062200628684]
[53.267888288283565, -29.983178280292748]
[53.42594323616614, -34.85571232079961]
[53.46444641068012, -36.07572479529286]
[53.53853222883664, -38.32480790370809]
[53.57269588721035, -39.35952296073475]
[53.75439864409379, -44.750833070330785]
[53.936257544580535, -49.999359668616805]
[53.93644870709978, -50.004614501408184]
[53.98140910225795, -52.30066243248079]
[54.0291055864754, -52.659599097314796]
[54.18074023231248, -54.840874409255576]
[54.22685701775621, -58.081910202656886]
[54.26428320911271, -60.087921659711924]
[54.438770626010545, -64.71814310321173]
[54.509058882700394, -66.53977907293718]
[54.552673725579076, -68.11877677530062]
[54.61991694959881, -68.47973932707927]
[54.62124455251345, -69.39750101244803]
[54.88598355389541, -73.61933619346928]
[54.89712107744858, -76.22309181152562]
[54.91282589196273, -76.56906969884436]
[54.96346953660129, -76.8186502920214]
[55.00612046297986, -78.81490244656581]
[55.11517539942417, -81.35522370614828]
[55.29036284890132, -85.33747381107185]
[55.42395164031473, -85.94793630626836]
[55.5434844254986, -90.89880906971828]
[55.580222421863205, -91.99699586039135]
[55.722688569329044, -94.93619355619951]
[55.79156058518772, -95.98945421550951]
[55.918735290143836, -96.90075783931263]
[55.92564351941707, -98.68643013238045]
[55.98101182512017, -99.69594790557667]
[56.01999919410013, -100.46613995707195]
[56.03135418936113, -100.72302166506446]
[56.067756177676394, -102.02489087132383]
[56.12506908891444, -102.28532851319422]
[56.15595113414805, -103.65379121917599]
[56.31220189553731, -105.9671997685556]
[56.320959339123526, -105.99451766601092]
[56.332016916732876, -106.81479178678904]
[56.33991913334801, -106.94182125936118]
[56.384155240726265, -107.71130224300703]
[56.489835539514466, -109.5165137291417]
[56.53567498284725, -110.29126201756566]
[56.55770085041102, -110.4225937149325]
[56.58610983022256, -110.58637920529767]
[56.73922442163366, -113.57962392820465]
[56.86286306762988, -115.43653992095119]
[56.89542402781111, -115.59524127393593]
[56.94181201870024, -116.39984952988868]
[56.94639451741927, -116.71374574990057]
[57.01510025524974, -117.7682602357757]
[57.08410115262125, -118.70047184220829]
[57.164454852941354, -119.87059615819535]
[57.19161395489231, -120.27372684846166]
[57.29288091661058, -121.39619729489029]
[57.4041670197411, -123.07288183761986]
[57.51117243777188, -124.45539015151465]
[57.527108968971525, -124.64985975897564]
[57.64765858675393, -126.05134079018136]
[57.65924474297828, -126.23278954374928]
[57.66026564665642, -126.24564559191649]
[57.679811111178616, -126.4754547411233]
[57.72155281386603, -126.95058841277816]
[57.72573371605636, -126.9864604394999]
[57.72609859651494, -126.99077296893604]
[57.752603504871736, -127.31581807265827]
[57.752968435513786, -127.32008478923734]
[57.76658728779585, -127.48554342664718]
[57.784871903931126, -127.5859432266595]
[57.78955903601338, -127.73337647555744]
[57.85518171264702, -128.46494813018904]
[57.86495842943126, -128.54746658092245]
[57.89543144070523, -128.89895363280957]
[57.94603456273298, -129.41707671604323]
[57.966700511194865, -129.65562741194012]
[57.992166534174565, -129.92043333628433]
[58.00356589761342, -130.01941175002037]
[58.01679151863424, -130.17096265793705]
[58.02846359477689, -130.29387962442604]
[58.0298517727469, -130.3088518041417]
[58.03405968965142, -130.35185650881576]
[58.047822170216755, -130.49102559718435]
[58.05464142168436, -130.56475520563447]
[58.063252522630656, -130.609104048212]
[58.08958544342007, -130.8791298262899]
[58.10758639801876, -131.0164872579489]
[58.11519932126425, -131.16280530572956]
[58.12234609311505, -131.23412488538435]
[58.1439857094338, -131.4448560664906]
[58.15812069883379, -131.58128276637913]
[58.164943667663884, -131.65161354771226]
[58.17277590508164, -131.72339113694105]
[58.22096569592559, -132.0530972711837]
[58.22344019412461, -132.1845342602252]
[58.23268220469968, -132.2896516164694]
[58.2490966470755, -132.44112521970098]
[58.284982104568975, -132.75421883444267]
[58.31431247551699, -132.95742282628365]
[58.31575955009149, -133.03307186320936]
[58.32423200023923, -133.06764762520024]
[58.329416211126734, -133.16392469740742]
[58.34307386719755, -133.29387977070306]
[58.359760342097324, -133.33273495117913]
[58.395032911635276, -133.73180964050783]
[58.41788142088431, -133.94571507781012]
[58.425825807750904, -133.99641410489056]
[58.426191894052984, -133.99961656489864]
[58.43028046724326, -134.02070505936726]
[58.45352108060846, -134.24686616699026]
[58.500843932683715, -134.62438025083742]
[58.50119769145241, -134.62708971281444]
[58.5637752513207, -135.12444171943332]
[58.603481073665115, -135.44388537537642]
[58.61118620810009, -135.50367483198724]
[58.61136941052583, -135.50513008235183]
[58.611552613113865, -135.5065851847698]
[58.631884624335264, -135.67388315496555]
[58.67130600166494, -135.97229223438828]
[58.67569912004766, -136.00060263643252]
[58.686084458879186, -136.07191933614996]
[58.699766049289316, -136.18007332003415]
[58.702532360992, -136.19251016301612]
[58.71406898496857, -136.28733324141047]
[58.71621504752358, -136.29966695422831]
[58.721400547631454, -136.3306819104104]
[58.72647380812412, -136.35925803726025]
[58.7393539184905, -136.42391128305312]
[58.742476805177496, -136.49340503980355]
[58.755072128648884, -136.58064066923987]
[58.75707552847546, -136.59318122352923]
[58.77152522189372, -136.69646871722085]
[58.77930705471646, -136.7456796267374]
[58.7812800626368, -136.75917711387066]
[58.79670307060217, -136.8670540793053]
[58.81039209573682, -136.96845687295752]
[58.81315916273589, -136.98011494049658]
[58.826849283992225, -137.08052189304414]
[58.879987298625515, -137.41921272839795]
[58.894790213000356, -137.53200305498885]
[58.90701032025556, -137.60876392093408]
[58.907377233238016, -137.61121000655345]
[58.92107369309745, -137.705870921631]
[58.92244213523404, -137.7085656242747]
[58.96179031445836, -137.92951699850167]
[58.973598387974256, -138.0315519157605]
[58.98237639525673, -138.08687217052568]
[58.98904349481331, -138.13087225933754]
[59.01468059602909, -138.26372579326852]
[59.01533848055062, -138.29424027443292]
[59.018106946786965, -138.30445861556703]
[59.03181084137122, -138.39238732259412]
[59.05055487744229, -138.46398504799637]
[59.0544510124705, -138.52088234922087]
[59.05776828391662, -138.5413578368259]
[59.069723408840595, -138.5866218959888]
[59.07350930615187, -138.6323213548972]
[59.081455028398786, -138.67764284775802]
[59.092960170798314, -138.744563315988]
[59.10049883206927, -138.7875580371056]
[59.11101728017898, -138.84691505295868]
[59.13928532336397, -139.00500398708817]
[59.1536472688959, -139.0833615650044]
[59.16783882156444, -139.16143268829447]
[59.18319066678678, -139.24371952712227]
[59.18432237565718, -139.24932470025263]
[59.19006765399184, -139.2750837568106]
[59.190916107918646, -139.2849023792585]
[59.20204108779691, -139.33851451690225]
[59.20323188655775, -139.34966206450528]
[59.20378301822796, -139.35263723160637]
[59.21064107348432, -139.39108089122473]
[59.21149653180438, -139.39340663198425]
[59.22083235478406, -139.44124030703]
[59.230653655864494, -139.48054528449572]
[59.23334916652261, -139.50636811176742]
[59.2410763607863, -139.54595117917464]
[59.27869925196186, -139.7352009704138]
[59.28361081927144, -139.7539747772613]
[59.295190996075654, -139.8156110671258]
[59.331881953314614, -139.95964779481375]
[59.34424239464466, -140.05021895113845]
[59.35095604626057, -140.08202986955368]
[59.36100804725877, -140.11671473376987]
[59.365210542718735, -140.14208098356391]
[59.37703111431906, -140.16607345872657]
[59.387500969195095, -140.24040529552678]
[59.389247493609396, -140.25662636817867]
[59.389615233272245, -140.25832077064865]
[59.38998297358429, -140.2600145874341]
[59.39384300564553, -140.2658163471063]
[59.4061151674072, -140.33126099359927]
[59.41565826844121, -140.3741015032118]
[59.42041114908147, -140.38628361821574]
[59.431362509233885, -140.4379410521538]
[59.4365542961388, -140.46425899924242]
[59.43868761156467, -140.4738338241599]
[59.44192603531794, -140.48663920537103]
[59.46127996783887, -140.56823105311975]
[59.479782906887245, -140.64629132446674]
[59.484079848816585, -140.6642918437884]
[59.49985090700705, -140.72782918471577]
[59.50058676549569, -140.73087467652726]
[59.52849996553176, -140.83636267970536]
[59.53497035365742, -140.86759598990807]
[59.53533834300561, -140.86906442069358]
[59.542005083505124, -140.88509462980068]
[59.55944304921196, -140.96221924130228]
[59.56250315554701, -140.97224659866941]
[59.563165595635674, -140.97497241572432]
[59.56420055398963, -140.97947813631177]
[59.56459658931883, -140.98037949850504]
[59.56768068403314, -140.99223946356082]
[59.568733320734914, -140.99444866191868]
[59.573255491513216, -141.01317329756134]
[59.57615568021203, -141.02400282168722]
[59.606787050402296, -141.13590147430057]
[59.610509492154584, -141.148893454732]
[59.61161384863221, -141.1529475983191]
[59.617384970134445, -141.17040275148256]
[59.61807490310509, -141.17527687352646]
[59.626300234001924, -141.20579409737982]
[59.62769918044807, -141.2109821389059]
[59.630049463849296, -141.2175892440646]
[59.647463027782145, -141.25261494619684]
[59.656457717224306, -141.3097682660457]
[59.65704151315186, -141.31123974473488]
[59.66119034404169, -141.3254715762366]
[59.663240402851976, -141.33130852131265]
[59.668331850584714, -141.34835264652415]
[59.66893248845356, -141.35146207655552]
[59.67675308790026, -141.37308948872254]
[59.67979426947671, -141.38575816624672]
[59.68685238224544, -141.41048713950815]
[59.6896510967162, -141.42012510292705]
[59.689784638993395, -141.42055205353904]
[59.701344364254545, -141.45771662180204]
[59.7078813789112, -141.47307150306733]
[59.70803133354678, -141.47523710826363]
[59.71816204189074, -141.50796616931783]
[59.71900152049195, -141.5130374556148]
[59.71981717569498, -141.51630823978428]
[59.72122324905221, -141.5199054146794]
[59.72542351656109, -141.53250494287903]
[59.72682943943263, -141.53809772030579]
[59.728256419829, -141.54267941627182]
[59.72838499387684, -141.54308570576578]
[59.72899643939042, -141.54473134959431]
[59.73058016090629, -141.5485137574686]
[59.73982316221815, -141.5765290705267]
[59.73992435061039, -141.5784386427673]
[59.740957314938676, -141.5807473222997]
[59.74209147684571, -141.5849577550723]
[59.7451785931352, -141.58931904152698]
[59.750220471049, -141.6092042789892]
[59.751620249104626, -141.61364564988662]
[59.75700055371281, -141.6297195585959]
[59.759510158033756, -141.63730081021606]
[59.76730749405329, -141.65686942472334]
[59.76814690038996, -141.66230785992857]
[59.76887984102458, -141.66360666183311]
[59.770097245118116, -141.6684494146054]
[59.770980565387966, -141.6710046324214]
[59.7826780873099, -141.7047410432343]
[59.784544045544884, -141.7098228421558]
[59.78559540285607, -141.71301537004405]
[59.78912077752593, -141.7228986990195]
[59.79091076913166, -141.72672806037482]
[59.792376579349146, -141.73254290123506]
[59.79545469426201, -141.7391493377172]
[59.79760425602894, -141.74697994737]
[59.79794033716238, -141.74723258988993]
[59.80190749911507, -141.75928661272027]
[59.811026564190534, -141.7821421307217]
[59.81360663761331, -141.79155939220615]
[59.82136059009304, -141.81268501193853]
[59.82570537887779, -141.82454133783156]
[59.82674986658828, -141.8260051277787]
[59.82733883541233, -141.8289002624088]
[59.84078422154108, -141.8645504734803]
[59.84153823886539, -141.86620321430647]
[59.841621400278235, -141.8669133902797]
[59.84277145231699, -141.86984682876903]
[59.84385187370504, -141.87276157841038]
[59.844539478741275, -141.87449650294192]
[59.844873562290736, -141.87535703142836]
[59.84650715752117, -141.87959031855326]
[59.847169420314636, -141.88071021767652]
[59.85332647716216, -141.8974209371065]
[59.85475433538887, -141.89956085641364]
[59.85607278143204, -141.9041360454424]
[59.85624084286378, -141.9047551205124]
[59.85712450041397, -141.90700471269486]
[59.859145701132555, -141.91011630081613]
[59.86390788373986, -141.92454059691536]
[59.865659846755314, -141.92881401363934]
[59.86793337019241, -141.9342460852549]
[59.86947329210569, -141.93771978912858]
[59.87048083027698, -141.94055200540453]
[59.87086699003955, -141.94188535183517]
[59.873597344260226, -141.94897157476282]
[59.87434700616337, -141.95070372117203]
[59.87643465346665, -141.9552762443993]
[59.87941252476157, -141.96323810687434]
[59.881534048580356, -141.96851412012785]
[59.88276226083068, -141.97166316180673]
[59.8832327108583, -141.9727379389348]
[59.88334661061855, -141.97305878069807]
[59.88341094321374, -141.97322058199688]
[59.88408308433586, -141.97488887305084]
[59.88744505966692, -141.98317308151363]
[59.891335932543605, -141.99250570048596]
[59.892731454502616, -141.99563997318026]
[59.89492356719288, -142.00078291721582]
[59.895048202595525, -142.00164223360275]
[59.89611163035135, -142.0032582922517]
[59.89681582595944, -142.00586250936877]
[59.8974781761948, -142.00689512865452]
[59.900141528993124, -142.01232122716473]
[59.901391058875255, -142.01628511551183]
[59.90661853810156, -142.0292018750398]
[59.90708065294907, -142.03008780224744]
[59.907435558083726, -142.031117289057]
[59.90854958641557, -142.0326495444657]
[59.91430037677542, -142.04725270773275]
[59.91721002516886, -142.05379824444722]
[59.91736596016886, -142.05406741331518]
[59.92306285077564, -142.06316530018304]
[59.92762444850201, -142.07771962106756]
[59.9297286155117, -142.0828049551524]
[59.934671869687726, -142.0922770421514]
[59.93546211931358, -142.095811413636]
[59.93749743499361, -142.1003351095417]
[59.9377239509735, -142.10071457384998]
[59.937838476837236, -142.10108846737242]
[59.93996019186623, -142.1051169560771]
[59.94009730599972, -142.10597850176956]
[59.941029178231965, -142.10748190398164]
[59.94506538152874, -142.11713578421296]
[59.94519408299508, -142.11742653593006]
[59.95097170273298, -142.13004125665404]
[59.95161845227032, -142.13110756133352]
[59.95344889942442, -142.13503019302024]
[59.956216279176765, -142.13786224334484]
[59.95658498459347, -142.1386848674108]
[59.95694116048613, -142.14321781240753]
[59.957757980913634, -142.14496822076896]
[59.96133718495475, -142.15240699752212]
[59.963524910727564, -142.15732198192643]
[59.96473011442979, -142.15970435618007]
[59.96668530133197, -142.16346533229128]
[59.968380604543576, -142.16761155172384]
[59.968581163789956, -142.16802904111614]
[59.96878172320974, -142.16844637315165]
[59.971721259700736, -142.17111613876023]
[59.97326910521932, -142.17780644159703]
[59.97397284604383, -142.1788194263401]
[59.97529092228631, -142.18205350246677]
[59.976109035005145, -142.18384647808847]
[59.976139928510484, -142.18388378016846]
[59.97634950133139, -142.18429252239676]
[59.98048776515835, -142.19299158596044]
[59.98252578336281, -142.19669832188129]
[59.9847776893124, -142.20126181722404]
[59.98497413499398, -142.20165020015753]
[59.98585223241705, -142.20394912885553]
[59.99906532659656, -142.23049500982714]
[59.999199046754946, -142.23059833046878]
[59.999379170234484, -142.23074536816094]
[59.99953549541349, -142.23155700250345]
[59.99960235762722, -142.23168790577634]
[59.99966921986027, -142.2318187915744]
[60.000534704400856, -142.2321900942259]
[60.001303937106165, -142.23503749651044]
[60.00505470293333, -142.24171262250127]
[60.00703928607005, -142.24638014862967]
[60.00838387138135, -142.24865149059517]
[60.01137868741842, -142.25475711290105]
[60.0130101355441, -142.25790101555995]
[60.01377437138661, -142.2591166235554]
[60.01622081257562, -142.2639461549817]
[60.01820084792346, -142.268007035713]
[60.01871857937474, -142.26891415274042]
[60.01880902586853, -142.26917976623756]
[60.01945866552452, -142.27029073627605]
[60.02155553991452, -142.27381906328213]
[60.02465874252233, -142.2802047089535]
[60.02838603188024, -142.28690065705456]
[60.02934229690087, -142.2890885446514]
[60.03042724657431, -142.29109309756953]
[60.03049411786176, -142.29121579775807]
[60.03050377765204, -142.2912456312786]
[60.03056098916847, -142.29133848048093]
[60.03082847458834, -142.2918290367164]
[60.031512201388814, -142.2930930000143]
[60.03261290450812, -142.29512107674574]
[60.03423211700132, -142.2980916947176]
[60.036298113694606, -142.30183877800897]
[60.03714920569136, -142.30189120512225]
[60.03798810220298, -142.3050621896944]
[60.038415862007334, -142.30578369375434]
[60.03912204168501, -142.30700027106238]
[60.04170037720039, -142.3113884627714]
[60.04255128347379, -142.3134327677327]
[60.04485836360413, -142.31746618293516]
[60.0486233392137, -142.3242883696472]
[60.05144600359575, -142.32871789787586]
[60.05355582275701, -142.33253848331526]
[60.05530908822799, -142.33618116022424]
[60.05742701924142, -142.33996111177115]
[60.06000235144884, -142.34390578109569]
[60.06145703113456, -142.34700747435247]
[60.06172455284959, -142.34746523575436]
[60.06462520847223, -142.35208787082516]
[60.06897187439589, -142.35423168632468]
[60.06919795708361, -142.3602540684488]
[60.0693354108218, -142.3604541228255]
[60.06945550589061, -142.36070367619192]
[60.070856713047014, -142.36241828834667]
[60.07185007479938, -142.36460804910084]
[60.07270887455602, -142.36578977391574]
[60.07316972499371, -142.36703669304276]
[60.07507251173303, -142.3702187264704]
[60.07869284599156, -142.37169261560146]
[60.08076920153791, -142.37965510255637]
[60.0820234274811, -142.3799901716007]
[60.08215686631846, -142.38162341890634]
[60.082837054913576, -142.38281469103484]
[60.084814337659786, -142.38601106248376]
[60.08554954014205, -142.3876567306898]
[60.08659319709859, -142.38892976102855]
[60.08885523461614, -142.39295601321518]
[60.089850613697685, -142.39424805801033]
[60.090061071016756, -142.39477386992203]
[60.09032998332945, -142.3955638686705]
[60.090577299760376, -142.39583832211045]
[60.09231686860449, -142.3983037510993]
[60.09235734575855, -142.39882781803854]
[60.092424235232194, -142.39893409021673]
[60.092558014237234, -142.39914658223202]
[60.09304125929999, -142.3999233659566]
[60.09345159912818, -142.40030662628376]
[60.09412998887297, -142.40139775213717]
[60.09521177468074, -142.4033765244218]
[60.097991168197744, -142.40670076336974]
[60.09857740121105, -142.40833589515708]
[60.0985780252122, -142.40868491629936]
[60.09989659251287, -142.41077184543227]
[60.100949544071035, -142.41253978882418]
[60.101765690242836, -142.4133899843556]
[60.10209274954901, -142.41408378604797]
[60.10284895176019, -142.4155099566183]
[60.10529074704019, -142.41929075999505]
[60.105631617839414, -142.41989367307264]
[60.105840912789326, -142.4201456750678]
[60.10732390664307, -142.4225470171117]
[60.110684266390145, -142.42729462011698]
[60.11216868560772, -142.42938620195844]
[60.11386956938538, -142.43092905728332]
[60.11455137344135, -142.43318765114577]
[60.11496354056772, -142.43389681053978]
[60.11579407923396, -142.43545245846337]
[60.1164373787091, -142.43615673804288]
[60.11679751243657, -142.43664513971953]
[60.117034807236315, -142.436992250469]
[60.11709710877687, -142.4370053188706]
[60.117475972688034, -142.4376728420449]
[60.11818766979207, -142.43880132764585]
[60.118456639558325, -142.43953647197108]
[60.12169063923847, -142.4413073818486]
[60.121711681299495, -142.44236149652906]
[60.12326193304023, -142.4468015665793]
[60.12352952734562, -142.4471937907871]
[60.12444892724054, -142.44818097131179]
[60.12543273833858, -142.4499933232951]
[60.125956997519786, -142.45060070253032]
[60.12697404813279, -142.452128268792]
[60.12806737635115, -142.45312878973667]
[60.12826184091973, -142.4538176370181]
[60.12902473724896, -142.45531398216838]
[60.13148240284918, -142.45541734737677]
[60.131734771678204, -142.45810132590057]
[60.13196447890524, -142.45961225463114]
[60.1328835959303, -142.46067633986198]
[60.135111657165744, -142.4641147444685]
[60.13551306952538, -142.46468421006725]
[60.13779966323171, -142.46771378785556]
[60.138494940696496, -142.46901574743512]
[60.13919112008204, -142.47002195484782]
[60.140940275336426, -142.47246394656702]
[60.14098481368621, -142.47253938384014]
[60.141805165666334, -142.4735232898855]
[60.14231097701657, -142.47413614086474]
[60.14245561828967, -142.47460794720618]
[60.14368848306108, -142.47552076505076]
[60.1439809100001, -142.476749307759]
[60.14477583329455, -142.47765425815166]
[60.14522694176741, -142.47824484729227]
[60.14604270550432, -142.4795702732747]
[60.146586823695266, -142.4803354809398]
[60.1466756343731, -142.48058921665313]
[60.147523922299136, -142.48121526423955]
[60.149162879845086, -142.48403125786393]
[60.149608919879704, -142.4845590801983]
[60.15032345264441, -142.4853262183022]
[60.1510894198336, -142.48637375464511]
[60.151368586307434, -142.4870532820694]
[60.15232842598147, -142.48808761482553]
[60.153487438696125, -142.49000233694233]
[60.1540210687507, -142.49042239330478]
[60.15417079297985, -142.49093078502554]
[60.155212782173045, -142.49231753376802]
[60.15565778917455, -142.49293282954335]
[60.15620807825763, -142.49367670127248]
[60.15670155421116, -142.4940631881949]
[60.158057357498855, -142.49594418338137]
[60.159357748219044, -142.49777062992973]
[60.15941270833239, -142.49785525070595]
[60.160820267117266, -142.49797295837203]
[60.16096594756136, -142.49864789042394]
[60.16165094404332, -142.50093774608936]
[60.1623585815389, -142.5016641031774]
[60.16277349268491, -142.5023082717887]
[60.16367573832597, -142.5034643194514]
[60.16439765001484, -142.50465981959908]
[60.16739205481007, -142.50835519624897]
[60.16739405814916, -142.508589070195]
[60.169938270290125, -142.5116973301507]
[60.17011592695908, -142.5121708257325]
[60.17019559698429, -142.51223157441322]
[60.17136303213572, -142.51352606655962]
[60.172787802859254, -142.51534684634524]
[60.1729606821227, -142.51563704373729]
[60.17401878095264, -142.5170119713031]
[60.17506682484305, -142.51856411152013]
[60.1763722498117, -142.5197401927528]
[60.176575203250145, -142.5204078485908]
[60.1773838045962, -142.52140820041788]
[60.17785915267222, -142.5221416589574]
[60.178690146260244, -142.5230141073799]
[60.179348211484815, -142.52398642884725]
[60.1806339702784, -142.5254319853352]
[60.183018276291115, -142.52850421105373]
[60.18428538038878, -142.53020966757092]
[60.18482959229582, -142.53089051201366]
[60.18529129574281, -142.53134490127061]
[60.18533334665465, -142.53151740236976]
[60.18585660710959, -142.53195111794653]
[60.186365269884995, -142.53259101982144]
[60.187209871757766, -142.53286645894073]
[60.18754950539256, -142.53405590856215]
[60.187623306194176, -142.53422083352595]
[60.18928400129047, -142.53555106176023]
[60.1893280640139, -142.5362347784146]
[60.18952967030396, -142.53663983624693]
[60.19057215663279, -142.53778019915404]
[60.19059848993799, -142.53793143595777]
[60.19061473271348, -142.53798840446603]
[60.19197096644371, -142.53923419577495]
[60.19274440122296, -142.54040180994085]
[60.19327934571158, -142.5410944629966]
[60.19359484908396, -142.54146739784]
[60.19528780653655, -142.54351892235806]
[60.19531219312497, -142.54367814208004]
[60.1957964911686, -142.5441391235484]
[60.196302075171054, -142.54474834095367]
[60.19770478153357, -142.54642889302616]
[60.19801838677606, -142.54686434173624]
[60.19898993344038, -142.5477679376215]
[60.199288622015466, -142.54842545655717]
[60.20013768618413, -142.54941081453993]
[60.200630548789796, -142.54992922853316]
[60.20279347945317, -142.55239656052228]
[60.20332434415335, -142.55302074606672]
[60.2055409263186, -142.5557200088412]
[60.205983257046306, -142.5561114297494]
[60.206491966311994, -142.55670945100954]
[60.206529130417074, -142.5567206137175]
[60.20749012585747, -142.5578535679702]
[60.20764075314592, -142.55804296227197]
[60.207954122988205, -142.55834226640303]
[60.208018101247696, -142.55849707359366]
[60.208946311187624, -142.55952147827344]
[60.209173080158045, -142.5597853898544]
[60.20980630293558, -142.5605425817155]
[60.21019051459738, -142.56096710520677]
[60.21120795379556, -142.56214452668337]
[60.21272361610067, -142.5636361428134]
[60.21391539487595, -142.56523201960255]
[60.21529095389672, -142.56543350904542]
[60.21543688663767, -142.56687268361063]
[60.21635753512583, -142.56775127431345]
[60.21640500898571, -142.56810491265134]
[60.216622869190736, -142.56828958887218]
[60.21760576342928, -142.5691376975716]
[60.21809983118819, -142.56954382464357]
[60.21824421208239, -142.57010378728242]
[60.21877302627515, -142.57062821791985]
[60.21894230321838, -142.5708837630857]
[60.21956513392386, -142.57157287017145]
[60.22046811396556, -142.57255822339948]
[60.22168998580501, -142.5738857995051]
[60.22241291127121, -142.5746182119813]
[60.22309169220383, -142.57535753266666]
[60.223180560738705, -142.57555561056898]
[60.22492654061583, -142.57731905855476]
[60.22560296906625, -142.57808125893874]
[60.225799278034806, -142.57831485303004]
[60.225963294028496, -142.57857325180726]
[60.22611482646182, -142.57864741095523]
[60.22643712951865, -142.57895571684702]
[60.22701740134118, -142.57958556009163]
[60.2271292363345, -142.57974972561044]
[60.2272606119085, -142.57988076533243]
[60.22763799447012, -142.58030373486122]
[60.22788591715818, -142.5805192020844]
[60.22827812993872, -142.5809872029769]
[60.228521865489405, -142.58127070675528]
[60.22879307238001, -142.58150341098641]
[60.22882244930114, -142.58157142974963]
[60.229208015295434, -142.5819407134624]
[60.229647706919614, -142.58231748706487]
[60.22984963661978, -142.5824809290683]
[60.230520838054595, -142.58315962325776]
[60.23087925135476, -142.58375149627705]
[60.23164549264121, -142.58455289664124]
[60.231676797504385, -142.58462504600982]
[60.23253990349111, -142.5854072362191]
[60.23257379744158, -142.58549249945068]
[60.232663030933345, -142.5856410915685]
[60.2334335557748, -142.58632146466365]
[60.23456611673425, -142.5874733931076]
[60.2350574285334, -142.58809684530732]
[60.23563132864874, -142.58877879636702]
[60.23578212842674, -142.58878405794442]
[60.236963615262574, -142.59013475305497]
[60.2379418524664, -142.59067248314432]
[60.23799935651257, -142.59114927896715]
[60.23884377546917, -142.59203753852012]
[60.23992316739743, -142.59302270502667]
[60.240021469885484, -142.59320885720174]
[60.24027556679517, -142.59350097402395]
[60.240994709913515, -142.59417453012833]
[60.24152527662978, -142.5947655879391]
[60.24203406794795, -142.5952897337843]
[60.2430516541533, -142.59633480689564]
[60.243436658576506, -142.59651171746142]
[60.24429142510565, -142.5974406198191]
[60.24643833560064, -142.59974849733885]
[60.247362203662824, -142.59975133235153]
[60.24750755348068, -142.60075996022485]
[60.247961170998146, -142.60121614510587]
[60.248059895924264, -142.6013672136685]
[60.24829879518655, -142.60154983984143]
[60.2500604160878, -142.60309135403682]
[60.25053983343792, -142.60381500795452]
[60.251547504342916, -142.60473806112296]
[60.25235467064012, -142.60557473352253]
[60.25354807452262, -142.6064628796093]
[60.253962890592454, -142.60709686717436]
[60.254004605222484, -142.60713775268619]
[60.25491826811504, -142.60805008669655]
[60.25520597406429, -142.60818996426335]
[60.25527584964079, -142.60836972655383]
[60.25561596421215, -142.60867863166806]
[60.25589075637826, -142.60893995978014]
[60.25635322499476, -142.60919413369032]
[60.256431066902756, -142.60944469723344]
[60.25643804810827, -142.60949895063177]
[60.2569461003412, -142.60995372074802]
[60.25744871947335, -142.6104300596154]
[60.25778997790241, -142.61077259281038]
[60.25842853484418, -142.61130843261762]
[60.25846637680289, -142.61141113172192]
[60.2589361004028, -142.61170423030336]
[60.25897520725224, -142.6119000589466]
[60.25940160108754, -142.6123251508655]
[60.25972590271855, -142.61260701187865]
[60.26050170573884, -142.61336040542454]
[60.26131804040249, -142.61370994841684]
[60.26134755986829, -142.61413871887854]
[60.26223260421188, -142.61497397443037]
[60.26265820760438, -142.61533270998686]
[60.263491295275294, -142.61605104097904]
[60.26384779501965, -142.61643226780458]
[60.26414201274583, -142.6167285656638]
[60.26456427504164, -142.6171348740536]
[60.26486881803795, -142.61741061863302]
[60.266102121348915, -142.61813589061003]
[60.266159332538486, -142.61859981525896]
[60.26711788839619, -142.61946530105058]
[60.26887162218937, -142.62105356996594]
[60.27090812436524, -142.62282616541816]
[60.27215580705067, -142.6239950803131]
[60.27265156145723, -142.62442810600015]
[60.27282393347041, -142.62450607010817]
[60.272864433964834, -142.62461588248934]
[60.273014258336595, -142.62475768812595]
[60.27337329759687, -142.62507496295717]
[60.27456420400724, -142.6261393581336]
[60.27463601231208, -142.62620240637568]
[60.274899895631115, -142.62644577081508]
[60.27537267783527, -142.62685151655285]
[60.27582837412442, -142.6272301827491]
[60.27625777817769, -142.62763643427175]
[60.277116245243825, -142.62838487238085]
[60.277368301454494, -142.6285877549904]
[60.27809070299525, -142.62923558860138]
[60.27870290216649, -142.62959993262547]
[60.27905185895754, -142.63005922983422]
[60.2808348001651, -142.631572982469]
[60.280924677022874, -142.6316750241797]
[60.28217577013513, -142.63271112367252]
[60.28357018841357, -142.63392833808]
[60.28479265587715, -142.63485823576417]
[60.28509233836102, -142.63519931872685]
[60.2852169099036, -142.63528202943144]
[60.28629798524445, -142.6358939765769]
[60.28693567567296, -142.63674972330742]
[60.28698284972183, -142.63678557234778]
[60.28706674483855, -142.63684710139322]
[60.287547382463664, -142.63725768652213]
[60.28775900086327, -142.637417424258]
[60.287772313418365, -142.63741929536363]
[60.287925253255914, -142.6375584437723]
[60.28828121142255, -142.63784746474855]
[60.288420239695746, -142.63796451824965]
[60.289299011000246, -142.63870058759213]
[60.28939867427672, -142.6387759082427]
[60.28954711594752, -142.63890550607186]
[60.29011159419293, -142.63924346825507]
[60.29038670556623, -142.63957591530098]
[60.2908586447838, -142.63997223219062]
[60.29130330267058, -142.6403381269954]
[60.291382223029224, -142.64039396985194]
[60.29176757434393, -142.6407013808743]
[60.29187907131698, -142.6408110320745]
[60.29225961713045, -142.64111136121593]
[60.29261579367235, -142.64140913015814]
[60.29279861538799, -142.64152032161923]
[60.29330026873864, -142.64191188869225]
[60.29398333374521, -142.6424991840395]
[60.2945775545462, -142.64297313317545]
[60.29508299148082, -142.64331040305177]
[60.29607818065421, -142.6441676305214]
[60.29635219385819, -142.64430798611502]
[60.29674044113309, -142.64469490277526]
[60.299316219404666, -142.64669382700615]
[60.299498167382446, -142.64687265480848]
[60.299521063175796, -142.64688345229092]
[60.29973009951696, -142.64702595616663]
[60.30097498738487, -142.64771505557573]
[60.30125218575207, -142.64824143364174]
[60.30145582453439, -142.6483199147424]
[60.30169464940534, -142.64858688483756]
[60.30194731096197, -142.64878292442748]
[60.30197867666835, -142.64880702572887]
[60.30219088715641, -142.64897171445236]
[60.302693607599004, -142.64935717053316]
[60.302817284039826, -142.6494405286185]
[60.3028372422168, -142.64946711634678]
[60.303699051846515, -142.65012506928898]
[60.30431076153264, -142.6505963713132]
[60.304679142880396, -142.65087732220414]
[60.30472067958768, -142.65089968398198]
[60.30498768316256, -142.65107919741845]
[60.305158173490874, -142.6511710171669]
[60.30675383936427, -142.6524454769884]
[60.30682668425667, -142.65247973339328]
[60.30787391544076, -142.65325604833714]
[60.30876602804329, -142.65395155712469]
[60.31024151807356, -142.65420094378337]
[60.31038214497111, -142.65433364900153]
[60.311697511860935, -142.6549275257374]
[60.312362220608556, -142.656570773862]
[60.31248459291478, -142.65669008681195]
[60.312594527824565, -142.6567313606856]
[60.31278888355971, -142.65690516020325]
[60.31311239265528, -142.65714259632728]
[60.31356557717515, -142.65738361425156]
[60.31367413327083, -142.65755587203807]
[60.314031764182424, -142.65778563528633]
[60.31478227265995, -142.6583351353932]
[60.314899544243325, -142.65843014244163]
[60.31526954055469, -142.65870697312036]
[60.316095487072566, -142.65929661121524]
[60.316128156986274, -142.65932143335115]
[60.31675459764627, -142.65974334309647]
[60.316905600263375, -142.6598750914973]
[60.3177150816308, -142.66027238018043]
[60.317973407964665, -142.6606342161672]
[60.31810001816972, -142.6607194298536]
[60.31817850154402, -142.66076796319345]
[60.31833857092159, -142.66089424393138]
[60.31915044385142, -142.66146518315838]
[60.31924027977474, -142.66152501309946]
[60.31943773421545, -142.66166613446242]
[60.31972502494529, -142.6618667578742]
[60.319940493233055, -142.6620170102548]
[60.32022778460347, -142.66221705985927]
[60.320420656634305, -142.662328316415]
[60.32072638149001, -142.66251986154637]
[60.32190199811189, -142.66304234595285]
[60.3225107624415, -142.66364707639403]
[60.32270896815462, -142.66394160957773]
[60.322771179358234, -142.66395943979228]
[60.32424790345684, -142.6649817991138]
[60.32505816224123, -142.66554427152124]
[60.32519846123969, -142.66555792930288]
[60.32622885552332, -142.66633694711254]
[60.32674421497071, -142.6666673209856]
[60.327334109651964, -142.6670810549603]
[60.32761572955125, -142.66725705113396]
[60.32770252890976, -142.66732800108184]
[60.327774354198944, -142.6673758206687]
[60.328492608348604, -142.6678528895807]
[60.32959801701927, -142.66854480321595]
[60.32965362581459, -142.6685910747783]
[60.330034881696356, -142.6688770549009]
[60.33209397776064, -142.6692960569974]
[60.3335415588898, -142.6711614693342]
[60.3336704116988, -142.67120919442752]
[60.334589267730856, -142.67181781989245]
[60.33530343582189, -142.67227479112438]
[60.33547209893741, -142.67239207225776]
[60.336183112374506, -142.67285277159462]
[60.33675773700494, -142.67321532972844]
[60.33699006840897, -142.67335437526313]
[60.3370636371316, -142.67341032605816]
[60.33780050829822, -142.6738749388019]
[60.3381194258206, -142.67396694623764]
[60.339030889909886, -142.67464294297153]
[60.33939932842643, -142.6748726195852]
[60.33952115798184, -142.6749469029808]
[60.33972465668432, -142.67503470064025]
[60.34055560522875, -142.6755866126073]
[60.340782671464346, -142.67572793640974]
[60.34089041567501, -142.67579404141557]
[60.34099491891276, -142.67585945540245]
[60.34114740426191, -142.6759263802255]
[60.341354786754444, -142.67606859415434]
[60.34136336066428, -142.67608623155505]
[60.3419621751734, -142.6764130366858]
[60.34261740219552, -142.6768446541987]
[60.342875966477074, -142.6769679399622]
[60.34289516831367, -142.67701826775902]
[60.34290291098858, -142.6770251693134]
[60.34358067369252, -142.67741948543483]
[60.344161202483726, -142.6777884875287]
[60.34496884782326, -142.6782690893057]
[60.345621395860896, -142.6783338249609]
[60.346228600980176, -142.67901852663027]
[60.346425136473535, -142.67914202113474]
[60.347700056428614, -142.6798618183225]
[60.348739485055994, -142.68048728541618]
[60.34876092531912, -142.68051687664817]
[60.34962291103822, -142.6810170163088]
[60.35035982355179, -142.68144456121962]
[60.35107157090048, -142.6818340900737]
[60.35109673849528, -142.68186992738816]
[60.35124969837148, -142.6819586193883]
[60.35154898883314, -142.6821026575327]
[60.35241691926317, -142.68261302820258]
[60.352571144315114, -142.6827141236145]
[60.352805233484084, -142.68284488260304]
[60.35300157542522, -142.6829580175997]
[60.353288909051365, -142.68312020397175]
[60.3535212568217, -142.6832446822094]
[60.35532776595816, -142.68422915533836]
[60.35536345178, -142.68424912354638]
[60.35578120728473, -142.68449360308773]
[60.35627671388159, -142.68479383138558]
[60.35666669576896, -142.68500612324914]
[60.35730782222095, -142.6850238688514]
[60.35738597524895, -142.68540595366485]
[60.357421892632466, -142.68542561762723]
[60.35760147963601, -142.68552386064206]
[60.35764159562955, -142.68553885567152]
[60.35778106678247, -142.68562197566197]
[60.358122913331904, -142.6858105777055]
[60.35833841842638, -142.68592785103178]
[60.35846349924305, -142.68599364543135]
[60.358712184166585, -142.6861255104924]
[60.35926861429683, -142.68643175263387]
[60.35974675857491, -142.6866324618473]
[60.360458824058774, -142.68707620887497]
[60.36058390602249, -142.68714098020226]
[60.360888831951335, -142.68727824248043]
[60.36155495244153, -142.68766271951043]
[60.361671130390825, -142.68772134187608]
[60.36168932983562, -142.68773296062204]
[60.362129641919815, -142.68796718476008]
[60.362228294453324, -142.68802107515333]
[60.36259677116467, -142.68821651281982]
[60.36270433286223, -142.68827033944902]
[60.362904344164114, -142.68837780203512]
[60.36300460828682, -142.68841613753935]
[60.363473119354246, -142.68865721673285]
[60.36471756462202, -142.68930291020044]
[60.364758996456494, -142.68934982660485]
[60.36568808847813, -142.68983151472094]
[60.366442382584005, -142.69021843885426]
[60.36681807636797, -142.69040153111433]
[60.366837490026874, -142.69042021245806]
[60.36754938659727, -142.69078442709707]
[60.36774901858485, -142.69085697049144]
[60.36799734585596, -142.69098487003316]
[60.36856286486242, -142.69129812212248]
[60.368678552815474, -142.6913569898978]
[60.36982130074254, -142.69193200836105]
[60.37002082526369, -142.69202184648037]
[60.370036817048465, -142.69203924079176]
[60.37018626193302, -142.69210643481992]
[60.37039601134885, -142.6922175520183]
[60.37068336720103, -142.6923598324593]
[60.371545436953404, -142.6927847082519]
[60.37167061853045, -142.69284676690847]
[60.37174545626258, -142.69288498094664]
[60.37211349051771, -142.69306533741926]
[60.37301940876143, -142.69350824612678]
[60.37402642930096, -142.69399878768164]
[60.374531675068845, -142.69403399220755]
[60.3748717878132, -142.694363129169]
[60.37524123146189, -142.69458255891104]
[60.375472885108586, -142.69467705560223]
[60.375875353858156, -142.69486560421382]
[60.37595963726239, -142.69492378019066]
[60.37654210785163, -142.69520066505552]
[60.37691060812515, -142.69537498820412]
[60.37707153710341, -142.69543560303953]
[60.3774042000689, -142.6956054241288]
[60.37766061341322, -142.6957272828755]
[60.37775699558842, -142.69575995673387]
[60.3777727017573, -142.69577848041752]
[60.37808888661302, -142.69592811135257]
[60.3782316445292, -142.6959948904052]
[60.37882854750084, -142.69605515112417]
[60.378865986200715, -142.69628921699564]
[60.37910869870064, -142.69637635387244]
[60.379524786035425, -142.6965922170259]
[60.37955446675384, -142.69660780840852]
[60.37992402969525, -142.6967776872609]
[60.38026179700132, -142.69693152971266]
[60.38078328358677, -142.69717083779193]
[60.38116979461517, -142.69734743612642]
[60.38178913351093, -142.69762223700752]
[60.38222315896342, -142.69782373092187]
[60.38225884909412, -142.69783984221402]
[60.3826827199152, -142.69800215200144]
[60.382685848820635, -142.69802442654185]
[60.38311943038702, -142.69822497797918]
[60.383315311818414, -142.69829327295542]
[60.38403036867707, -142.69863118740358]
[60.38407330881427, -142.69864713350583]
[60.38452231182179, -142.69884864576568]
[60.38569369913068, -142.6993380596528]
[60.386643034029525, -142.69977508758564]
[60.3875044192667, -142.70014517731087]
[60.3887637762974, -142.70068356235802]
[60.389499681044605, -142.7008647133167]
[60.38956674480841, -142.70102248654203]
[60.39042054946237, -142.70138025816314]
[60.39044305172215, -142.70138946459912]
[60.39088453862566, -142.70157407077375]
[60.391200017306964, -142.70170064202054]
[60.39121457091563, -142.70170429818896]
[60.39157416586972, -142.70181851922854]
[60.39187498085693, -142.70198292205757]
[60.391961339691996, -142.70201803037668]
[60.39249156016573, -142.70215798115453]
[60.392567775183004, -142.70226780485456]
[60.39348428883398, -142.70263940216824]
[60.394294515399274, -142.70295658568028]
[60.394626433381355, -142.70310092328648]
[60.395197507851115, -142.70332971915434]
[60.39526889226284, -142.70335822654394]
[60.39528429583523, -142.70336265604251]
[60.39548433664705, -142.70344362592144]
[60.3956891282449, -142.70352443038385]
[60.395771724557186, -142.7035572052462]
[60.39616270860669, -142.703681904244]
[60.39634650147523, -142.70378338157562]
[60.39672889739001, -142.7039342212566]
[60.39693040384798, -142.7040140156607]
[60.397574435949714, -142.70426117241604]
[60.39760509367158, -142.7042772077995]
[60.39864957990981, -142.70447476325086]
[60.399241748896976, -142.70481318171898]
[60.39933209567675, -142.70494278940495]
[60.39966708706768, -142.7049650670195]
[60.39972587075629, -142.70509282620287]
[60.39979117899802, -142.70511767308255]
[60.3998550538411, -142.70514201575097]
[60.39994141571879, -142.7051744035455]
[60.40003298893166, -142.70520966883666]
[60.40058044859, -142.70539085965768]
[60.40061129638185, -142.70542507559065]
[60.4011680403376, -142.7055598780037]
[60.40200191066463, -142.70584802359198]
[60.402607957143694, -142.70601244886805]
[60.40289566413238, -142.70627771409826]
[60.403264490136245, -142.70641311738578]
[60.4034667597301, -142.70648759970862]
[60.4043267335989, -142.70679997266717]
[60.40475783254512, -142.70695505420323]
[60.40512401302801, -142.70708753775753]
[60.40531349538055, -142.70714237328986]
[60.40563890868233, -142.70727214684925]
[60.405953755047086, -142.70738339565943]
[60.40632761827042, -142.70751658780614]
[60.406983551354834, -142.70774813675067]
[60.40770858257947, -142.70800159032424]
[60.40781330024897, -142.7080378400706]
[60.40809882594426, -142.7080627479104]
[60.40856843496346, -142.7082994140837]
[60.4091309399928, -142.7084044502063]
[60.409834956615676, -142.7086500340044]
[60.41000330613449, -142.7087905910557]
[60.41035422879968, -142.70889577537196]
[60.41104491350041, -142.70914097877537]
[60.41105948271579, -142.70914464659236]
[60.4114507579743, -142.70927713555977]
[60.411879095930324, -142.70942000093999]
[60.41230743470977, -142.70956212979445]
[60.412489616697805, -142.7096215226821]
[60.41434921612758, -142.71022741480834]
[60.4144933158617, -142.71027226251763]
[60.41498904175966, -142.71042254165414]
[60.41595514053672, -142.71048119506264]
[60.41671036463064, -142.7109736415752]
[60.41701615150766, -142.7110716454797]
[60.41741134780171, -142.71119388456856]
[60.41778143424872, -142.71130913009424]
[60.41789053287206, -142.71134169465134]
[60.418047541750205, -142.71137923670906]
[60.4181596682266, -142.71142459337386]
[60.41829276905293, -142.71146419554492]
[60.419025668870894, -142.7116890849846]
[60.41910308194918, -142.71170364490072]
[60.41940106838228, -142.71180268603538]
[60.41943504036795, -142.71181227039816]
[60.41996718442892, -142.71194990364614]
[60.42014896291345, -142.7120271578639]
[60.4208853225285, -142.71224643059998]
[60.42172515196321, -142.71249270982503]
[60.42184040191149, -142.7125267774167]
[60.422208976746184, -142.7126343210312]
[60.42257700145512, -142.71273295771744]
[60.42262100026526, -142.71275377559323]
[60.42334025300253, -142.71294762068644]
[60.4240136895125, -142.7131513434411]
[60.424318397929234, -142.71323857204808]
[60.42454369210919, -142.71329544411105]
[60.42463206341166, -142.71332651935634]
[60.42514700394249, -142.71347094419045]
[60.42539232981557, -142.71353910415243]
[60.42551252832117, -142.71354944751036]
[60.425561911566284, -142.71358610285805]
[60.425741118820206, -142.71362624922477]
[60.42593807922177, -142.71368991010903]
[60.425975265231564, -142.71369841927037]
[60.42639176436226, -142.71378507418981]
[60.42664826832743, -142.71387409670876]
[60.426772683826805, -142.71391424287012]
[60.42678599244265, -142.7139215678255]
[60.42680663903085, -142.71392746930854]
[60.427007384411276, -142.71398282525476]
[60.427923295798855, -142.71402226115399]
[60.42801204359768, -142.71417229870374]
[60.42842562081862, -142.71436035438632]
[60.42891890043777, -142.71449404363324]
[60.42903362671937, -142.71452401012704]
[60.42972969342021, -142.7147061314085]
[60.43039748085412, -142.71487923454725]
[60.43116846951538, -142.7150772811998]
[60.431269374879996, -142.71510320773749]
[60.43209834478407, -142.71531259660952]
[60.432524927380406, -142.7154140660005]
[60.43302822391147, -142.71554445837128]
[60.43320636026662, -142.71556850301602]
[60.43334310848024, -142.71562154357653]
[60.4334017633093, -142.71562320779137]
[60.433833963770574, -142.71574229440074]
[60.433958444712864, -142.7157728665437]
[60.43418150691516, -142.7158181211159]
[60.43419366735554, -142.71582980498607]
[60.43476468005799, -142.71596771453724]
[60.434787955471, -142.71597336446771]
[60.435226125707665, -142.71597625181528]
[60.43531963744207, -142.71610049072441]
[60.436328013174496, -142.7163292061305]
[60.43669768473651, -142.71642527519234]
[60.43686147650694, -142.71646006227115]
[60.436995288365246, -142.71649235881605]
[60.43703856626123, -142.71649729550919]
[60.437665297549636, -142.7166485470348]
[60.43770506614147, -142.71665753635097]
[60.43780665754989, -142.71668060281928]
[60.438263361805404, -142.71678380111456]
[60.43863496852415, -142.71686858656207]
[60.43904990106781, -142.7169614484371]
[60.439274860575004, -142.7170046488012]
[60.43956513983415, -142.71707618353716]
[60.43975156583429, -142.71711576793447]
[60.44019388499593, -142.71721279966175]
[60.440473781429695, -142.717225521409]
[60.440506446800946, -142.71727838443542]
[60.44067184766799, -142.71729098666336]
[60.44112216605544, -142.7174132173946]
[60.44132465759322, -142.71745921549942]
[60.44148474294828, -142.7174925234886]
[60.44165942957846, -142.71751697271117]
[60.44166529915213, -142.7175288321954]
[60.44285374795792, -142.7177747827677]
[60.443428645099296, -142.71789340625202]
[60.4443265168969, -142.7180658249382]
[60.444713874420096, -142.7181621357947]
[60.44494953203101, -142.71816640320793]
[60.44517197510843, -142.7182540930545]
[60.445800030907996, -142.71837603625258]
[60.446416618945655, -142.71849821265505]
[60.44709247653514, -142.71862836396124]
[60.44722551955014, -142.718650188751]
[60.447650017748906, -142.7187331001964]
[60.4478052238447, -142.7187627646866]
[60.447861550238095, -142.71877459144298]
[60.4478949881214, -142.71878029546417]
[60.44929495824615, -142.7188062169895]
[60.449434310747485, -142.7190656123768]
[60.44974281407634, -142.71911746493328]
[60.44974649999367, -142.71912008938781]
[60.44997553133491, -142.7191631872998]
[60.45011281849785, -142.71917933439116]
[60.45040027933562, -142.71923948286005]
[60.45069303495823, -142.71928553446512]
[60.45132330615761, -142.71939523820242]
[60.45133715899775, -142.71940393055283]
[60.451602185520194, -142.71940733721365]
[60.451709737109816, -142.7194691364414]
[60.451922096653185, -142.71950406045076]
[60.45202956401091, -142.71952051776182]
[60.45245381919707, -142.71959489083085]
[60.452547252310616, -142.71960670004736]
[60.452780005646126, -142.7196389625737]
[60.45289888771192, -142.71967163041177]
[60.453066145860596, -142.71969705621544]
[60.453360800097194, -142.71974436827261]
[60.45440536908061, -142.71991696682426]
[60.45638606611636, -142.72023374104032]
[60.457012742679915, -142.72032685267635]
[60.457502704503135, -142.7204023392675]
[60.457998700626, -142.7204768286552]
[60.45856090261979, -142.72055938438186]
[60.45860164897095, -142.72056388599935]
[60.45891759576214, -142.72060904326656]
[60.45914676587666, -142.72064173205746]
[60.45916115892626, -142.72064480707144]
[60.460383029290206, -142.7207909082748]
[60.46100728938375, -142.72089180636382]
[60.46104971562543, -142.7208989597333]
[60.46119000790987, -142.72092808377747]
[60.46199334776882, -142.7210355052198]
[60.462322285060345, -142.72107310725065]
[60.46255170357153, -142.721108010301]
[60.462799657777545, -142.72114034270825]
[60.46292415493459, -142.72115642696122]
[60.46293788786476, -142.72115819335608]
[60.46320180724924, -142.7211894432336]
[60.46344616690248, -142.7212189334678]
[60.463641255235125, -142.72124698915502]
[60.46404006847764, -142.72129609134373]
[60.465281799797346, -142.72144049955796]
[60.46554159205038, -142.72147727507732]
[60.46588538037451, -142.72150418480962]
[60.46595388431687, -142.7215249325948]
[60.465994099338836, -142.7215304803872]
[60.466308251904316, -142.7215660111222]
[60.4664413049824, -142.72157901080683]
[60.466864942232455, -142.72160772643088]
[60.467020555158136, -142.72164591085078]
[60.467110832114706, -142.72165657370593]
[60.46760081640242, -142.72171191334493]
[60.46772747946547, -142.72172559648496]
[60.46814246575183, -142.72177039161]
[60.46871755714877, -142.72183088185298]
[60.469030619642744, -142.7218424010086]
[60.46946243427515, -142.72190870512526]
[60.470399905649366, -142.72199965147132]
[60.47079829357522, -142.72204093895695]
[60.471043289684395, -142.7220650529879]
[60.4713682431148, -142.72209212748433]
[60.471601667892465, -142.72211753555516]
[60.47182502355104, -142.7221370457796]
[60.472160047475874, -142.7221687902571]
[60.472405045097155, -142.7221915486542]
[60.47265283407011, -142.72221037933105]
[60.47290952599949, -142.72223631775117]
[60.473208425189064, -142.72226297829224]
[60.473743031076246, -142.72226361780514]
[60.47406279510147, -142.72230182167453]
[60.47420919419435, -142.72234623131405]
[60.47426514154342, -142.72235271642782]
[60.47490578496548, -142.7224010287783]
[60.475518687550824, -142.72245051775488]
[60.47662959479215, -142.7225362120953]
[60.477209376599426, -142.72257925672943]
[60.478484021677126, -142.7226017320777]
[60.47935629412461, -142.72272252439328]
[60.47985123481285, -142.7227503286235]
[60.480059640369554, -142.72276558376993]
[60.480139290212044, -142.72277088848907]
[60.48071315728263, -142.7228021936223]
[60.48143426888124, -142.72284341790052]
[60.481523794588306, -142.72284842433243]
[60.48201381090917, -142.72287504566847]
[60.482258819485445, -142.72288798255255]
[60.48251218131072, -142.72290067024892]
[60.48281722545948, -142.72291565680067]
[60.483747314925814, -142.72295936124758]
[60.48452573093359, -142.72298276641632]
[60.48479679360582, -142.72300222418605]
[60.485279153533305, -142.72302342071055]
[60.486818348026425, -142.7230789235736]
[60.48782134181588, -142.72311003409087]
[60.48811404161453, -142.7231184403021]
[60.48842521447248, -142.72312674866785]
[60.48902132267039, -142.72313975616947]
[60.489714255409844, -142.7231565448404]
[60.491622987951, -142.72319089855162]
[60.49242643695957, -142.7232006966128]
[60.492984868089245, -142.72320590098616]
[60.49368543927444, -142.72320991017207]
[60.49642773068306, -142.7232109787136]
[60.624898483935546, -142.72341377822866]
[60.63648858959386, -142.72446808353337]
[60.636999249100946, -142.724781003899]
[60.63792105980868, -142.72489119046512]
[60.643635835743176, -142.72517183243016]
[60.66672378875088, -142.72552369591097]
[60.67095453216228, -142.72562127356645]
[60.68328713875706, -142.7257064756022]
[60.690640344267884, -142.72572333546609]
[60.71396902399042, -142.72610206610568]
[60.74341063207627, -142.72639765457038]
[105.02402862198241, -143.16268050178113]
[187.1521061219203, -144.35971701466926]
end_solutions
[-1.0090838446473345, -1.2601269155536128]
[-0.9841059221746354, -0.9246270784907664]
[-0.9839523461545352, -0.9244533862411763]
[-0.9837987701344351, -0.9242796939915863]
[-0.983619424921673, -0.924076889903634]
[-0.9834400797089109, -0.9238740858156819]
[-0.9832309685067755, -0.9236376301210267]
[-0.9830218573046401, -0.9234011744263715]
[-0.9827730108704831, -0.923119755488254]
[-0.9825176127669415, -0.9228309843280138]
[-0.9822347703612558, -0.9225111273712419]
[-0.9819233375861012, -0.9221589830226113]
[-0.9815608262121325, -0.9217490469834545]
[-0.9811864976898288, -0.9213257579973005]
[-0.9807374656450716, -0.92081801710435]
[-0.980259646439853, -0.9202778927078512]
[-0.9796053013540043, -0.919537367722479]
[-0.9790379822528492, -0.918896336825016]
[-0.9782879259009185, -0.9180479230507518]
[-0.9772967514374822, -0.9169269871762111]
[-0.9763055769740459, -0.9158060513016704]
[-0.9749386701576614, -0.9142610731276641]
[-0.9733246137121802, -0.9124349122136612]
[-0.9713358877525446, -0.9101858992093909]
[-0.9682967783251587, -0.9067441224487196]
[-0.9647290758882121, -0.9027068444767372]
[-0.9589778736219909, -0.8962074135675187]
[-0.9496589689188231, -0.8856707046863178]
[-0.9310211595124874, -0.864597286923916]
[-0.8777024179392423, -0.8046079646193134]
[2.069954986146253, 2.4404403747953984]
end_values
[ 114.6252507  -143.12191012]
[  60.48681835 -142.72307892]
[  60.47720938 -142.72257926]
[  60.46760082 -142.72171191]
[  60.45638607 -142.72023374]
[  60.44517198 -142.71825409]
[  60.43209834 -142.7153126 ]
[  60.41902567 -142.71168908]
[  60.40346676 -142.7064876 ]
[  60.38750442 -142.70014518]
[  60.3698213  -142.69193201]
[  60.35035982 -142.68144456]
[  60.32770253 -142.667328  ]
[  60.30431076 -142.65059637]
[  60.27625778 -142.62763643]
[  60.24643834 -142.5997485 ]
[  60.20554093 -142.55572001]
[  60.17011593 -142.51217083]
[  60.12326193 -142.44680157]
[  60.06139015 -142.34689299]
[  59.9995355 -142.231557 ]
[  59.91430038 -142.04725271]
[  59.81360664 -141.79155939]
[  59.6896511 -141.4201251]
[  59.50058677 -140.73087468]
[  59.27869925 -139.73520097]
[  58.92107369 -137.70587092]
[  58.34307387 -133.29387977]
[  57.19161395 -120.27372685]
[ 53.9814091  -52.30066243]
[-3.88802853e+01  6.81710016e+04]
