values
[10376.64743780761, 106130.35884185637]
[10431.620413210125, 105667.68511993198]
[10440.762069134547, 105550.12623912212]
[10497.75184894973, 105161.06196781417]
[10498.235165868426, 105155.0940546874]
[10508.188349436641, 105039.30163822985]
[10582.482904268318, 104712.06933354211]
[10660.658554896529, 104428.410747243]
[11040.344958537711, 103372.94855281078]
[11429.138366051393, 102783.67163801967]
values
[10337.229637518012, 107053.2131769309]
[10349.791495576019, 104951.33053302515]
[10371.41626883657, 104124.06479040429]
[10389.839369577227, 103400.44853594454]
[10394.04458176643, 102388.38804968738]
[10406.111224270046, 101606.9462103603]
[10442.715546724126, 101379.2559979664]
[10470.994461714414, 100124.93354379517]
[10502.45650650736, 98883.11728897667]
[10514.408407044366, 98537.49943591873]
[10541.395245414129, 98137.22732677392]
[10558.749004860238, 97815.56543584427]
[10580.866685814413, 97425.35170170703]
[10606.270840167337, 97192.92150856652]
[10610.352040097276, 97111.22690543339]
[10638.953533905022, 96726.49555488098]
[10659.474075339886, 96557.08413349502]
[10678.110830279631, 96304.16461188444]
[10696.378997221538, 96166.45119571037]
[10724.371972159523, 95966.71686923821]
[10742.749336279325, 95946.19500653967]
[10753.542069919893, 95785.58834860659]
[10773.670742747328, 95755.8700341977]
[10794.307760741713, 95598.07409591548]
[10828.527635394716, 95479.30367702134]
[10859.272702140093, 95385.06312885163]
[10870.547430224568, 95322.82347894793]
[10910.455621732006, 95193.02234443322]
[10974.075271526348, 95066.62916222744]
[10989.678658714096, 95027.08365248311]
[11068.174700795353, 94903.12339889855]
[11127.947169746905, 94729.39622240335]
[11142.43945245296, 94647.89891651801]
[11159.383698029858, 94634.35391494121]
[11168.688705586908, 94594.03936668434]
[11170.02300694819, 94587.06801583225]
[11171.358561951327, 94580.01357575298]
[11175.37274881186, 94559.31139993512]
[11183.43497086299, 94527.5906373168]
[11191.542324020878, 94513.93273907116]
[11209.119446063394, 94478.77348477422]
[11213.38257340826, 94454.0514854204]
[11219.572464799481, 94415.95746885579]
[11221.360286286239, 94408.9047855018]
[11221.959342630696, 94406.91912976235]
[11222.554615170637, 94404.69546161604]
[11223.1501223417, 94402.57042492586]
[11223.745864143895, 94400.54670225477]
[11224.341840577225, 94398.62642771675]
[11259.639339265601, 94369.16292228404]
[11285.659013025357, 94298.97073545681]
[11298.676632120101, 94281.70986419237]
[11320.272292964237, 94274.32014062422]
[11340.523513922953, 94248.75499728238]
[11360.024534742954, 94184.2685497526]
[11364.34543020614, 94174.48201340994]
[11364.795942913743, 94170.24639305795]
[11369.74884703666, 94167.2823712271]
[11371.245614815445, 94162.72069231234]
[11373.01856466425, 94158.19896630729]
[11375.21123190793, 94126.98329206218]
[11377.805658915742, 94117.82294132872]
[11380.727723121994, 94117.80209446119]
[11381.598625260167, 94100.84951236201]
[11382.293628129242, 94097.0520011071]
[11384.403412307312, 94096.84037943119]
[11385.20782701448, 94092.75734046425]
[11386.684738894679, 94092.480430689]
[11388.018546243258, 94090.79730738282]
[11389.349491998875, 94090.28039357733]
[11390.200428728082, 94089.90902135543]
[11390.232044995904, 94086.956208086]
[11392.265929477693, 94084.11597436358]
[11392.448117071546, 94083.965038433]
[11392.812546078576, 94083.68124383081]
[11393.177046844696, 94083.42161937701]
[11394.058100518861, 94083.35844717646]
[11394.262749283402, 94083.28791017298]
[11394.988290460702, 94083.23906171847]
[11395.01612390956, 94082.09885240303]
[11396.126627495645, 94081.4484485373]
[11398.147209506458, 94081.42770451601]
[11457.835872665653, 94071.04009675808]
[11458.510853234699, 94069.97321093241]
[11459.186068434878, 94068.89260701944]
[11465.656651503803, 94066.7858097191]
values
[10337.229637518012, 107053.2131769309]
[10338.30796217355, 106124.34144836506]
[10339.22555998828, 105500.6739459832]
[10342.87641336397, 105023.08653710448]
[10349.791495576019, 104951.33053302515]
[10350.44210859385, 104633.36923349932]
[10355.622092960093, 104624.77086482917]
[10362.96278048083, 103692.28580387188]
[10364.170928737056, 103120.18299540112]
[10371.702906307593, 102996.72280257898]
[10381.508678292725, 101860.57339846986]
[10396.674598223852, 101334.43517975534]
[10401.948900048968, 101157.4323789522]
[10403.974433092648, 100427.18418247657]
[10428.473541295705, 100377.76530620716]
[10430.200156933117, 100100.91850461176]
[10438.121155788918, 99823.17077361136]
[10441.28837299286, 99343.35970281331]
[10463.881988948753, 98995.7423560112]
[10477.235042122915, 98831.55325622468]
[10480.549617492323, 98468.64618570062]
[10484.445846973244, 98032.49628049904]
[10513.161524699217, 97320.31579644913]
[10515.822290911916, 97319.30886382224]
[10518.488905995157, 97317.5356720813]
[10519.786519295254, 97101.39931764324]
[10527.874266260944, 96844.6194330791]
[10559.579603161657, 96673.41782700509]
[10559.87964720065, 96390.77751929936]
[10592.156203250877, 96036.4663824103]
[10601.230176454854, 95846.67292243807]
[10636.324068464774, 95735.5113452249]
[10640.207562087204, 95451.08103241977]
[10657.150385722329, 95242.57393029933]
[10671.734127172029, 95064.25284355687]
[10718.88223737325, 94871.1242957228]
[10734.51802240818, 94766.68047128139]
[10759.502394779836, 94529.75223793591]
[10785.142438184572, 94431.43792684459]
[10787.25353247154, 94426.12798156378]
[10821.28683752932, 94224.7142850284]
[10857.829553822492, 94047.18361534587]
[10935.274592498701, 93782.9716441967]
[11038.053075578904, 93646.36038492141]
[11038.559163135473, 93644.86837442072]
[11107.07537000556, 93234.44481132607]
[11190.24924974502, 93145.9803117836]
[11202.150905489658, 93031.01097515618]
[11203.829991850178, 93030.93469805938]
[11290.0325346657, 92823.81129750164]
[11296.348379593564, 92702.04463937994]
[11297.62475564547, 92700.31661885255]
[11298.212441320342, 92699.27973425051]
[11299.388362837899, 92697.35514810777]
[11300.463050280428, 92696.87581934723]
[11301.019456987779, 92695.18259425522]
[11301.087657185672, 92691.62456740359]
values
[10336.328888787788, 106981.02169142237]
[10336.520767530983, 106178.89864433157]
[10337.120275887406, 105636.17544070522]
[10339.22555998828, 105500.6739459832]
[10339.770342874763, 105183.1961646132]
[10341.226822743174, 104664.26953820502]
[10346.425516987203, 103976.26097846062]
[10350.63587616293, 103551.75163892566]
[10355.113312563091, 103325.76204914587]
[10355.718683158238, 102762.64523069667]
[10358.15919077221, 102682.09561564183]
[10362.282222805317, 102569.79272066282]
[10363.74579893517, 102434.14582618869]
[10369.901470079432, 101960.10180862881]
[10373.561895558618, 101693.60906570776]
[10377.072039426437, 101259.09947018595]
[10384.498437519353, 101132.21643958866]
[10389.40320514792, 100630.68726877445]
[10395.98410289825, 100477.77949370074]
[10398.641584592902, 100301.91193301252]
[10400.401534480025, 100163.30662997667]
[10418.121664710901, 99435.33868473743]
[10418.621448646692, 99364.22129613941]
[10419.217257662558, 99360.50239889447]
[10423.20918229283, 99244.06668703027]
[10432.231639260017, 98925.07645386328]
[10436.447604273962, 98747.31298060111]
[10445.36302978755, 98381.55568353692]
[10446.953037767536, 98281.90819831821]
[10453.772905129666, 98092.10532592674]
[10464.186087994878, 97978.4367657245]
[10470.782533394904, 97791.54945750456]
[10480.485280230138, 97363.28038963347]
[10488.083987848222, 97246.92767096162]
[10495.823819995741, 97045.72838379243]
[10498.263353649812, 97015.95055227196]
[10509.97974464613, 96733.47718210661]
[10514.317735405039, 96660.05511910626]
[10524.884924668473, 96542.1312708178]
[10535.594123630655, 96427.90143326859]
[10536.559023629612, 96403.40006666079]
[10542.25629837764, 96324.0698306989]
[10557.2602061053, 96042.70814134543]
[10559.539458705398, 96004.56748890782]
[10566.092543789206, 95913.16042784134]
[10567.158841359695, 95907.43747948768]
[10569.29714567485, 95897.5725531257]
[10577.314941424673, 95779.77030912104]
[10577.314941424675, 95779.770309121]
[10590.231474453069, 95692.67162573816]
[10590.345557834686, 95655.9786115072]
[10600.755988803747, 95524.77537662716]
[10604.165515546536, 95491.6974542737]
[10606.410207371275, 95479.22998502963]
[10606.889555381178, 95448.72055508314]
[10610.949382968176, 95415.14724992133]
[10614.218197896389, 95413.26127984298]
[10615.155673787229, 95355.0475884292]
[10616.462222385924, 95346.90150497225]
[10626.396495766945, 95243.58319387818]
[10638.753164621592, 95162.14015399838]
[10653.316395105578, 94898.52616369215]
[10655.778495465309, 94890.77196814312]
[10661.78460257564, 94846.39970099273]
[10669.324103553705, 94803.2822453822]
[10689.975567743388, 94737.14752202894]
[10698.179440660586, 94663.68498172538]
[10704.408584584022, 94622.9491320996]
[10705.6065426571, 94606.7663730914]
[10706.53246979296, 94588.84785344898]
[10712.092344790044, 94567.35498305684]
[10723.840933643598, 94512.84761419537]
[10727.951789594783, 94484.36942787675]
[10740.51767390508, 94376.73119606604]
[10745.37040676803, 94367.41230064354]
[10746.416502581442, 94354.82190913413]
[10756.31989463833, 94256.48833991624]
[10756.529279632721, 94249.75254531753]
[10773.107063520745, 94161.24470285389]
[10782.576168058355, 94087.50853676876]
[10796.98392859203, 94071.62425629611]
[10801.586480410135, 94003.43927163897]
[10812.741264616901, 93998.09589278669]
[10815.932120836314, 93986.73018660968]
[10823.744269496814, 93954.6602858602]
[10828.996374460494, 93921.27088135628]
[10830.500873101853, 93910.08155626022]
[10838.934717432727, 93874.95059859515]
[10841.853902668812, 93865.58571707217]
[10855.635204037784, 93812.7084352247]
[10860.013855483217, 93788.78379042204]
[10865.449137505353, 93759.67248889858]
[10870.904048696602, 93733.59550698545]
[10876.146818341394, 93718.73589242033]
[10876.413208780448, 93717.290531761]
[10881.942059741083, 93701.59979713034]
[10886.553035405186, 93684.09011193206]
[10887.490508892011, 93679.69499684992]
[10893.076005124713, 93654.51602275696]
[10898.689839441196, 93634.40944057546]
[10902.723750240875, 93624.13033287124]
[10923.553542746076, 93616.89593552279]
[10950.735997694848, 93515.86332820305]
[10991.699577298768, 93504.81914742666]
[10999.573512370604, 93467.35404314983]
[11006.463289400424, 93467.08711393978]
[11036.832634017932, 93454.88600025258]
[11056.369897773518, 93330.90111020075]
[11069.174169588801, 93261.71838227939]
[11072.835115853646, 93254.95150508366]
[11081.709827251283, 93206.7212475359]
[11083.587773184887, 93196.94773166462]
[11087.65160283124, 93188.75556501168]
[11088.525462257443, 93187.83029728889]
[11190.103763942247, 93039.51644610196]
[11202.150905489658, 93031.01097515618]
[11203.829991850178, 93030.93469805938]
[11290.0325346657, 92823.81129750164]
[11295.288024930735, 92694.36564598272]
[11295.897544095249, 92693.2339350561]
[11296.504992279159, 92692.13642784084]
[11296.507266330116, 92692.13313633455]
[11297.117191635329, 92691.07134100562]
[11297.121741277258, 92691.06511737191]
[11297.527995851053, 92690.38545324319]
[11297.96072748495, 92689.68004009943]
[11298.342204161378, 92689.09043541498]
[11298.349880632299, 92689.08690743352]
[11298.53216878222, 92688.9152171856]
[11298.692808732892, 92688.57577038012]
[11298.765538286394, 92688.47264861185]
[11298.945908859469, 92688.19903540026]
[11299.043480392449, 92688.08298017508]
[11299.047246527463, 92688.07877415852]
[11299.051012670352, 92688.07457113692]
[11299.058544979747, 92688.06617408643]
[11299.087973928754, 92688.03276266108]
[11299.118103972907, 92687.99948192686]
[11299.146833266212, 92687.96648652808]
[11299.16827990417, 92687.95570617604]
[11299.169426078875, 92687.94888244677]
[11299.177664933064, 92687.93354240835]
[11299.205694522938, 92687.90094440227]
[11299.208497128371, 92687.9008048017]
[11299.214913570964, 92687.89340738012]
[11299.224132667148, 92687.88589088613]
[11299.224402116595, 92687.87365908953]
[11299.231842789492, 92687.81838020282]
[11299.246922630684, 92687.808757335]
[11299.293301367403, 92687.80671491593]
[11299.332341482603, 92687.78554375416]
[11299.356166730546, 92687.59179415167]
[11299.410786821576, 92687.57953896401]
[11299.44720120574, 92687.57187585799]
[11299.482830959165, 92687.48409937204]
[11299.485751273982, 92687.46183001352]
[11299.504076363462, 92687.44428243059]
[11299.515602991032, 92687.39746448389]
[11299.539488995997, 92687.38943042081]
[11299.542341246415, 92687.37726717771]
[11299.550111988437, 92687.36960984857]
[11299.558923559685, 92687.36565931428]
[11299.569067683113, 92687.35372700325]
[11299.5834795347, 92687.34107064067]
[11299.590307832073, 92687.33988927396]
[11299.5971361573, 92687.33872244178]
[11299.598843242957, 92687.33843300607]
[11299.600550330353, 92687.33814447946]
[11299.602848116723, 92687.32743227581]
[11299.615246472249, 92687.31854224394]
[11299.61913199753, 92687.31477901143]
[11299.636958498842, 92687.30175360106]
[11299.647814611888, 92687.29340330354]
[11299.719600477858, 92687.16671116248]
[11299.833597695013, 92687.00721274376]
[11299.979742976619, 92686.8125716763]
[11300.026440519458, 92686.78002646718]
[11300.168393224878, 92686.64877794658]
[11300.172601107475, 92686.59125020786]
[11300.219801040332, 92686.57880014098]
[11300.236891659602, 92686.51927573426]
[11300.322620938578, 92686.44042670389]
[11300.494076410669, 92686.24054213414]
[11300.622682311734, 92686.10675927847]
end_solutions
[-29.00392174824087, 8.584223677077636, -30.589623585537755, -5.035324090600319, -8.760223551493578, 41.04278347598354, -7.994569097540422, -6.437049194501224, -19.920734934986648, -11.546170598933088, -37.188711288392305, -26.134300099798537, -8.218106275415396, -18.55618219727525, 33.46877760756877, -23.81716537713153, -31.105140785642703, -25.08177077007315, 10.228689053286296, 18.390704849413904]
[-29.003908250440688, 8.584190177602238, -30.589599417759196, -5.035318586236524, -8.760238896326191, 41.04276652185844, -7.9945663804796165, -6.437046143669194, -19.92070900611606, -11.546158151885333, -37.1887219296475, -26.134291849479702, -8.218113420680805, -18.556202674606723, 33.4687662944123, -23.817172547254142, -31.10511057043364, -25.081773354160806, 10.228687623359322, 18.390742210184804]
[-29.003908682163484, 8.584191284386598, -30.58960006422741, -5.03531892628669, -8.760238391868937, 41.042767218804755, -7.994566544547514, -6.437046303339747, -19.920709892109663, -11.546158810551397, -37.18872159146612, -26.134292039825592, -8.218113308433715, -18.55620183606044, 33.468766702258364, -23.817172234088915, -31.105111575657006, -25.081773185687986, 10.228687861300928, 18.39074083000377]
[-29.00417840531756, 8.584821641973294, -30.59022293651539, -5.035247552865413, -8.759946863823451, 41.04293495125266, -7.994535502108365, -6.4370385995001556, -19.921165353426787, -11.54611938680286, -37.188506543405225, -26.13453823107685, -8.217841915869721, -18.555995674337968, 33.468941899900145, -23.81712166621456, -31.105672449746038, -25.081816460658978, 10.22850386959471, 18.390199085294714]
[-29.00413449619176, 8.584721719943087, -30.590111877075046, -5.035271692122029, -8.759993279993829, 41.04291945407115, -7.994546446619804, -6.4370445939606, -19.921095533540466, -11.546145696463668, -37.18854171792961, -26.134492538565254, -8.217894975093731, -18.556015220286195, 33.46891689059332, -23.81712349825544, -31.105584105286567, -25.08180286375404, 10.228548496178252, 18.390273138049565]
[-29.00413449619176, 8.584721719943087, -30.590111877075046, -5.035271692122029, -8.759993279993829, 41.04291945407115, -7.994546446619804, -6.4370445939606, -19.921095533540466, -11.546145696463668, -37.18854171792961, -26.134492538565254, -8.217894975093731, -18.556015220286195, 33.46891689059332, -23.81712349825544, -31.105584105286567, -25.08180286375404, 10.228548496178252, 18.390273138049565]
[-29.00426723875799, 8.585039540580102, -30.590391209236834, -5.035271833219763, -8.759846869330278, 41.04303526517086, -7.99454776323885, -6.437054155247346, -19.921331872063476, -11.546182325912515, -37.188436351350276, -26.134597885754722, -8.217786419660928, -18.555874278982827, 33.4690130048682, -23.81708058369415, -31.105868479671873, -25.08180570532317, 10.22849927983674, 18.389966692780487]
[-29.004367873787714, 8.585286301258105, -30.590582144973265, -5.035298940226277, -8.759733623723733, 41.043148529535415, -7.99456146552528, -6.437071626516183, -19.9215203749513, -11.54625299259044, -37.18835682893431, -26.13466564452429, -8.21772326779254, -18.555737202839985, 33.46909344426733, -23.817034247297233, -31.10609045791842, -25.081793729942994, 10.228493612675408, 18.38970387737229]
[-29.006255495400307, 8.58984598034323, -30.59441019900462, -5.0354877078495655, -8.757636086080842, 41.04497152924917, -7.994668063610859, -6.437278300160238, -19.924945681817036, -11.547070591568893, -37.18686097647106, -26.136079952642735, -8.21631202764441, -18.553523922250495, 33.4705125892109, -23.816328526092846, -31.110178495029878, -25.081736401857352, 10.22801263699555, 18.385135254364847]
[-29.006029491767347, 8.589303232430229, -30.593940476674234, -5.035479871835278, -8.757885993242486, 41.04476718855903, -7.994662247955306, -6.437259145548214, -19.9245406740199, -11.546996159346673, -37.18704026979344, -26.13590399765839, -8.216491464690229, -18.553772387962454, 33.47034681729667, -23.816405473999783, -31.10969253034065, -25.0817355389, 10.228087528914013, 18.385665577562207]
[-29.006104826311667, 8.58948414840123, -30.594097050784363, -5.035482483840041, -8.757802690855272, 41.04483530212241, -7.994664186507157, -6.437265530418889, -19.924675676618946, -11.547020970087413, -37.18698050535265, -26.135962649319836, -8.216431652341623, -18.553689566058466, 33.47040207460141, -23.81637982469747, -31.10985451857039, -25.08173582655245, 10.228062564941192, 18.385488803163085]
[-29.007522671523404, 8.592922297620134, -30.596924941946952, -5.0356857933096215, -8.756222048641842, 41.04626263222235, -7.994773202215994, -6.437444061590527, -19.927269777713057, -11.547732834551233, -37.185857745283535, -26.136997388699776, -8.21541525651404, -18.551958239121426, 33.47148528947159, -23.815818289470887, -31.112939712087925, -25.081660570789758, 10.227773395001636, 18.381987704392774]
[-29.00723910248106, 8.592234667776355, -30.596359363714434, -5.035645131415706, -8.756538177084527, 41.04597716620236, -7.994751399074226, -6.437408355356199, -19.926750957494235, -11.54759046165847, -37.18608229729736, -26.136790440823788, -8.215618535679557, -18.552304504508832, 33.47126864649755, -23.815930596516203, -31.11232267338442, -25.081675621942296, 10.227831228989547, 18.382687924146836]
[-29.007522671523404, 8.592922297620134, -30.596924941946952, -5.0356857933096215, -8.756222048641842, 41.04626263222235, -7.994773202215994, -6.437444061590527, -19.927269777713057, -11.547732834551233, -37.185857745283535, -26.136997388699776, -8.21541525651404, -18.551958239121426, 33.47148528947159, -23.815818289470887, -31.112939712087925, -25.081660570789758, 10.227773395001636, 18.381987704392774]
[-29.007215471727527, 8.592177365289373, -30.596312232195057, -5.035641742924546, -8.756564521121419, 41.04595337736737, -7.9947495821457455, -6.4374053798366715, -19.926707722476, -11.54757859725074, -37.18610100996518, -26.136773195167457, -8.215635475610016, -18.552333359957785, 33.47125059291638, -23.815939955436647, -31.11227125349246, -25.08167687620501, 10.22783604848854, 18.382746275793007]
[-29.006819397728528, 8.591213202725724, -30.595535585777874, -5.035567681118071, -8.757007510301992, 41.045538367741976, -7.994711003971911, -6.4373489695302695, -19.925977095767532, -11.547352304251875, -37.18641442299793, -26.136491884482798, -8.215907160225218, -18.55283633509231, 33.470943154431616, -23.816105646698915, -31.111405321783963, -25.081706935238792, 10.22789658990025, 18.38374380614245]
[-29.006819397728528, 8.591213202725724, -30.595535585777874, -5.035567681118071, -8.757007510301992, 41.045538367741976, -7.994711003971911, -6.4373489695302695, -19.925977095767532, -11.547352304251875, -37.18641442299793, -26.136491884482798, -8.215907160225218, -18.55283633509231, 33.470943154431616, -23.816105646698915, -31.111405321783963, -25.081706935238792, 10.22789658990025, 18.38374380614245]
[-29.003672245092055, 8.583592281729452, -30.589220446499816, -5.035165840510162, -8.760511901887895, 41.04241679166407, -7.994492287318302, -6.436971407525502, -19.920236123005914, -11.545850747127421, -37.188907239236215, -26.134172931890852, -8.218198285647016, -18.556623968557332, 33.46855263874279, -23.817326798436106, -31.104568897951737, -25.08184810555873, 10.228596397697807, 18.39145926527035]
[-29.000525092455582, 8.575971360733181, -30.582905307221758, -5.034763999902253, -8.764016293473798, 41.03929521558615, -7.994273570664692, -6.4365938455207345, -19.9144951502443, -11.544349190002965, -37.191400055474496, -26.13185397929891, -8.220489411068817, -18.560411602022356, 33.46616212305398, -23.818547950173297, -31.09773247411951, -25.08198927587867, 10.229296205495364, 18.399174724398247]
[-28.99691500362317, 8.567226834537118, -30.575670517962102, -5.034291013106739, -8.768037172342366, 41.03570311296603, -7.994017017949179, -6.436156188036504, -19.907905539449416, -11.542607634899133, -37.194259397359346, -26.129199313556605, -8.223109018255856, -18.56476985901129, 33.46341659398299, -23.81995488241675, -31.089887586274408, -25.082157510945283, 10.230084845417153, 18.408038696825333]
[-28.98701722471563, 8.543252632720577, -30.555832528665785, -5.032997298270898, -8.779060958208703, 41.025857545044076, -7.993315073328373, -6.434957426142046, -19.88983986831291, -11.537837696139166, -37.20209889448007, -26.121919639789454, -8.230293373118567, -18.576715450282155, 33.45589004006133, -23.823810697123953, -31.06837998783231, -25.082617152871585, 10.232250660598584, 18.43233757566584]
[-28.98701722471563, 8.543252632720577, -30.555832528665785, -5.032997298270898, -8.779060958208703, 41.025857545044076, -7.993315073328373, -6.434957426142046, -19.88983986831291, -11.537837696139166, -37.20209889448007, -26.121919639789454, -8.230293373118567, -18.576715450282155, 33.45589004006133, -23.823810697123953, -31.06837998783231, -25.082617152871585, 10.232250660598584, 18.43233757566584]
[-27.47412749710947, 5.65884235992456, -26.96352952889072, -6.047796531209491, -10.045134448908488, 40.829374264219844, -8.499735539917532, -6.6395220149615, -17.8126251265033, -12.743673746678429, -38.25314308186391, -24.39387981418954, -9.868185015437273, -18.818936255759432, 32.822317809745634, -23.832510347339287, -28.491123231360298, -24.377765469862304, 11.882989667956783, 20.416672208916868]
[-27.47412749710947, 5.65884235992456, -26.96352952889072, -6.047796531209491, -10.045134448908488, 40.829374264219844, -8.499735539917532, -6.6395220149615, -17.8126251265033, -12.743673746678429, -38.25314308186391, -24.39387981418954, -9.868185015437273, -18.818936255759432, 32.822317809745634, -23.832510347339287, -28.491123231360298, -24.377765469862304, 11.882989667956783, 20.416672208916868]
[-27.024695237859405, 4.801963053286443, -25.904991041223774, -6.339955312697047, -10.420798474345686, 40.76286248731971, -8.645963097575223, -6.696496003970772, -17.193351531603874, -13.08713923094922, -38.56462473853243, -23.88443085675983, -10.346922453566961, -18.900435896820696, 32.632171466936796, -23.840002639476104, -27.724926878934887, -24.1727040283396, 12.362079432943627, 21.015280813106777]
[-26.931228083346042, 4.6242904544824945, -25.685389346255477, -6.400546606419837, -10.498591136961664, 40.7490517514598, -8.676341483720389, -6.708203478985452, -17.064794164477505, -13.158311230246982, -38.62922221612676, -23.77847938180072, -10.446015495770343, -18.917325602071717, 32.59277297898505, -23.84168951964015, -27.5660057343948, -24.129992219873618, 12.461407119664303, 21.139568123796217]
[-26.233280198752215, 3.2942108302043107, -24.040769792692927, -6.8555524611905465, -11.081666599666704, 40.6470914490066, -8.90406424681384, -6.797126234085426, -16.10370999950436, -13.69376288660078, -39.112850595983616, -22.9867005723069, -11.190185270657464, -19.0422930566115, 32.29796239422123, -23.852687283005235, -26.376718262165607, -23.810771685508747, 13.206865653272882, 22.067482653187906]
[-26.233280198752215, 3.2942108302043107, -24.040769792692927, -6.8555524611905465, -11.081666599666704, 40.6470914490066, -8.90406424681384, -6.797126234085426, -16.10370999950436, -13.69376288660078, -39.112850595983616, -22.9867005723069, -11.190185270657464, -19.0422930566115, 32.29796239422123, -23.852687283005235, -26.376718262165607, -23.810771685508747, 13.206865653272882, 22.067482653187906]
[-25.628799468671748, 2.141803804730075, -22.61575193409867, -7.249967022238465, -11.586949399755767, 40.55894188241331, -9.101408623762126, -6.87434151417072, -15.271183201657584, -14.158042543656816, -39.531881498246136, -22.300873237772187, -11.835262003341203, -19.15037080590026, 32.04255029740916, -23.861998166206277, -25.346351934476505, -23.53426295960986, 13.852996500160785, 22.87110987189015]
[-24.69336066520332, 0.3679930597982919, -20.429936587431136, -7.846845745776417, -12.36236930519455, 40.41377591276914, -9.401489359225309, -6.987024086992681, -13.984542984363266, -14.85531334245903, -40.176237575739975, -21.24387516571228, -12.816282195289123, -19.327262436198374, 31.64775673393622, -23.884238714611826, -23.758827695073037, -23.110036490505657, 14.83466912179881, 24.121302053054738]
[-22.40896295217855, -3.945362800824275, -15.136420753385307, -9.270962186078352, -14.243083241622521, 40.035826073284746, -10.1206651331409, -7.246013777611607, -10.843996444840865, -16.505309025006017, -41.74128934405791, -18.674105622460154, -15.172439300954288, -19.785527571583046, 30.682972140285706, -23.957609439443083, -19.894981945996335, -22.084623075907857, 17.18773697539404, 27.19438040964515]
end_values
[11299.49824183 92687.59036999]
[11299.49356946 92687.59185583]
[11299.49372275 92687.5920058 ]
[11299.58283223 92687.34409744]
[11299.56861956 92687.39952665]
[11299.56861956 92687.39952665]
[11299.61330371 92687.32042516]
[11299.64781461 92687.2934033 ]
[11300.28774757 92686.4420876 ]
[11300.21146422 92686.55805016]
[11300.23689166 92686.51927573]
[11300.71914265 92686.00890408]
[11300.62268231 92686.10675928]
[11300.71914265 92686.00890408]
[11300.61464418 92686.11501028]
[11300.47951661 92686.2337069 ]
[11300.47951661 92686.2337069 ]
[11299.41054976 92687.55115645]
[11298.34220416 92689.09043541]
[11297.11719164 92691.07134101]
[11293.76284485 92697.27921329]
[11293.76284485 92697.27921329]
[10898.68983944 93634.40944058]
[10898.68983944 93634.40944058]
[10801.58648041 94003.43927164]
[10782.57616806 94087.50853677]
[10653.31639511 94898.52616369]
[10653.31639511 94898.52616369]
[10559.53945871 96004.56748891]
[10446.95303777 98281.90819832]
[ 10336.32888879 106981.02169142]
