values
[439.58597906564785, 2114.4094826324817]
[439.9713094492983, 2105.0434714116745]
[440.52015211641435, 2096.900323033129]
[442.1083743010434, 2084.6466562640935]
[444.350645619535, 2078.4380992213746]
[445.95418079771, 1885.7819301684322]
[447.0992745894694, 1864.648249750789]
[447.4559628297271, 1859.4687287119878]
[447.64128901106017, 1854.414280624206]
[449.5192074817405, 1823.1716896872495]
[455.04879853426104, 1745.7934327918563]
[455.4939510744728, 1739.6622956394174]
[455.6605189228537, 1737.5390901770108]
[457.7808138214518, 1734.4547993316446]
[462.3504923666341, 1712.8636303468697]
[463.2618435513283, 1654.2501282799428]
[465.20296975864636, 1643.3052694460885]
[466.3766775635865, 1625.8118261590873]
[467.5378030629395, 1611.5532274138498]
[474.4663656945446, 1553.5115553020696]
[484.8297571401729, 1496.3128566152805]
values
[439.29473382905144, 2168.974907273282]
[439.3086156797204, 2152.3906921612106]
[439.3942604620679, 2116.602289101168]
[439.58597906564785, 2114.4094826324817]
[439.59461412003, 2098.5075231874252]
[439.91437582044097, 2066.4305952495306]
[440.1054070288335, 2056.9240258043274]
[440.36439948976624, 2045.1931357608612]
[440.4047619774293, 2039.2222728676027]
[440.7613216188451, 2026.4153774957797]
[441.4135314023204, 2000.2492040589275]
[441.8078839310788, 1987.3461300436097]
[442.42742656630014, 1969.0402322484072]
[442.5481343790451, 1964.185826019209]
[443.3443710780891, 1951.5335703039061]
[443.53508492920844, 1938.2882394404955]
[444.19491413005835, 1924.3359056866445]
[444.51646535593886, 1915.9282094847842]
[445.32050563506675, 1898.5044397656181]
[445.6043701699472, 1895.1532274730548]
[445.64294580392936, 1888.9996952676172]
[445.95418079771, 1885.7819301684322]
[446.6344688192194, 1873.8968647092854]
[447.0992745894694, 1864.648249750789]
[447.19600950486387, 1862.3668586038582]
[447.3911745616771, 1858.8935490279569]
[447.46033130566553, 1857.6291365446482]
[447.64128901106017, 1854.414280624206]
[449.5192074817405, 1823.1716896872495]
[450.34882116409153, 1810.5723186894768]
[452.1007782694249, 1796.2716365114727]
[453.54291775244303, 1766.5607115873286]
[453.85800119789724, 1761.2235550820615]
[455.04879853426104, 1745.7934327918563]
[455.35211020147176, 1739.1404523373644]
[455.6605189228537, 1737.5390901770108]
[456.3690112535433, 1732.4646631090075]
[458.805474555813, 1700.0802800413942]
[459.198376661177, 1698.6453876667576]
[462.7482441367507, 1658.496074976441]
[462.9364604961264, 1654.5175669085806]
[463.2618435513283, 1654.2501282799428]
[463.45543991605405, 1652.5155700306468]
[463.5722459207249, 1648.1728380231662]
[464.18995289740224, 1642.3210691578065]
[464.4850432822336, 1639.5676469647967]
[466.3727456887252, 1622.426079066752]
[467.5378030629395, 1611.5532274138498]
[467.6382961364519, 1611.2580250565138]
[468.356477517261, 1606.5239844118896]
[468.72050992411357, 1581.085569819389]
[472.33830626977306, 1551.9455164917388]
[473.78013917126736, 1551.5503151984467]
[475.0894314602008, 1534.115310072652]
[476.4364555060623, 1525.5981438223437]
[476.7580973388996, 1524.6336747039638]
[477.66279016709115, 1518.5396605431515]
[477.81727582903864, 1517.7704635551827]
[478.9069766687396, 1514.360384439928]
[479.66153402911, 1510.8661540930068]
[479.7425228425523, 1510.557514108035]
[480.11376844127597, 1509.1319999833647]
[480.11976683171883, 1508.786699667869]
[480.87103379786686, 1504.8998232771298]
[483.806215629306, 1479.3078693264815]
[484.61476487746063, 1477.1260018693977]
[484.7212589829917, 1475.1921141875987]
[484.75472270398404, 1470.4367461636189]
[485.91858357518225, 1466.663108935336]
[486.3798488953079, 1464.5061887598315]
[486.40151606422205, 1458.8531651885178]
[486.84922030706736, 1458.4039344122555]
[487.22278957801467, 1458.195971859081]
[487.5125262219371, 1453.7393177615547]
[487.65108780378813, 1452.6762068807654]
[488.2822012618027, 1449.5969950153299]
[488.6342100328486, 1448.7613820259223]
[488.95501108919694, 1446.6214775855124]
[489.2108663589779, 1444.8278579541088]
[489.79272358469194, 1443.8742287079685]
[489.94273372180317, 1441.0251430136716]
[490.15595114641053, 1438.6443856632395]
[490.33288461173413, 1438.6247250608653]
[490.4792981512423, 1437.8871351925059]
[490.6796786884712, 1436.5065723754697]
[491.3231235149354, 1432.9539187272792]
[491.42544128709426, 1431.3843690629415]
[491.9091857340175, 1430.0732242365877]
[491.9431513424707, 1429.0708277133558]
[491.9893839951798, 1428.9960024850316]
[492.3785071584348, 1426.6197039938615]
[492.59686982324797, 1425.400260224023]
[492.7101048198173, 1424.2690080588138]
[492.79428547394593, 1423.9985733952199]
[492.83702322424017, 1423.8823801883032]
[492.8583831222637, 1423.580221213928]
[493.03496466653655, 1422.975998380787]
[493.0563754534152, 1422.6707652997081]
[493.14477369270503, 1422.3734081796415]
[493.155495016658, 1422.2201257149081]
[493.1581763502399, 1422.1818413820788]
[493.16085808485934, 1422.1435716877647]
[493.21313562238447, 1421.8807757896907]
[493.254696845012, 1421.7723797539222]
[493.60533691610556, 1419.7267538041292]
[493.7199854225135, 1418.7158144231296]
[493.81613437987636, 1418.450012412621]
[493.9035193778188, 1417.9877569280657]
[493.9770765218648, 1417.0432688052786]
[494.0590639499999, 1416.613838041887]
[494.1420622828955, 1416.3501548159027]
[494.31109166296835, 1416.2615463538011]
[494.422620444117, 1415.8929855814747]
[494.7001230195556, 1412.1122795533267]
[494.88175263115056, 1411.2909321912298]
[494.97300557991053, 1411.0297830504944]
[495.0217524075799, 1410.4657552213039]
[495.151962519791, 1410.4330858309486]
[495.61106957067506, 1407.3696671083326]
[495.72989233324324, 1407.0381375192642]
[495.8898562287085, 1406.301346966244]
[495.89396476592447, 1405.5515583028048]
[496.05154725714124, 1405.1978246193673]
[496.0588888970698, 1404.066887016396]
[496.2843837026339, 1403.341553354168]
[496.3923440002753, 1403.2510610089275]
[496.4139651594261, 1403.2410208157576]
[496.4482879745933, 1403.1726214502355]
[496.49157941387534, 1403.1668671538678]
[496.50875549089244, 1403.1375192005346]
[496.74524331038776, 1402.5852498059503]
[496.8993923237105, 1401.1070826684897]
values
[439.29473382905144, 2168.974907273282]
[439.3029450184186, 2147.1889097280855]
[439.3920442240458, 2137.449144112489]
[439.3942604620679, 2116.602289101168]
[439.58597906564785, 2114.4094826324817]
[439.59461412003, 2098.5075231874252]
[439.6117461218763, 2092.0769169293008]
[439.6238069895615, 2083.04353182657]
[439.7383588799759, 2078.348298865998]
[439.74503459211246, 2075.0920337507587]
[439.75077474302833, 2074.635346057109]
[439.7670049787465, 2074.265382181696]
[439.7778373617591, 2072.2767506218297]
[439.91437582044097, 2066.4305952495306]
[439.9194522344372, 2065.7681422090527]
[440.1054070288335, 2056.9240258043274]
[440.36439948976624, 2045.1931357608612]
[440.4047619774293, 2039.2222728676027]
[440.7613216188451, 2026.4153774957797]
[441.18792591646206, 2003.2290896345676]
[441.34363866918903, 1998.9259321302977]
[441.67922112429784, 1995.5873000118547]
[441.7963857434521, 1994.1020571786537]
[441.8078839310788, 1987.3461300436097]
[441.8646711479886, 1981.1567218765886]
[441.8802128826403, 1980.912376869989]
[442.1436223118735, 1977.0053295044975]
[442.42742656630014, 1969.0402322484072]
[442.5481343790451, 1964.185826019209]
[442.7238153638889, 1958.851235242482]
[442.72619412815754, 1958.2208966222586]
[443.3443710780891, 1951.5335703039061]
[443.53508492920844, 1938.2882394404955]
[444.19491413005835, 1924.3359056866445]
[444.3138122786118, 1916.0777153951567]
[444.51646535593886, 1915.9282094847842]
[444.5853374432361, 1910.88159954513]
[445.01757247776135, 1901.6057826203803]
[445.32050563506675, 1898.5044397656181]
[445.6043701699472, 1895.1532274730548]
[445.6293126109476, 1890.3203386227008]
[445.64285169591443, 1888.1340193782682]
[445.65770492949974, 1888.0647004600164]
[445.8851914062689, 1883.945306057385]
[446.0862273823087, 1880.6327719286853]
[446.1501255751795, 1879.4557880562854]
[446.6344688192194, 1873.8968647092854]
[446.831112460514, 1871.5186894870671]
[446.9553706148821, 1869.156450815879]
[447.0992745894694, 1864.648249750789]
[447.19600950486387, 1862.3668586038582]
[447.3911745616771, 1858.8935490279569]
[447.46033130566553, 1857.6291365446482]
[447.64128901106017, 1854.414280624206]
[449.5192074817405, 1823.1716896872495]
[449.6011972201428, 1819.3064325815853]
[450.34882116409153, 1810.5723186894768]
[450.4147323601994, 1807.3808775258667]
[450.6391005575173, 1805.7532852953389]
[450.84579178843705, 1800.0352701587406]
[451.04032335858005, 1799.4289143554015]
[451.0449976959296, 1797.4323991975994]
[451.0994811193248, 1795.9950789565908]
[451.1454012382895, 1795.4800324997973]
[451.53895706990727, 1790.101243013461]
[452.58496939033785, 1786.7289930790841]
[452.5910218308747, 1786.3301727032049]
[452.60408919137865, 1777.9912821720345]
[452.8239107844886, 1773.3057695947332]
[453.54291775244303, 1766.5607115873286]
[453.85800119789724, 1761.2235550820615]
[455.04879853426104, 1745.7934327918563]
[455.35211020147176, 1739.1404523373644]
[455.46154231177576, 1737.34875372744]
[456.3690112535433, 1732.4646631090075]
[457.0652996287381, 1719.2690939033725]
[457.2534940599914, 1716.5072572974173]
[458.11528056007865, 1706.4490204472304]
[458.13291525257955, 1705.886369319235]
[458.16300221659185, 1705.4843901065242]
[458.805474555813, 1700.0802800413942]
[459.16176069362507, 1695.4884684710653]
[459.17829205752076, 1695.049960052333]
[459.1811939183589, 1694.9802832838182]
[460.290808655732, 1684.1652881922482]
[461.4543577284675, 1670.7768347048554]
[462.7482441367507, 1658.496074976441]
[462.9364604961264, 1654.5175669085806]
[463.2618435513283, 1654.2501282799428]
[463.45543991605405, 1652.5155700306468]
[463.5722459207249, 1648.1728380231662]
[463.7515217919436, 1645.5720408460934]
[464.18995289740224, 1642.3210691578065]
[464.2441219460087, 1642.0594744115733]
[464.3077295654939, 1640.3545223036851]
[464.4850432822336, 1639.5676469647967]
[466.22107817081246, 1622.1512614255062]
[466.2316633836258, 1621.7759549117686]
[466.80363727995325, 1617.293133075569]
[466.8074002300439, 1617.2861549999045]
[466.84235552501536, 1616.8385500844786]
[466.8441570625639, 1616.4827544844711]
[466.8851169521952, 1616.366457595651]
[467.5378030629395, 1611.5532274138498]
[467.6382961364519, 1611.2580250565138]
[468.1978416761317, 1604.5300423557705]
[468.72050992411357, 1581.085569819389]
[472.33830626977306, 1551.9455164917388]
[473.78013917126736, 1551.5503151984467]
[475.0894314602008, 1534.115310072652]
[476.4364555060623, 1525.5981438223437]
[476.7580973388996, 1524.6336747039638]
[477.66279016709115, 1518.5396605431515]
[477.81727582903864, 1517.7704635551827]
[478.84675994495956, 1515.98745149796]
[478.9069766687396, 1514.360384439928]
[479.66153402911, 1510.8661540930068]
[479.7425228425523, 1510.557514108035]
[480.11376844127597, 1509.1319999833647]
[480.1171170427424, 1508.0790751175984]
[480.2951057086419, 1506.1338372044238]
[480.3361718174432, 1506.0486234241644]
[480.34835871715575, 1505.8782227470122]
[480.3527260247513, 1505.8298000235854]
[480.37014859685837, 1505.53486458622]
[480.37302486010583, 1505.4940188169621]
[480.3807790063181, 1505.2486403256123]
[480.4113126118269, 1504.8873355356677]
[480.457502386887, 1504.0638508959769]
[481.89718067006623, 1495.7466116732553]
[481.93000814490324, 1495.2758150449536]
[481.959194048551, 1494.7623260213968]
[481.96344787256965, 1494.6929707720278]
[483.04340605807545, 1487.8364076688947]
[483.64021956054023, 1483.052408514902]
[483.806215629306, 1479.3078693264815]
[484.61476487746063, 1477.1260018693977]
[484.7212589829917, 1475.1921141875987]
[484.75472270398404, 1470.4367461636189]
[485.77733316196816, 1467.2021486044832]
[485.8250676720038, 1466.5031345627528]
[486.3798488953079, 1464.5061887598315]
[486.40151606422205, 1458.8531651885178]
[486.84922030706736, 1458.4039344122555]
[487.22278957801467, 1458.195971859081]
[487.5125262219371, 1453.7393177615547]
[487.65108780378813, 1452.6762068807654]
[488.2822012618027, 1449.5969950153299]
[488.6342100328486, 1448.7613820259223]
[488.95501108919694, 1446.6214775855124]
[489.2108663589779, 1444.8278579541088]
[489.22793876556176, 1444.6176094183836]
[489.2538754005375, 1444.2392047330382]
[489.26011934226705, 1444.1160628084958]
[489.3192662172262, 1443.3534072274665]
[489.33272457161104, 1443.2217129837609]
[489.3722455289452, 1442.7165627656273]
[489.94273372180317, 1441.0251430136716]
[490.15595114641053, 1438.6443856632395]
[490.33288461173413, 1438.6247250608653]
[490.4792981512423, 1437.8871351925059]
[490.6796786884712, 1436.5065723754697]
[491.2865767300523, 1430.0105502830584]
[491.9431513424707, 1429.0708277133558]
[491.9893839951798, 1428.9960024850316]
[492.0628842181811, 1425.9732233633017]
[492.09707066118705, 1425.5938636092424]
[492.14118716531885, 1425.0931442670512]
[492.2074760406199, 1424.348744433018]
[492.7101048198173, 1424.2690080588138]
[492.79428547394593, 1423.9985733952199]
[492.83702322424017, 1423.8823801883032]
[492.8583831222637, 1423.580221213928]
[492.91769460931965, 1421.1919916764928]
[492.92440868580513, 1421.090244543121]
[492.9637179446295, 1420.6679277093858]
[492.9872034150527, 1420.399638847031]
[493.0315309447777, 1419.9109234585353]
[493.0472671131666, 1419.734988599282]
[493.0670379398032, 1419.4295514973687]
[493.1158064056057, 1418.9992579334523]
[493.1203685947931, 1418.9466036574283]
[493.18852386160586, 1418.2144886899514]
[493.9035193778188, 1417.9877569280657]
[493.9770765218648, 1417.0432688052786]
[494.0590639499999, 1416.613838041887]
[494.1420622828955, 1416.3501548159027]
[494.31109166296835, 1416.2615463538011]
[494.422620444117, 1415.8929855814747]
[494.7001230195556, 1412.1122795533267]
[494.88175263115056, 1411.2909321912298]
[494.9625829357246, 1408.6353885317665]
[495.00756563579733, 1408.22485832761]
[495.61106957067506, 1407.3696671083326]
[495.72989233324324, 1407.0381375192642]
[495.8898562287085, 1406.301346966244]
[495.89396476592447, 1405.5515583028048]
[496.05154725714124, 1405.1978246193673]
[496.0588888970698, 1404.066887016396]
[496.2843837026339, 1403.341553354168]
[496.3923440002753, 1403.2510610089275]
[496.4139651594261, 1403.2410208157576]
[496.4482879745933, 1403.1726214502355]
[496.49157941387534, 1403.1668671538678]
[496.50875549089244, 1403.1375192005346]
[496.59231895873484, 1401.6214396146815]
[496.60124714519, 1400.815454531294]
[496.7291670740803, 1400.282283789522]
[496.7642222122553, 1400.2572243768282]
[496.76583347864914, 1400.245386537596]
[496.78000179812767, 1400.2188565641454]
[496.8132764138432, 1400.1895250190064]
[496.8164934246115, 1400.1653309171552]
[496.8290801473746, 1400.1272246870062]
[496.84573118835687, 1400.1166439217488]
[496.8524911872796, 1400.0322533184953]
[496.8847682667015, 1400.0200992457428]
[496.9168943077282, 1399.978805240965]
[496.9307074103628, 1399.95517641557]
[496.95593273174256, 1399.7913252149613]
[496.97023237884696, 1399.7736309028041]
[496.9789132277847, 1399.74978760059]
[497.02881305093194, 1399.7336071439415]
[497.03357822116016, 1399.7314025741048]
[497.0504667668219, 1399.7102373215027]
[497.0506305301949, 1399.678101649004]
[497.06561226577276, 1399.6682989059905]
[497.0704029912599, 1399.6297717754983]
[497.07677387752125, 1399.516581079076]
[497.0910679364076, 1399.5122825858593]
[497.1052782389743, 1399.5113304281383]
[497.11744429252013, 1399.4896726744496]
[497.1369273956479, 1399.4822591944055]
[497.1436062349278, 1399.4743200107318]
[497.1481437631322, 1399.4713341951692]
[497.14965180760817, 1399.4632903038325]
[497.1548696387168, 1399.4619575064878]
[497.1593066094134, 1399.453195628471]
[497.1613646543386, 1399.4427524364537]
[497.16541662999884, 1399.4324072020497]
[497.16762047919866, 1399.428420479077]
[497.1744467788119, 1399.4257450231169]
[497.1748649607056, 1399.4227284850308]
[497.1797060530455, 1399.41010664061]
[497.1949152721986, 1399.3894163371485]
[497.2016005023751, 1399.3789056721175]
[497.2092545788228, 1399.3627778170292]
[497.21497365224576, 1399.3587684336355]
[497.21663119624134, 1399.3540915883582]
[497.2169781300128, 1399.3524482854762]
[497.2174079781594, 1399.3503935128588]
[497.2255626782179, 1399.338446185197]
[497.2318156295526, 1399.3346463597338]
[497.23355015125793, 1399.3307618475744]
[497.2349063985462, 1399.3306474468209]
[497.23594635639836, 1399.3261779750665]
[497.24234861030413, 1399.3196475682312]
[497.2437616704798, 1399.3180626306323]
[497.24678280659356, 1399.3178421378555]
[497.2471513456055, 1399.30969948143]
[497.2536379725914, 1399.3088071479297]
[497.2536425531024, 1399.305687253841]
[497.2563734849645, 1399.3029318410659]
[497.25673971920827, 1399.3001569328162]
[497.25843114711637, 1399.2969074738764]
[497.26625451795553, 1399.2902007067983]
[497.2667763080693, 1399.2900117875336]
[497.2673066959845, 1399.2886181566837]
[497.268404945518, 1399.2853318057232]
[497.2716197863057, 1399.2845530635636]
[497.2739022506492, 1399.2761058098567]
[497.27970077213234, 1399.273507145902]
[497.28431909255403, 1399.2688149207318]
[497.28783500800415, 1399.268466332788]
[497.2891551388964, 1399.2639119410187]
[497.28966522408564, 1399.262263260951]
[497.2902430771809, 1399.2617392271834]
[497.2934035337371, 1399.2590370155904]
[497.2955160069206, 1399.2579815077515]
[497.29586548325994, 1399.2551977616306]
[497.2998393402789, 1399.2521087565474]
[497.29991172468647, 1399.2493958476912]
[497.30192386232727, 1399.2472024789495]
[497.30377083937003, 1399.2458709683258]
[497.3039360704337, 1399.2450346874555]
[497.3059483490057, 1399.2428924500784]
[497.3089271238324, 1399.2406051649286]
[497.31191181296924, 1399.2398548905578]
[497.31328903098887, 1399.2381437405957]
[497.3186909594209, 1399.2307969033345]
[497.3238264262051, 1399.229824726353]
[497.3243750345341, 1399.2267574490595]
[497.3282073734892, 1399.2265252893883]
[497.3318541350149, 1399.2220100967293]
[497.33317596173043, 1399.221971113418]
[497.33409930859807, 1399.2199200108275]
[497.3354631489739, 1399.2161439258737]
[497.33875214904003, 1399.2143841891498]
[497.33949003093073, 1399.2126765421472]
[497.34878697766135, 1399.2094364231725]
[497.3515314121803, 1399.2073040812925]
[497.35180364015656, 1399.2066190111339]
[497.3562815531435, 1399.2007831564538]
[497.3609650965751, 1399.1976085298681]
[497.3650299946543, 1399.1974458329662]
[497.3651129363561, 1399.195825169168]
[497.3668871034112, 1399.1932071006966]
[497.36999071058176, 1399.1922112042837]
[497.3724022836898, 1399.19013751259]
[497.3742268677969, 1399.1890467189319]
[497.3764825260981, 1399.1873019376735]
[497.3780618873027, 1399.1866453680543]
[497.37852786893177, 1399.1856193474644]
[497.38161089851064, 1399.1839007828648]
[497.3818902877986, 1399.1837395528278]
[497.3837892355392, 1399.1828310603553]
[497.38424922770196, 1399.182374493479]
[497.3844654630592, 1399.182204132093]
[497.3857327038617, 1399.1821101496841]
[497.3862874691938, 1399.1816963645635]
[497.3864711677123, 1399.1810645611856]
[497.38704075544945, 1399.1807088958903]
[497.3879517948423, 1399.1804664781066]
[497.3887050980635, 1399.1794871408622]
[497.38961616496954, 1399.1792537855738]
[497.3901709648961, 1399.1788533734996]
[497.3912805795754, 1399.1780582747954]
[497.39346991860185, 1399.1768904141243]
[497.3936629333219, 1399.176870458363]
[497.3945325073023, 1399.176084835959]
[497.3957818461688, 1399.1755934536395]
[497.39706973171326, 1399.1749289855875]
[497.3975712628952, 1399.1746800115989]
[497.39998106374844, 1399.1733618846315]
[497.4012717637105, 1399.1727175086346]
[497.4020215244222, 1399.1723691070856]
[497.4027059124122, 1399.1720344124144]
[497.40272887666686, 1399.1719582428675]
[497.4071004330211, 1399.169757229305]
[497.4074277853754, 1399.1695415542627]
[497.40994874954174, 1399.1685433581001]
[497.4101078012172, 1399.168420558845]
[497.411819669489, 1399.1676499970133]
[497.41276055285084, 1399.1671280381943]
[497.41276954957607, 1399.1670827046892]
[497.41349689963874, 1399.166916994482]
[497.4148287756591, 1399.1662680534066]
[497.4152435573668, 1399.1661614346776]
[497.4166249718866, 1399.165469689899]
[497.4170875795384, 1399.1652809207192]
[497.41847542468156, 1399.1647222574663]
[497.41873703012675, 1399.164704949274]
[497.4203259366441, 1399.163995197076]
[497.4212512148132, 1399.1636392995701]
[497.42209990145625, 1399.1633271614446]
[497.4222307126249, 1399.1633211888113]
[497.4255283758099, 1399.1620150609217]
[497.42572460486156, 1399.1620100078485]
[497.4260949079794, 1399.1618069679569]
[497.42851690569614, 1399.1609430327437]
[497.429727942338, 1399.160524101428]
[497.43093900416875, 1399.1601138528088]
[497.43362822432346, 1399.1592394068336]
[497.4363175685374, 1399.1584076557024]
[497.44169662914317, 1399.1568719678162]
[497.447076185986, 1399.1555062464472]
values
[439.29473382905144, 2168.974907273282]
[439.3029450184186, 2147.1889097280855]
[439.3920442240458, 2137.449144112489]
[439.3942604620679, 2116.602289101168]
[439.5166292992549, 2107.909120383515]
[439.51722289659745, 2100.283032669957]
[439.59461412003, 2098.5075231874252]
[439.6117461218763, 2092.0769169293008]
[439.6238069895615, 2083.04353182657]
[439.7383588799759, 2078.348298865998]
[439.74503459211246, 2075.0920337507587]
[439.7465934069701, 2074.8527964614414]
[439.75077474302833, 2074.635346057109]
[439.7670049787465, 2074.265382181696]
[439.7778373617591, 2072.2767506218297]
[439.81251939103544, 2066.7272572465818]
[439.91437582044097, 2066.4305952495306]
[439.9194522344372, 2065.7681422090527]
[439.9686063534882, 2065.7162046530448]
[440.0861638716455, 2062.3177323400596]
[440.1054070288335, 2056.9240258043274]
[440.36439948976624, 2045.1931357608612]
[440.4047619774293, 2039.2222728676027]
[440.6749441904989, 2035.0170310081558]
[440.7613216188451, 2026.4153774957797]
[440.86452249259145, 2024.1802759540585]
[441.18792591646206, 2003.2290896345676]
[441.34363866918903, 1998.9259321302977]
[441.6393769931355, 1986.7889254043525]
[441.8646711479886, 1981.1567218765886]
[441.8802128826403, 1980.912376869989]
[441.94800930112024, 1977.9408898740892]
[442.1436223118735, 1977.0053295044975]
[442.30854470162046, 1971.8959525379353]
[442.3094868105688, 1966.3349584109108]
[442.5215815621643, 1961.6325514790713]
[442.7238153638889, 1958.851235242482]
[442.72619412815754, 1958.2208966222586]
[442.7938298090046, 1956.8171728229272]
[442.80533312219467, 1952.1278902323281]
[443.1931759547543, 1941.2611640630396]
[443.45249837557924, 1934.9953704095205]
[444.19491413005835, 1924.3359056866445]
[444.2850854883951, 1921.1377163722568]
[444.3138122786118, 1916.0777153951567]
[444.51646535593886, 1915.9282094847842]
[444.5853374432361, 1910.88159954513]
[445.01757247776135, 1901.6057826203803]
[445.32050563506675, 1898.5044397656181]
[445.6043701699472, 1895.1532274730548]
[445.6293126109476, 1890.3203386227008]
[445.64285169591443, 1888.1340193782682]
[445.6489670521068, 1888.0863597385082]
[445.65770492949974, 1888.0647004600164]
[445.8851914062689, 1883.945306057385]
[446.0543178146904, 1879.4454016140623]
[446.07786745005797, 1878.9287185828296]
[446.13603270925427, 1878.1182016156627]
[446.6344688192194, 1873.8968647092854]
[446.6538917842275, 1868.2298980727874]
[447.0992745894694, 1864.648249750789]
[447.1094071795614, 1860.797035881781]
[447.2077735662421, 1858.5629802482672]
[447.46033130566553, 1857.6291365446482]
[447.64128901106017, 1854.414280624206]
[448.01611697479564, 1843.8306408882477]
[448.59440074282287, 1835.478795638]
[449.5192074817405, 1823.1716896872495]
[449.6011972201428, 1819.3064325815853]
[450.34882116409153, 1810.5723186894768]
[450.4147323601994, 1807.3808775258667]
[450.44827115049463, 1805.211279968081]
[450.84579178843705, 1800.0352701587406]
[451.04032335858005, 1799.4289143554015]
[451.0449976959296, 1797.4323991975994]
[451.0994811193248, 1795.9950789565905]
[451.1454012382895, 1795.4800324997973]
[451.48989791777336, 1788.9665035760895]
[452.1971168572492, 1780.2732261037931]
[452.4524201693904, 1775.7084654038345]
[452.8104976233769, 1772.7587838921386]
[452.8704871593307, 1769.8875392462926]
[453.54291775244303, 1766.5607115873286]
[453.85800119789724, 1761.2235550820615]
[454.4082898599183, 1748.8524281363543]
[454.5233919703759, 1748.0335115895668]
[455.04879853426104, 1745.7934327918563]
[455.35211020147176, 1739.1404523373644]
[455.46154231177576, 1737.34875372744]
[456.3690112535433, 1732.4646631090075]
[456.90742518737136, 1721.9788299143117]
[457.0652996287381, 1719.2690939033725]
[457.2534940599914, 1716.5072572974173]
[457.3859903157831, 1713.8068834648216]
[457.62679201029624, 1713.0022495347166]
[458.11528056007865, 1706.4490204472304]
[458.13291525257955, 1705.886369319235]
[458.16300221659185, 1705.4843901065242]
[458.3812596477148, 1703.6020729480567]
[458.805474555813, 1700.0802800413942]
[459.16176069362507, 1695.4884684710653]
[459.17829205752076, 1695.049960052333]
[459.1811939183589, 1694.9802832838182]
[459.3472480021997, 1690.8634262225412]
[459.9171667176532, 1684.7353256011706]
[460.2330825639984, 1682.39634798497]
[460.813833528397, 1674.4203361473344]
[461.4543577284675, 1670.7768347048554]
[461.64288849872173, 1666.9332259129776]
[461.9567414487398, 1662.06273922816]
[462.0785970732692, 1661.2631345016243]
[462.3039076982878, 1658.9433324092474]
[462.7482441367507, 1658.496074976441]
[462.9364604961264, 1654.5175669085806]
[463.11514314421476, 1651.4722673680913]
[463.1788996246871, 1650.501127931968]
[463.5722459207249, 1648.1728380231662]
[463.7515217919436, 1645.5720408460934]
[464.18995289740224, 1642.3210691578065]
[464.2441219460087, 1642.0594744115733]
[464.3077295654939, 1640.3545223036851]
[464.35894631019244, 1638.3204608568853]
[464.83466454137215, 1637.596286764464]
[465.034297968193, 1632.4085308458898]
[465.62837701883547, 1627.0847096978596]
[466.22107817081246, 1622.1512614255062]
[466.2316633836258, 1621.7759549117686]
[466.62658019873743, 1616.7898552204113]
[466.8441570625639, 1616.4827544844711]
[466.8851169521952, 1616.366457595651]
[467.5378030629395, 1611.5532274138498]
[467.6382961364519, 1611.2580250565138]
[467.92039967901087, 1605.9914635127116]
[468.1978416761317, 1604.5300423557705]
[468.5322755826762, 1600.1282139093282]
[468.72050992411357, 1581.085569819389]
[470.67100258150754, 1580.6287002489257]
[471.220272786274, 1575.6016865050706]
[471.448965058069, 1573.6680746382929]
[471.81553676280913, 1570.8894681616043]
[471.8810142189802, 1570.223526236396]
[472.33830626977306, 1551.9455164917388]
[473.78013917126736, 1551.5503151984467]
[474.700248870475, 1549.293270747059]
[475.0894314602008, 1534.115310072652]
[476.4364555060623, 1525.5981438223437]
[476.7580973388996, 1524.6336747039638]
[477.66279016709115, 1518.5396605431515]
[477.81727582903864, 1517.7704635551827]
[478.84675994495956, 1515.98745149796]
[478.9069766687396, 1514.360384439928]
[479.0069577749009, 1513.546004787637]
[479.66153402911, 1510.8661540930068]
[479.6633327379363, 1508.3876773843392]
[479.98800588851384, 1508.1110701266869]
[480.1171170427424, 1508.0790751175984]
[480.2951057086419, 1506.1338372044238]
[480.3361718174432, 1506.0486234241644]
[480.34835871715575, 1505.8782227470122]
[480.3527260247513, 1505.8298000235854]
[480.37014859685837, 1505.53486458622]
[480.37302486010583, 1505.4940188169621]
[480.3807790063181, 1505.2486403256123]
[480.4113126118269, 1504.8873355356677]
[480.457502386887, 1504.0638508959769]
[481.4109545663972, 1498.5891957448348]
[481.72945720238204, 1493.3135919207605]
[481.94841910939056, 1492.6439025371194]
[482.0527775296556, 1491.2207049612557]
[482.1384404344064, 1491.0511755299976]
[482.2307529722595, 1489.676520173292]
[482.64247111054044, 1486.8983195703856]
[482.7276242787627, 1486.215215423198]
[483.01500047259674, 1485.4897181569902]
[483.389609176573, 1484.7923485907531]
[483.64021956054023, 1483.052408514902]
[483.806215629306, 1479.3078693264815]
[484.3048392738599, 1475.9613858655841]
[484.6717529316221, 1472.456177680061]
[484.75472270398404, 1470.4367461636189]
[485.0148462140544, 1470.0571162840643]
[485.77733316196816, 1467.2021486044832]
[485.8250676720038, 1466.5031345627528]
[486.1398192410995, 1462.5838089779631]
[486.40151606422205, 1458.8531651885178]
[486.84922030706736, 1458.4039344122555]
[487.22278957801467, 1458.195971859081]
[487.5125262219371, 1453.7393177615547]
[487.65108780378813, 1452.6762068807654]
[488.2822012618027, 1449.5969950153299]
[488.6342100328486, 1448.7613820259223]
[488.8764179579387, 1444.4369368076646]
[489.2367674670052, 1442.059507076808]
[489.94273372180317, 1441.0251430136716]
[490.15595114641053, 1438.6443856632395]
[490.33288461173413, 1438.6247250608653]
[490.4792981512423, 1437.8871351925059]
[490.6796786884712, 1436.5065723754697]
[490.98807199540977, 1431.933618526973]
[491.14547769141075, 1429.9199431564493]
[491.5340561470342, 1428.3898045708258]
[491.81381911822024, 1425.7617517552535]
[491.88489842999536, 1425.2663945603936]
[492.08336059077993, 1424.872502369504]
[492.16326824120546, 1424.8441142846068]
[492.1853468833991, 1423.4520421406723]
[492.48669560994495, 1421.6484525147825]
[492.7063246803286, 1420.271515737977]
[492.8163207834152, 1419.5858443393793]
[493.0670379398032, 1419.4295514973687]
[493.0920938824628, 1418.0810898638817]
[493.23000702737863, 1417.1337439947208]
[493.6959418541148, 1414.6607370712127]
[493.7493894942905, 1414.2687539693818]
[493.84605378814007, 1413.6394460680885]
[494.60559043162914, 1409.3718592108526]
[494.8114226047057, 1409.125206565971]
[494.9625829357246, 1408.6353885317665]
[495.00756563579733, 1408.22485832761]
[495.07661604016135, 1407.08828513952]
[495.2235522259962, 1406.2395874777205]
[495.4601684843199, 1405.1850232654526]
[495.5338835328928, 1404.7840701004768]
[495.64693062590106, 1404.2451108493528]
[495.84511511293135, 1403.433374185015]
[496.0731609088959, 1402.6352845364997]
[496.1933760017986, 1402.1333665746308]
[496.20210540474943, 1401.996376740717]
[496.28856826335, 1401.9150021392732]
[496.29934985246973, 1401.6021227967753]
[496.3654199181039, 1401.5082560161445]
[496.4206896823196, 1401.384209023355]
[496.4316326486727, 1401.3451250285602]
[496.4855958286846, 1401.0228027179087]
[496.51989243600553, 1401.015603782067]
[496.5271934938183, 1400.8510829590723]
[496.53546665287473, 1400.8425119207977]
[496.58836867755656, 1400.6809838128424]
[496.61919092351314, 1400.6752227974287]
[496.6362299589124, 1400.6434830870883]
[496.67334751763894, 1400.553768090223]
[496.68148428442686, 1400.4845620871063]
[496.72236799848116, 1400.2629379446312]
[496.75552131621976, 1400.2448922566077]
[496.78000179812767, 1400.2188565641454]
[496.8132764138432, 1400.1895250190064]
[496.8164934246115, 1400.1653309171552]
[496.8180750999937, 1400.0908720248235]
[496.84190331635045, 1400.0097642266487]
[496.8465591172844, 1399.994680058071]
[496.8761474217406, 1399.9189075513236]
[496.8923879968221, 1399.8987952634272]
[496.9013021691758, 1399.8111571787217]
[496.92393409354855, 1399.8110448022276]
[496.9282392209594, 1399.8083047258754]
[496.9376772032924, 1399.7787011983594]
[496.94608364211047, 1399.7187930670125]
[496.9831456700727, 1399.687233152261]
[496.9833432243004, 1399.6817760207052]
[496.9908842871496, 1399.6351665835552]
[497.01083109375213, 1399.6326649891935]
[497.0193281506464, 1399.609323615815]
[497.02317640236134, 1399.6077059039587]
[497.0290297222802, 1399.5946141278519]
[497.0385240718976, 1399.5817641026304]
[497.0387196530911, 1399.5704695579911]
[497.05669571640476, 1399.5491345414603]
[497.06157301280234, 1399.5318661553115]
[497.0665998764077, 1399.5192018944642]
[497.07677387752125, 1399.516581079076]
[497.08054309354105, 1399.49508784758]
[497.0941279560772, 1399.474752890102]
[497.1121143780632, 1399.4635925735731]
[497.11248428038743, 1399.447263482338]
[497.1211550495415, 1399.4369197642925]
[497.1253871408302, 1399.4327979699788]
[497.1308440216553, 1399.4215024279686]
[497.14760427837916, 1399.4112252499374]
[497.149207179881, 1399.397480894573]
[497.1612155705944, 1399.374369755445]
[497.1754845184859, 1399.369344628496]
[497.1831078759298, 1399.3656917594817]
[497.18537518326247, 1399.3461126575078]
[497.19021351112457, 1399.3376243504108]
[497.191789940943, 1399.3346043873612]
[497.20078616489377, 1399.3233959798063]
[497.2086299746625, 1399.3144381309594]
[497.2115497436208, 1399.311501966332]
[497.22446425670387, 1399.3035491365818]
[497.22554701485655, 1399.2992093098792]
[497.23039490957433, 1399.2895958363856]
[497.24139706546924, 1399.2769018685335]
[497.2492448244811, 1399.269762630222]
[497.2543232049992, 1399.264850799013]
[497.2629247855941, 1399.2628375907568]
[497.26385943691605, 1399.260810354513]
[497.2669825962656, 1399.259468236934]
[497.2672513969366, 1399.2537471663054]
[497.27371168391534, 1399.2515632316627]
[497.2821626849711, 1399.2457386420413]
[497.28295252140873, 1399.2420989220038]
[497.290787172413, 1399.2420606024587]
[497.29452543554254, 1399.238735457055]
[497.29551848323206, 1399.2307713154116]
[497.2979232153889, 1399.227206295131]
[497.3083586034562, 1399.223907341398]
[497.30979040824934, 1399.221299036883]
[497.3133684282402, 1399.2198563111624]
[497.32254067948116, 1399.2130407667435]
[497.32860834044646, 1399.2061705449946]
[497.3364646841865, 1399.2029208869756]
[497.34154896899173, 1399.2005604080646]
[497.3420573080943, 1399.1996029356756]
[497.35039183642186, 1399.1939610804925]
[497.35318870593517, 1399.1925092809574]
[497.3573565928633, 1399.1899138758934]
[497.36293014011505, 1399.1891078036851]
[497.3643221361873, 1399.1861538673802]
[497.3677775793352, 1399.1838797021442]
[497.3726597357557, 1399.1816189817805]
[497.3754575988505, 1399.1805326731555]
[497.37825558348266, 1399.179491549306]
[497.38099849569124, 1399.1774967120152]
[497.3880895744195, 1399.177011649688]
[497.3888725252791, 1399.1752680290942]
[497.38979985554613, 1399.1742801578703]
[497.3935088112829, 1399.1720830112865]
[497.3976794966637, 1399.1704827831013]
[497.4032775959105, 1399.1691687490384]
[497.4046496486176, 1399.1683723237845]
[497.4053081428832, 1399.167482770287]
[497.4109697114297, 1399.1669458724832]
[497.413005480853, 1399.1661236584998]
[497.4136789875509, 1399.1654542502733]
[497.4145004677468, 1399.1653392466872]
[497.4170875795384, 1399.1652809207192]
[497.41710983625853, 1399.1636984607878]
[497.4202072314816, 1399.163497441777]
[497.4204311203854, 1399.162946218818]
[497.42309613378967, 1399.162858841098]
[497.42356448590374, 1399.1621841618087]
[497.4240790387884, 1399.1615819781227]
[497.4249752110493, 1399.1605462987775]
[497.42889732767094, 1399.1605254189767]
[497.4292366307124, 1399.1603925349036]
[497.4295727412309, 1399.1599377814719]
[497.43135018666095, 1399.1597055297398]
[497.4314150476114, 1399.1596757879947]
[497.4321654440122, 1399.1594445977053]
[497.4327832913747, 1399.1591732712238]
[497.43461128464634, 1399.1586853221074]
[497.43538182382343, 1399.1584170463564]
[497.4355164989854, 1399.158365610711]
[497.4359277334001, 1399.1582380738155]
[497.4372319265336, 1399.1578577922373]
[497.4375403690622, 1399.157830155789]
[497.43826471994083, 1399.1576801210485]
[497.43827903263946, 1399.1576539375774]
[497.43844646549104, 1399.157518345707]
[497.43882455222297, 1399.1574976231632]
[497.43955762142787, 1399.1574307003302]
[497.4400825575696, 1399.1570588131249]
[497.44169662914317, 1399.1568719678162]
[497.4419865835399, 1399.1567364886696]
[497.4420860698931, 1399.1566207541898]
[497.4427788402022, 1399.1565639654418]
[497.44293210244473, 1399.1565217322502]
[497.4430491240531, 1399.156283768402]
[497.4439427901966, 1399.1562663813118]
[497.4439647106034, 1399.1560763928255]
[497.44411019287156, 1399.1560517276382]
[497.444415953894, 1399.1559567901656]
[497.4445142786605, 1399.1559186181862]
[497.4446489745219, 1399.1558744643526]
[497.4453620844013, 1399.1557807592444]
[497.4456313546361, 1399.15565008778]
[497.4469751107399, 1399.1554286944017]
[497.44734636911255, 1399.155262470389]
[497.448598822113, 1399.15515538658]
[497.44859891797756, 1399.1550728962861]
[497.4486096538778, 1399.1550540085177]
[497.44863112568254, 1399.1550162356823]
[497.4499377399759, 1399.1548440641066]
[497.4500689025617, 1399.1548192949765]
[497.4502549790004, 1399.1546761646298]
[497.45058272493816, 1399.1545344884858]
[497.4506190997083, 1399.1545297069042]
[497.45182877486224, 1399.1544384981153]
[497.4518990578434, 1399.154424313127]
[497.45259213269054, 1399.1542816931574]
[497.4530501849197, 1399.154013118623]
[497.45380107193625, 1399.1538697154879]
[497.4548934388541, 1399.1538257876755]
[497.4551482850828, 1399.1537112144422]
[497.45556323704795, 1399.15362483613]
[497.4559746129829, 1399.15354558211]
[497.45598177090443, 1399.153533346247]
[497.4562253294101, 1399.1535324407246]
[497.45651708124956, 1399.1533998097063]
[497.45724131017016, 1399.153381518686]
[497.45807840496593, 1399.1532077303837]
[497.458741544831, 1399.1531342131316]
[497.45947089905616, 1399.1530122882627]
[497.4596547941145, 1399.1529823880526]
[497.45971756589745, 1399.1528475839455]
[497.46165901642496, 1399.1526650409191]
[497.4616876501333, 1399.1526171936036]
[497.461694808562, 1399.152605232775]
[497.4627215168182, 1399.152409847404]
[497.4627834887503, 1399.1523845316096]
[497.4628198713372, 1399.152382307644]
[497.46350853734805, 1399.1523505836972]
[497.46355269301773, 1399.1522824978833]
[497.4642855239291, 1399.1521857933756]
[497.4652082307592, 1399.1521643115639]
[497.4656546438549, 1399.1520246000955]
[497.46578759793374, 1399.1520000892508]
[497.4665151756533, 1399.151996786223]
[497.4673880727063, 1399.1518025025423]
[497.4678892596752, 1399.1517360760768]
[497.4686606913574, 1399.1516870193022]
[497.4688538403287, 1399.1516446537291]
[497.4689266133067, 1399.1516427425636]
[497.4690721595498, 1399.1516390102327]
[497.4696786067684, 1399.1516342069613]
[497.4711261610065, 1399.1514871305721]
[497.4712146079681, 1399.1514075120429]
[497.47151955156977, 1399.151405953212]
[497.47172350554825, 1399.1513880877246]
[497.471920244003, 1399.1513434366916]
[497.47193843822015, 1399.1513432746156]
[497.4719930209076, 1399.151342799615]
[497.47206039993443, 1399.1513315440293]
[497.4734225150962, 1399.151223820157]
[497.47422297734374, 1399.1512144828087]
[497.47459331274456, 1399.1511788226628]
[497.47476858177095, 1399.151171461199]
[497.4747900605421, 1399.15113746358]
[497.4747936403378, 1399.1511317976601]
[497.47505958978786, 1399.1510969680874]
[497.4762107727243, 1399.151089285041]
[497.4764110643545, 1399.1510487736205]
[497.4766603189421, 1399.1509848519802]
[497.47768163889043, 1399.1509742352523]
[497.47804643321376, 1399.1509527623411]
[497.4780535930944, 1399.1509415863497]
[497.4780607529757, 1399.1509304107578]
[497.4780643329166, 1399.1509248231118]
[497.4781627123624, 1399.150906106011]
[497.4791408298571, 1399.15089292261]
[497.4799640108927, 1399.150875187836]
[497.48059484137224, 1399.1508256902268]
[497.4812296057647, 1399.150768815608]
[497.4817467664396, 1399.1507611292363]
[497.4842378529446, 1399.1507078881305]
[497.4844058496146, 1399.150692048003]
[497.48443684624124, 1399.150683362863]
[497.48741847390966, 1399.150659814266]
end_solutions
[-1.9740553548225364, -6.9752817387537185, 5.287047581722602]
[-1.9740638676685254, -6.975619894650011, 5.2865304141241385]
[-1.9740707089719074, -6.975907771002151, 5.286089567720272]
[-1.9740800936932001, -6.976271555388715, 5.285533526975864]
[-1.9740896510402712, -6.9766478866076485, 5.2849580946026045]
[-1.9740992083873425, -6.977024217826582, 5.284382662229344]
[-1.9741492273216141, -6.978456990478424, 5.282203690722913]
[-1.9741492273216141, -6.978456990478424, 5.282203690722913]
[-1.974188543989955, -6.979463687192712, 5.280676382896096]
[-1.9742064272324118, -6.980054587602961, 5.279764569082683]
[-1.97422588352196, -6.981307941438214, 5.277787429975708]
[-1.974183117253109, -6.982170710719667, 5.276310914697204]
[-1.9740857229364366, -6.983209399019932, 5.2744374345136125]
[-1.9739883286197641, -6.984248087320197, 5.272563954330021]
[-1.9736982648339088, -6.98586048446286, 5.26937214527851]
[-1.9735602234125476, -6.986258274286446, 5.2684507813156785]
[-1.9734151915196199, -6.987064472857778, 5.266854876789923]
[-1.9727710359883097, -6.988829531930525, 5.2627003323379355]
[-1.9727020152776291, -6.989028426842319, 5.26223965035652]
[-1.9689968644684765, -6.991028815521985, 5.251501432258994]
[-1.9678066644249992, -6.9912894616152315, 5.2486551118837514]
[-1.9666164643815216, -6.991550107708479, 5.245808791508509]
[-1.9618556642076115, -6.992592692081467, 5.234423510007538]
[-1.9563488072484325, -6.993098254632891, 5.22220512654059]
[-1.9327428468007877, -6.990704516859796, 5.175561549776683]
[-1.9161358568828595, -6.988879260178404, 5.142802560411681]
[-1.743905261934875, -6.967305883571039, 4.806076658821802]
[-1.0366397700787158, -6.933722110094253, 3.2786450642421547]
[-0.4290478945142395, -7.083968246487904, 1.494488894317356]
[0.17854398105023683, -7.2342143828815555, -0.28966727560744276]
[0.24625887044472422, -7.886895784355145, -2.167907248833284]
end_values
[ 497.48741847 1399.15065981]
[ 497.48074721 1399.15077963]
[ 497.47505959 1399.15109697]
[ 497.46788926 1399.15173608]
[ 497.46046925 1399.15271507]
[ 497.45305018 1399.15401312]
[ 497.42497521 1399.1605463 ]
[ 497.42497521 1399.1605463 ]
[ 497.40530814 1399.16748277]
[ 497.39350881 1399.17208301]
[ 497.36777758 1399.1838797 ]
[ 497.34819003 1399.19389917]
[ 497.32305203 1399.2087046 ]
[ 497.29792322 1399.2272063 ]
[ 497.2543232 1399.2648508]
[ 497.24139707 1399.27690187]
[ 497.21961034 1399.30150618]
[ 497.16121557 1399.37436976]
[ 497.1547597 1399.3837081]
[ 496.99088429 1399.63516658]
[ 496.94608364 1399.71879307]
[ 496.90130217 1399.81115718]
[ 496.722368   1400.26293794]
[ 496.52719349 1400.85108296]
[ 495.76009876 1403.72199037]
[ 495.22355223 1406.23958748]
[ 489.84887955 1438.04918831]
[ 469.1593245  1593.81183635]
[ 452.15945063 1778.89930351]
[ 442.30948681 1966.33495841]
[ 439.29473383 2168.97490727]
