values
[7409268.861697251, 9108838.753108779]
[7409424.35323255, 9099210.563401647]
[7409457.076355962, 9089463.175106937]
[7409896.027371819, 9080215.406496435]
[7410467.366374229, 9071162.897186171]
[7412007.542697046, 9053643.049623413]
[7416160.901687254, 9024331.54298631]
[7416677.372297845, 9020940.798006581]
[7418220.795631689, 9015169.029747002]
[7420291.700773798, 9003997.197048137]
[7420898.413096762, 9001581.63811975]
[7423337.278140484, 9001128.130470391]
[7423814.244053184, 8991105.783816641]
[7426316.022325762, 8984390.857111322]
[7429148.95320424, 8978083.49861396]
[7431611.958652516, 8971592.975091683]
[7438337.522847591, 8960677.137213282]
[7439479.28308183, 8954970.983717008]
[7448303.851682144, 8607299.211296855]
values
[7021985.083007366, 8246957.404037482]
[7022070.99342003, 8246915.456336349]
values
[7021715.621593601, 8246654.692945493]
[7021715.63021985, 8246654.031461865]
[7021715.637169698, 8246651.277010487]
[7021715.699282868, 8246651.08585128]
[7021715.765213076, 8246650.798449578]
[7021715.765975352, 8246650.579192938]
[7021715.793017928, 8246648.836141782]
[7021715.935971131, 8246647.692845841]
[7021715.959126512, 8246646.836609668]
[7021715.96860886, 8246644.500220536]
[7021716.089336238, 8246644.449229243]
[7021716.199033568, 8246644.242555316]
[7021716.270579935, 8246640.295007695]
[7021716.530785927, 8246640.21232684]
[7021717.009558915, 8246638.577158761]
[7021717.117367511, 8246636.125436441]
[7021717.340336198, 8246636.015897184]
[7021717.413098715, 8246634.850020185]
[7021717.447407059, 8246634.375143992]
[7021717.769412676, 8246633.821875428]
[7021717.806973193, 8246632.655364331]
[7021717.957495995, 8246632.431917217]
[7021718.091709664, 8246628.449915263]
[7021718.725928328, 8246628.401699088]
[7021719.310352656, 8246626.283864174]
[7021719.3698559655, 8246626.225202526]
[7021719.501767068, 8246621.225370896]
[7021721.214636084, 8246620.790607828]
[7021721.448494336, 8246618.775593577]
[7021721.722072197, 8246617.362183811]
[7021722.52453546, 8246615.288755202]
[7021723.014827914, 8246610.959699402]
[7021724.017210543, 8246607.484900235]
[7021724.412767138, 8246606.8481776975]
[7021725.225090503, 8246604.364442674]
[7021726.093273836, 8246601.938615151]
[7021727.182562454, 8246600.80720841]
[7021727.664385134, 8246600.210583304]
[7021727.997220636, 8246597.260684451]
[7021729.012067919, 8246596.181520538]
[7021729.735816613, 8246594.218798284]
[7021730.492836863, 8246592.290615719]
[7021731.581449717, 8246590.885627588]
[7021732.106692088, 8246588.537870521]
[7021732.963527083, 8246586.713308307]
[7021733.228170442, 8246586.491304089]
[7021733.348627029, 8246585.1427085]
[7021733.853633683, 8246584.923286626]
[7021734.915216049, 8246584.701210844]
[7021734.940996683, 8246581.739620281]
[7021735.821031706, 8246579.40820267]
[7021736.643016087, 8246578.450444012]
[7021736.844711491, 8246577.177149027]
[7021737.6749090515, 8246576.807704525]
[7021738.33987616, 8246575.401708366]
[7021739.296802297, 8246574.896605207]
[7021739.787222168, 8246571.448849046]
[7021741.257438999, 8246571.429537279]
[7021741.374494521, 8246568.7053421335]
[7021743.121148466, 8246568.274329727]
[7021743.656203154, 8246567.93867475]
[7021743.678273269, 8246567.358724641]
[7021743.900424227, 8246564.740887738]
[7021745.531820023, 8246564.615364975]
[7021746.178801107, 8246564.514450646]
[7021746.611107043, 8246563.095228064]
[7021746.6774860155, 8246563.07124581]
[7021747.2367097335, 8246562.809994118]
[7021747.621110216, 8246562.328777188]
[7021748.297642325, 8246561.046699026]
[7021748.442590075, 8246558.972486259]
[7021750.532327856, 8246558.2018572055]
[7021751.10765294, 8246557.735568134]
[7021751.276592557, 8246557.283939732]
[7021752.528184567, 8246556.545233338]
[7021753.580207373, 8246555.2263758425]
[7021753.890510685, 8246554.531154206]
[7021754.738709926, 8246553.651554141]
[7021755.340890018, 8246553.533429056]
[7021755.716871036, 8246553.361346699]
[7021756.051195618, 8246552.162469352]
[7021757.153496972, 8246551.894446197]
[7021757.357134609, 8246551.089543095]
[7021757.730422344, 8246550.546556716]
[7021759.018028192, 8246550.309427683]
[7021759.759442287, 8246549.234043394]
[7021760.126378575, 8246548.637866207]
[7021760.246703888, 8246548.623405723]
[7021760.56821939, 8246548.585514094]
[7021761.220414095, 8246547.45159963]
[7021761.967265227, 8246547.075491478]
[7021762.295117926, 8246547.044169897]
[7021762.97765252, 8246547.00066539]
[7021764.107330442, 8246546.530269162]
[7021764.142182191, 8246545.37355608]
[7021765.274370483, 8246545.334192703]
[7021765.626733043, 8246544.274928689]
[7021765.876849775, 8246544.094623843]
[7021766.218319407, 8246544.077416585]
[7021766.885006973, 8246543.381403688]
[7021767.930637988, 8246542.397519233]
[7021769.45923173, 8246541.654348167]
[7021769.995648987, 8246541.176594389]
[7021771.0875058845, 8246540.3724194635]
[7021772.110358911, 8246540.007285935]
[7021774.417454677, 8246539.077273284]
[7021775.555710025, 8246538.42852552]
[7021778.802382754, 8246536.873805731]
[7021781.066186678, 8246535.846224321]
[7021783.377550434, 8246534.868078338]
[7021784.204562509, 8246534.731671576]
[7021786.001294187, 8246533.88698797]
[7021787.136652441, 8246533.5182590615]
[7021787.150153948, 8246533.257670978]
[7021789.800475, 8246533.105431664]
[7021790.857262043, 8246532.201408977]
[7021790.870156143, 8246532.186558924]
[7021791.044587633, 8246531.7739866935]
[7021792.541042101, 8246531.397247986]
[7021792.712371609, 8246530.887316604]
[7021794.7347380305, 8246530.83070397]
[7021796.919763054, 8246530.11168541]
[7021797.653784336, 8246529.182028102]
[7021802.826618865, 8246528.631926309]
[7021804.26947642, 8246527.318928217]
[7021806.189149341, 8246526.581986814]
[7021808.6615402, 8246526.418726295]
[7021809.400272815, 8246524.994891318]
[7021814.130947813, 8246523.4976004055]
[7021814.679462634, 8246523.347799787]
[7021815.490922634, 8246523.106117822]
[7021815.765164967, 8246523.030459664]
[7021817.4823866105, 8246522.556614414]
[7021818.933491161, 8246522.165410692]
[7021819.498409146, 8246522.032699113]
[7021820.562036798, 8246521.789997073]
[7021821.388339205, 8246521.555140158]
[7021823.343697241, 8246521.119357951]
[7021824.4689196395, 8246520.878484362]
[7021825.337917, 8246520.699718987]
[7021828.803832112, 8246520.273640921]
[7021829.564912058, 8246519.8490961585]
[7021829.879908973, 8246519.821819031]
[7021830.7660100525, 8246519.657916065]
[7021831.974641056, 8246519.474583313]
[7021834.39667012, 8246519.106967833]
[7021836.93621506, 8246518.773039115]
[7021838.536777836, 8246518.533138811]
[7021838.9887889335, 8246518.453372302]
[7021840.866995816, 8246518.241934872]
[7021842.657081911, 8246518.018814679]
[7021843.929918094, 8246517.8691757405]
[7021845.281678251, 8246517.76760524]
[7021846.694192659, 8246517.71951184]
[7021846.839435645, 8246517.6086316155]
[7021847.72047017, 8246517.6040625]
[7021848.095943517, 8246517.531846718]
[7021848.875780366, 8246517.473832056]
[7021849.787562306, 8246517.388319861]
[7021850.79067457, 8246517.355192947]
[7021851.467980308, 8246517.343995122]
[7021854.121820395, 8246517.217922959]
[7021854.458157651, 8246517.146488266]
[7021854.504931868, 8246517.121966315]
[7021856.959284331, 8246517.0938570835]
[7021857.297089659, 8246517.084428728]
[7021862.2137750285, 8246516.9525068775]
[7021864.821341165, 8246516.899948474]
values
[7021715.276397146, 8246643.755839295]
[7021715.283153453, 8246640.590725978]
[7021715.312246988, 8246638.727486781]
[7021715.341948967, 8246638.429261607]
[7021715.432132592, 8246636.129116023]
[7021715.43348672, 8246635.82683839]
[7021715.484788656, 8246633.840737126]
[7021715.706151179, 8246631.6258169245]
[7021715.734086252, 8246630.743724483]
[7021715.794022598, 8246629.095591987]
[7021715.910201304, 8246629.059285959]
[7021715.943148166, 8246628.263034309]
[7021716.100285758, 8246628.016653508]
[7021716.232068776, 8246627.728983692]
[7021716.239949235, 8246624.492053053]
[7021716.379865805, 8246624.216394151]
[7021716.465699327, 8246622.702973102]
[7021716.682929227, 8246620.568254385]
[7021716.928394103, 8246619.395544135]
[7021717.165138844, 8246617.85225997]
[7021717.382993519, 8246617.553827466]
[7021717.419326748, 8246615.669727387]
[7021717.480443549, 8246615.473895838]
[7021717.782926857, 8246614.109587083]
[7021718.024616671, 8246613.836190831]
[7021718.0409621, 8246612.526989948]
[7021718.17507157, 8246612.147617433]
[7021718.382886542, 8246612.016189073]
[7021718.640393568, 8246611.343380415]
[7021718.8441678155, 8246610.197537156]
[7021718.93874519, 8246609.617820385]
[7021719.12283647, 8246607.390545196]
[7021719.500953205, 8246607.278725946]
[7021719.671147722, 8246605.762575387]
[7021719.951743552, 8246605.554596393]
[7021720.228881034, 8246604.282849381]
[7021720.45384906, 8246603.045883829]
[7021720.864715481, 8246602.456995333]
[7021721.027459365, 8246601.360216871]
[7021721.153864915, 8246600.711763841]
[7021721.259787004, 8246599.819735261]
[7021721.706116011, 8246598.8550358405]
[7021722.170618099, 8246597.3592356825]
[7021722.179586586, 8246597.245143808]
[7021722.713887622, 8246597.070761166]
[7021722.739155689, 8246595.345226784]
[7021722.880465719, 8246595.249328672]
[7021723.306046186, 8246593.882990382]
[7021723.598667926, 8246592.7817100715]
[7021724.533243833, 8246590.625304656]
[7021725.049722036, 8246589.466403367]
[7021725.490136824, 8246587.833548168]
[7021726.221526347, 8246587.796159431]
[7021726.24522413, 8246587.015851764]
[7021726.380862479, 8246586.203366026]
[7021727.375192182, 8246586.028161696]
[7021727.6115319, 8246583.123884795]
[7021728.26105048, 8246582.094843097]
[7021728.423321895, 8246581.983515764]
[7021728.852888367, 8246581.627036004]
[7021728.915822417, 8246581.132913813]
[7021728.926496474, 8246580.765503421]
[7021729.517616957, 8246579.949374704]
[7021730.315463479, 8246578.167076569]
[7021730.660622277, 8246577.965756854]
[7021731.851066465, 8246577.860761687]
[7021731.864847318, 8246577.261356252]
[7021732.627612038, 8246574.351473249]
[7021734.315642862, 8246571.938812672]
[7021734.316219801, 8246571.591967604]
[7021734.960340547, 8246571.1716387635]
[7021734.97369667, 8246571.165947756]
[7021736.516028848, 8246568.685055858]
[7021737.85554214, 8246567.57753804]
[7021738.221694571, 8246566.794062593]
[7021738.845321558, 8246565.9124665605]
[7021738.857120163, 8246565.577348105]
[7021738.93461966, 8246564.027472185]
[7021742.36542502, 8246561.055471109]
[7021743.822225758, 8246559.775966674]
[7021745.050532237, 8246558.304906871]
[7021746.167502688, 8246556.83869198]
[7021747.84481323, 8246556.014888429]
[7021748.178706232, 8246554.844715892]
[7021749.574139843, 8246553.79759527]
[7021749.9407059215, 8246552.36625226]
[7021752.421442484, 8246551.085594235]
[7021753.5664719, 8246550.4564261185]
[7021754.652975074, 8246549.3204501085]
[7021754.818501911, 8246548.558766414]
[7021756.246027151, 8246547.244412365]
[7021757.866823408, 8246547.179147715]
[7021758.326609233, 8246547.068536034]
[7021758.611597364, 8246545.6185704]
[7021759.196857846, 8246544.715285943]
[7021761.050610315, 8246544.069008517]
[7021761.926481124, 8246543.113544264]
[7021762.275395313, 8246542.318936469]
[7021764.582035399, 8246542.242749683]
[7021765.194633412, 8246541.61848205]
[7021765.243870508, 8246541.531189809]
[7021765.481639322, 8246540.055365599]
[7021767.20701519, 8246539.923557672]
[7021767.551741481, 8246539.833734744]
[7021767.619753637, 8246539.67422535]
[7021768.618898547, 8246538.298692319]
[7021768.815589628, 8246537.924574999]
[7021769.669031283, 8246537.412624464]
[7021770.530454558, 8246536.908972823]
[7021772.06966999, 8246536.289332934]
[7021773.534604738, 8246535.8529517595]
[7021775.21648416, 8246535.658597714]
[7021775.430614586, 8246534.765143859]
[7021776.412266085, 8246534.198683699]
[7021777.363647696, 8246533.7158478815]
[7021778.283086998, 8246533.314891888]
[7021778.364386174, 8246533.169244024]
[7021780.866945185, 8246532.823198053]
[7021781.29003395, 8246532.2251054095]
[7021782.295417499, 8246532.021050983]
[7021782.3796958495, 8246531.225901884]
[7021784.310633796, 8246530.519723422]
[7021786.6165972, 8246530.422143494]
[7021787.169484776, 8246529.919657673]
[7021787.630023997, 8246528.979671801]
[7021790.0175442165, 8246528.845550709]
[7021790.137103915, 8246528.516594866]
[7021790.729647786, 8246528.274932397]
[7021791.54363197, 8246528.120942291]
[7021791.630132365, 8246527.729368197]
[7021792.056946601, 8246527.729145595]
[7021793.114631257, 8246526.977161862]
[7021795.1746906005, 8246526.639042655]
[7021795.648395678, 8246526.408739063]
[7021796.280118363, 8246526.007828879]
[7021796.335076115, 8246525.84779933]
[7021797.420932855, 8246525.81481338]
[7021798.318896182, 8246525.575329915]
[7021798.369731695, 8246525.321074634]
[7021798.731861681, 8246525.023496384]
[7021798.918529636, 8246524.86328269]
[7021799.275484411, 8246524.830881306]
[7021799.633176157, 8246524.799245235]
[7021800.754755065, 8246524.737790585]
[7021801.313458443, 8246524.451889137]
[7021803.127124808, 8246524.075784483]
[7021803.377866064, 8246523.7533372985]
[7021804.041515044, 8246523.515421823]
[7021805.490885809, 8246523.372107366]
[7021805.501013722, 8246523.209151587]
[7021805.914097239, 8246523.139692604]
[7021806.22005712, 8246522.7199015785]
[7021807.735409754, 8246522.425296405]
[7021809.626088343, 8246521.797442969]
[7021811.539754665, 8246521.548075513]
[7021812.52184718, 8246521.493514298]
[7021812.943996747, 8246521.152363969]
[7021813.107179792, 8246520.953127538]
[7021814.094716417, 8246520.818592837]
[7021816.0823292425, 8246520.699609961]
[7021816.579188973, 8246520.28390947]
[7021818.95155223, 8246520.1189552955]
[7021820.112023759, 8246520.0167631935]
[7021820.294542544, 8246519.498929331]
[7021822.577712927, 8246519.350407264]
[7021823.102726928, 8246519.168342819]
[7021823.690877714, 8246519.153017365]
[7021824.000813425, 8246518.889048124]
[7021824.090057215, 8246518.797424421]
[7021825.862541698, 8246518.775394049]
[7021826.745973125, 8246518.363562393]
[7021826.9892987935, 8246518.326076873]
[7021827.965732741, 8246518.179395595]
[7021830.279316708, 8246518.096555407]
[7021830.666349181, 8246517.909949456]
[7021831.841022201, 8246517.864824778]
[7021831.921568879, 8246517.644843732]
[7021832.92305298, 8246517.524249143]
[7021833.9295471, 8246517.408871932]
[7021835.906852465, 8246517.392392578]
[7021835.957565377, 8246517.193769693]
[7021837.068981638, 8246517.188156896]
[7021837.357264688, 8246517.110471134]
[7021838.005623684, 8246516.999537139]
[7021839.636871747, 8246516.895326117]
[7021840.073721983, 8246516.826174362]
[7021840.593877802, 8246516.786094585]
[7021844.270038433, 8246516.542058602]
[7021845.331642492, 8246516.484073451]
[7021845.864323261, 8246516.457037453]
[7021846.398256523, 8246516.431305839]
[7021846.933442277, 8246516.4068786185]
[7021848.546514479, 8246516.341423299]
[7021851.806476082, 8246516.245731398]
[7021852.903149847, 8246516.224269325]
[7021857.339944278, 8246516.190597567]
end_solutions
[-23.9401434154533, -14.425082588896192, -23.909608592133495, -12.622166888839455, 2.9943559864498015, -17.064784992423462, 7.2828306756153065, -28.039268727184698, 21.701309214484063, -28.660160405073718, -21.937347499729604, 22.329628936109454, -20.950499058297744, -13.88837295973984, 1.242421434872463, -16.870875921984073, -16.304823570731713, 13.205908805141004, -1.8007557786824342, -6.430868128987511]
[-23.942315310602247, -14.427192381323664, -23.912634197987412, -12.620965821930309, 2.9965254003210138, -17.066048593541787, 7.278001742604291, -28.036829332943668, 21.700386739002067, -28.663855182777688, -21.935085562670643, 22.331420921093198, -20.952489903461924, -13.88603411246209, 1.244154299438431, -16.871290678112423, -16.308259537533743, 13.204389607513512, -1.801349004090182, -6.429105122452095]
[-23.9443120529166, -14.429132029200535, -23.915415803369243, -12.619861615255768, 2.9985198614606765, -17.067210291344118, 7.273562239674808, -28.03458666404466, 21.6995386567041, -28.66725199453779, -21.93300603989063, 22.3330683911589, -20.954320196596736, -13.883883881900289, 1.245747416861982, -16.871671986165904, -16.311418410238836, 13.202992925823722, -1.8018943887392407, -6.427484293863085]
[-23.946308795230955, -14.431071677077405, -23.91819740875107, -12.61875740858123, 3.0005143226003392, -17.06837198914645, 7.269122736745326, -28.03234399514565, 21.698690574406136, -28.67064880629789, -21.930926517110613, 22.334715861224602, -20.95615048973155, -13.881733651338486, 1.247340534285533, -16.872053294219384, -16.314577282943926, 13.201596244133931, -1.8024397733882993, -6.425863465274073]
[-23.94827050697839, -14.432977296044154, -23.92093021403848, -12.617672573953612, 3.0024737931936922, -17.069513306285582, 7.264761119832151, -28.030140671315042, 21.697857370744977, -28.67398602486922, -21.92888347718639, 22.336334428306696, -20.957948672460486, -13.879621144119874, 1.248905702280601, -16.872427912657894, -16.31768073682963, 13.20022406563168, -1.80297558988562, -6.424271072274343]
[-23.952612411908945, -14.437194147197959, -23.926990894769226, -12.61527060514253, 3.0068111579289933, -17.072037435410437, 7.255110623790776, -28.02526578052801, 21.69601175613937, -28.6813737355884, -21.924357592108613, 22.33991532236214, -20.96193036342573, -13.874945108363473, 1.2523626137316455, -16.873259795224186, -16.32454678858775, 13.197179425381488, -1.804154411376942, -6.4207425553465765]
[-23.952612411908945, -14.437194147197959, -23.926990894769226, -12.61527060514253, 3.0068111579289933, -17.072037435410437, 7.255110623790776, -28.02526578052801, 21.69601175613937, -28.6813737355884, -21.924357592108613, 22.33991532236214, -20.96193036342573, -13.874945108363473, 1.2523626137316455, -16.873259795224186, -16.32454678858775, 13.197179425381488, -1.804154411376942, -6.4207425553465765]
[-23.9569543168395, -14.441410998351763, -23.933051575499967, -12.612868636331449, 3.011148522664295, -17.074561564535294, 7.245460127749401, -28.020390889740977, 21.694166141533763, -28.688761446307584, -21.919831707030838, 22.343496216417577, -20.96591205439097, -13.870269072607073, 1.25581952518269, -16.87409167779048, -16.33141284034587, 13.194134785131297, -1.8053332328682643, -6.417214038418811]
[-23.959232064504633, -14.443620872205884, -23.936262790828636, -12.61160634325729, 3.013424967366875, -17.075880485147156, 7.2404058093970765, -28.017838269295297, 21.693194215634456, -28.692640634767876, -21.917447087001975, 22.345370789879404, -20.968005394579336, -13.867815044102128, 1.257613834340206, -16.87453534463041, -16.33500704819427, 13.19251765413151, -1.8059329007121225, -6.415352431099761]
[-23.963064662422312, -14.447340532590392, -23.941647656655057, -12.609483630423572, 3.0172547602546884, -17.07810277643899, 7.231896505204719, -28.013540403418013, 21.691560925081028, -28.69916574467066, -21.91344061552778, 22.348527261832764, -20.971525058323206, -13.863686417647635, 1.2606440592382906, -16.87527762686867, -16.34105924636331, 13.189808175605165, -1.806952777534575, -6.412226132771918]
[-23.964342195061537, -14.448580419385227, -23.943442611930532, -12.608776059478998, 3.0185313578839597, -17.078843540202932, 7.229060070473933, -28.012107781458916, 21.69101649489655, -28.70134078130492, -21.91210512503638, 22.34957941915055, -20.972698279571162, -13.86231020882947, 1.2616541342043188, -16.87552505428142, -16.34307664575299, 13.188905016096385, -1.8072927364753926, -6.411184033329304]
[-23.96689726033999, -14.451060192974898, -23.94703252248148, -12.607360917589853, 3.0210845531425017, -17.08032506773082, 7.223387201012361, -28.009242537540725, 21.6899276345276, -28.705690854573444, -21.909434144053584, 22.351683733786125, -20.975044722067075, -13.85955779119314, 1.2636742841363753, -16.87601990910693, -16.347111444532352, 13.187098697078822, -1.8079726543570276, -6.409099834444076]
[-23.96689726033999, -14.451060192974898, -23.94703252248148, -12.607360917589853, 3.0210845531425017, -17.08032506773082, 7.223387201012361, -28.009242537540725, 21.6899276345276, -28.705690854573444, -21.909434144053584, 22.351683733786125, -20.975044722067075, -13.85955779119314, 1.2636742841363753, -16.87601990910693, -16.347111444532352, 13.187098697078822, -1.8079726543570276, -6.409099834444076]
[-23.975257165737595, -14.459168886035453, -23.95885379633772, -12.60272583900255, 3.029440764908294, -17.08515989898366, 7.204845547059166, -27.999879234659538, 21.686356820878686, -28.719932633942523, -21.90067088243346, 22.358559698810375, -20.982732924189325, -13.850549699992595, 1.2702387961248196, -16.877656696608938, -16.360294230169455, 13.181141154603438, -1.8101526545662927, -6.402255743968801]
[-23.975257165737595, -14.459168886035453, -23.95885379633772, -12.60272583900255, 3.029440764908294, -17.08515989898366, 7.204845547059166, -27.999879234659538, 21.686356820878686, -28.719932633942523, -21.90067088243346, 22.358559698810375, -20.982732924189325, -13.850549699992595, 1.2702387961248196, -16.877656696608938, -16.360294230169455, 13.181141154603438, -1.8101526545662927, -6.402255743968801]
[-23.978737480265217, -14.462543595460794, -23.963789390011073, -12.600795205029637, 3.0329200268765937, -17.087170343109342, 7.197130192301979, -27.99598331684227, 21.684868578973422, -28.725863257547484, -21.897017994457574, 22.36142045879974, -20.985935647902085, -13.84679909219144, 1.2729630613393632, -16.878341365923394, -16.365778906354553, 13.178652026473594, -1.8110518013240138, -6.399401737086013]
[-23.979797780110644, -14.46357234530484, -23.965283560103664, -12.600207648027837, 3.0339796981827116, -17.08778441491989, 7.194777216932808, -27.99479496334905, 21.684416219207638, -28.727668957798677, -21.895908159179548, 22.36229316102906, -20.986910010198038, -13.845656754092737, 1.2737987171284275, -16.878547741667045, -16.367452184864568, 13.177899661653154, -1.8113313396728157, -6.3985353711706505]
[-23.982851409927523, -14.466532196795956, -23.969634266247088, -12.598512542841174, 3.03703300678006, -17.089544954388153, 7.1880128439071616, -27.991379844722776, 21.683108474781648, -28.732874916990923, -21.892696828878087, 22.364800832209177, -20.98972302280378, -13.84236527094755, 1.2761769810271804, -16.879153358509726, -16.37225931110009, 13.175702923942406, -1.812108243739023, -6.396024704344441]
[-23.98605454712554, -14.469638254544307, -23.97417559964129, -12.596735774042223, 3.0402351272193995, -17.091395468481743, 7.180911624754552, -27.987794042424714, 21.681738935610188, -28.738333094273685, -21.889335275589346, 22.367433918191733, -20.992670511519833, -13.838913398001784, 1.2786850115919064, -16.879783255392212, -16.377307443186332, 13.173412763645278, -1.8129364683825258, -6.393398401756313]
[-23.98908124913021, -14.472570529800265, -23.97851372075622, -12.595054093715103, 3.043262291013172, -17.093136129043433, 7.174213412688362, -27.984413049475613, 21.680440164793858, -28.743496223103104, -21.886144205578447, 22.369916442986757, -20.995462463077324, -13.835650059287993, 1.2810269625533797, -16.880389726547726, -16.382065668233512, 13.17121911968755, -1.8136912207654667, -6.390901486574972]
[-23.991098205001496, -14.474524104116675, -23.981413216075325, -12.59393296226513, 3.045279806145669, -17.09429461465312, 7.16975196583922, -27.982161358219543, 21.679573870699272, -28.746937910687095, -21.884015054713263, 22.37156976831097, -20.99732424224127, -13.833475109640306, 1.2825824963349466, -16.88079597498956, -16.385234283378384, 13.16975184368464, -1.8141890472217748, -6.389234784580668]
[-23.99299258130385, -14.476359048411007, -23.984134669172146, -12.592880069567904, 3.047174654239751, -17.095383004544047, 7.165561204157587, -27.980046224958084, 21.6787603977405, -28.750170210543395, -21.88201586654479, 22.373122825217834, -20.999072606343162, -13.831432405361804, 1.2840445763878197, -16.88117708907875, -16.388210793860885, 13.168374896515095, -1.8146577047840542, -6.387669966703417]
[-23.994307508161825, -14.477632410624404, -23.98602952238742, -12.592148906961055, 3.048490079402037, -17.096137486645787, 7.162653767814247, -27.978578984343514, 21.67819519785368, -28.752414523654622, -21.880626384370416, 22.374200158923315, -21.000287033580275, -13.830014317115001, 1.2850559776003379, -16.88144304918127, -16.390275363089255, 13.167415436430232, -1.81497954024728, -6.386581905413635]
[-23.99591215974199, -14.479186563878269, -23.988337675543466, -12.591256879309018, 3.050095216030221, -17.09705892264212, 7.15910466880176, -27.9767877974055, 21.67750586143088, -28.755152830138385, -21.878932049198994, 22.37551535422949, -21.00176842924978, -13.82828392085235, 1.2862927182330335, -16.881766586277127, -16.39279590294469, 13.166247232803029, -1.8153747867600325, -6.385255465830118]
[-24.00029357636567, -14.483428723149483, -23.994665836944094, -12.588819798836827, 3.054478712566598, -17.099570452311738, 7.14942051188408, -27.971901131209243, 21.675621230772315, -28.762632760844472, -21.87429776798924, 22.37910343138259, -21.005817074348244, -13.823558259951284, 1.2896542378288092, -16.88265629275778, -16.39967149245077, 13.16304114275691, -1.816438599944978, -6.381625324960427]
[-24.002061844225572, -14.485140605456913, -23.99722349241858, -12.587836036213442, 3.05624792474222, -17.100583428201105, 7.145513065791688, -27.969929544439648, 21.67486029261922, -28.765651992589127, -21.872426314164024, 22.38055109700406, -21.00745158435236, -13.821650928135941, 1.2910086983786198, -16.88301628020511, -16.40244540842559, 13.16174486277401, -1.8168657248004156, -6.380159065069305]
[-24.003152035420907, -14.486195676273027, -23.998806726460774, -12.58722914619511, 3.057338888837732, -17.101206882228684, 7.143105608167383, -27.968714993884483, 21.6743905286262, -28.767514203277166, -21.87127052391812, 22.381442882021183, -21.0084602347516, -13.820474780983652, 1.291839983374347, -16.88323975798667, -16.404154000725878, 13.160941647600646, -1.8171252827885023, -6.37925300466061]
[-24.006010494476143, -14.48896262939657, -24.002947615977455, -12.585638493553393, 3.0601990651088657, -17.10284331214563, 7.1367907044506875, -27.96552885655972, 21.673159826480088, -28.772395645709864, -21.868243279847004, 22.383782332659774, -21.011103395154954, -13.817391302016018, 1.2940257289198849, -16.883823223215558, -16.408636509000985, 13.158842152444382, -1.8178119656320266, -6.376880684360794]
[-24.007684881792624, -14.490582765089762, -24.00538543069782, -12.58470605963374, 3.061874815610758, -17.103799796807213, 7.133094708557794, -27.963664451557033, 21.672437771850703, -28.775256505291214, -21.866466248576504, 22.385151287269892, -21.01265345008595, -13.81558467836005, 1.2952988171755078, -16.884167975390138, -16.411259085571356, 13.157604605217543, -1.8182069312971572, -6.375487106386181]
[-24.009766658087795, -14.492597615373583, -24.00840642453748, -12.583547312393826, 3.063957996907984, -17.104990695783496, 7.128496965253525, -27.961344854904254, 21.67154096900623, -28.77881222441391, -21.864259925468545, 22.386854467915214, -21.014579190886288, -13.813338840815291, 1.2968875558687007, -16.884594178246694, -16.414522298772624, 13.156072256917643, -1.8187039173293407, -6.373757680710392]
[-24.011848434382966, -14.494612465657402, -24.01142741837714, -12.58238856515391, 3.06604117820521, -17.10618159475978, 7.123899221949257, -27.95902525825148, 21.67064416616176, -28.782367943536613, -21.86205360236059, 22.388557648560532, -21.016504931686622, -13.81109300327053, 1.2984762945618935, -16.885020381103246, -16.417785511973896, 13.15453990861774, -1.8192009033615242, -6.3720282550346035]
end_values
[7021857.33994428 8246516.19059757]
[7021848.81645577 8246516.33165543]
[7021841.2458339  8246516.73782914]
[7021833.9295471  8246517.40887193]
[7021826.98929879 8246518.32607687]
[7021812.35243381 8246520.96849628]
[7021812.35243381 8246520.96849628]
[7021798.91852964 8246524.86328269]
[7021791.98113019 8246526.65147227]
[7021781.26201422 8246530.86473806]
[7021777.89745675 8246532.4860151 ]
[7021771.4810651  8246536.05384437]
[7021771.4810651  8246536.05384437]
[7021752.62554924 8246549.09118417]
[7021752.62554924 8246549.09118417]
[7021745.92661178 8246555.54774836]
[7021744.13929681 8246557.88705597]
[7021738.93461966 8246564.02747218]
[7021734.3162198 8246571.5919676]
[7021730.13867633 8246578.40940065]
[7021727.6115319 8246583.1238848]
[7021725.49013682 8246587.83354817]
[7021724.10565053 8246591.12954786]
[7021722.60021664 8246595.38907717]
[7021719.12283647 8246607.3905452 ]
[7021718.0409621  8246612.52698995]
[7021717.41932675 8246615.66972739]
[7021716.23994923 8246624.49205305]
[7021715.69469241 8246629.67544245]
[7021715.34651073 8246636.57159657]
[7021715.27639715 8246643.75583929]
