values
[404.0997056997945, -135.88782979200474]
[405.391157728187, -137.95067125042684]
[406.38627157870656, -139.72996807394665]
[408.3093921921377, -142.53654359267176]
[409.53441486753417, -144.712704133044]
[410.150590638103, -144.945728254478]
[410.3038925745077, -147.47617594366523]
[411.907639760487, -147.73278114133686]
[412.7312834658747, -148.53259274199775]
[413.2298098097381, -148.61604444589383]
[413.65906556867225, -149.22826594524886]
[414.71794340435304, -149.67825436385868]
[418.4115779539602, -150.9695747841555]
values
[396.0620566566368, -128.9948886296627]
[396.1475995338605, -130.38684140592218]
[396.2227881525497, -130.73728515718753]
[396.2856790996373, -130.77428126352703]
[396.38179422374856, -131.42954382589778]
[396.416147710079, -132.0759800492621]
[396.51383057303923, -132.5222776873122]
[396.61735783517173, -132.6967355874385]
[396.67302602968573, -133.12889721843524]
[396.7302439013586, -133.39382536101346]
[396.812258387041, -133.71253361380005]
[396.8857573992392, -133.87480486643796]
[396.92486421892244, -134.0792472906967]
[396.96158115242326, -134.10331501813945]
[397.08825163157957, -134.49899409815657]
[397.21094931573816, -134.95245808816588]
[397.24264349315905, -135.04223300217626]
[397.27477185500675, -135.12798977274656]
[397.30944368438696, -135.21837099381077]
[397.32197424941086, -135.26486594771427]
[397.4228261686408, -135.52494594046235]
[397.5136557370089, -135.75341971634913]
[397.51570575816135, -135.76351415782582]
[397.6384404241555, -135.98768600853523]
[397.6585104571665, -136.11788116914659]
[397.78712654527544, -136.1980508667479]
[397.8054975338411, -136.46806580279795]
[397.98249871000417, -136.60353042189905]
[398.0626953790921, -137.06647876898455]
[398.19194970660004, -137.3380385529677]
[398.21737190105205, -137.34629176227895]
[398.23251324065325, -137.42851577005288]
[398.32577779760277, -137.48196287891767]
[398.3992093936731, -137.5989437849122]
[398.6035869451133, -138.1828262373831]
[398.9127297026918, -138.68921631817662]
[398.9504278989627, -138.8303287041856]
[399.1014436241848, -139.0357365829945]
[399.2725244153564, -139.33190848755515]
[399.38028998250945, -139.42118655322895]
[399.40741003697644, -139.62977148910056]
[399.64014012315016, -139.82372302449787]
[399.7213608947389, -140.0053628792754]
[399.819323839684, -140.0924775506138]
[399.9006590800448, -140.25973520634702]
[400.04926246667884, -140.32813359674927]
[400.1750290967361, -140.69179947673817]
[400.38576948095607, -141.00419618639395]
[400.61060479052077, -141.2078355179719]
[400.65560850534183, -141.3626491113348]
[400.96733657132484, -141.69584711830439]
[401.14391886455223, -142.00311930784213]
[401.61130267148855, -142.5548766796746]
[401.7725439745061, -142.78736277205329]
[402.2300966737174, -143.11301140994198]
[402.31259435366985, -143.38741719234955]
[402.5770557738164, -143.47315254169837]
[402.59885833381486, -143.60560337488573]
[402.85164241085306, -143.752764801065]
[402.856744759491, -143.85728753859397]
[402.8588277041275, -143.95864015386735]
[403.09628289010885, -144.09348469916395]
[403.4248425303741, -144.5100816395962]
[403.72051321371475, -144.53048029017]
[404.15452415309187, -145.05963240301625]
[404.6162166102343, -145.55362018368695]
[405.0189578092885, -145.72391051497272]
[405.274114756973, -145.9106535602795]
[405.6255091192054, -145.96315856273134]
[405.70351668706036, -146.09448324275883]
[405.81365264797415, -146.46816829784652]
[406.22584741332525, -146.62145384194827]
[406.3495811107258, -146.64468133222258]
[406.4260106727885, -146.8749514518009]
[406.717535126824, -146.91234825379783]
[406.7218390058152, -147.0938141348618]
[407.1406061232022, -147.13865531508455]
[407.143005323829, -147.19966317124346]
[407.4676197379361, -147.21500945484397]
[407.47557296696965, -147.42555228899894]
[407.6095271089291, -147.43623679403044]
[407.6696928036622, -147.54924292114313]
[407.8152377042803, -147.58404766080903]
[407.82116155010465, -147.65292098065117]
[407.86565679101716, -147.67108940262486]
[407.9550697502027, -147.69449182638064]
[407.97755980520407, -147.81355562366133]
[408.2343366906119, -147.871991598737]
[408.26311721771447, -147.90924991360097]
[408.26452070931515, -147.9754734211682]
[408.4217185193054, -148.0840707303142]
[408.4902954868522, -148.098840943911]
[408.69463811954097, -148.1098833645257]
[408.77480784291004, -148.1790150300034]
[408.80453916854384, -148.21532254633613]
[408.8481327743459, -148.28961875937338]
[408.8840643142035, -148.33639875617033]
[409.26276208543635, -148.4479638118591]
[409.32839295547444, -148.47292450100352]
[409.58023208603885, -148.64326783957486]
[409.6746205512179, -148.66177881860014]
[409.91852590448656, -148.8152676330282]
[410.0096265657418, -148.84949429754533]
[410.07214588990615, -148.90296442199005]
[410.1787310634497, -148.90875897875367]
[410.36106839094765, -148.98940342873482]
[410.4004859549229, -149.03159218315147]
[410.5488488851254, -149.07297317707392]
[410.5647488090349, -149.09377664405744]
[410.7208964224849, -149.14158535470517]
[410.890545333097, -149.23981740553694]
[410.9614361728226, -149.25559605395705]
[410.97198799823656, -149.25666893253648]
[411.2248715367971, -149.32314974365758]
[411.2493634777589, -149.39129287277612]
[411.361913404899, -149.45055568517412]
[411.4444881306123, -149.4761198278144]
[411.5793417564531, -149.49680975788448]
[411.5924462185532, -149.52492583523681]
[411.6022714765932, -149.5282941757175]
[411.61523816195233, -149.53571180048374]
[411.849375682635, -149.63641145986503]
[411.97043580738915, -149.66210827601537]
[412.1065420252501, -149.72838741752972]
[412.3158151456386, -149.78856622330758]
[412.50263672344704, -149.80414213811468]
[412.5872020932204, -149.86566509472487]
[412.7144842066771, -149.93915067952963]
[413.05100835051127, -150.02718873507035]
[413.3359600120482, -150.13638031758558]
[413.8295713251069, -150.25851462588489]
[413.86287416235893, -150.29344564761854]
[414.04647216898536, -150.3278300074416]
[414.1604740530327, -150.34830546194996]
[414.2391186589953, -150.39391685423723]
[414.40101612407375, -150.43928316624752]
[414.57487182123316, -150.44335161093434]
[414.7056813041566, -150.4884023198385]
[414.79670553879396, -150.5305016098451]
[414.9116819907178, -150.56665330458463]
[415.0834862549516, -150.608175626033]
[415.20212537710415, -150.62828184730677]
[415.25687899748914, -150.64810946917754]
[415.260227931939, -150.6539604508183]
[415.4305060300114, -150.68586527027227]
[415.4990563070525, -150.69222090215004]
[415.7824191856722, -150.76060528597563]
[415.83078734217366, -150.76803977254227]
[416.0500637431566, -150.79160682973932]
[416.14687746092557, -150.84120001426783]
[416.3405766746551, -150.86838512350798]
[416.4987695219766, -150.88449032681677]
[416.85797407998683, -150.96112240162333]
[416.94869479927854, -150.97072253105105]
[417.0021615554897, -150.9828788289817]
[417.1374936940574, -150.99493473377726]
[417.1985035712079, -151.0031179576747]
[417.38057774375085, -151.04951564426608]
[417.6641420673831, -151.0790687373969]
[417.74741550505547, -151.0798910075411]
[417.77498695999424, -151.08881006666618]
[417.91559310920144, -151.12377273930295]
[418.0117921553556, -151.13353676057665]
[418.2024652343068, -151.1336904283264]
[418.2466131464048, -151.15877315615307]
[418.3160180329995, -151.16746136071404]
[418.33095075337343, -151.17621968759786]
[418.467117593736, -151.1915056605619]
[418.56008962727265, -151.20015396785544]
[418.7095285633801, -151.21665893460917]
[418.7414526750765, -151.2224565555205]
[418.86841112843115, -151.23475063233556]
[419.0964417449692, -151.24927820533844]
[419.10698194041004, -151.26425856112476]
[419.2429854267335, -151.27329791206859]
[419.2904671692342, -151.28064077132808]
[419.3586305836776, -151.2861204529865]
[419.4463725468896, -151.28847071443795]
[419.4556845516879, -151.2962853913614]
[419.4851318523207, -151.29800538643934]
[419.73351872906824, -151.32041314764052]
[419.85649828064015, -151.32984203192143]
[419.91963603021736, -151.34171047840852]
[420.3620142193187, -151.3659153691403]
[420.42469250004837, -151.3717824959603]
[420.66375448346037, -151.38665588966472]
[420.8751783997133, -151.39434046464314]
[420.89910429198227, -151.40674726960296]
[421.0005785513575, -151.40689335105796]
[421.0687766989817, -151.40832146851858]
[421.1944093482777, -151.41672818960663]
[421.58487411184404, -151.43359469697816]
[422.3747765834201, -151.45663032135846]
[422.6752077265447, -151.46169763143723]
[423.0039279778416, -151.4655149319181]
[423.6412375449126, -151.46624136982828]
values
[394.85933756533075, -120.09966523507958]
[394.8652260731915, -120.99908347809172]
[394.8664177963908, -121.0420895997715]
[394.8694977872258, -121.23403165440759]
[394.8705109033668, -121.29026363072639]
[394.877545050651, -121.61837743059257]
[394.8936747976875, -122.17413143806506]
[394.89447265835906, -122.19410349759724]
[394.898568021814, -122.30399436156975]
[394.90445523793437, -122.45809102984165]
[394.930724630321, -123.06315827650819]
[394.93678625463644, -123.18083171617516]
[394.93727708203187, -123.18879418971832]
[394.9382867331783, -123.20638057818388]
[394.9388411761405, -123.21452165758878]
[394.9399318295467, -123.23642983266494]
[394.9437321977481, -123.30061803492633]
[394.95195504334885, -123.44297662939863]
[394.98583700476433, -124.00434005188288]
[394.98864002189623, -124.03152243026992]
[394.995261442307, -124.13089275526583]
[394.9970313092544, -124.16653507828968]
[394.99756104370306, -124.17331114912662]
[394.9977750107901, -124.17617633685586]
[394.9982978375398, -124.18217515188152]
[394.9996678147293, -124.20109065203872]
[395.00484046153747, -124.2567149977425]
[395.00900938167297, -124.32312635725678]
[395.0285451975727, -124.57903233967468]
[395.07335624014024, -125.11859255018982]
[395.0746384554784, -125.13391357534886]
[395.0752811193824, -125.14268698583277]
[395.0756687355597, -125.14652602012478]
[395.07619951158085, -125.1521535537362]
[395.0774711001677, -125.16392524870002]
[395.08538172207665, -125.24254420917904]
[395.09293102677105, -125.32699021841405]
[395.1006154538943, -125.41130110522023]
[395.11333880514843, -125.53455489489173]
[395.14504095473814, -125.85461736874576]
[395.1472137413169, -125.88154927193116]
[395.15992587841214, -125.99942660276061]
[395.16297732235165, -126.02526561779646]
[395.1687671395165, -126.08114332543126]
[395.1703520258855, -126.09429116034768]
[395.17047733977904, -126.09730250049519]
[395.1713946950732, -126.10483844613964]
[395.17213981462754, -126.11061496836061]
[395.1732350280855, -126.11990471500451]
[395.177134331121, -126.153197491193]
[395.179150614554, -126.16857225249424]
[395.1848971918461, -126.22222877867146]
[395.1909199982447, -126.27078909623104]
[395.19827299837783, -126.33142466656072]
[395.25245263057366, -126.7956033609748]
[395.2553611106599, -126.80857405314636]
[395.25874783647924, -126.84095147257369]
[395.26794254152014, -126.90169066098728]
[395.2682373553588, -126.91629973460738]
[395.2703306301077, -126.93641748410387]
[395.27078413514755, -126.936751783301]
[395.2748470208049, -126.96668318287503]
[395.27653969668154, -126.98184572624167]
[395.27892977494633, -126.99659471396501]
[395.2792256917351, -127.00190658092436]
[395.28034985161264, -127.01273265203693]
[395.2816738914655, -127.02263829115336]
[395.28265267157656, -127.02987059055238]
[395.283062503479, -127.0333240769765]
[395.2836326030244, -127.0371017386147]
[395.28388338801676, -127.04022982909186]
[395.2840457046855, -127.04121500807612]
[395.2847387434028, -127.04589611548118]
[395.28494419449265, -127.04762232355458]
[395.2855959199302, -127.0515605807291]
[395.28699063499363, -127.06224026350229]
[395.2875638421829, -127.06601481749655]
[395.2887118470355, -127.06759238830895]
[395.29266856058416, -127.10244993950286]
[395.29498838904817, -127.11752115577303]
[395.3004852811536, -127.15751796314021]
[395.30601602720515, -127.19748091656123]
[395.3086762777978, -127.21781949445088]
[395.3151084471374, -127.26759263458807]
[395.3167077004867, -127.27878455720908]
[395.32157867351503, -127.30752368997202]
[395.3339352712105, -127.39753412741085]
[395.3426682674767, -127.4567897016075]
[395.34667107844433, -127.48600859781914]
[395.3694973191491, -127.65293152467541]
[395.37858122462404, -127.72276203045621]
[395.39532749303174, -127.83049936869148]
[395.3973855854127, -127.8407226148302]
[395.3978900051009, -127.84532790135651]
[395.4048177477996, -127.88370637917114]
[395.40489823907217, -127.88840735566318]
[395.40813507912526, -127.92039282657304]
[395.4091360833227, -127.92096743084956]
[395.41245783782733, -127.93336820939567]
[395.415125363302, -127.96604789492648]
[395.4152330375084, -127.9675085477406]
[395.41559859398825, -127.96943798256679]
[395.4160722315855, -127.97282766329613]
[395.4163197388486, -127.97390931775739]
[395.42869347772057, -128.04860274487362]
[395.43233109588226, -128.06339505413723]
[395.43496766587515, -128.07509481621895]
[395.4365776463959, -128.09109599117963]
[395.4406291604176, -128.1172304717496]
[395.44429987152915, -128.14698257849255]
[395.4478242235204, -128.16544913999942]
[395.4601145132744, -128.24515416417483]
[395.5116777080454, -128.54971526542124]
[395.52123944453524, -128.62218138653904]
[395.524922593834, -128.63385002994158]
[395.52658928653716, -128.64852027309664]
[395.5444947412981, -128.75940805170205]
[395.5521886715265, -128.80828159390435]
[395.5573267554876, -128.82246135953994]
[395.558420659676, -128.8306649233355]
[395.56003480213127, -128.85308081582977]
[395.5641835749207, -128.85635957183047]
[395.5645105181166, -128.8787910944361]
[395.5647788063517, -128.88045446536435]
[395.5657774093641, -128.88453028782092]
[395.5663053499241, -128.8847901514979]
[395.5692732915041, -128.9055434773647]
[395.57158152411364, -128.91350826253978]
[395.57396546057544, -128.9211118678428]
[395.57442499385763, -128.93287581704118]
[395.5866431190587, -128.98921395579262]
[395.58845811270436, -129.00983009713957]
[395.5919256216199, -129.0203357282184]
[395.5925345415515, -129.0292883222657]
[395.5978143207568, -129.05163910830547]
[395.608194151556, -129.10364006422094]
[395.6099906870211, -129.1242746637485]
[395.61976705614325, -129.15372257109033]
[395.6229599672199, -129.19208512998276]
[395.63987257122835, -129.2760242447362]
[395.67870144347023, -129.48325298603717]
[395.69276457422006, -129.57164824410398]
[395.69846426098525, -129.60235283232575]
[395.7188516438158, -129.70604313643406]
[395.72774575180784, -129.73327203114133]
[395.73046460690364, -129.76723872332016]
[395.7423652023539, -129.78497843006684]
[395.74325762082424, -129.82882986784753]
[395.76580367861015, -129.9310453834909]
[395.8030459727992, -130.10667958795705]
[395.8137124845853, -130.15658604905033]
[395.82729722558173, -130.2312482139107]
[395.8328021682967, -130.25781936762996]
[395.84428597077175, -130.303626074272]
[395.8463250148064, -130.31868067956825]
[395.8635224971347, -130.37723512866881]
[395.8806991421652, -130.47079021565497]
[395.89180878938254, -130.5178737786368]
[395.90357824571095, -130.57585703621086]
[395.9165306670172, -130.6497866316914]
[395.93473555884634, -130.6883880618506]
[395.9461093177687, -130.75938031949573]
[395.9539424882061, -130.7751728778975]
[395.96336942487693, -130.83792319986324]
[395.9807142447518, -130.9289946701292]
[395.99475282550486, -130.9835701857718]
[396.00882197071405, -131.04248382745698]
[396.0107782399682, -131.0441080059302]
[396.02516417104323, -131.11364080215927]
[396.0447649982874, -131.18100747384028]
[396.0822489056898, -131.33165426985735]
[396.08599290980465, -131.35241508674275]
[396.11219387057514, -131.40780673693644]
[396.12691446174733, -131.53996429300201]
[396.142689744339, -131.57144046808875]
[396.1590708395029, -131.66828987717233]
[396.1622702193495, -131.67225569226315]
[396.18926298486394, -131.7771687489829]
[396.20852092080645, -131.78922683684215]
[396.2230042799685, -131.90395946005162]
[396.2413047424497, -131.96948257600212]
[396.24955428485794, -132.0102426755943]
[396.2752300287164, -132.10216871696676]
[396.3400175827848, -132.2695968218008]
[396.34870735718727, -132.35924139669498]
[396.3555449583211, -132.36722582926996]
[396.41195696471567, -132.54128509320697]
[396.4172692341298, -132.61351009124982]
[396.43052372309484, -132.6643112998467]
[396.47284661288444, -132.8079730150567]
[396.5023412987304, -132.89272002444415]
[396.53020805666944, -133.01106285295833]
[396.5660759856336, -133.11808391944248]
[396.5834383004024, -133.1183314884417]
[396.6394101444707, -133.31068819738545]
[396.65958259434603, -133.3900362343067]
[396.68027595980305, -133.50054105129703]
[396.6901549062103, -133.53967174689024]
[396.7166963561035, -133.6044597491552]
[396.7359731500559, -133.6648074802257]
[396.78475325512693, -133.8360854743815]
[396.794324057876, -133.86360705701054]
[396.8046032649465, -133.87412635076367]
[396.85757773364486, -133.98152337158012]
[396.9123455412171, -134.22356393414594]
[397.0005319924545, -134.4483826018]
[397.0163261352087, -134.51328485236033]
[397.03270294413693, -134.574235195909]
[397.0981000917598, -134.6171413690073]
[397.1393686044753, -134.79188788500818]
[397.1499162171704, -134.86780034599556]
[397.21094931573816, -134.95245808816588]
[397.24264349315905, -135.04223300217626]
[397.2503841888052, -135.15040090502578]
[397.2617253628853, -135.19061116593028]
[397.30944368438696, -135.21837099381077]
[397.32197424941086, -135.26486594771427]
[397.345383252468, -135.4154107754989]
[397.35794867033167, -135.4539001842681]
[397.38088684835435, -135.50752524086718]
[397.3946462631327, -135.52214218056218]
[397.4070164823339, -135.55862640839462]
[397.45132426246124, -135.65980234416577]
[397.473555608493, -135.7140833975878]
[397.5136557370089, -135.75341971634913]
[397.51570575816135, -135.76351415782582]
[397.6384404241555, -135.98768600853523]
[397.6585104571665, -136.11788116914659]
[397.6791992364618, -136.23545067942612]
[397.7060759178, -136.31068365135363]
[397.7429374413402, -136.39496807357213]
[397.8054975338411, -136.46806580279795]
[397.88660079066653, -136.71660486869408]
[397.8933122274309, -136.73439825292994]
[397.9400340511808, -136.84184449606724]
[397.99142176875176, -136.9374672255286]
[398.00014147963174, -136.94862841492997]
[398.01647434516633, -136.97598722809875]
[398.0341508961183, -137.03435490769058]
[398.0626953790921, -137.06647876898455]
[398.0770846865418, -137.14458559716562]
[398.0966343506532, -137.18560890593358]
[398.1015537911529, -137.1902076116804]
[398.1437193052348, -137.2602639828793]
[398.165248773583, -137.29952447084264]
[398.1789502743442, -137.33347050778687]
[398.19194970660004, -137.3380385529677]
[398.1996502078557, -137.37954467758567]
[398.23251324065325, -137.42851577005288]
[398.238953982995, -137.47569069921084]
[398.23979019097266, -137.48007567364667]
[398.25395263323253, -137.50310891404908]
[398.3992093936731, -137.5989437849122]
[398.4709749765572, -137.95560602170406]
[398.4813058166284, -137.96431147412594]
[398.52253508692945, -138.03750798404604]
[398.55411413097073, -138.11475875880802]
[398.6035869451133, -138.1828262373831]
[398.60402578691077, -138.2027742795536]
[398.66867859824225, -138.31406366711803]
[398.71674724908337, -138.4240185620683]
[398.79761595887476, -138.55843225818984]
[398.8094364214995, -138.60324398729927]
[398.8225587146904, -138.62721407948655]
[398.83763016248923, -138.654169411878]
[398.87315297881923, -138.7021070781591]
[398.88056598937044, -138.71395695184344]
[398.88774678784614, -138.74374492496892]
[398.90929837942133, -138.78015571506637]
[398.91000464217643, -138.78467063472473]
[398.9207266918736, -138.78574471984544]
[398.9343561478806, -138.8209993867992]
[398.93559757583785, -138.8254306981994]
[398.9417163909398, -138.826781562346]
[398.9427678880016, -138.83836336417045]
[398.9586665222651, -138.86406225543465]
[398.9685713724365, -138.86911139402335]
[398.9879233902627, -138.91103206046017]
[398.9975557979462, -138.93680077926578]
[399.05497400559227, -139.03951202285413]
[399.1634039493971, -139.23537586993922]
[399.2274728947689, -139.33941404532868]
[399.24495965103273, -139.37263147231988]
[399.25332222648103, -139.37320741446064]
[399.28158737813817, -139.43366910347194]
[399.3871784167823, -139.60781298510128]
[399.40741003697644, -139.62977148910056]
[399.46623301302844, -139.73360725161672]
[399.51164857904894, -139.79646456696614]
[399.5228822221746, -139.8297604058485]
[399.547054478885, -139.87752772757375]
[399.6134879565693, -139.97920137065069]
[399.6176785971746, -139.98601193671558]
[399.6407472560829, -139.99647728405387]
[399.64131570341436, -140.0177266209417]
[399.66582915393025, -140.0549136740883]
[399.69911499992986, -140.0713698112448]
[399.71245861964957, -140.12252590360248]
[399.73309763519853, -140.15833102398247]
[399.76585158969283, -140.21488857935054]
[399.9006590800448, -140.25973520634702]
[399.9812741086247, -140.5479428629236]
[400.0165302091036, -140.59151914041183]
[400.0226692048711, -140.5980710063064]
[400.05700171009386, -140.63354133030344]
[400.073984311496, -140.67721339711852]
[400.08512664371915, -140.69363711324976]
[400.1324856223186, -140.76051982988375]
[400.1460154794503, -140.76361168546126]
[400.21553683056374, -140.88231748440023]
[400.2858171657573, -140.9743609092082]
[400.34633600188295, -141.07177721554993]
[400.3713876537475, -141.10437158561572]
[400.3840578710594, -141.1312585110265]
[400.39925331368283, -141.15576604498796]
[400.40579275636327, -141.15648480072508]
[400.4125875652443, -141.16030243754344]
[400.4171184145383, -141.17731713311602]
[400.4258414458205, -141.18258116692246]
[400.43584216295176, -141.19278839127267]
[400.44537840900335, -141.2139024515295]
[400.4652342513873, -141.24019166480016]
[400.48516890887316, -141.26640206296892]
[400.49380573170504, -141.26726977689117]
[400.51628481912513, -141.29297479553964]
[400.5201275794929, -141.3103985961852]
[400.52526831913957, -141.32432193670334]
[400.55662969009853, -141.35695696681282]
[400.5854482996883, -141.40729031525368]
[400.61220101862534, -141.43788457468267]
[400.63363903524817, -141.45859678376698]
[400.66641334150836, -141.51090549605206]
[400.72738041086797, -141.58465884733877]
[400.8118616986336, -141.69097915855235]
[400.84150195148663, -141.7361356278972]
[400.8605900511569, -141.7504935474468]
[400.87090220465177, -141.78875191910856]
[400.93493625180906, -141.858145956515]
[400.9542328777212, -141.89573064134916]
[400.9957989259679, -141.93970955116367]
[401.04865776575946, -141.98862446105161]
[401.08429313290526, -142.03994938583773]
[401.16026063272926, -142.10299892157443]
[401.16344160773986, -142.16312802483878]
[401.20590406179144, -142.2129556820964]
[401.23298971878467, -142.24351604703352]
[401.2460771676676, -142.2572204381818]
[401.260229919585, -142.27392186816348]
[401.3067635466749, -142.32897857773457]
[401.31236837108065, -142.3476590159072]
[401.3230111335221, -142.35722419494718]
[401.3232100852801, -142.36224642560268]
[401.3623996031826, -142.4018892856673]
[401.3963877964917, -142.42371213893466]
[401.4031052691301, -142.44124652315733]
[401.4558306806718, -142.49566179996833]
[401.4857152469409, -142.531473506306]
[401.59831382951825, -142.66095245762884]
[401.7697769082899, -142.8906237419254]
[401.82637526598035, -142.94931742809558]
[401.86809581168075, -142.99203474435672]
[401.92372373167893, -143.00365131072402]
[401.9241633039401, -143.04768444848946]
[401.94391701582435, -143.04844131073432]
[401.9806270955308, -143.1135383157278]
[402.10197025442375, -143.16437077921813]
[402.11566822301467, -143.22231185755913]
[402.1715296746357, -143.3079288180478]
[402.2431278162796, -143.41764609716319]
[402.25423971863023, -143.43196331870752]
[402.2774338005825, -143.44767249309072]
[402.29977919864496, -143.48687031403716]
[402.32882826792076, -143.51546726669167]
[402.3580318810037, -143.54390967553906]
[402.40137524128573, -143.58500417721854]
[402.41597241492184, -143.597686338013]
[402.41690273859103, -143.60033086181235]
[402.4408344134488, -143.62567139140975]
[402.45682284755793, -143.64253109360402]
[402.4747186018258, -143.65423219496964]
[402.4828584802776, -143.6717818015559]
[402.5009752342505, -143.6725186440716]
[402.6849299930422, -143.88392707231887]
[402.7610145675005, -143.9313796061908]
[402.85103611085816, -144.05127870891206]
[402.91014379767716, -144.11804662133238]
[402.9706689799328, -144.17281348293739]
[402.98725609125603, -144.18907450791758]
[403.0205118759921, -144.2215149957884]
[403.08734969382243, -144.28606972317175]
[403.13152677698787, -144.29395943611496]
[403.23513775609683, -144.38381859931516]
[403.24062786526247, -144.43918718880994]
[403.38768823078516, -144.46862216275954]
[403.4248425303741, -144.5100816395962]
[403.43218530199874, -144.51406311171388]
[403.44769963861285, -144.58186175497]
[403.4827110160008, -144.67172826547554]
[403.52930000544615, -144.70957713799174]
[403.5362874333949, -144.71701982379042]
[403.54489052292473, -144.72484080241227]
[403.5613926800101, -144.739192827226]
[403.5776430021756, -144.7437123366684]
[403.6071098834916, -144.77433863823745]
[403.66529912449937, -144.77486730725434]
[403.81773290173646, -144.87010619292576]
[403.8376553960784, -144.97568851876275]
[404.04702771479595, -145.11897423184078]
[404.13956736756677, -145.25641282023702]
[404.1484969830669, -145.26390727288862]
[404.3339787033966, -145.3907937245815]
[404.428686296605, -145.4928640720536]
[404.49253211557146, -145.5083689551768]
[404.6162166102343, -145.55362018368695]
[404.6273629703105, -145.65404010131684]
[404.6874635527584, -145.7088898982729]
[404.72194162650806, -145.74670374370015]
[404.7639488584885, -145.7747042599338]
[404.77126469111766, -145.78181854105205]
[404.78874150798316, -145.79519590608572]
[404.8208058453481, -145.8167152487831]
[404.8233022722507, -145.81694118283258]
[404.8381883017934, -145.83185736184262]
[404.8544576105009, -145.84119699996]
[404.9493884359806, -145.88641175887912]
[405.0304523692286, -145.907746921514]
[405.17370664320987, -146.07719554195256]
[405.33566983242804, -146.21356955270022]
[405.3883553524045, -146.24953900495422]
[405.4094319061601, -146.27189414288074]
[405.4243919760988, -146.2857943004369]
[405.65595776590754, -146.43219111511942]
[405.81365264797415, -146.46816829784652]
[405.82587956014197, -146.48480616398953]
[405.85936994341995, -146.5305003770888]
[405.89715683570006, -146.60844160738267]
[405.9417685847031, -146.67123216151526]
[405.9858245548019, -146.69815892842922]
[405.995565904506, -146.70484164687682]
[406.01088149219413, -146.7138364504163]
[406.01808242653607, -146.71828632742614]
[406.0300193676454, -146.72397186379982]
[406.0989492225101, -146.76834009839146]
[406.10448054985494, -146.7715773998998]
[406.1157838269811, -146.77829733395166]
[406.15122445190485, -146.80050273095827]
[406.3072888397923, -146.81699577231777]
[406.3880689150103, -146.95242865218393]
[406.61392615878685, -147.12532344989825]
[406.62868793457807, -147.13386329681074]
[406.66952080501756, -147.1571356088321]
[406.7041771793668, -147.17764380760954]
[406.76370267175264, -147.20296923852524]
[406.9683257624581, -147.26015587243515]
[406.99636426466117, -147.36662474039073]
[407.2029710267652, -147.50343060182948]
[407.2075240562338, -147.50598451928565]
[407.2151361350722, -147.51021735198856]
[407.21818926034433, -147.51190219133295]
[407.2212471248946, -147.51358229139922]
[407.23068314183257, -147.5187226486639]
[407.2335259758771, -147.52025529888274]
[407.23969383703724, -147.52356336695564]
[407.24108319308846, -147.52434889302322]
[407.28335615466233, -147.54595769337763]
[407.2886687482054, -147.5496194888939]
[407.3065390345208, -147.55895943663108]
[407.3217406663192, -147.56705942753638]
[407.3259602867209, -147.57039236633014]
[407.3411042429033, -147.57855003285138]
[407.37431861198297, -147.59501073248518]
[407.3963132660956, -147.6077220584362]
[407.4088319811933, -147.61255633337024]
[407.46027686609693, -147.64682412286368]
[407.60324465272765, -147.72131212010788]
[407.83840009477973, -147.8825331998897]
[407.8696809434648, -147.89863199736982]
[407.9243003178513, -147.9256197424977]
[408.0052656074221, -147.9667211712364]
[408.0390599741917, -147.98354154132622]
[408.1002179756983, -148.01178429938844]
[408.13658919899694, -148.03540225177719]
[408.1683861663917, -148.04668372231896]
[408.30182931517726, -148.12278059546367]
[408.4047225573766, -148.18634893725806]
[408.4514173316407, -148.20931057344433]
[408.4583204519989, -148.21209053236376]
[408.4622180196762, -148.21704803175572]
[408.4808747047381, -148.24037636215652]
[408.4840398349778, -148.2419491965333]
[408.485624177327, -148.24273383649242]
[408.4872097044957, -148.24351729163197]
[408.4903843132917, -148.24508064745245]
[408.4967477487182, -148.24819314125904]
[408.50313014125726, -148.251286677953]
[408.5095314909089, -148.25436125753438]
[408.51644404833024, -148.25764959005232]
[408.5194140347641, -148.25905508788182]
[408.5223910615499, -148.2604535453594]
[408.53629157630536, -148.26422694813854]
[408.5764155139552, -148.28513636964342]
[408.61595260806337, -148.30025945002095]
[408.61732639253, -148.30525885022337]
[408.61774244171625, -148.30860652937474]
[408.62938455568235, -148.31055367710286]
[408.646143482779, -148.32248468950746]
[408.6587817422904, -148.3271994200279]
[408.8019158602323, -148.40116680750933]
[408.9987968506023, -148.4968301785942]
[409.13254993782164, -148.56920842023257]
[409.1491963038756, -148.58658642909379]
[409.15243402407265, -148.58808667351326]
[409.1654322976422, -148.5940402584097]
[409.1855751241716, -148.60305018028575]
[409.19470749364086, -148.60704426360658]
[409.22012095814245, -148.61805887459883]
[409.24102384941403, -148.62842483815083]
[409.26867011087637, -148.63921957603557]
[409.2970227913228, -148.64798609730184]
[409.31278351044944, -148.65850209602735]
[409.41678118708313, -148.70502018519701]
[409.6704340309486, -148.73628586426724]
[409.6965540574292, -148.74659695940062]
[409.82417055871633, -148.91192994647824]
[409.8340730535105, -148.9162413455336]
[409.83738336366486, -148.91766899999575]
[409.84069841309736, -148.91909191517976]
[409.8506719970637, -148.92333222506295]
[409.8795234273114, -148.93528435457247]
[409.92312227300414, -148.9527188680345]
[410.1190471923437, -149.0217210089281]
[410.16107104316745, -149.05751017927966]
[410.24133434559565, -149.06455697232127]
[410.4499753440586, -149.18768592224902]
[410.52538468897677, -149.22524748229253]
[410.5304394896219, -149.22729962857215]
[410.5321267928094, -149.22798130769297]
[410.5355049536429, -149.22934111147595]
[410.53888785375455, -149.2306961759808]
[410.54933462627105, -149.23482577766697]
[410.5524668469827, -149.2360690412187]
[410.57985231879, -149.2465872863435]
[410.59274104206565, -149.2510515530997]
[410.91374125318634, -149.27087555296913]
[410.97867385583953, -149.41422880717326]
[411.2380167004785, -149.52115899411143]
[411.2708168473991, -149.53225070687702]
[411.3723375556767, -149.56919786002098]
[411.44084845324073, -149.60040861577403]
[411.67338915766146, -149.68722630189674]
[411.7063496536695, -149.69734424382523]
[411.79220118488723, -149.72132080937672]
[411.8577707449295, -149.7554631744955]
[411.92560043036684, -149.78202265847116]
[411.9316512501892, -149.7846483336647]
[411.97747840099, -149.80221710242878]
[412.38124332076745, -149.84558054688023]
[412.5656345134716, -150.00864039299609]
[412.5984345941217, -150.01890273831572]
[412.6013563275423, -150.0194987908734]
[412.86418688407616, -150.0833966816515]
[413.14072777694935, -150.14905739885617]
[413.25271558944695, -150.1636387694271]
[413.32951413482004, -150.25929243772237]
[413.5172170835432, -150.31576714649194]
[413.67959870290645, -150.31924046135435]
[413.7659026627132, -150.3821923792984]
[413.9659727421765, -150.4435418038167]
[414.28315120944865, -150.525986619506]
[414.3702761935202, -150.55126241866856]
[414.6525071933111, -150.61158303726867]
[414.760026244797, -150.64986768237713]
[415.0759972710479, -150.71885992561823]
[415.15445332008426, -150.7437959220753]
[415.2075860661667, -150.75350872286285]
[415.2699158627987, -150.75955322256817]
[415.28067194254004, -150.77025855035458]
[415.57200613145216, -150.82657471120083]
[415.7681771381352, -150.85107158388993]
[415.9589125355472, -150.9127259307982]
[416.1085523650059, -150.94275750906976]
[416.16273480069816, -150.9530813231399]
[416.35951418046966, -150.97502762049703]
[416.4075678020229, -150.98140921953092]
[416.45227497671607, -151.00294006887015]
[416.4690311790677, -151.00599606346964]
[416.61373842970875, -151.0326489765951]
[416.65180401140105, -151.03950124683536]
[416.6650713805537, -151.0442932693814]
[416.6935789434542, -151.0489788063047]
[416.8367559736767, -151.05175106387904]
[416.8719679355127, -151.0575863743599]
[416.9288374132575, -151.0720704075324]
[417.04306268379605, -151.09358830382382]
[417.0761346864722, -151.11161333159203]
[417.1129215472103, -151.11548749418748]
[417.1338740161453, -151.1202602015666]
[417.20220620879473, -151.1311767967219]
[417.35717570721226, -151.15587870603463]
[417.3969518054308, -151.15997927818896]
[417.43584424418947, -151.16600469136284]
[417.49298804006867, -151.17232596368632]
[417.6205788850756, -151.19037010613175]
[417.70570903102674, -151.20378263022093]
[417.79140157823815, -151.21372739623908]
[417.8867040601745, -151.23139983215677]
[417.92032875787226, -151.2327210395354]
[417.9992452420712, -151.24364025920158]
[418.0098626505829, -151.24390428234457]
[418.07069852293836, -151.2499729243524]
[418.13545233537445, -151.25803660564253]
[418.4067329485822, -151.25871749652862]
[418.4805269707194, -151.2670180190252]
[418.5124393027427, -151.27688529307727]
[418.5725272903286, -151.3103535951049]
[418.65279518529445, -151.3199214040042]
[418.66830075104343, -151.32059072794016]
[418.7038685442643, -151.3246473286216]
[418.78919180635756, -151.33247207192133]
[418.7999743400584, -151.33455212637756]
[418.87472920441087, -151.34008267926106]
[418.9212927216355, -151.3460061440958]
[418.94087761332895, -151.34675176406913]
[419.139999350624, -151.36608250795268]
[419.1436961937583, -151.3682986441813]
[419.184391844704, -151.37252084516817]
[419.31782553688214, -151.38472214044242]
[419.5449480424445, -151.40395175785227]
[419.5860459423197, -151.40777170990964]
[419.6559095062733, -151.41238179044615]
[419.7233693608719, -151.41773942957371]
[419.8586273253395, -151.42811645255853]
[419.99433629683415, -151.43804246851627]
[420.13049627535594, -151.4475174774469]
[420.25606734019976, -151.4547188118984]
[420.2671072609048, -151.45654147935042]
[420.91418882946874, -151.4581405228058]
[421.28640124890063, -151.45966547371978]
[421.3263659552739, -151.47000548303566]
[421.70263305159654, -151.49040427412874]
values
[394.85933756533075, -120.09966523507958]
[394.8652260731915, -120.99908347809172]
[394.8664177963908, -121.0420895997715]
[394.86795388038, -121.16037042704994]
[394.868584793783, -121.19619156715507]
[394.8694977872258, -121.23403165440759]
[394.8705109033668, -121.29026363072639]
[394.877545050651, -121.61837743059257]
[394.89335704787686, -122.16783671306463]
[394.8933760361561, -122.16790855782108]
[394.8936747976875, -122.17413143806506]
[394.8939414742158, -122.18107973378665]
[394.89395114416067, -122.18111548035961]
[394.89447265835906, -122.19410349759724]
[394.898568021814, -122.30399436156975]
[394.90445523793437, -122.45809102984165]
[394.930724630321, -123.06315827650819]
[394.93625531681744, -123.17272768698417]
[394.93645935107713, -123.17578447361215]
[394.9364698895213, -123.17581935168583]
[394.93678625463644, -123.18083171617516]
[394.93727708203187, -123.18879418971832]
[394.9382867331783, -123.20638057818388]
[394.9388411761405, -123.21452165758878]
[394.9399318295467, -123.23642983266494]
[394.94014575676863, -123.24504759145465]
[394.9437321977481, -123.30061803492633]
[394.95195504334885, -123.44297662939863]
[394.98583700476433, -124.00434005188288]
[394.98864002189623, -124.03152243026992]
[394.995261442307, -124.13089275526583]
[394.9969847980799, -124.16639992339283]
[394.9970313092544, -124.16653507828968]
[394.99756104370306, -124.17331114912662]
[394.9977750107901, -124.17617633685586]
[394.9979805026654, -124.17826583628656]
[394.99803619652226, -124.17917597201136]
[394.9980479888599, -124.17920959619155]
[394.9982978375398, -124.18217515188152]
[394.9996678147293, -124.20109065203872]
[395.0006391142128, -124.21742368752206]
[395.00186768554795, -124.23442114294092]
[395.00484046153747, -124.2567149977425]
[395.00900938167297, -124.32312635725678]
[395.0285451975727, -124.57903233967468]
[395.06423807489494, -125.0183067763898]
[395.07335624014024, -125.11859255018982]
[395.0746384554784, -125.13391357534886]
[395.07487646314, -125.13951290556261]
[395.0749017735527, -125.13957842818562]
[395.0749398236309, -125.1396766276609]
[395.0749525295128, -125.13970933829688]
[395.0752811193824, -125.14268698583277]
[395.0756687355597, -125.14652602012478]
[395.076173815774, -125.15208841650741]
[395.07619951158085, -125.1521535537362]
[395.0764164010067, -125.15628982748561]
[395.0768343953036, -125.15804031178881]
[395.0774711001677, -125.16392524870002]
[395.07793626143956, -125.17299599380684]
[395.07946135485116, -125.18969692714928]
[395.0809916812415, -125.20639262751297]
[395.08538172207665, -125.24254420917904]
[395.09293102677105, -125.32699021841405]
[395.1006154538943, -125.41130110522023]
[395.11333880514843, -125.53455489489173]
[395.14480973803626, -125.85689524306049]
[395.1472137413169, -125.88154927193116]
[395.1538360845945, -125.94335219344774]
[395.1558781431017, -125.96388932486988]
[395.15992587841214, -125.99942660276061]
[395.16297732235165, -126.02526561779646]
[395.1684096664093, -126.0789399888406]
[395.1687671395165, -126.08114332543126]
[395.17022081593973, -126.09535486606418]
[395.1702482937901, -126.09541822124949]
[395.1702758166854, -126.09548153138988]
[395.1703033846256, -126.09554479648536]
[395.17047733977904, -126.09730250049519]
[395.1710781612448, -126.10207582515177]
[395.1713946950732, -126.10483844613964]
[395.17168000432406, -126.1068481281948]
[395.1717670272077, -126.1077269348928]
[395.17203719844895, -126.111764510309]
[395.1732350280855, -126.11990471500451]
[395.17385881393693, -126.12816892157505]
[395.177134331121, -126.153197491193]
[395.17751774384925, -126.16096204517082]
[395.179150614554, -126.16857225249424]
[395.1848971918461, -126.22222877867146]
[395.1909199982447, -126.27078909623104]
[395.19827299837783, -126.33142466656072]
[395.25245263057366, -126.7956033609748]
[395.2548850923687, -126.81178823257241]
[395.2569587018558, -126.82933399150369]
[395.25874783647924, -126.84095147257369]
[395.26791924019653, -126.91681657161936]
[395.2696742881056, -126.92897980380693]
[395.2703306301077, -126.93641748410387]
[395.27078413514755, -126.936751783301]
[395.2720852217161, -126.94910264360787]
[395.274521704771, -126.96924535048228]
[395.2762721351508, -126.98136778368129]
[395.27653969668154, -126.98184572624167]
[395.27872134904845, -127.00149775971295]
[395.2792256917351, -127.00190658092436]
[395.28034985161264, -127.01273265203693]
[395.28118109645254, -127.02161720223816]
[395.2816738914655, -127.02263829115336]
[395.28256001543315, -127.03098657550221]
[395.28294192524095, -127.03372923702854]
[395.28295671973194, -127.03375985905542]
[395.28298634249757, -127.03382106932548]
[395.2830890130651, -127.03468422833956]
[395.2836326030244, -127.0371017386147]
[395.28388338801676, -127.04022982909186]
[395.2840457046855, -127.04121500807612]
[395.2847387434028, -127.04589611548118]
[395.28494419449265, -127.04762232355458]
[395.28506006280537, -127.04983712621818]
[395.2855959199302, -127.0515605807291]
[395.28699063499363, -127.06224026350229]
[395.2871625678961, -127.06520498464094]
[395.28718343334856, -127.06593978242904]
[395.2875638421829, -127.06601481749655]
[395.2887118470355, -127.06759238830895]
[395.2893120368705, -127.08203720566114]
[395.29144587337123, -127.09812939591446]
[395.29266856058416, -127.10244993950286]
[395.29498838904817, -127.11752115577303]
[395.29572924530896, -127.13029807748478]
[395.3004852811536, -127.15751796314021]
[395.30601602720515, -127.19748091656123]
[395.3086762777978, -127.21781949445088]
[395.3151084471374, -127.26759263458807]
[395.3167077004867, -127.27878455720908]
[395.32157867351503, -127.30752368997202]
[395.329258010605, -127.363871168554]
[395.3314685373067, -127.3798412520885]
[395.3339352712105, -127.39753412741085]
[395.3426682674767, -127.4567897016075]
[395.34667107844433, -127.48600859781914]
[395.3694973191491, -127.65293152467541]
[395.37858122462404, -127.72276203045621]
[395.38283761184766, -127.74880405693781]
[395.39532749303174, -127.83049936869148]
[395.3973855854127, -127.8407226148302]
[395.3978900051009, -127.84532790135651]
[395.4048177477996, -127.88370637917114]
[395.40489823907217, -127.88840735566318]
[395.40542283839363, -127.90331256070404]
[395.40813507912526, -127.92039282657304]
[395.4091360833227, -127.92096743084956]
[395.41245783782733, -127.93336820939567]
[395.4130651014564, -127.95470154107869]
[395.41311270230216, -127.95479018978644]
[395.41506648122896, -127.9665730248849]
[395.4152330375084, -127.9675085477406]
[395.41559859398825, -127.96943798256679]
[395.4160722315855, -127.97282766329613]
[395.4163197388486, -127.97390931775739]
[395.41710635816196, -127.97849684456634]
[395.41749047438475, -127.98237505848317]
[395.41791011967433, -127.98630857636883]
[395.4203404782515, -128.00210424454573]
[395.42277606980736, -128.01789467974388]
[395.42521689434204, -128.03367988196325]
[395.42869347772057, -128.04860274487362]
[395.4301142423477, -128.06523458746568]
[395.4325707658187, -128.08100409074873]
[395.4365776463959, -128.09109599117963]
[395.4406291604176, -128.1172304717496]
[395.44429987152915, -128.14698257849255]
[395.4478242235204, -128.16544913999942]
[395.4601145132744, -128.24515416417483]
[395.46563067854055, -128.2785485643662]
[395.46815948183325, -128.29424578782755]
[395.4706935181047, -128.30993777831014]
[395.5116777080454, -128.54971526542124]
[395.52123944453524, -128.62218138653904]
[395.524922593834, -128.63385002994158]
[395.52658928653716, -128.64852027309664]
[395.5313858955333, -128.68484348551493]
[395.53411242164026, -128.7017363278264]
[395.5444947412981, -128.75940805170205]
[395.5456329298259, -128.76903956967877]
[395.5521886715265, -128.80828159390435]
[395.5573267554876, -128.82246135953994]
[395.558420659676, -128.8306649233355]
[395.56003480213127, -128.85308081582977]
[395.5605734389635, -128.85824326731932]
[395.56282627160675, -128.8699087147727]
[395.5645105181166, -128.8787910944361]
[395.5647788063517, -128.88045446536435]
[395.5657774093641, -128.88453028782092]
[395.5663053499241, -128.8847901514979]
[395.56805559483627, -128.89927370267552]
[395.5692732915041, -128.9055434773647]
[395.57150833315774, -128.9202578966591]
[395.57396546057544, -128.9211118678428]
[395.57425091274763, -128.93574134382328]
[395.58252713022085, -128.98218862313004]
[395.5866431190587, -128.98921395579262]
[395.58845811270436, -129.00983009713957]
[395.5919256216199, -129.0203357282184]
[395.5925345415515, -129.0292883222657]
[395.5978143207568, -129.05163910830547]
[395.608194151556, -129.10364006422094]
[395.6099906870211, -129.1242746637485]
[395.61976705614325, -129.15372257109033]
[395.6217637511171, -129.18738383563402]
[395.6229599672199, -129.19208512998276]
[395.6307755661902, -129.23740326399832]
[395.6380938803742, -129.2672363094171]
[395.6393768553818, -129.27344080576646]
[395.63987257122835, -129.2760242447362]
[395.65137389603467, -129.3360105327627]
[395.67870144347023, -129.48325298603717]
[395.69276457422006, -129.57164824410398]
[395.69846426098525, -129.60235283232575]
[395.7188516438158, -129.70604313643406]
[395.72774575180784, -129.73327203114133]
[395.73046460690364, -129.76723872332016]
[395.7423652023539, -129.78497843006684]
[395.74325762082424, -129.82882986784753]
[395.7498513998751, -129.8659144172235]
[395.76580367861015, -129.9310453834909]
[395.8030459727992, -130.10667958795705]
[395.8137124845853, -130.15658604905033]
[395.8158202888559, -130.17635812861442]
[395.82729722558173, -130.2312482139107]
[395.8328021682967, -130.25781936762996]
[395.8385408989178, -130.27284311716136]
[395.84428597077175, -130.303626074272]
[395.8463250148064, -130.31868067956825]
[395.8635224971347, -130.37723512866881]
[395.8806991421652, -130.47079021565497]
[395.89180878938254, -130.5178737786368]
[395.90357824571095, -130.57585703621086]
[395.9165306670172, -130.6497866316914]
[395.93473555884634, -130.6883880618506]
[395.9461093177687, -130.75938031949573]
[395.9539424882061, -130.7751728778975]
[395.96336942487693, -130.83792319986324]
[395.9807142447518, -130.9289946701292]
[395.99475282550486, -130.9835701857718]
[396.00882197071405, -131.04248382745698]
[396.0107782399682, -131.0441080059302]
[396.02516417104323, -131.11364080215927]
[396.029395347443, -131.12393401691176]
[396.0319131856942, -131.1432960624953]
[396.04311845195787, -131.19112203966898]
[396.0822489056898, -131.33165426985735]
[396.08599290980465, -131.35241508674275]
[396.11219387057514, -131.40780673693644]
[396.12691446174733, -131.53996429300201]
[396.142689744339, -131.57144046808875]
[396.1590708395029, -131.66828987717233]
[396.1622702193495, -131.67225569226315]
[396.16623703835785, -131.6975279533043]
[396.18926298486394, -131.7771687489829]
[396.20852092080645, -131.78922683684215]
[396.2230042799685, -131.90395946005162]
[396.2413047424497, -131.96948257600212]
[396.24955428485794, -132.0102426755943]
[396.26711456940035, -132.06924562567363]
[396.27004244163203, -132.0881976372766]
[396.2752300287164, -132.10216871696676]
[396.28486323259983, -132.13355120148026]
[396.3400175827848, -132.2695968218008]
[396.34870735718727, -132.35924139669498]
[396.3555449583211, -132.36722582926996]
[396.41195696471567, -132.54128509320697]
[396.41397117972383, -132.61094475882288]
[396.4172692341298, -132.61351009124982]
[396.43052372309484, -132.6643112998467]
[396.47284661288444, -132.8079730150567]
[396.5023412987304, -132.89272002444415]
[396.53020805666944, -133.01106285295833]
[396.5660759856336, -133.11808391944248]
[396.5834383004024, -133.1183314884417]
[396.6394101444707, -133.31068819738545]
[396.65958259434603, -133.3900362343067]
[396.68027595980305, -133.50054105129703]
[396.6901549062103, -133.53967174689024]
[396.7166963561035, -133.6044597491552]
[396.7359731500559, -133.6648074802257]
[396.78475325512693, -133.8360854743815]
[396.794324057876, -133.86360705701054]
[396.8046032649465, -133.87412635076367]
[396.85757773364486, -133.98152337158012]
[396.9123455412171, -134.22356393414594]
[396.97007674498417, -134.38374949539812]
[397.0005319924545, -134.4483826018]
[397.0163261352087, -134.51328485236033]
[397.03270294413693, -134.574235195909]
[397.0981000917598, -134.6171413690073]
[397.1393686044753, -134.79188788500818]
[397.1499162171704, -134.86780034599556]
[397.21094931573816, -134.95245808816588]
[397.24264349315905, -135.04223300217626]
[397.2503841888052, -135.15040090502578]
[397.2617253628853, -135.19061116593028]
[397.30944368438696, -135.21837099381077]
[397.32197424941086, -135.26486594771427]
[397.34048081849653, -135.40982735684867]
[397.345383252468, -135.4154107754989]
[397.3533394135896, -135.4366295571755]
[397.35794867033167, -135.4539001842681]
[397.38088684835435, -135.50752524086718]
[397.3946462631327, -135.52214218056218]
[397.4070164823339, -135.55862640839462]
[397.45132426246124, -135.65980234416577]
[397.473555608493, -135.7140833975878]
[397.5136557370089, -135.75341971634913]
[397.51570575816135, -135.76351415782582]
[397.548752100414, -135.92977261382384]
[397.6384404241555, -135.98768600853523]
[397.6565529278802, -136.19609816326113]
[397.6647721982937, -136.21523030584973]
[397.67300529320306, -136.2343486239424]
[397.6791992364618, -136.23545067942612]
[397.7060759178, -136.31068365135363]
[397.7429374413402, -136.39496807357213]
[397.8054975338411, -136.46806580279795]
[397.85172678232755, -136.65113809104932]
[397.8838722363425, -136.7175089534431]
[397.8933122274309, -136.73439825292994]
[397.9400340511808, -136.84184449606724]
[397.99142176875176, -136.9374672255286]
[397.99318367287776, -136.9660255078374]
[397.9983404664495, -136.9771671002396]
[398.0070345262538, -136.99582445343736]
[398.0322461220931, -137.04973202316646]
[398.0626953790921, -137.06647876898455]
[398.0770846865418, -137.14458559716562]
[398.0966343506532, -137.18560890593358]
[398.1015537911529, -137.1902076116804]
[398.1437193052348, -137.2602639828793]
[398.1480196145701, -137.29246197315356]
[398.165248773583, -137.29952447084264]
[398.1789502743442, -137.33347050778687]
[398.19194970660004, -137.3380385529677]
[398.1996502078557, -137.37954467758567]
[398.2262783039072, -137.45961740018885]
[398.238953982995, -137.47569069921084]
[398.23979019097266, -137.48007567364667]
[398.2434065282154, -137.4945068436189]
[398.25395263323253, -137.50310891404908]
[398.2989565925797, -137.61126943460042]
[398.3343810123324, -137.68729910743]
[398.34078530515245, -137.70006579522854]
[398.34208111670307, -137.70273524228378]
[398.3494822067712, -137.71737772747895]
[398.3646190660194, -137.74742068271848]
[398.3692052186789, -137.75651023655993]
[398.37838789237, -137.77467897587093]
[398.39679471323984, -137.8109749810051]
[398.4709749765572, -137.95560602170406]
[398.4813058166284, -137.96431147412594]
[398.52253508692945, -138.03750798404604]
[398.55411413097073, -138.11475875880802]
[398.5939562216097, -138.19980141735033]
[398.60402578691077, -138.2027742795536]
[398.6105132636834, -138.2311093480302]
[398.6294874393417, -138.266837998376]
[398.66867859824225, -138.31406366711803]
[398.70593712181244, -138.40919961992148]
[398.70822554618496, -138.41823273246766]
[398.71674724908337, -138.4240185620683]
[398.7213872287209, -138.44232034720784]
[398.74001912437, -138.4767987832581]
[398.74484018046064, -138.4856534336684]
[398.74887206987614, -138.49286200765994]
[398.7512842755691, -138.49728765521746]
[398.754492661014, -138.50335236611713]
[398.75611127904807, -138.50613635823953]
[398.7802981383026, -138.5503280314901]
[398.7899970748723, -138.56798050792244]
[398.79970983593796, -138.58561915985882]
[398.8094364214995, -138.60324398729927]
[398.8225587146904, -138.62721407948655]
[398.83763016248923, -138.654169411878]
[398.87315297881923, -138.7021070781591]
[398.88056598937044, -138.71395695184344]
[398.88774678784614, -138.74374492496892]
[398.90929837942133, -138.78015571506637]
[398.91000464217643, -138.78467063472473]
[398.9207266918736, -138.78574471984544]
[398.9343561478806, -138.8209993867992]
[398.93559757583785, -138.8254306981994]
[398.9417163909398, -138.826781562346]
[398.9427678880016, -138.83836336417045]
[398.9586665222651, -138.86406225543465]
[398.9685713724365, -138.86911139402335]
[398.9879233902627, -138.91103206046017]
[398.9975557979462, -138.93680077926578]
[399.05497400559227, -139.03951202285413]
[399.1006990433678, -139.12835206625286]
[399.10321333901896, -139.13267562385218]
[399.10352514911307, -139.13345647771916]
[399.1134150590625, -139.15034040939474]
[399.1634039493971, -139.23537586993922]
[399.1780583893631, -139.26028101275742]
[399.2274728947689, -139.33941404532868]
[399.24495965103273, -139.37263147231988]
[399.25332222648103, -139.37320741446064]
[399.28158737813817, -139.43366910347194]
[399.32740012040864, -139.50900230696027]
[399.3726477132402, -139.59013895434083]
[399.3871784167823, -139.60781298510128]
[399.40741003697644, -139.62977148910056]
[399.46623301302844, -139.73360725161672]
[399.4912360442297, -139.77496687735308]
[399.51164857904894, -139.79646456696614]
[399.51271560666333, -139.82034865409165]
[399.51304047972724, -139.82078878878366]
[399.5201153519353, -139.83179223323302]
[399.5328775602499, -139.85200166962395]
[399.547054478885, -139.87752772757375]
[399.5589419573258, -139.89078258542654]
[399.563369286911, -139.90062910853135]
[399.5708920554229, -139.91240227822396]
[399.5786659310815, -139.92489204714508]
[399.591083229726, -139.94422877165906]
[399.5939964291453, -139.9491211318655]
[399.6070300818232, -139.96930903906494]
[399.6134879565693, -139.97920137065069]
[399.6176785971746, -139.98601193671558]
[399.6407472560829, -139.99647728405387]
[399.64131570341436, -140.0177266209417]
[399.66582915393025, -140.0549136740883]
[399.69911499992986, -140.0713698112448]
[399.71245861964957, -140.12252590360248]
[399.73309763519853, -140.15833102398247]
[399.76585158969283, -140.21488857935054]
[399.9006590800448, -140.25973520634702]
[399.929201987396, -140.45442317815488]
[399.94949797355474, -140.50059983242514]
[399.9812741086247, -140.5479428629236]
[400.0059036262717, -140.58388631815603]
[400.0165302091036, -140.59151914041183]
[400.0226692048711, -140.5980710063064]
[400.05700171009386, -140.63354133030344]
[400.073984311496, -140.67721339711852]
[400.08512664371915, -140.69363711324976]
[400.0948347662256, -140.7137664822184]
[400.1324856223186, -140.76051982988375]
[400.1460154794503, -140.76361168546126]
[400.21553683056374, -140.88231748440023]
[400.2858171657573, -140.9743609092082]
[400.34633600188295, -141.07177721554993]
[400.35113274315376, -141.08506447336367]
[400.35599636056406, -141.09447470864333]
[400.3675783801599, -141.10817841914175]
[400.3840578710594, -141.1312585110265]
[400.3928934789966, -141.1493384007956]
[400.39925331368283, -141.15576604498796]
[400.403117568324, -141.1575035858355]
[400.40826629358725, -141.15925375636076]
[400.4125875652443, -141.16030243754344]
[400.4171184145383, -141.17731713311602]
[400.4258414458205, -141.18258116692246]
[400.43002407300537, -141.20396861737163]
[400.44537840900335, -141.2139024515295]
[400.4633247302354, -141.24978712571004]
[400.48516890887316, -141.26640206296892]
[400.49380573170504, -141.26726977689117]
[400.51628481912513, -141.29297479553964]
[400.5201275794929, -141.3103985961852]
[400.52526831913957, -141.32432193670334]
[400.55662969009853, -141.35695696681282]
[400.5854482996883, -141.40729031525368]
[400.61220101862534, -141.43788457468267]
[400.63363903524817, -141.45859678376698]
[400.66641334150836, -141.51090549605206]
[400.718466699405, -141.57414418201606]
[400.72738041086797, -141.58465884733877]
[400.8071379639521, -141.6957863786698]
[400.83244311497566, -141.73545019819983]
[400.84150195148663, -141.7361356278972]
[400.8605900511569, -141.7504935474468]
[400.87090220465177, -141.78875191910856]
[400.93493625180906, -141.858145956515]
[400.9542328777212, -141.89573064134916]
[400.9957989259679, -141.93970955116367]
[401.04865776575946, -141.98862446105161]
[401.08429313290526, -142.03994938583773]
[401.16026063272926, -142.10299892157443]
[401.16344160773986, -142.16312802483878]
[401.20590406179144, -142.2129556820964]
[401.23298971878467, -142.24351604703352]
[401.2460771676676, -142.2572204381818]
[401.260229919585, -142.27392186816348]
[401.26447814007076, -142.2911443512543]
[401.3067635466749, -142.32897857773457]
[401.31236837108065, -142.3476590159072]
[401.3230111335221, -142.35722419494718]
[401.3232100852801, -142.36224642560268]
[401.3426254789651, -142.38224722090123]
[401.352407910593, -142.3993802869796]
[401.3604909399535, -142.40394134269707]
[401.39268092568165, -142.45086808247578]
[401.4558306806718, -142.49566179996833]
[401.4857152469409, -142.531473506306]
[401.59831382951825, -142.66095245762884]
[401.7697769082899, -142.8906237419254]
[401.7834866219238, -142.90370586832267]
[401.82637526598035, -142.94931742809558]
[401.852783411411, -142.99113885997394]
[401.86809581168075, -142.99203474435672]
[401.87469516397255, -142.99548219286882]
[401.92372373167893, -143.00365131072402]
[401.9241633039401, -143.04768444848946]
[401.94391701582435, -143.04844131073432]
[401.9806270955308, -143.1135383157278]
[402.10197025442375, -143.16437077921813]
[402.11566822301467, -143.22231185755913]
[402.1715296746357, -143.3079288180478]
[402.2431278162796, -143.41764609716319]
[402.25423971863023, -143.43196331870752]
[402.2774338005825, -143.44767249309072]
[402.29977919864496, -143.48687031403716]
[402.31490661034246, -143.50259708423874]
[402.32882826792076, -143.51546726669167]
[402.3431602463057, -143.52792712833795]
[402.3580318810037, -143.54390967553906]
[402.3720287071057, -143.56402763809152]
[402.40137524128573, -143.58500417721854]
[402.41597241492184, -143.597686338013]
[402.41690273859103, -143.60033086181235]
[402.4408344134488, -143.62567139140975]
[402.45682284755793, -143.64253109360402]
[402.4747186018258, -143.65423219496964]
[402.4828584802776, -143.6717818015559]
[402.5009752342505, -143.6725186440716]
[402.6849299930422, -143.88392707231887]
[402.7610145675005, -143.9313796061908]
[402.7851682207106, -143.98038385162238]
[402.85103611085816, -144.05127870891206]
[402.91014379767716, -144.11804662133238]
[402.9250980408131, -144.12988421822763]
[402.9706689799328, -144.17281348293739]
[402.98725609125603, -144.18907450791758]
[403.0205118759921, -144.2215149957884]
[403.08734969382243, -144.28606972317175]
[403.13152677698787, -144.29395943611496]
[403.23513775609683, -144.38381859931516]
[403.24062786526247, -144.43918718880994]
[403.38768823078516, -144.46862216275954]
[403.4207673442678, -144.60779633796923]
[403.4827110160008, -144.67172826547554]
[403.51372349755917, -144.6983618058475]
[403.52930000544615, -144.70957713799174]
[403.5362874333949, -144.71701982379042]
[403.54489052292473, -144.72484080241227]
[403.5605517875693, -144.74329432642222]
[403.5776430021756, -144.7437123366684]
[403.6071098834916, -144.77433863823745]
[403.66529912449937, -144.77486730725434]
[403.81773290173646, -144.87010619292576]
[403.8376553960784, -144.97568851876275]
[404.04702771479595, -145.11897423184078]
[404.13956736756677, -145.25641282023702]
[404.1484969830669, -145.26390727288862]
[404.3339787033966, -145.3907937245815]
[404.428686296605, -145.4928640720536]
[404.49253211557146, -145.5083689551768]
[404.6162166102343, -145.55362018368695]
[404.6273629703105, -145.65404010131684]
[404.6874635527584, -145.7088898982729]
[404.72194162650806, -145.74670374370015]
[404.75526429534204, -145.7710270967965]
[404.7639488584885, -145.7747042599338]
[404.77126469111766, -145.78181854105205]
[404.78874150798316, -145.79519590608572]
[404.8208058453481, -145.8167152487831]
[404.8233022722507, -145.81694118283258]
[404.8381883017934, -145.83185736184262]
[404.8544576105009, -145.84119699996]
[404.9493884359806, -145.88641175887912]
[405.0304523692286, -145.907746921514]
[405.17370664320987, -146.07719554195256]
[405.33566983242804, -146.21356955270022]
[405.3883553524045, -146.24953900495422]
[405.4094319061601, -146.27189414288074]
[405.4243919760988, -146.2857943004369]
[405.65595776590754, -146.43219111511942]
[405.81365264797415, -146.46816829784652]
[405.82587956014197, -146.48480616398953]
[405.85936994341995, -146.5305003770888]
[405.89715683570006, -146.60844160738267]
[405.9417685847031, -146.67123216151526]
[405.9858245548019, -146.69815892842922]
[405.99408927290904, -146.70338537315638]
[405.995565904506, -146.70484164687682]
[406.0024657960036, -146.7086304983343]
[406.01088149219413, -146.7138364504163]
[406.01308333365654, -146.71518808241623]
[406.01808242653607, -146.71828632742614]
[406.0300193676454, -146.72397186379982]
[406.0623885898414, -146.73993176050655]
[406.0989492225101, -146.76834009839146]
[406.10448054985494, -146.7715773998998]
[406.1157838269811, -146.77829733395166]
[406.15122445190485, -146.80050273095827]
[406.3072888397923, -146.81699577231777]
[406.3880689150103, -146.95242865218393]
[406.59671654724724, -147.1152897648929]
[406.61392615878685, -147.12532344989825]
[406.62868793457807, -147.13386329681074]
[406.66952080501756, -147.1571356088321]
[406.69559796207767, -147.17260137662615]
[406.7041771793668, -147.17764380760954]
[406.76370267175264, -147.20296923852524]
[406.81198297876705, -147.23920122653166]
[406.9683257624581, -147.26015587243515]
[406.99636426466117, -147.36662474039073]
[407.19842866067245, -147.50086602099748]
[407.2029710267652, -147.50343060182948]
[407.2050302707647, -147.50469139258712]
[407.20714422982974, -147.5057721001127]
[407.2075240562338, -147.50598451928565]
[407.2151361350722, -147.51021735198856]
[407.21808602423783, -147.51225616377272]
[407.2212471248946, -147.51358229139922]
[407.22891252061214, -147.51776180722294]
[407.23068314183257, -147.5187226486639]
[407.2334002338775, -147.5208825135489]
[407.23969383703724, -147.52356336695564]
[407.24108319308846, -147.52434889302322]
[407.28335615466233, -147.54595769337763]
[407.2886687482054, -147.5496194888939]
[407.3065390345208, -147.55895943663108]
[407.3084236329841, -147.560685723522]
[407.3217406663192, -147.56705942753638]
[407.32581544537425, -147.57008575116305]
[407.3259602867209, -147.57039236633014]
[407.3411042429033, -147.57855003285138]
[407.3436041109891, -147.5795403820932]
[407.37431861198297, -147.59501073248518]
[407.3963132660956, -147.6077220584362]
[407.4088319811933, -147.61255633337024]
[407.46027686609693, -147.64682412286368]
[407.60324465272765, -147.72131212010788]
[407.8270974226238, -147.87617657527227]
[407.833748843751, -147.88007750399368]
[407.83840009477973, -147.8825331998897]
[407.8469550834891, -147.88700761387577]
[407.8696809434648, -147.89863199736982]
[407.9243003178513, -147.9256197424977]
[407.9374262352293, -147.93259313907905]
[407.9642985445725, -147.9465857745533]
[408.0052656074221, -147.9667211712364]
[408.0390599741917, -147.98354154132622]
[408.0772801442977, -148.00296739315053]
[408.1002179756983, -148.01178429938844]
[408.13658919899694, -148.03540225177719]
[408.1683861663917, -148.04668372231896]
[408.30182931517726, -148.12278059546367]
[408.4047225573766, -148.18634893725806]
[408.4514173316407, -148.20931057344433]
[408.4583204519989, -148.21209053236376]
[408.46058541569886, -148.22985158356036]
[408.46289721128, -148.23073445456978]
[408.46509779632476, -148.23221271115406]
[408.46747577379114, -148.23363894348333]
[408.47188690114467, -148.2354917811442]
[408.4741527943612, -148.23690472955673]
[408.4745586620931, -148.2372164755685]
[408.4765303890111, -148.23820597653582]
[408.4808747047381, -148.24037636215652]
[408.48324810811056, -148.24155643224645]
[408.4840398349778, -148.2419491965333]
[408.485624177327, -148.24273383649242]
[408.4872097044957, -148.24351729163197]
[408.4899872280129, -148.24488548715416]
[408.4903843132917, -148.24508064745245]
[408.4967477487182, -148.24819314125904]
[408.4991389243837, -148.2493554390559]
[408.5015596827482, -148.250738890487]
[408.50313014125726, -148.251286677953]
[408.5095314909089, -148.25436125753438]
[408.51644404833024, -148.25764959005232]
[408.5176944003365, -148.2585447323146]
[408.5194140347641, -148.25905508788182]
[408.5223910615499, -148.2604535453594]
[408.53629157630536, -148.26422694813854]
[408.5505614720141, -148.27355877946866]
[408.5764155139552, -148.28513636964342]
[408.61595260806337, -148.30025945002095]
[408.61732639253, -148.30525885022337]
[408.61774244171625, -148.30860652937474]
[408.62938455568235, -148.31055367710286]
[408.646143482779, -148.32248468950746]
[408.6587817422904, -148.3271994200279]
[408.7070205623532, -148.34689369635228]
[408.8019158602323, -148.40116680750933]
[408.9987968506023, -148.4968301785942]
[409.1213382638687, -148.57320341978328]
[409.1305839614914, -148.57770473859975]
[409.1491963038756, -148.58658642909379]
[409.15243402407265, -148.58808667351326]
[409.1605490589071, -148.59181655022007]
[409.1654322976422, -148.5940402584097]
[409.1855751241716, -148.60305018028575]
[409.19470749364086, -148.60704426360658]
[409.22012095814245, -148.61805887459883]
[409.24102384941403, -148.62842483815083]
[409.26867011087637, -148.63921957603557]
[409.2955160162879, -148.6471238900285]
[409.2970227913228, -148.64798609730184]
[409.31278351044944, -148.65850209602735]
[409.41678118708313, -148.70502018519701]
[409.6704340309486, -148.73628586426724]
[409.6965540574292, -148.74659695940062]
[409.7758830954703, -148.8881449951435]
[409.7936059479328, -148.89816691189247]
[409.80073843853984, -148.9011025960955]
[409.80304234514165, -148.9024775311227]
[409.80777566213845, -148.90461772234548]
[409.8104223423346, -148.90504034057327]
[409.8125190580635, -148.90674783464]
[409.8147823449945, -148.90780458246613]
[409.82417055871633, -148.91192994647824]
[409.8291164744255, -148.91409097769383]
[409.8340730535105, -148.9162413455336]
[409.83738336366486, -148.91766899999575]
[409.84069841309736, -148.91909191517976]
[409.843187810323, -148.9201559914165]
[409.8506719970637, -148.92333222506295]
[409.8795234273114, -148.93528435457247]
[409.8978547443872, -148.9422337495662]
[409.92312227300414, -148.9527188680345]
[410.1190471923437, -149.0217210089281]
[410.16107104316745, -149.05751017927966]
[410.24133434559565, -149.06455697232127]
[410.4499753440586, -149.18768592224902]
[410.45586341844034, -149.1954530417032]
[410.47231406743475, -149.20294295212463]
[410.4771024185117, -149.20502810926723]
[410.491527945312, -149.21122310712562]
[410.52538468897677, -149.22524748229253]
[410.5304394896219, -149.22729962857215]
[410.5321267928094, -149.22798130769297]
[410.5355049536429, -149.22934111147595]
[410.53888785375455, -149.2306961759808]
[410.54933462627105, -149.23482577766697]
[410.5524668469827, -149.2360690412187]
[410.57985231879, -149.2465872863435]
[410.59274104206565, -149.2510515530997]
[410.6052840657035, -149.25532423707875]
[410.91374125318634, -149.27087555296913]
[410.97867385583953, -149.41422880717326]
[411.1667083199973, -149.4920328592962]
[411.186222965621, -149.50001224655068]
[411.2032830807568, -149.5068926908308]
[411.22042285143635, -149.51481228373777]
[411.2380167004785, -149.52115899411143]
[411.24315396973464, -149.5220098676094]
[411.2708168473991, -149.53225070687702]
[411.3723375556767, -149.56919786002098]
[411.44084845324073, -149.60040861577403]
[411.67338915766146, -149.68722630189674]
[411.7063496536695, -149.69734424382523]
[411.79220118488723, -149.72132080937672]
[411.8577707449295, -149.7554631744955]
[411.8795118666351, -149.7662669458549]
[411.8966041189907, -149.77311525291518]
[411.92560043036684, -149.78202265847116]
[411.9316512501892, -149.7846483336647]
[411.97747840099, -149.80221710242878]
[412.38124332076745, -149.84558054688023]
[412.5656345134716, -150.00864039299609]
[412.588223414103, -150.01709899870528]
[412.5984345941217, -150.01890273831572]
[412.6013563275423, -150.0194987908734]
[412.60534780367846, -150.0239151685457]
[412.86418688407616, -150.0833966816515]
[413.14072777694935, -150.14905739885617]
[413.25271558944695, -150.1636387694271]
[413.32951413482004, -150.25929243772237]
[413.5172170835432, -150.31576714649194]
[413.67959870290645, -150.31924046135435]
[413.7659026627132, -150.3821923792984]
[413.8634317002181, -150.40655062783847]
[413.8958729971755, -150.4238058449525]
[413.9617437545029, -150.43652797358902]
[413.9659727421765, -150.4435418038167]
[414.0048024397328, -150.44554788712307]
[414.03623313562395, -150.46311711423434]
[414.28315120944865, -150.525986619506]
[414.3702761935202, -150.55126241866856]
[414.54360961337386, -150.59573231560134]
[414.6155835670478, -150.61394236132708]
[414.71612969056355, -150.6416856378466]
[414.760026244797, -150.64986768237713]
[415.0759972710479, -150.71885992561823]
[415.15445332008426, -150.7437959220753]
[415.205958415698, -150.75374319119345]
[415.2699158627987, -150.75955322256817]
[415.27944479215756, -150.7704408141335]
[415.3530960920843, -150.78697351360643]
[415.3832746064174, -150.79577865237718]
[415.50089346233926, -150.81954414215082]
[415.57200613145216, -150.82657471120083]
[415.7681771381352, -150.85107158388993]
[415.8685666124122, -150.8992779792034]
[415.95719035659795, -150.91305492760932]
[415.9967950335295, -150.91872010318875]
[416.0336521260533, -150.9278220441572]
[416.1085523650059, -150.94275750906976]
[416.1460627276496, -150.9501649983586]
[416.16273480069816, -150.9530813231399]
[416.35951418046966, -150.97502762049703]
[416.4075678020229, -150.98140921953092]
[416.45208714876514, -151.0078277207314]
[416.5583842995217, -151.02981997001015]
[416.6035646103742, -151.03584000545348]
[416.6348661692923, -151.04352209963923]
[416.6650713805537, -151.0442932693814]
[416.6935789434542, -151.0489788063047]
[416.7254964058671, -151.05529255565605]
[416.76053724409564, -151.0579916093161]
[416.8011466584006, -151.06894805005405]
[416.9288374132575, -151.0720704075324]
[417.04306268379605, -151.09358830382382]
[417.0761346864722, -151.11161333159203]
[417.1129215472103, -151.11548749418748]
[417.1338740161453, -151.1202602015666]
[417.1539482347663, -151.12072504866163]
[417.19845213730446, -151.13214450393596]
[417.2160752459209, -151.14128835523135]
[417.26208632596183, -151.14647762148624]
[417.3543345034706, -151.1566301365691]
[417.3969518054308, -151.15997927818896]
[417.43584424418947, -151.16600469136284]
[417.4842345684679, -151.17445483223136]
[417.57267983222454, -151.19486360788582]
[417.70570903102674, -151.20378263022093]
[417.79140157823815, -151.21372739623908]
[417.7953482931812, -151.21980958357415]
[417.8692393026022, -151.2271831358362]
[417.8867040601745, -151.23139983215677]
[417.92032875787226, -151.2327210395354]
[417.93275550336085, -151.2449677757076]
[417.9981401467519, -151.24578653608057]
[418.07069852293836, -151.2499729243524]
[418.0783223747166, -151.25439883042128]
[418.0905513901924, -151.26666163520719]
[418.1934155805646, -151.26792240188675]
[418.2635744985992, -151.28534496632352]
[418.29630225932976, -151.29160085869677]
[418.3436725018669, -151.29543096245553]
[418.455607161495, -151.3117857028627]
[418.5031662615436, -151.3154269491099]
[418.61557214257124, -151.33131046811758]
[418.6633201001314, -151.33476285685327]
[418.7259675172777, -151.33553247919477]
[418.8179764849072, -151.3371978763979]
[418.82413401763023, -151.35343868568557]
[418.9838753100428, -151.35375682326884]
[418.98560801404017, -151.3714544356068]
[419.1831650269984, -151.37291958749182]
[419.2098173352659, -151.3799227815661]
[419.26681012650903, -151.3805033739844]
[419.31782553688214, -151.38472214044242]
[419.3591149703417, -151.40812731826338]
[419.58570351257123, -151.4142164432189]
[419.6877263447727, -151.41573158573692]
[419.70411170627847, -151.43047772869411]
[419.96506077470923, -151.44503902003902]
[420.13049627535594, -151.4475174774469]
[420.25606734019976, -151.4547188118984]
[420.2657980710367, -151.45702259383654]
[420.40416925348075, -151.46511447422688]
[420.5812803226415, -151.47167697824992]
[421.136708659382, -151.4721325657698]
[421.70263305159654, -151.49040427412874]
[421.8445406492001, -151.49413166397756]
end_solutions
[-0.7583083187426796, 1.2435525064734496, -4.446450896063785]
[-0.8184268173148994, 1.1476433432596804, -4.358503834313551]
[-0.8785453158871191, 1.0517341800459112, -4.270556772563317]
[-0.9273509225051133, 0.9989333008012251, -4.2284586778445785]
[-1.0240417202366667, 0.8983956892839674, -4.147605663829644]
[-1.1207325179682202, 0.7978580777667097, -4.06675264981471]
[-1.205682121797493, 0.7079886125745662, -3.994752571768188]
[-1.3141141134313274, 0.5967828547321943, -3.90504662178484]
[-1.4391383669139723, 0.48079473942128265, -3.8630825174163346]
[-1.5699323094325321, 0.36357269488959965, -3.840187037569648]
[-1.705046247847653, 0.24484767864596274, -3.8299603942832228]
[-1.8372801889983998, 0.12712464354362846, -3.811287859956624]
[-1.973861593816015, 0.010080397071203007, -3.8114518824411183]
[-2.11044299863363, -0.10696384940122244, -3.8116159049256124]
[-2.260765146923158, -0.24893520231733307, -3.8219749369866642]
[-2.4091674508055085, -0.39794634343584245, -3.8046320342265547]
[-2.5458634851983177, -0.5359514552572495, -3.8017384126345872]
[-2.682559519591127, -0.6739565670786567, -3.7988447910426193]
[-2.817445656073196, -0.8165085822579496, -3.7992270965410446]
[-2.952769153449501, -0.9592603765936376, -3.80508441337858]
[-3.086800472580871, -1.1006104647344666, -3.808783043949718]
[-3.220831791712241, -1.2419605528752957, -3.812481674520856]
[-3.357902961006147, -1.3869395310936716, -3.815534436103121]
[-3.4425930195016576, -1.4755162432639664, -3.8247351217543395]
[-3.5838466919951473, -1.630599667794224, -3.816413484765205]
[-3.7177993830260414, -1.778096479618414, -3.806361763555227]
[-3.849593320754785, -1.9231910355507242, -3.7964968801176964]
[-3.9749109985770765, -2.061078823807395, -3.787192509997508]
[-4.102387429701519, -2.2013688679559458, -3.777701302104872]
[-4.227705107523811, -2.3392566562126165, -3.768396931984684]
[-4.353022785346102, -2.4771444444692876, -3.759092561864496]
end_values
[ 421.84454065 -151.49413166]
[ 420.58128032 -151.47167698]
[ 419.35911497 -151.40812732]
[ 418.61557214 -151.33131047]
[ 417.21607525 -151.14128836]
[ 415.86856661 -150.89927798]
[ 414.71612969 -150.64168564]
[ 413.32951413 -150.25929244]
[ 411.89660412 -149.77311525]
[ 410.49152795 -149.21122311]
[ 409.12133826 -148.57320342]
[ 407.83374884 -147.8800775 ]
[ 406.59671655 -147.11528976]
[ 405.42439198 -146.2857943 ]
[ 404.13956737 -145.25641282]
[ 402.9101438  -144.11804662]
[ 401.85278341 -142.99113886]
[ 400.8709022  -141.78875192]
[ 399.94949797 -140.50059983]
[ 399.10352515 -139.13345648]
[ 398.34208112 -137.70273524]
[ 397.65655293 -136.19609816]
[ 397.03270294 -134.5742352 ]
[ 396.69015491 -133.53967175]
[ 396.16623704 -131.69752795]
[ 395.7498514  -129.86591442]
[ 395.41791012 -127.98630858]
[ 395.17385881 -126.12816892]
[ 394.9969848  -124.16639992]
[ 394.89335705 -122.16783671]
[ 394.85933757 -120.09966524]
