values
[3252805.7357505444, 3484700.141006054]
[3253072.2566708243, 3474101.014151596]
[3253205.272153482, 3471518.3298527193]
[3253545.2890199935, 3471504.7394439145]
[3253634.662468651, 3471261.968378749]
[3253765.3401976735, 3470952.556196873]
[3253867.912063805, 3470739.254696047]
[3254066.210587807, 3470382.749079293]
[3254236.3544420856, 3470122.309505734]
[3254295.9781972663, 3470039.1105076456]
[3254462.082887124, 3469826.0789964222]
[3254777.420850364, 3454683.854735245]
[3255417.2527678385, 3449957.377476739]
[3255694.5859860005, 3448741.063212083]
[3257639.0892613456, 3438594.385586021]
[3260038.7761162673, 3429991.0906394073]
[3260191.0041444045, 3429189.184213508]
[3265566.1462722337, 3411973.2794034225]
[3276442.342063556, 3399836.3375560683]
[3283245.269560211, 3395556.564208326]
[3283252.178721851, 3388454.8784308443]
values
[3218884.527564283, 3466926.4251816254]
[3218890.783124491, 3464735.0958328075]
[3218894.284827862, 3464419.6581042754]
[3218897.89157513, 3464109.026471257]
[3218900.3015304394, 3464038.5487562134]
[3218902.028705569, 3463798.998088522]
[3218902.23718742, 3463649.0504772207]
[3218906.1514003957, 3463523.9237586316]
[3218910.693138826, 3463249.326112975]
[3218910.7299553934, 3463243.5781155806]
[3218915.0250176657, 3463179.473194415]
[3218916.303472003, 3462940.9735739958]
[3218916.9595790403, 3462906.749424653]
[3218929.3764827093, 3462730.5356039125]
[3218990.661554127, 3460192.955793566]
[3219037.499982084, 3458987.3082960797]
[3219082.096178849, 3457768.7936202185]
[3219107.9868400414, 3457493.834943827]
[3219109.703932894, 3457460.818135397]
[3219118.4862642796, 3457041.829703865]
[3219139.8974298937, 3456900.673328119]
[3219171.9700484863, 3456568.075762931]
[3219172.2013178933, 3456004.2961004004]
[3219203.9178408682, 3455819.486235024]
[3219239.690691082, 3455476.739033447]
[3219296.308987983, 3453948.4987514256]
[3219347.8495139536, 3453920.6198096573]
[3219383.341497915, 3453534.296740347]
[3219444.82230288, 3452518.665701961]
[3219483.2999691446, 3451996.386608025]
[3219496.984356767, 3451956.3866067594]
[3219500.894436206, 3451276.7046504826]
[3219588.4562675124, 3451051.6156819845]
[3219603.8726213654, 3450213.7922743233]
[3219614.7481944724, 3450067.736241579]
[3219778.9393362803, 3449129.5990873734]
[3219863.220047781, 3448695.388437288]
[3219872.2136353585, 3447993.849020414]
[3219891.01008557, 3447399.586543035]
[3219993.1436429825, 3447232.7859536647]
[3220036.566895697, 3447212.077473797]
[3220078.335804865, 3446637.2048940444]
[3220186.6358221006, 3445819.535961898]
[3220225.7614246863, 3444639.4294973444]
[3220428.803840018, 3444297.057496012]
[3220543.5014988715, 3442332.30218794]
[3220725.430423941, 3441427.792227065]
[3220964.479878396, 3440779.6879001185]
[3221004.4135871544, 3440750.02660158]
[3221037.941779301, 3439281.2444995698]
[3221215.968409069, 3439267.6215588916]
[3221380.723135904, 3438480.3935601595]
[3221410.0586455776, 3438058.565761915]
[3221722.644597252, 3437084.9481574306]
[3221771.1040196763, 3436859.9369428917]
[3221790.763085508, 3436489.0612928155]
[3221846.594833253, 3436043.688342245]
[3221952.850526019, 3435257.123898331]
[3221994.4760323353, 3434408.279212258]
[3222226.7783743143, 3433423.248216677]
[3222541.785952074, 3433051.997480884]
[3222550.228312196, 3432519.8967862506]
[3222723.7754095998, 3432270.239342585]
[3222869.3828251315, 3431175.3422783418]
[3223101.353833502, 3430722.677493802]
[3223125.9473345624, 3429736.5543233254]
[3223396.424210813, 3429575.9578481596]
[3223497.051975339, 3429196.3739601113]
[3223548.488182433, 3428534.29980031]
[3223778.4170886143, 3428018.2187416535]
[3223878.813773463, 3427589.79144878]
[3223908.453064544, 3427237.7889308603]
[3224281.975484578, 3425957.268835259]
[3224423.7682398707, 3425789.360779]
[3224651.7066736715, 3425365.707197152]
[3224669.047875482, 3424692.7270341115]
[3224942.7801277344, 3424438.2932705902]
[3225179.3754519783, 3423801.0534974635]
[3225188.3070693645, 3423748.126126876]
[3225287.8249006765, 3422967.3463985273]
[3225337.1206308296, 3422783.3582205223]
[3225765.2857807204, 3422154.7875436405]
[3225881.847040714, 3420906.520641076]
[3226254.6368490243, 3420642.4407802057]
[3226695.07405035, 3419545.811510996]
[3226775.4539249092, 3418518.7144482364]
[3227276.222453665, 3417440.339079546]
[3227481.131553469, 3416769.6281817765]
[3227812.5654511577, 3416765.9066955675]
[3227897.933930531, 3415844.2382504046]
[3228217.138910941, 3415056.3108225986]
[3228419.07238016, 3415034.3402141123]
[3228635.5902929455, 3414813.4408937516]
[3229115.7846241696, 3412880.8247152674]
[3229474.7230025697, 3412409.601367926]
[3230200.5717482856, 3411949.892544587]
[3230356.90961625, 3411089.9132074323]
[3230390.4623824223, 3411039.3592041903]
[3230598.9934381116, 3410207.446048329]
[3230671.0674131466, 3410011.1583391232]
[3231214.4195662583, 3409359.437093936]
[3231290.274683289, 3408817.6067089546]
[3231654.8979472592, 3408508.552431878]
[3231862.8845641715, 3408484.4571634703]
[3231953.862317251, 3408200.476160219]
[3232009.1518754475, 3407621.603388698]
[3232637.4649300408, 3406303.200463361]
[3233023.274754022, 3406013.3335269303]
[3233227.054816744, 3406001.3685030984]
[3233229.4286251324, 3405258.467727291]
[3233712.2921085986, 3405171.610195881]
[3233831.0137720685, 3404795.5600368734]
[3233911.358986716, 3404141.3050564933]
[3234609.1164120394, 3403043.340485653]
[3235434.0366691793, 3402254.0176681634]
[3236052.111437779, 3400905.058516202]
[3236587.0325318906, 3400253.971037019]
[3236685.056001485, 3400247.920970604]
[3236952.2989521124, 3400131.393500364]
[3237240.9222999336, 3399988.0382335093]
[3237607.566171404, 3399166.884960132]
[3237724.644078983, 3399098.843836002]
[3238237.4733188376, 3398775.737335945]
[3238256.425423056, 3397893.8424756094]
[3238668.136681522, 3397689.1594150346]
[3238674.7409327254, 3397559.3202043306]
[3239206.679440121, 3397163.092961483]
[3239226.2643509917, 3396981.9551554765]
[3239702.5406063395, 3396080.2077130773]
[3240062.7428726447, 3396037.645072919]
[3240160.2952854503, 3395835.76965917]
[3240837.6807262576, 3395158.0446656635]
[3241159.5245681438, 3394442.6633905144]
[3241655.6641469644, 3394080.5019007283]
[3241813.3193536545, 3394062.1538886465]
[3242498.3324622144, 3393308.2071814784]
[3243053.892326575, 3393121.5427532936]
[3243138.124353034, 3393093.2884604847]
[3243287.2860064134, 3392488.214165078]
[3243569.3067582753, 3392253.1704234215]
[3244224.7025815076, 3391349.651287371]
[3245268.6200415804, 3390525.624724749]
[3245463.7841824307, 3390377.072239529]
[3245712.65396264, 3389979.9766794383]
[3245872.5924439435, 3389778.7435005573]
[3246437.7363040503, 3389471.7223900673]
[3246446.581484809, 3389281.885179342]
[3247429.509584239, 3388588.1815904924]
[3247573.71135357, 3388271.344212248]
[3248345.856667016, 3387855.5876537957]
[3248542.2003652677, 3387658.4485210925]
[3248555.4493157007, 3387654.329937545]
[3248922.995553387, 3387445.339830743]
[3249191.669495584, 3387230.0794261624]
[3249276.7961826073, 3387139.8494701097]
[3249466.5191075616, 3386886.5406655003]
[3249503.868877443, 3386650.868219943]
[3249621.888441269, 3386548.214649261]
[3250278.432063571, 3386383.584587784]
[3250293.9864622587, 3386024.995458637]
[3251094.4129740503, 3385411.874901862]
[3251751.4447638066, 3385176.3775909026]
[3251791.580883294, 3385148.265488976]
[3251900.2784413006, 3385086.6370479143]
[3252509.8242953233, 3384760.405771551]
[3252791.6697277897, 3384198.089058635]
[3253557.797856247, 3383649.0076694977]
[3254203.976598391, 3383513.919576023]
[3254401.4228036744, 3383086.873744038]
[3255331.943695093, 3382790.9492383]
[3255464.5512386155, 3382405.1055362117]
[3256108.001867611, 3382006.677028063]
[3256330.8394314665, 3381931.289301156]
[3257207.356247061, 3381607.91247629]
[3257247.856910855, 3381398.0533229243]
[3257432.2792718643, 3381225.3175881794]
[3258438.5753310635, 3381139.5965514397]
[3258753.463902476, 3380678.5142362174]
[3258925.099989172, 3380488.9350670404]
[3259240.3488166025, 3380228.022320537]
[3259616.244321327, 3380199.451772504]
[3259735.897561468, 3380133.8639446343]
[3260290.5167190903, 3380082.135967731]
[3260313.477778918, 3379833.6352636954]
[3260588.30409503, 3379717.8326462163]
[3260754.251094828, 3379477.9353785207]
[3260899.084362025, 3379438.019551839]
[3261387.260295665, 3379123.5844255965]
[3262454.1718219775, 3378737.7912714267]
[3262723.2502234434, 3378552.868294337]
[3262891.0887868246, 3378518.471983577]
[3263607.3512957925, 3378092.3696104367]
[3264155.179222262, 3377947.7094173925]
[3264441.0705135437, 3377844.909995886]
[3264743.6403060546, 3377681.143174407]
[3265107.060259472, 3377582.6011430197]
[3265806.6402165797, 3377153.2442678446]
[3266279.1182853235, 3377024.632648849]
[3267031.2726975, 3376886.254671248]
[3267296.997052443, 3376612.941240932]
[3268740.6661519157, 3376066.1143297195]
[3269879.595444103, 3375740.946301473]
[3270006.799243757, 3375621.8949644393]
[3270564.0697175288, 3375407.1175937094]
[3270836.096137967, 3375322.089325738]
[3271194.127441065, 3375183.045422534]
[3271267.01208544, 3375152.6407460794]
[3271591.4163383576, 3375062.0728205144]
[3271792.1990481312, 3374980.0849313177]
[3271966.743215725, 3374936.5379848597]
[3272412.438648984, 3374778.0543718524]
[3272824.7566758287, 3374698.2093877452]
[3273716.2394908564, 3374374.1047107507]
[3274842.0036129914, 3374060.036690663]
[3275043.6183577534, 3373993.522975374]
[3275331.7843062687, 3373899.920427099]
[3275631.071711119, 3373861.616956012]
[3275917.1968612582, 3373730.1015847665]
[3276124.6454092255, 3373684.33610825]
[3276493.519652701, 3373589.556076495]
[3276689.7635481954, 3373515.7779962993]
[3276772.273584286, 3373503.167983697]
[3277020.9080459173, 3373429.0029588207]
[3277424.1069846726, 3373326.455809246]
[3278175.6497093104, 3373137.904093188]
[3278469.8589085364, 3373066.2181173638]
[3279005.666269917, 3372920.533052996]
[3279683.744440673, 3372781.0625072303]
[3280151.1731273867, 3372649.7191994977]
[3280245.741208476, 3372645.2428654847]
[3280465.193495276, 3372604.546299575]
[3280689.758292437, 3372541.5495370203]
[3281214.038451867, 3372445.2493174993]
[3282770.6900320994, 3372093.049536992]
[3283383.8944747588, 3371990.9640114754]
[3283599.341773901, 3371968.7428635336]
[3284635.0785434092, 3371739.171632739]
[3284758.0531170536, 3371722.3433056115]
[3285473.325376172, 3371706.7716379287]
[3285480.3976112455, 3371583.0287552406]
[3285605.7800402506, 3371562.339130418]
[3285815.3453105725, 3371556.6987526543]
[3286043.416930273, 3371490.5427702195]
[3286057.6261806907, 3371488.8883660343]
[3286529.219213535, 3371418.79987994]
[3286619.2909674826, 3371396.947393597]
[3287562.3553766157, 3371248.305272898]
[3288303.413002419, 3371188.45008559]
[3288419.0476609175, 3371123.4090264244]
[3289048.596619825, 3371037.164135641]
[3289910.49467765, 3370923.6222082544]
[3290063.6521428027, 3370896.4359108354]
[3290245.4779767673, 3370876.5134350676]
[3290716.964753417, 3370819.0110391187]
[3290869.741176014, 3370800.2297033663]
[3292098.5928493477, 3370656.2858134224]
[3293242.63319908, 3370543.5184865417]
[3293286.7021308285, 3370526.889047346]
[3293339.2508697812, 3370523.557417207]
[3294427.7030784264, 3370420.0021421793]
[3294516.953501343, 3370407.6442130264]
[3295792.9349812143, 3370295.8914702637]
[3295849.0933216666, 3370291.244051909]
[3295903.1411893046, 3370285.5690573966]
[3295966.5643894677, 3370279.3898439403]
[3296094.362912201, 3370272.338726914]
[3296253.505226904, 3370259.6061338177]
[3298225.9716197294, 3370114.956654533]
[3298419.9990502745, 3370104.8966769613]
[3299556.6188231446, 3370037.2764805187]
[3300494.9480568976, 3369987.8545359652]
[3301038.071785792, 3369964.1460862057]
[3301361.030336252, 3369948.4104283853]
[3302854.0062596384, 3369891.521935635]
[3303703.3530473593, 3369869.033581784]
[3304530.4416780504, 3369845.0194288758]
[3305050.2987044496, 3369837.6784656537]
[3305333.3793950337, 3369827.2195637473]
[3306225.3856992424, 3369816.110677239]
[3307766.6694277776, 3369805.1413509264]
values
[3218876.5202905196, 3465806.3532080683]
[3218877.8929986213, 3465759.771878227]
[3218885.5046973526, 3464512.450844502]
[3218890.978473722, 3464365.274120988]
[3218893.6876393696, 3464363.2758058026]
[3218897.4612930194, 3464170.7889770246]
[3218897.89157513, 3464109.026471257]
[3218900.3015304394, 3464038.5487562134]
[3218902.028705569, 3463798.998088522]
[3218902.23718742, 3463649.0504772207]
[3218903.721346039, 3463550.0716915494]
[3218906.1514003957, 3463523.9237586316]
[3218910.693138826, 3463249.326112975]
[3218910.7299553934, 3463243.5781155806]
[3218915.0250176657, 3463179.473194415]
[3218915.8527665352, 3462775.049293017]
[3218929.3764827093, 3462730.5356039125]
[3218933.7117310525, 3462170.120103487]
[3218990.661554127, 3460192.955793566]
[3219005.864531227, 3459232.2595427763]
[3219037.499982084, 3458987.3082960797]
[3219082.096178849, 3457768.7936202185]
[3219092.457195001, 3457366.7982197087]
[3219103.5049969354, 3457183.983821015]
[3219118.4862642796, 3457041.829703865]
[3219124.860474448, 3456592.6845725644]
[3219133.9557134556, 3456507.5676420033]
[3219139.1283861445, 3456435.47049707]
[3219139.512264632, 3456268.5344951255]
[3219146.0519731743, 3456142.892126945]
[3219155.148111371, 3456091.5805629552]
[3219159.2380598667, 3455940.5237134965]
[3219161.2629738, 3455882.273806625]
[3219167.417526711, 3455707.6423690743]
[3219177.464997121, 3455579.7475444474]
[3219200.828155641, 3455377.1930969246]
[3219248.515037445, 3454437.814285614]
[3219291.9694744083, 3454141.2636028156]
[3219296.308987983, 3453948.4987514256]
[3219302.21261767, 3453604.7173382463]
[3219315.3108702754, 3453518.5923245316]
[3219335.8896804578, 3453370.3298620405]
[3219359.3234811593, 3452675.135698073]
[3219379.2274957835, 3452453.3465354615]
[3219392.5686546713, 3452256.99403688]
[3219429.8370260163, 3451861.5241043414]
[3219500.894436206, 3451276.7046504826]
[3219502.583026911, 3451034.914860886]
[3219524.2232697164, 3450912.9943693294]
[3219536.5925354934, 3450515.5826571533]
[3219560.245294958, 3450279.179036373]
[3219567.2010895927, 3450246.7669373234]
[3219601.2793413247, 3449829.9616389]
[3219613.4716826826, 3449784.0113120885]
[3219619.65034149, 3449493.9658607333]
[3219632.2345097996, 3449386.4218933904]
[3219657.6466079564, 3449149.093437876]
[3219672.170069764, 3449045.1501118876]
[3219698.2829158194, 3448700.805997836]
[3219737.4403102957, 3448329.7709824103]
[3219806.5508030774, 3447709.3726126933]
[3219821.820992938, 3447706.7594954534]
[3219822.4996635043, 3447486.6035669544]
[3219847.334388919, 3447249.0273665716]
[3219883.930988722, 3447221.2950199796]
[3219910.5782071524, 3447147.077571849]
[3219935.8796659573, 3446377.771518]
[3219986.5317351744, 3445939.697857972]
[3219994.791785331, 3445883.4911430418]
[3220040.4673125935, 3445496.6329663442]
[3220112.7528633685, 3445455.505919001]
[3220135.1242738888, 3444928.795099811]
[3220180.073288727, 3444747.8351924494]
[3220188.931664907, 3444284.994816596]
[3220241.802189367, 3444112.989541714]
[3220274.2002440216, 3443771.31519312]
[3220292.6887477734, 3443432.374186014]
[3220327.1326109013, 3443205.149025881]
[3220339.650667183, 3443136.920693077]
[3220355.5606894824, 3443011.3156834086]
[3220381.090169912, 3442830.986720594]
[3220382.289447678, 3442797.147758615]
[3220441.285569214, 3442403.8903038558]
[3220473.5291155023, 3442268.822015428]
[3220505.106430681, 3441972.1177230724]
[3220725.430423941, 3441427.792227065]
[3220736.1357797505, 3440340.3722404316]
[3220773.3206828255, 3440137.152978004]
[3220901.1387601825, 3439621.9670756226]
[3220909.4550459576, 3439301.186190479]
[3220986.418291832, 3439075.3556703087]
[3221001.6331871743, 3439033.5784215536]
[3221032.2905301386, 3438950.2703563063]
[3221055.862478477, 3438459.185372981]
[3221155.129097214, 3438212.090232447]
[3221186.0297839465, 3437926.7416752595]
[3221200.1129425294, 3437519.734257315]
[3221232.9154376974, 3437424.634955586]
[3221274.4445175612, 3437176.884562229]
[3221281.064814322, 3437124.6297207135]
[3221323.310582559, 3437111.61916174]
[3221467.3660398936, 3436168.72729743]
[3221540.832690795, 3435781.9669969804]
[3221615.325977066, 3435396.399894199]
[3221636.811846609, 3435374.0495314235]
[3221680.932602465, 3435300.1210459825]
[3221761.318114434, 3434565.5209299275]
[3221781.9985362776, 3434526.10127518]
[3221859.779004537, 3434144.379086448]
[3221912.0584878433, 3433963.86995793]
[3221914.538581114, 3433963.398045133]
[3221998.611947297, 3433535.0089547946]
[3222094.741566669, 3433098.5945427883]
[3222307.390909229, 3432964.4381710067]
[3222335.0988179855, 3432524.986632421]
[3222344.9895689506, 3431887.8044189983]
[3222356.895834257, 3431774.201891615]
[3222525.597126298, 3431216.051484514]
[3222557.9801580664, 3430963.0228540716]
[3222574.1027743216, 3430940.8590237005]
[3222692.358698511, 3430461.751689232]
[3222897.9268071097, 3430344.527658553]
[3222925.519961795, 3429492.6005852367]
[3223010.2157078125, 3429050.5077822367]
[3223145.5633507217, 3428694.916989196]
[3223171.8348381743, 3428495.158472456]
[3223209.152450572, 3428438.4359917524]
[3223260.878790297, 3428369.016080473]
[3223301.947965392, 3428013.7425873545]
[3223531.166963869, 3427207.5235978253]
[3223649.6359935654, 3427093.693917647]
[3223735.354067336, 3426424.6541678]
[3223870.4591713417, 3426299.172429916]
[3223902.394861276, 3426001.7409573942]
[3224020.9314057403, 3425856.763581903]
[3224095.442075663, 3425495.851135679]
[3224111.574915436, 3425176.6019204613]
[3224120.7760557802, 3425107.3221206265]
[3224150.0792772006, 3425072.988838217]
[3224164.9948335965, 3424977.7341968436]
[3224277.473549509, 3424581.168912232]
[3224383.2135173017, 3424231.88278829]
[3224385.6845033243, 3424182.401273504]
[3224403.6243964764, 3424136.688138416]
[3224412.605799021, 3424113.8436748465]
[3224442.6746107684, 3423999.9157315674]
[3224489.9737911676, 3423883.782501056]
[3224510.5882905684, 3423788.8528488767]
[3224770.2426251015, 3423608.302612553]
[3224951.1656055385, 3422746.2013080386]
[3225032.3742899727, 3422206.357684619]
[3225138.66994216, 3421868.4085970977]
[3225251.313386153, 3421455.102981546]
[3225449.305743371, 3420940.1798152076]
[3225601.403731702, 3420557.708270013]
[3225601.9821524303, 3420495.3637192613]
[3225786.9008142357, 3420071.647260885]
[3225812.928398447, 3419933.890817256]
[3225822.6599404193, 3419893.8814157546]
[3225839.3301956584, 3419846.2594453883]
[3225930.8580242507, 3419606.6875713933]
[3226002.713241892, 3419394.8139513107]
[3226056.302845314, 3419220.524810766]
[3226147.158761976, 3419036.595876531]
[3226317.377324558, 3418874.9606155474]
[3226339.897239704, 3418558.7613061722]
[3226475.7686708737, 3418556.432152382]
[3226691.8292364483, 3418332.476029654]
[3226718.672420256, 3417516.47238384]
[3226734.6275478825, 3417459.9063977483]
[3226890.68855114, 3417118.958274758]
[3227294.35009189, 3416910.786077428]
[3227328.028979942, 3416540.863488905]
[3227401.2022744995, 3416378.290468198]
[3227435.731746909, 3415725.2708021807]
[3227756.2175488747, 3414960.186016005]
[3227805.7204980506, 3414835.0309147304]
[3227819.1790752597, 3414792.7898441376]
[3227829.736644016, 3414776.1531951097]
[3228033.8587295813, 3414488.455511816]
[3228084.483385015, 3414398.0302632838]
[3228244.4927506982, 3414356.028711362]
[3228347.8858327153, 3414300.2989507993]
[3228435.845088709, 3413425.528896991]
[3228528.248877354, 3413217.430760641]
[3228861.066285118, 3413110.9773013005]
[3228901.5210553966, 3412936.082561139]
[3228914.513909045, 3412473.5093090376]
[3228926.9167493433, 3412359.426719917]
[3229024.0812694686, 3412227.5607648278]
[3229099.012991379, 3412092.5898406585]
[3229124.6603885335, 3411955.7595750936]
[3229171.622295793, 3411850.0543162036]
[3229272.504256219, 3411602.658842057]
[3229403.6741044675, 3411333.0561804366]
[3229566.46848301, 3411021.6948338468]
[3229730.9983412386, 3410847.721442303]
[3229783.0594155234, 3410676.8913239343]
[3229923.1692707934, 3410299.9720855486]
[3229929.949245369, 3410295.5545779574]
[3229937.8983485326, 3410247.1833607275]
[3230065.9122177237, 3410026.2642197437]
[3230519.340548971, 3409706.935711658]
[3230632.555051333, 3409436.5875838418]
[3230640.953011298, 3409435.314926483]
[3230763.692707974, 3409311.6322822124]
[3230819.8104851358, 3409242.0788269034]
[3230866.8043287434, 3408465.787666131]
[3230981.0275711464, 3408273.6578710247]
[3230986.99398668, 3408268.9932102263]
[3231068.230304522, 3408175.922183202]
[3231097.705299143, 3408056.4707963057]
[3231404.2009111745, 3407748.537593599]
[3231568.74374769, 3407376.238886852]
[3231772.5382294822, 3407306.096985495]
[3232000.8632859727, 3406956.9800964906]
[3232097.313657467, 3406282.630989593]
[3232123.333910095, 3406211.6174762393]
[3232290.2037459617, 3406198.1783051826]
[3232293.9878229704, 3405963.3784871567]
[3232420.826586433, 3405743.87524836]
[3232580.203206639, 3405463.9081286755]
[3232732.425443081, 3405221.4776842757]
[3233122.871605547, 3405058.2840114133]
[3233417.0495665753, 3404551.654969722]
[3233466.9992644344, 3404370.832232517]
[3233504.48623554, 3403863.861805409]
[3233832.160144623, 3403442.1723888386]
[3233912.1513288035, 3403352.0548151303]
[3234084.7480355348, 3403032.325768737]
[3234253.95797101, 3402991.380074356]
[3234301.2166768056, 3402980.432195103]
[3234365.081294562, 3402822.0570700625]
[3234539.2924642256, 3402385.5281944443]
[3234627.2773776497, 3402194.5443420536]
[3234734.850191133, 3402032.0301001174]
[3234845.412500677, 3401919.5432025786]
[3235003.692520653, 3401647.473388603]
[3235061.3889680835, 3401644.476506735]
[3235359.9276455366, 3401640.207842344]
[3235458.0838281056, 3401306.560342104]
[3235509.7364801527, 3400900.8487119046]
[3235598.7049320256, 3400858.2002049508]
[3235682.1705867713, 3400706.0221315254]
[3235838.257098676, 3400508.371835802]
[3235944.6191776386, 3400314.9750719815]
[3236353.9681835705, 3400066.0115449936]
[3236446.2466857666, 3399870.04124967]
[3236451.956210523, 3399694.570706907]
[3236633.5236817473, 3399636.107232079]
[3236678.836090283, 3399429.2675110325]
[3236813.85049453, 3399320.5817746725]
[3236978.62383864, 3399024.3188573387]
[3237043.839549356, 3398789.035265194]
[3237281.4526483878, 3398673.1391978147]
[3237334.429969138, 3398363.5181221534]
[3237559.8250755323, 3398068.550444962]
[3237620.869475524, 3398068.1155909104]
[3237946.0404107887, 3398045.414802306]
[3238143.187559287, 3397714.0857522725]
[3238194.5541755427, 3397619.470068514]
[3238228.706584754, 3397400.577595848]
[3238244.1078317873, 3397193.5755746295]
[3238436.8585954946, 3397112.843670109]
[3238604.3969669705, 3396959.047512452]
[3238648.2197671146, 3396948.932374186]
[3238776.572731921, 3396568.2887493833]
[3238832.8576368936, 3396506.4639801695]
[3239043.9579089084, 3396431.115048138]
[3239203.6020549783, 3396077.197102072]
[3239506.0614882405, 3395863.0588630135]
[3239525.4390629358, 3395752.885477224]
[3239598.898184158, 3395703.9374163565]
[3239792.6563509447, 3395475.934023502]
[3239856.683647049, 3395386.0579399522]
[3239962.1841561934, 3395382.0657389695]
[3239973.5246597966, 3395301.7175822216]
[3240067.8208287754, 3395169.2274059905]
[3240128.3194455337, 3394933.1877684756]
[3240468.913177022, 3394663.227878992]
[3240640.337444205, 3394444.560145575]
[3240887.115185955, 3394287.1273910906]
[3240967.6914277626, 3394224.8296988416]
[3240968.2253373023, 3394154.7503002468]
[3241451.9169172337, 3393613.4934509313]
[3241520.006532192, 3393529.154452879]
[3241594.9319834514, 3393450.630366211]
[3241790.1434912398, 3393144.2660572226]
[3241848.1161238584, 3393042.431057706]
[3241950.8494300833, 3393038.534241608]
[3241982.8532450153, 3392932.064080639]
[3242099.231818787, 3392778.9658214482]
[3242307.889845082, 3392597.880710974]
[3242482.9073505546, 3392508.7086969325]
[3242499.180792963, 3392498.1735225897]
[3242602.085603544, 3392458.3562523914]
[3242807.9195409287, 3392177.628279765]
[3242863.2905546324, 3392172.321667501]
[3242980.4069102737, 3391986.22943637]
[3243041.8121561343, 3391984.5567345405]
[3243140.472636072, 3391942.1836083503]
[3243435.054791816, 3391726.627126315]
[3243455.5037987656, 3391515.3983606454]
[3243610.6484967954, 3391495.870896412]
[3243634.491061375, 3391233.082101019]
[3243962.631860733, 3391011.837228358]
[3244090.6502552377, 3390865.214657993]
[3244145.267517289, 3390828.4386247667]
[3244157.1379871317, 3390731.092740624]
[3244333.9656406315, 3390572.028251766]
[3244461.1355246427, 3390533.524365978]
[3244481.143750027, 3390514.2731392705]
[3244492.0296149314, 3390503.2813022626]
[3244507.4325184263, 3390481.9446756113]
[3244528.2232490783, 3390462.5942685003]
[3244551.9961127224, 3390437.0624097288]
[3244575.92438381, 3390411.735606277]
[3244744.93221905, 3390365.1598637295]
[3244830.64245807, 3390172.1324629304]
[3244857.997438996, 3390056.5995194144]
[3245038.1545089465, 3389985.8185238806]
[3245068.0053086597, 3389947.753592236]
[3245212.4559279894, 3389872.10448019]
[3245331.0937750917, 3389713.2084571295]
[3245360.2006290406, 3389699.4310855293]
[3245422.7398667186, 3389633.8417469948]
[3245552.6974154934, 3389518.295200117]
[3245597.914474445, 3389501.314548284]
[3245708.436424017, 3389397.7851671693]
[3245724.2032899708, 3389351.4203601885]
[3245774.724899134, 3389279.627036541]
[3246006.2313675773, 3389095.7198051778]
[3246124.8392365803, 3388997.5426423694]
[3246239.126946363, 3388950.700019679]
[3246460.503251174, 3388661.615789286]
[3246480.374522444, 3388617.0670290897]
[3246603.8556414507, 3388597.8643293604]
[3246631.9553601397, 3388588.9678522446]
[3246902.995167149, 3388492.2014403576]
[3247033.8442491326, 3388318.976825912]
[3247180.4155978938, 3388244.2070525894]
[3247362.443591377, 3387927.784332586]
[3247476.450551113, 3387873.2991807587]
[3247685.4477985264, 3387608.491516117]
[3247767.2675028997, 3387582.9182590283]
[3247780.4335618126, 3387556.270779084]
[3247836.8357226104, 3387535.849946566]
[3247844.495816314, 3387519.5828078324]
[3247920.0875421125, 3387449.900480021]
[3247942.5778318103, 3387430.83572205]
[3247944.981937304, 3387363.5434111645]
[3248216.059518025, 3387265.8236312205]
[3248320.6759856557, 3387145.4599993997]
[3248429.9121871036, 3387055.983469365]
[3248585.3299076157, 3386942.5540379197]
[3248741.1766403955, 3386829.650625059]
[3248924.930595868, 3386621.26084938]
[3248937.0718314056, 3386587.824696164]
[3249309.707563904, 3386548.749973837]
[3249432.5933730444, 3386147.3196599423]
[3249616.7979078605, 3386106.5499823424]
[3249918.2158481632, 3385968.544123094]
[3249919.969657461, 3385888.767232735]
[3249936.04264856, 3385871.4436989888]
[3250201.1241600574, 3385630.274218564]
[3250236.105847654, 3385625.380416219]
[3250248.5577731407, 3385592.3191786]
[3250507.337366849, 3385347.057557811]
[3250662.762823275, 3385277.7258352884]
[3250796.679417414, 3385166.749856648]
[3250969.4791075373, 3385062.236123926]
[3251041.6553689414, 3384993.363925508]
[3251198.7598288544, 3384934.7393099037]
[3251362.312115726, 3384821.8323102714]
[3251426.977971715, 3384722.1963758864]
[3251468.0973998946, 3384701.882664135]
[3251785.787942412, 3384480.533318938]
[3252107.0378185916, 3384474.104941816]
[3252247.8143994864, 3384243.4369228357]
[3252404.2265579333, 3384035.960537288]
[3252587.109659946, 3383983.7210750896]
[3252712.090887732, 3383813.793577011]
[3253081.3871052056, 3383585.34927091]
[3253210.2427918413, 3383554.730911103]
[3253530.6376859695, 3383499.0047179437]
[3253611.627419259, 3383324.9949262203]
[3253650.7788767144, 3383296.8194921473]
[3253922.046138265, 3383098.521762187]
[3254111.0196326543, 3382898.515155767]
[3254368.365533168, 3382799.97896373]
[3254395.897497294, 3382780.493462998]
[3254548.534909501, 3382778.662634091]
[3254569.5860527116, 3382708.9067525524]
[3254687.203221508, 3382528.912155808]
[3254877.6573613766, 3382420.73657267]
[3254954.0247485912, 3382395.7795917434]
[3254995.814269444, 3382370.1558446945]
[3255065.0511473245, 3382316.5548548135]
[3255407.1239783657, 3382288.368479053]
[3255566.438588229, 3382138.6573865437]
[3255668.938128711, 3382087.540158672]
[3255692.4606606783, 3381940.868621877]
[3255914.6094512795, 3381931.272253992]
[3256220.0427633715, 3381923.800478333]
[3256284.6955983317, 3381662.062646729]
[3256309.549326896, 3381633.487945175]
[3256517.8551382106, 3381471.99142615]
[3256682.5114182695, 3381423.186701476]
[3256727.5812821407, 3381312.045848232]
[3257177.4816618813, 3381220.3725827974]
[3257304.6882401677, 3381206.984602383]
[3257312.195062999, 3381119.304553461]
[3257333.474204819, 3381091.7960154936]
[3257672.636170915, 3380778.6545996345]
[3258097.874842394, 3380608.8943288424]
[3258334.7352620964, 3380420.578885991]
[3258433.622048512, 3380351.8725982793]
[3258631.073271444, 3380259.2233564397]
[3258988.3359829714, 3380222.359732558]
[3259012.0864978693, 3380188.3356064176]
[3259148.832587172, 3380095.7319738884]
[3259381.196347936, 3380000.886648974]
[3259394.6740873894, 3379924.605586343]
[3259527.620660592, 3379796.1448391564]
[3259980.155102809, 3379569.057662306]
[3260183.122606748, 3379435.9945806987]
[3260435.5291433805, 3379344.9376165443]
[3260895.3983337977, 3379274.7700685067]
[3261007.023583125, 3379202.5777855446]
[3261087.969988327, 3379118.953058355]
[3261438.3355219425, 3378940.2428320283]
[3262046.890617604, 3378735.921980602]
[3262057.9360865057, 3378619.1413075454]
[3262166.64845001, 3378607.2137467074]
[3262224.6007472915, 3378564.516274854]
[3262259.8668660875, 3378530.117167342]
[3262285.4098684043, 3378478.115260611]
[3262363.5498810606, 3378438.6927459124]
[3262740.828279375, 3378426.678462006]
[3262937.767462969, 3378321.934389425]
[3263101.6220036484, 3378204.412961382]
[3263361.025632321, 3378056.720047113]
[3263628.169168325, 3377981.2638491234]
[3263787.126761698, 3377950.4780833297]
[3263898.0050415327, 3377909.928682737]
[3263901.2699931352, 3377859.9567187214]
[3264133.2143077957, 3377640.9267909103]
[3264340.883772725, 3377583.923824205]
[3264955.6998397345, 3377456.3574974067]
[3264963.8515700744, 3377388.6981471833]
[3265483.3356467593, 3377207.6624161256]
[3265781.9532633973, 3377038.3270319873]
[3265877.1739930767, 3377026.776199099]
[3266080.572694722, 3376971.852931426]
[3266285.3654605206, 3376815.871667785]
[3266542.743292596, 3376790.5307306363]
[3266559.198379674, 3376767.9800885464]
[3266861.5287856245, 3376656.4738290384]
[3266878.2846557694, 3376649.643085134]
[3267205.7222492932, 3376542.1888187286]
[3267344.8333396763, 3376469.2199065387]
[3267350.940350864, 3376441.576954469]
[3267777.8944068267, 3376340.797915788]
[3267833.853995452, 3376273.5512453187]
[3268098.357779837, 3376215.5562228262]
[3268268.5168504473, 3376142.5864051967]
[3268275.2136348826, 3376095.1734991083]
[3268512.7487158757, 3375944.03520625]
[3268700.060164677, 3375941.0972503084]
[3268832.1510035237, 3375894.145697719]
[3268844.8944125734, 3375889.194064037]
[3268853.218579346, 3375886.1784871942]
[3269101.4005763712, 3375798.969063929]
[3269118.325962861, 3375792.559849687]
[3269126.9518703716, 3375789.1599231525]
[3269807.292452412, 3375562.339615777]
[3269833.7098015337, 3375542.9814093984]
[3270307.254581068, 3375424.1700031557]
[3270564.0697175288, 3375407.1175937094]
[3270809.635028215, 3375218.9480351885]
[3270916.760902032, 3375190.187190552]
[3271013.737726784, 3375176.088733953]
[3271032.0454518544, 3375152.669923978]
[3271082.8022827143, 3375102.7475869968]
[3271095.7226124885, 3375098.0487234434]
[3271137.8767680926, 3375082.8499703696]
[3271401.217965182, 3374999.1310324455]
[3271662.1961032036, 3374915.046921125]
[3271878.5892625726, 3374843.9039904275]
[3272412.438648984, 3374778.0543718524]
[3272639.004196725, 3374612.167414185]
[3272692.0716806087, 3374608.80911788]
[3272892.2063184776, 3374511.1307475865]
[3273169.885106041, 3374429.3232907522]
[3273542.5081258453, 3374320.4257384976]
[3273807.1221391684, 3374243.5873499187]
[3274189.1335337735, 3374138.382828964]
[3274665.2135778666, 3374000.728702225]
[3274791.8736212635, 3373965.294505556]
[3275269.413938488, 3373812.3749058265]
[3275282.725077159, 3373808.239332041]
[3275512.708338479, 3373791.357476172]
[3275515.9401370916, 3373749.74010518]
[3275531.469220512, 3373744.129308508]
[3275536.9909428377, 3373742.7628118726]
[3275550.307606848, 3373738.634068397]
[3275558.1284954646, 3373735.910782665]
[3275579.3527995734, 3373729.1840258893]
[3275830.3253401723, 3373673.5329874395]
[3275911.6781794103, 3373640.6788870064]
[3276271.27116837, 3373552.050491512]
[3276455.616114286, 3373501.203270041]
[3277020.9080459173, 3373429.0029588207]
[3277424.1069846726, 3373326.455809246]
[3277664.1943270625, 3373183.5102476836]
[3277679.399948213, 3373178.0547812297]
[3277698.745301223, 3373172.976340521]
[3277701.570743203, 3373171.6035145647]
[3277706.4044020735, 3373170.330684186]
[3277709.2802567994, 3373169.0272667725]
[3277727.6394338054, 3373163.9287234144]
[3277748.961134521, 3373157.651987625]
[3277852.1690917993, 3373153.340093582]
[3278175.6497093104, 3373137.904093188]
[3278227.750225295, 3373067.8141017715]
[3278333.6103660697, 3373021.739506599]
[3278483.6478087436, 3372994.370089376]
[3278604.5603673365, 3372964.7873488804]
[3278780.1341054817, 3372916.054770852]
[3278911.1682421924, 3372885.5279316157]
[3278934.6338365925, 3372879.2633987237]
[3278944.22987307, 3372879.047022824]
[3279663.0427078106, 3372710.703583447]
[3279759.792040827, 3372679.3787098574]
[3279893.718651481, 3372651.338210985]
[3279922.464243914, 3372642.6964452355]
[3279943.7980281096, 3372636.746451633]
[3280027.8097937214, 3372623.456941628]
[3280236.8607729003, 3372622.113203214]
[3280282.1230003634, 3372618.850026205]
[3280401.770451624, 3372591.570055908]
[3280448.5993321054, 3372590.490326889]
[3280546.228753741, 3372509.946267432]
[3280649.4777496983, 3372497.2874495485]
[3280819.63141859, 3372457.0694558676]
[3281049.081579074, 3372408.8996373075]
[3281517.366357805, 3372305.9212087113]
[3281963.6293882355, 3372208.5589130684]
[3282005.8745704885, 3372196.630316042]
[3282149.9434533077, 3372168.8219437823]
[3282185.1660627127, 3372159.8753811177]
[3282317.1465502046, 3372144.992721862]
[3282770.6900320994, 3372093.049536992]
[3282845.4452227145, 3372034.783528016]
[3282893.7723793346, 3372025.442526098]
[3283131.124790826, 3371981.735415401]
[3283599.341773901, 3371968.7428635336]
[3284273.372662816, 3371764.847263796]
[3284308.6135565992, 3371756.215154109]
[3284326.286465044, 3371751.976246338]
[3284480.410636378, 3371724.8960022503]
[3284494.5061965003, 3371721.889856969]
[3284683.61259724, 3371696.2188843586]
[3284796.6072115833, 3371681.570594489]
[3284839.085540961, 3371666.48210252]
[3285046.876299598, 3371629.599934495]
[3285211.7450261535, 3371607.6563678505]
[3285337.184695384, 3371581.7264230885]
[3285605.7800402506, 3371562.339130418]
[3285815.3453105725, 3371556.6987526543]
[3286043.416930273, 3371490.5427702195]
[3286057.6261806907, 3371488.8883660343]
[3286529.219213535, 3371418.79987994]
[3286619.2909674826, 3371396.947393597]
[3286629.66483806, 3371366.1788299764]
[3286807.4667803175, 3371338.305971969]
[3286821.904279662, 3371334.2213770086]
[3286850.4831146807, 3371328.768591721]
[3287078.795392538, 3371297.8783051576]
[3287164.1098252106, 3371283.9476015284]
[3287174.7841054397, 3371282.215655391]
[3287319.757473017, 3371264.7586607654]
[3287562.3553766157, 3371248.305272898]
[3287585.6101862066, 3371222.1092503276]
[3288303.413002419, 3371188.45008559]
[3288419.0476609175, 3371123.4090264244]
[3289048.596619825, 3371037.164135641]
[3289079.3227767437, 3371004.013437051]
[3289145.31251988, 3370999.3226861665]
[3289202.516066612, 3370989.742577508]
[3289253.098912988, 3370980.5456942352]
[3289427.41560288, 3370959.6736784102]
[3289524.2020278824, 3370950.715772884]
[3289576.8270755685, 3370940.411652254]
[3289810.1497978927, 3370932.4005369633]
[3289910.49467765, 3370923.6222082544]
[3290031.9719827664, 3370901.1280269576]
[3290063.6521428027, 3370896.4359108354]
[3290245.4779767673, 3370876.5134350676]
[3290341.9333938407, 3370863.7590288385]
[3290385.171280873, 3370856.3638692573]
[3290394.129122645, 3370838.721277643]
[3290684.98724763, 3370820.7651223275]
[3290716.964753417, 3370819.0110391187]
[3290745.4634884056, 3370812.365688008]
[3290869.741176014, 3370800.2297033663]
[3291079.6635961235, 3370754.8579242225]
[3291525.80250832, 3370697.4088498326]
[3291643.647825119, 3370685.9181397185]
[3291665.935139209, 3370683.2258851742]
[3291702.3607179536, 3370677.259499849]
[3291989.1281086053, 3370649.198646341]
[3292057.333488282, 3370640.1421683133]
[3292209.5656770384, 3370624.161897465]
[3292550.8156363415, 3370604.171165543]
[3292724.1330905408, 3370585.5670196638]
[3292918.1770316716, 3370564.966518991]
[3293242.63319908, 3370543.5184865417]
[3293286.7021308285, 3370526.889047346]
[3293339.2508697812, 3370523.557417207]
[3294000.660993104, 3370438.519507616]
[3294018.9385632714, 3370435.776271137]
[3294052.125862917, 3370434.6392537714]
[3294176.41535285, 3370422.2684668554]
[3294198.2818214977, 3370418.9512530332]
[3294276.2552915816, 3370412.9897727203]
[3294378.0589410593, 3370402.7445563474]
[3294442.88228908, 3370399.774240675]
[3294739.9161540004, 3370372.8594533484]
[3294894.971645763, 3370360.1662704963]
[3295127.2401150414, 3370352.6317336466]
[3295411.389005731, 3370325.8685347564]
[3295546.180981677, 3370315.3505209573]
[3295601.9106352194, 3370312.7403453984]
[3295792.9349812143, 3370295.8914702637]
[3295831.4536392754, 3370289.6149433143]
[3295903.1411893046, 3370285.5690573966]
[3295966.5643894677, 3370279.3898439403]
[3296094.362912201, 3370272.338726914]
[3296253.505226904, 3370259.6061338177]
[3296549.5311325653, 3370220.3353085266]
[3296710.717653947, 3370208.8221478933]
[3296722.346764587, 3370207.8677038336]
[3296740.882400919, 3370205.66368696]
[3296774.4443181003, 3370205.549938956]
[3296901.316294598, 3370195.3916633367]
[3296923.4480653405, 3370192.7873803475]
[3297106.4478171356, 3370180.529880253]
[3297172.2924047774, 3370179.2518532597]
[3297317.564378608, 3370167.6296786643]
[3297475.195063521, 3370157.8864612924]
[3298225.9716197294, 3370114.956654533]
[3298419.9990502745, 3370104.8966769613]
[3299017.9663298475, 3370056.9214901403]
[3299326.777170599, 3370037.9672148773]
[3299556.6188231446, 3370037.2764805187]
[3299685.9505256983, 3370020.1068917913]
[3299701.339705954, 3370018.9770274707]
[3299716.7357928306, 3370017.857620466]
[3300456.0289747007, 3369990.185433566]
[3300494.9480568976, 3369987.8545359652]
[3300521.7764722193, 3369985.6579204514]
[3301038.071785792, 3369964.1460862057]
[3301361.030336252, 3369948.4104283853]
[3301966.2378027663, 3369914.320161072]
[3302138.8547893735, 3369909.0379292914]
[3302342.9799621343, 3369902.53755747]
[3302854.0062596384, 3369891.521935635]
[3303603.4088744777, 3369864.143643668]
[3304530.4416780504, 3369845.0194288758]
[3304972.507250633, 3369835.910198248]
[3305054.112573394, 3369830.4239305784]
[3305290.8753861715, 3369829.8328215308]
[3305333.3793950337, 3369827.2195637473]
[3306225.3856992424, 3369816.110677239]
[3307766.6694277776, 3369805.1413509264]
values
[3218876.5202905196, 3465806.3532080683]
[3218877.8929986213, 3465759.771878227]
[3218885.5046973526, 3464512.450844502]
[3218890.978473722, 3464365.274120988]
[3218893.6876393696, 3464363.2758058026]
[3218897.4612930194, 3464170.7889770246]
[3218897.89157513, 3464109.026471257]
[3218900.3015304394, 3464038.5487562134]
[3218902.028705569, 3463798.998088522]
[3218902.23718742, 3463649.0504772207]
[3218903.721346039, 3463550.0716915494]
[3218906.1514003957, 3463523.9237586316]
[3218910.693138826, 3463249.326112975]
[3218910.7299553934, 3463243.5781155806]
[3218915.0250176657, 3463179.473194415]
[3218915.8527665352, 3462775.049293017]
[3218929.3764827093, 3462730.5356039125]
[3218933.7117310525, 3462170.120103487]
[3218990.661554127, 3460192.955793566]
[3219005.864531227, 3459232.2595427763]
[3219009.805717559, 3459144.9623340084]
[3219011.9812926357, 3459097.762662512]
[3219037.499982084, 3458987.3082960797]
[3219082.096178849, 3457768.7936202185]
[3219092.457195001, 3457366.7982197087]
[3219103.5049969354, 3457183.983821015]
[3219118.4862642796, 3457041.829703865]
[3219124.860474448, 3456592.6845725644]
[3219133.9557134556, 3456507.5676420033]
[3219139.1283861445, 3456435.47049707]
[3219139.512264632, 3456268.5344951255]
[3219146.0519731743, 3456142.892126945]
[3219152.9183262996, 3455949.7459470653]
[3219154.0581770353, 3455932.5407234295]
[3219156.648819029, 3455892.8027824443]
[3219160.88411406, 3455828.80145826]
[3219163.219857066, 3455793.1763173146]
[3219166.0152708017, 3455750.3860185733]
[3219167.417526711, 3455707.6423690743]
[3219169.9960981533, 3455693.9946985175]
[3219177.464997121, 3455579.7475444474]
[3219200.828155641, 3455377.1930969246]
[3219248.515037445, 3454437.814285614]
[3219291.9694744083, 3454141.2636028156]
[3219296.308987983, 3453948.4987514256]
[3219302.21261767, 3453604.7173382463]
[3219315.3108702754, 3453518.5923245316]
[3219335.8896804578, 3453370.3298620405]
[3219343.7853960604, 3452856.5007971996]
[3219347.349556643, 3452814.6240847996]
[3219349.732847347, 3452786.714019174]
[3219350.9368291604, 3452772.786129351]
[3219352.1218850673, 3452758.810147676]
[3219353.5927803554, 3452741.970837071]
[3219354.3398061623, 3452733.644107775]
[3219359.3234811593, 3452675.135698073]
[3219362.3960630824, 3452640.424889045]
[3219365.4056480336, 3452605.5493870955]
[3219369.1719934507, 3452564.056298809]
[3219379.003993236, 3452452.8113666875]
[3219392.5686546713, 3452256.99403688]
[3219429.8370260163, 3451861.5241043414]
[3219500.894436206, 3451276.7046504826]
[3219502.583026911, 3451034.914860886]
[3219524.2232697164, 3450912.9943693294]
[3219536.5925354934, 3450515.5826571533]
[3219560.245294958, 3450279.179036373]
[3219567.2010895927, 3450246.7669373234]
[3219597.6025039777, 3449698.6802779604]
[3219599.0512953745, 3449684.9977592677]
[3219601.0350131, 3449666.69004172]
[3219604.9079551585, 3449630.3862368464]
[3219609.3630631217, 3449589.54727656]
[3219611.5896399166, 3449569.120189611]
[3219613.7361175334, 3449548.5154232024]
[3219615.2602162715, 3449534.9793022713]
[3219619.65034149, 3449493.9658607333]
[3219631.8052458465, 3449385.496240611]
[3219657.6466079564, 3449149.093437876]
[3219672.170069764, 3449045.1501118876]
[3219698.2829158194, 3448700.805997836]
[3219737.4403102957, 3448329.7709824103]
[3219806.5508030774, 3447709.3726126933]
[3219821.820992938, 3447706.7594954534]
[3219822.4996635043, 3447486.6035669544]
[3219847.334388919, 3447249.0273665716]
[3219883.930988722, 3447221.2950199796]
[3219900.732016079, 3446647.259060943]
[3219900.99351707, 3446644.6289881268]
[3219904.456214672, 3446617.915357379]
[3219912.342521655, 3446557.979829201]
[3219914.8788642474, 3446537.8116436996]
[3219935.8796659573, 3446377.771518]
[3219986.5317351744, 3445939.697857972]
[3219994.791785331, 3445883.4911430418]
[3220040.4673125935, 3445496.6329663442]
[3220112.7528633685, 3445455.505919001]
[3220135.1242738888, 3444928.795099811]
[3220180.073288727, 3444747.8351924494]
[3220188.931664907, 3444284.994816596]
[3220241.802189367, 3444112.989541714]
[3220250.078054255, 3443702.1197688533]
[3220251.3166925837, 3443694.331788306]
[3220258.7344643488, 3443645.2138555455]
[3220259.644729424, 3443639.5651247003]
[3220261.6318099666, 3443626.4805622743]
[3220263.620304329, 3443613.3975270665]
[3220264.7055467386, 3443607.023132771]
[3220269.700025303, 3443574.352080354]
[3220275.9141799994, 3443535.5434225663]
[3220292.0649956777, 3443431.2325704987]
[3220299.9301837725, 3443378.6670703674]
[3220303.9933765717, 3443352.6168827424]
[3220308.717227438, 3443327.767634409]
[3220327.1326109013, 3443205.149025881]
[3220339.650667183, 3443136.920693077]
[3220355.5606894824, 3443011.3156834086]
[3220381.090169912, 3442830.986720594]
[3220382.289447678, 3442797.147758615]
[3220441.285569214, 3442403.8903038558]
[3220473.5291155023, 3442268.822015428]
[3220505.106430681, 3441972.1177230724]
[3220665.1519429814, 3440735.265809618]
[3220665.6490040454, 3440732.605999319]
[3220667.4374265336, 3440722.53371858]
[3220672.0127743655, 3440697.0742473705]
[3220681.1809924557, 3440646.174148199]
[3220686.8391624712, 3440614.2303978074]
[3220694.7417978877, 3440569.467524497]
[3220699.5875145905, 3440544.4493210274]
[3220717.68105941, 3440442.1304538716]
[3220722.6479101493, 3440417.299431303]
[3220736.1357797496, 3440340.3722404316]
[3220773.3206828255, 3440137.152978004]
[3220901.1387601825, 3439621.9670756226]
[3220909.4550459576, 3439301.186190479]
[3220986.418291832, 3439075.3556703087]
[3221001.6331871743, 3439033.5784215536]
[3221032.2905301386, 3438950.2703563063]
[3221055.862478477, 3438459.185372981]
[3221125.753388585, 3437876.6984761176]
[3221126.080661993, 3437875.027626429]
[3221127.326191991, 3437869.2772346097]
[3221128.9941522437, 3437860.585213305]
[3221144.338965515, 3437785.990899731]
[3221148.279789824, 3437767.5072853155]
[3221150.6270832634, 3437754.7306866325]
[3221173.987122336, 3437643.322752425]
[3221178.7460353896, 3437617.859284038]
[3221189.317862098, 3437568.6237861277]
[3221194.761775217, 3437544.255468998]
[3221199.7156475075, 3437519.0948487115]
[3221221.58054772, 3437421.716374426]
[3221274.4445175612, 3437176.884562229]
[3221281.064814322, 3437124.6297207135]
[3221323.310582559, 3437111.61916174]
[3221467.3660398936, 3436168.72729743]
[3221540.832690795, 3435781.9669969804]
[3221615.325977066, 3435396.399894199]
[3221636.811846609, 3435374.0495314235]
[3221641.7751341676, 3435067.4490979733]
[3221642.4995824136, 3435064.185854011]
[3221643.947192109, 3435057.7860463834]
[3221645.2538295304, 3435052.9720529355]
[3221664.0759614194, 3434971.6930621876]
[3221674.60948215, 3434927.100970024]
[3221682.962403942, 3434890.4832797456]
[3221686.010469426, 3434878.680683775]
[3221697.0525317425, 3434829.699668613]
[3221702.8838905036, 3434805.68081992]
[3221714.565067566, 3434757.6627806593]
[3221760.447283497, 3434564.1942330915]
[3221781.9985362776, 3434526.10127518]
[3221859.779004537, 3434144.379086448]
[3221912.0584878433, 3433963.86995793]
[3221914.538581114, 3433963.398045133]
[3221998.611947297, 3433535.0089547946]
[3222094.741566669, 3433098.5945427883]
[3222210.3238397148, 3432322.633622823]
[3222213.4425541926, 3432310.831308729]
[3222249.542725748, 3432174.127221594]
[3222253.913327894, 3432155.9622052507]
[3222258.5469738557, 3432138.181347655]
[3222277.5924303317, 3432067.792592201]
[3222280.4598248103, 3432055.6104596867]
[3222286.764969126, 3432032.0784290256]
[3222305.6284755804, 3431961.3927276083]
[3222330.3930566413, 3431866.55020163]
[3222355.953568361, 3431772.831726268]
[3222525.597126298, 3431216.051484514]
[3222557.9801580664, 3430963.0228540716]
[3222574.1027743216, 3430940.8590237005]
[3222692.358698511, 3430461.751689232]
[3222829.7989361063, 3429647.1297863782]
[3222833.420238292, 3429634.8720947076]
[3222835.1485486114, 3429628.658864496]
[3222839.803882965, 3429612.83333753]
[3222849.1229108903, 3429581.1912393845]
[3222867.7944168653, 3429517.9428651226]
[3222877.853781792, 3429483.2617319664]
[3222925.4985031392, 3429322.343554258]
[3222935.3729633596, 3429287.3795499173]
[3222980.382251432, 3429138.9267865666]
[3223007.680179599, 3429046.971857914]
[3223145.5633507217, 3428694.916989196]
[3223171.8348381743, 3428495.158472456]
[3223209.152450572, 3428438.4359917524]
[3223260.878790297, 3428369.016080473]
[3223301.947965392, 3428013.7425873545]
[3223504.1511953007, 3427025.63153795]
[3223504.4509130633, 3427024.9642889895]
[3223506.7334428704, 3427018.4594726297]
[3223556.0736005045, 3426866.0437142435]
[3223577.8125303257, 3426798.4721156764]
[3223579.545279323, 3426792.734016744]
[3223607.2526838845, 3426708.969303463]
[3223636.9371434385, 3426619.770267194]
[3223640.0974810077, 3426607.8771710633]
[3223669.5575819784, 3426518.348183731]
[3223685.0816773, 3426474.6422812026]
[3223715.2589645614, 3426386.038530746]
[3223870.4591713417, 3426299.172429916]
[3223902.394861276, 3426001.7409573942]
[3224020.9314057403, 3425856.763581903]
[3224095.442075663, 3425495.851135679]
[3224111.574915436, 3425176.6019204613]
[3224120.7760557802, 3425107.3221206265]
[3224150.0792772006, 3425072.988838217]
[3224164.9948335965, 3424977.7341968436]
[3224230.533171551, 3424468.332480592]
[3224233.333075072, 3424460.5860508764]
[3224236.235977156, 3424452.598059784]
[3224244.7278316184, 3424428.6312402575]
[3224288.08973448, 3424307.759209367]
[3224342.2700601267, 3424157.875388027]
[3224373.399039486, 3424070.1278735506]
[3224397.4348936677, 3424005.2012524]
[3224405.745317324, 3423983.94463192]
[3224413.632037397, 3423962.1352716056]
[3224421.95510632, 3423940.8920642817]
[3224446.099625651, 3423876.0814130395]
[3224449.7328340816, 3423864.7706521996]
[3224461.937315688, 3423832.5315894694]
[3224478.66494933, 3423790.131685433]
[3224485.591967094, 3423767.0652438896]
[3224770.2426251015, 3423608.302612553]
[3224951.1656055385, 3422746.2013080386]
[3224957.7793750055, 3422124.336749441]
[3225009.0461635017, 3421973.3790612593]
[3225016.594525342, 3421953.7877055802]
[3225025.2517206725, 3421931.8976173652]
[3225040.527703636, 3421893.4975881665]
[3225063.708542374, 3421835.2325532367]
[3225079.3682983513, 3421795.3173348727]
[3225120.6216355665, 3421671.112640885]
[3225123.743605937, 3421663.3666758253]
[3225165.662036811, 3421577.9147029743]
[3225179.5096730487, 3421522.873802137]
[3225201.726665952, 3421519.9475022014]
[3225208.0904474594, 3421472.244171548]
[3225251.313386153, 3421455.102981546]
[3225262.2262733537, 3421341.503030615]
[3225268.8702943916, 3421329.976944996]
[3225278.5511291134, 3421298.399376435]
[3225295.970186305, 3421256.668711438]
[3225313.5673206747, 3421215.157221072]
[3225449.305743371, 3420940.1798152076]
[3225601.403731702, 3420557.708270013]
[3225601.9821524303, 3420495.3637192613]
[3225756.609874789, 3419841.5665193773]
[3225874.397386329, 3419460.2920608236]
[3225900.728215982, 3419399.286657008]
[3225916.34366317, 3419363.1463230057]
[3225947.7766161244, 3419291.1057458133]
[3225990.3674991867, 3419193.234855568]
[3225997.044433159, 3419177.720870435]
[3226041.2790669366, 3419137.1803347874]
[3226064.1090686065, 3419022.917087048]
[3226075.729591026, 3418997.6546809943]
[3226082.658312053, 3418982.443078151]
[3226086.997660755, 3418971.959014592]
[3226102.7156771575, 3418951.713869948]
[3226110.656582447, 3418937.7399322703]
[3226317.377324558, 3418874.9606155474]
[3226339.897239704, 3418558.7613061722]
[3226475.7686708737, 3418556.432152382]
[3226691.8292364483, 3418332.476029654]
[3226718.672420256, 3417516.47238384]
[3226734.6275478825, 3417459.9063977483]
[3226757.527777742, 3417129.784996742]
[3226761.0630370993, 3417087.9064156874]
[3226807.288096349, 3417024.6030648286]
[3226816.7001243494, 3416969.8688345654]
[3226847.0094998633, 3416906.114213574]
[3226860.131327974, 3416878.666452454]
[3226872.6462608003, 3416852.4525536336]
[3226922.415320617, 3416830.672314593]
[3226942.8505286183, 3416763.8304815693]
[3226965.7284839964, 3416657.819400751]
[3226976.67357899, 3416631.682039941]
[3226999.63951646, 3416598.6022292273]
[3227006.543309105, 3416583.320352842]
[3227010.687489577, 3416562.5110786334]
[3227020.85624917, 3416543.2834353913]
[3227048.43426, 3416493.862702537]
[3227053.338625256, 3416484.0327047026]
[3227060.4638061025, 3416373.8047317266]
[3227119.8284486705, 3416347.7248677453]
[3227135.580377042, 3416241.89643498]
[3227398.2756488826, 3415577.3115547267]
[3227589.217034801, 3415213.827515035]
[3227756.2175488747, 3414960.186016005]
[3227805.7204980506, 3414835.0309147304]
[3227819.1790752597, 3414792.7898441376]
[3227829.736644016, 3414776.1531951097]
[3227835.525672565, 3414629.267579949]
[3227951.3194614714, 3414337.666501936]
[3227970.797620647, 3414277.9306886257]
[3227980.474869943, 3414179.2555830367]
[3228210.46461536, 3413724.5360289593]
[3228337.4675508067, 3413404.1652677977]
[3228528.248877354, 3413217.430760641]
[3228580.632244913, 3412803.602170493]
[3228914.513909045, 3412473.5093090376]
[3228926.9167493433, 3412359.426719917]
[3228936.3944067955, 3412078.5422894913]
[3228972.749616859, 3412044.566654303]
[3228979.939667955, 3412017.574035234]
[3229007.014157324, 3412001.9799028668]
[3229028.365295117, 3411928.5543324235]
[3229043.572575214, 3411900.548676349]
[3229104.3982505384, 3411721.1974914754]
[3229272.504256219, 3411602.658842057]
[3229276.999190969, 3411356.434290361]
[3229403.6741044675, 3411333.0561804366]
[3229483.28925204, 3410970.56406695]
[3229730.9983412386, 3410847.721442303]
[3229748.3799655195, 3410514.843525678]
[3229751.0870533395, 3410504.24417981]
[3229783.3673678613, 3410438.021638497]
[3229828.0263957307, 3410351.8884432158]
[3229865.231338835, 3410264.0508429674]
[3229937.8983485326, 3410247.1833607275]
[3230003.973516598, 3410030.1900573284]
[3230018.226417413, 3409948.0344072594]
[3230046.8109110803, 3409886.940996063]
[3230128.189786014, 3409648.1589555987]
[3230632.555051333, 3409436.5875838418]
[3230640.953011298, 3409435.314926483]
[3230763.692707974, 3409311.6322822124]
[3230797.743687496, 3408427.9460183894]
[3230855.122498827, 3408355.318883563]
[3230857.377149494, 3408314.8800732447]
[3230887.0951878848, 3408255.0046097613]
[3230988.4765591784, 3408165.149616377]
[3230996.4535735054, 3408097.3386725592]
[3231097.705299143, 3408056.4707963057]
[3231115.400191856, 3407782.9795679026]
[3231178.2556442358, 3407753.2100460655]
[3231199.501107567, 3407677.4723228933]
[3231221.5037712343, 3407642.7349128583]
[3231251.6967795645, 3407583.37170743]
[3231299.0131757236, 3407520.9141009687]
[3231433.1061453843, 3407245.7632436]
[3231530.3291473924, 3407069.10589143]
[3231617.7654441637, 3406923.7602743027]
[3231885.199484299, 3406472.1053001955]
[3231901.9939396386, 3406434.8495420357]
[3232006.6885801256, 3406303.498205108]
[3232076.7585133687, 3406180.1164352456]
[3232096.360536272, 3406139.0013913615]
[3232217.3797198236, 3405947.2010442126]
[3232294.535059613, 3405802.9612485827]
[3232321.16232422, 3405671.5752939726]
[3232580.203206639, 3405463.9081286755]
[3232719.1294514285, 3405278.152689822]
[3232732.425443081, 3405221.4776842757]
[3232929.5148813897, 3404641.7822962385]
[3233012.659932517, 3404512.491739993]
[3233042.6004373776, 3404441.793197429]
[3233238.586465861, 3404132.787911243]
[3233285.088999463, 3404095.046218297]
[3233334.5190074015, 3404086.836900835]
[3233382.002186564, 3403870.2667144444]
[3233503.394721178, 3403743.5875412202]
[3233533.1687489427, 3403706.9096484715]
[3233534.3793710964, 3403655.858076183]
[3233550.921654691, 3403627.729530315]
[3233689.3462401517, 3403449.0919759446]
[3233782.0809166455, 3403234.4246612634]
[3233949.9455990633, 3403026.521979815]
[3234128.76699774, 3402780.847170866]
[3234481.5351878246, 3402117.024044328]
[3234627.148822384, 3402099.638585693]
[3234668.1017439915, 3402049.580045723]
[3234727.030541765, 3401984.789924991]
[3234806.003854754, 3401773.569696783]
[3235003.692520653, 3401647.473388603]
[3235009.9414173155, 3401401.2718347646]
[3235458.0838281056, 3401306.560342104]
[3235465.1591027486, 3400796.9769140948]
[3235682.1705867713, 3400706.0221315254]
[3235748.4260714217, 3400430.806266071]
[3235766.654145065, 3400193.862739832]
[3235915.3684581877, 3400051.6084281513]
[3235995.16772199, 3399897.900034896]
[3236130.9501999663, 3399825.4103762177]
[3236314.86590045, 3399449.2284387983]
[3236334.4766957783, 3399394.465214426]
[3236574.695495576, 3399231.6339008147]
[3236830.6994681223, 3398799.226644207]
[3237041.3234094465, 3398560.9816457047]
[3237102.1320235347, 3398330.9426329294]
[3237249.446193523, 3398317.494662769]
[3237470.5581318024, 3398160.9668061985]
[3237559.8250755323, 3398068.550444962]
[3237597.9324127138, 3397969.730682756]
[3237654.0197047847, 3397645.036512551]
[3237822.1429976323, 3397621.604344887]
[3237999.834834813, 3397276.175322272]
[3238101.1045483667, 3397194.156991407]
[3238244.1078317873, 3397193.5755746295]
[3238290.0970326355, 3396951.427508707]
[3238328.395179448, 3396733.2864166657]
[3238390.227506614, 3396694.670506316]
[3238548.7311361562, 3396603.848526031]
[3238672.908897796, 3396341.165064699]
[3238951.2671203697, 3396225.4940466033]
[3239005.344881244, 3396144.6178830047]
[3239203.6020549783, 3396077.197102072]
[3239293.9497820386, 3395849.349903375]
[3239324.5993962074, 3395652.2274418664]
[3239429.3394655385, 3395574.000895312]
[3239528.1172397, 3395513.5995200714]
[3239792.6563509447, 3395475.934023502]
[3239813.92936558, 3395106.3547912594]
[3240109.715710571, 3394919.013045777]
[3240320.377400984, 3394619.2430506623]
[3240408.290740157, 3394492.4178212876]
[3240430.8764191377, 3394259.2217821646]
[3240967.6914277626, 3394224.8296988416]
[3240968.2253373023, 3394154.7503002468]
[3241298.2363098925, 3393537.3395724273]
[3241362.3811055534, 3393469.487201852]
[3241392.448810286, 3393448.0278158644]
[3241473.990125528, 3393440.743966278]
[3241488.8882221826, 3393178.5147559103]
[3241667.4176065563, 3393107.041303223]
[3241724.3265838465, 3393069.2083808747]
[3241725.0049686604, 3392969.4241760797]
[3241806.041073407, 3392737.652335642]
[3242257.768769797, 3392392.360151723]
[3242555.2921361644, 3392025.907747687]
[3242877.8257509046, 3391738.2241150117]
[3243435.054791816, 3391726.627126315]
[3243444.642614583, 3391070.615998623]
[3243566.364672691, 3391043.061536731]
[3243742.056693471, 3390841.2282432104]
[3244065.028361045, 3390688.101470266]
[3244081.730115247, 3390472.465725126]
[3244219.4117479944, 3390389.6246278626]
[3244476.363719163, 3390146.68722622]
[3244598.7619453585, 3390085.326503689]
[3244690.3370915493, 3390073.7846693145]
[3244726.735441336, 3389884.1357062287]
[3244863.8891307837, 3389746.0241955067]
[3245091.757659273, 3389687.077530279]
[3245320.5338206943, 3389406.2333515533]
[3245359.4372836277, 3389352.639137023]
[3245437.6532350965, 3389271.3013160145]
[3245576.8832811834, 3389255.5817069304]
[3245652.5068052043, 3389152.717039938]
[3245870.3349807425, 3389088.9485960263]
[3246124.8392365803, 3388997.5426423694]
[3246221.805631788, 3388874.692939076]
[3246460.503251174, 3388661.615789286]
[3246463.650138446, 3388336.1019363594]
[3247030.3029579213, 3387858.786128925]
[3247326.988658004, 3387828.0469540656]
[3247394.744337013, 3387673.349880345]
[3247659.5074613774, 3387633.737684595]
[3247685.4477985264, 3387608.491516117]
[3247767.2675028997, 3387582.9182590283]
[3247780.4335618126, 3387556.270779084]
[3247789.8825235725, 3387385.983073879]
[3247900.534728382, 3387266.5640376317]
[3247914.1110859965, 3387162.9602899104]
[3248017.6559154512, 3387026.331797588]
[3248180.987327744, 3387019.163033057]
[3248326.0629486497, 3386909.3268352556]
[3248485.411534549, 3386714.272160085]
[3248766.6755757993, 3386448.170544239]
[3249062.357151742, 3386244.6329280604]
[3249432.5933730444, 3386147.3196599423]
[3249615.056145118, 3385871.9944820334]
[3249615.2748592943, 3385767.5161431786]
[3249934.5255390364, 3385644.353312306]
[3250164.252907535, 3385411.373282169]
[3250291.6218654704, 3385289.42554301]
[3250496.4591715205, 3385275.128682106]
[3250796.679417414, 3385166.749856648]
[3250830.3674493707, 3384979.994222743]
[3251006.5553784766, 3384958.612183428]
[3251032.726169496, 3384945.701345162]
[3251059.1378327208, 3384933.041497094]
[3251068.322734892, 3384727.094990049]
[3251352.637561653, 3384522.2926311465]
[3251708.9475781675, 3384310.240172988]
[3252106.7915113564, 3384014.4704199494]
[3252426.8212159206, 3383816.418374791]
[3252554.509384604, 3383726.8775475826]
[3252903.9036427997, 3383478.8039851245]
[3253397.6820041393, 3383321.0060428916]
[3253455.4798780656, 3383108.2456944278]
[3253628.8294253224, 3383059.8849888938]
[3254111.0196326543, 3382898.515155767]
[3254311.7291801763, 3382743.9819774088]
[3254358.357946845, 3382689.8656238546]
[3254363.872789877, 3382672.1677189246]
[3254410.3048857613, 3382659.4245363898]
[3254440.496649204, 3382522.544024991]
[3254578.3432740667, 3382457.472070102]
[3254609.427516583, 3382412.403471254]
[3254708.7530152886, 3382366.1558477767]
[3255058.6675829245, 3382162.017964911]
[3255066.632979637, 3382156.539889832]
[3255140.439631555, 3382075.522257162]
[3255299.3257776448, 3381913.7746807495]
[3255542.7013252666, 3381870.3976048264]
[3256055.4635544145, 3381522.133056441]
[3256340.068518219, 3381513.9481857195]
[3256517.8551382106, 3381471.99142615]
[3256521.890823498, 3381298.6544577642]
[3257177.4816618813, 3381220.3725827974]
[3257304.6882401677, 3381206.984602383]
[3257312.195062999, 3381119.304553461]
[3257333.474204819, 3381091.7960154936]
[3257418.466236843, 3380873.6331948875]
[3257500.375941551, 3380754.0143985567]
[3257763.1369456653, 3380669.972116987]
[3257856.112482643, 3380473.2392880702]
[3257859.0863720574, 3380427.3010696494]
[3258231.479401695, 3380418.5626698816]
[3258256.2999003115, 3380406.5918038674]
[3258256.976711821, 3380252.7809278136]
[3258707.6380100464, 3380163.0380835524]
[3258726.4404594703, 3380104.4794020783]
[3258790.99455832, 3379933.647834022]
[3259058.255677247, 3379783.4923546137]
[3259517.7180911, 3379699.9938786905]
[3259900.7080482733, 3379449.2802703804]
[3259956.509792183, 3379349.574301673]
[3260236.8883601697, 3379342.6075609643]
[3260541.9828759492, 3379203.5067762905]
[3260555.78196575, 3379189.4826140567]
[3260967.044451311, 3378842.0075101852]
[3261375.664301189, 3378678.028721385]
[3261756.816197461, 3378634.5478789117]
[3261934.3560922095, 3378574.69575678]
[3261999.570422638, 3378565.8856541673]
[3262054.3866682453, 3378532.685732673]
[3262080.5198877873, 3378522.1450865194]
[3262185.1450384613, 3378480.0881207413]
[3262189.0726017286, 3378462.003792347]
[3262228.5209549805, 3378308.050139212]
[3262276.412164282, 3378248.3991619367]
[3262467.0004817583, 3378140.823141409]
[3263212.0114576295, 3378007.5465883478]
[3263255.221700934, 3377856.3787860093]
[3263447.2924338346, 3377769.726957478]
[3263512.1108542276, 3377668.1753684804]
[3264116.950240395, 3377550.3576211836]
[3264273.3300336315, 3377462.850830093]
[3264312.731092212, 3377354.7849958893]
[3264571.3072887245, 3377209.726409712]
[3265086.889374792, 3377075.6677446463]
[3265674.242708517, 3376818.7051610793]
[3266134.553694237, 3376603.919860518]
[3266731.761319378, 3376409.7633646852]
[3267777.8944068267, 3376340.797915788]
[3267802.503991887, 3376014.2139135296]
[3268010.079132177, 3375979.0219792607]
[3268132.8455044385, 3375914.11986844]
[3268826.897700831, 3375896.1570985713]
[3268832.1510035237, 3375894.145697719]
[3268840.7957548043, 3375624.837914811]
[3269069.6070258617, 3375616.0383601165]
[3269204.472809966, 3375552.4681781633]
[3269433.412434424, 3375445.992434123]
[3269998.150617299, 3375266.6522175544]
[3270485.3295173836, 3375201.5738628]
[3270792.9024499785, 3375145.5703462437]
[3270798.0937793143, 3375143.5526255323]
[3270962.082944029, 3375108.091356675]
[3271005.0875859875, 3375102.4811414923]
[3271094.0745375603, 3374907.88592581]
[3271281.0868530185, 3374897.2656422057]
[3271878.5892625726, 3374843.9039904275]
[3272211.021064115, 3374628.9785433924]
[3272639.004196725, 3374612.167414185]
[3272692.0716806087, 3374608.80911788]
[3272852.3717037197, 3374473.988360804]
[3273148.619222238, 3374410.9636938022]
[3273319.419746591, 3374316.3473660797]
[3273354.576522744, 3374237.2466782164]
[3274189.1335337735, 3374138.382828964]
[3274429.953778499, 3374020.601082725]
[3274435.1868475336, 3374018.7826209622]
[3274665.2135778666, 3374000.728702225]
[3274791.8736212635, 3373965.294505556]
[3275269.413938488, 3373812.3749058265]
[3275282.725077159, 3373808.239332041]
[3275285.306612064, 3373807.2615252393]
[3275290.61501544, 3373805.5727253426]
[3275436.8975292896, 3373699.527484119]
[3275830.3253401723, 3373673.5329874395]
[3275911.6781794103, 3373640.6788870064]
[3276271.27116837, 3373552.050491512]
[3276455.616114286, 3373501.203270041]
[3276494.214496163, 3373446.9790315405]
[3277020.9080459173, 3373429.0029588207]
[3277424.1069846726, 3373326.455809246]
[3277655.5111198467, 3373181.301001662]
[3277679.399948213, 3373178.0547812297]
[3277698.745301223, 3373172.976340521]
[3277701.570743203, 3373171.6035145647]
[3277706.4044020735, 3373170.330684186]
[3277709.2802567994, 3373169.0272667725]
[3277727.639433805, 3373163.928723414]
[3277743.6225838736, 3373159.2094312836]
[3277748.961134521, 3373157.651987625]
[3277852.1690917993, 3373153.340093582]
[3278175.6497093104, 3373137.904093188]
[3278227.750225295, 3373067.8141017715]
[3278333.6103660697, 3373021.739506599]
[3278483.6478087436, 3372994.370089376]
[3278604.5603673365, 3372964.7873488804]
[3278780.1341054817, 3372916.054770852]
[3278911.1682421924, 3372885.5279316157]
[3278934.6338365925, 3372879.2633987237]
[3278944.22987307, 3372879.047022824]
[3279663.0427078106, 3372710.703583447]
[3279759.792040827, 3372679.3787098574]
[3279770.3689813097, 3372676.265300139]
[3279780.9675664552, 3372673.1831812365]
[3279859.6670380076, 3372655.6401100494]
[3279893.718651481, 3372651.338210985]
[3279922.464243914, 3372642.6964452355]
[3279938.4564649817, 3372638.222214831]
[3279943.7980281096, 3372636.746451633]
[3279949.145002738, 3372635.278512107]
[3280027.8097937214, 3372623.456941628]
[3280236.8607729003, 3372622.113203214]
[3280282.1230003634, 3372618.850026205]
[3280401.770451624, 3372591.570055908]
[3280448.5993321054, 3372590.490326889]
[3280546.228753741, 3372509.946267432]
[3280649.4777496983, 3372497.2874495485]
[3280819.63141859, 3372457.0694558676]
[3281049.081579074, 3372408.8996373075]
[3281517.366357805, 3372305.9212087113]
[3281963.6293882355, 3372208.5589130684]
[3282005.8745704885, 3372196.630316042]
[3282019.7211315967, 3372193.262355022]
[3282025.03193111, 3372191.8152456107]
[3282035.669747712, 3372188.944486682]
[3282149.9434533077, 3372168.8219437823]
[3282185.1660627127, 3372159.8753811177]
[3282206.599878181, 3372154.3794440753]
[3282317.1465502046, 3372144.992721862]
[3282770.6900320994, 3372093.049536992]
[3282845.4452227145, 3372034.783528016]
[3282893.7723793346, 3372025.442526098]
[3283131.124790826, 3371981.735415401]
[3283599.341773901, 3371968.7428635336]
[3284273.372662816, 3371764.847263796]
[3284308.6135565992, 3371756.215154109]
[3284326.286465044, 3371751.976246338]
[3284336.9641666836, 3371749.3179601477]
[3284480.410636378, 3371724.8960022503]
[3284494.5061965003, 3371721.889856969]
[3284510.6494328184, 3371718.0983825284]
[3284683.61259724, 3371696.2188843586]
[3284796.6072115833, 3371681.570594489]
[3284839.085540961, 3371666.48210252]
[3285046.876299598, 3371629.599934495]
[3285211.7450261535, 3371607.6563678505]
[3285337.184695384, 3371581.7264230885]
[3285605.7800402506, 3371562.339130418]
[3285815.3453105725, 3371556.6987526543]
[3286043.416930273, 3371490.5427702195]
[3286057.6261806907, 3371488.8883660343]
[3286529.219213535, 3371418.79987994]
[3286619.2909674826, 3371396.947393597]
[3286629.66483806, 3371366.1788299764]
[3286684.848194448, 3371354.330230325]
[3286807.4667803175, 3371338.305971969]
[3286821.904279662, 3371334.2213770086]
[3286850.4831146807, 3371328.768591721]
[3286861.291158815, 3371326.4624048024]
[3287038.252081052, 3371299.3421535036]
[3287078.795392538, 3371297.8783051576]
[3287164.1098252106, 3371283.9476015284]
[3287174.7841054397, 3371282.215655391]
[3287319.757473017, 3371264.7586607654]
[3287562.3553766157, 3371248.305272898]
[3287585.6101862066, 3371222.1092503276]
[3288303.413002419, 3371188.45008559]
[3288419.0476609175, 3371123.4090264244]
[3289048.596619825, 3371037.164135641]
[3289079.3227767437, 3371004.013437051]
[3289090.1037250864, 3371001.8147729267]
[3289145.31251988, 3370999.3226861665]
[3289202.516066612, 3370989.742577508]
[3289253.098912988, 3370980.5456942352]
[3289263.9588608597, 3370978.469922516]
[3289353.777259251, 3370966.5303125554]
[3289427.41560288, 3370959.6736784102]
[3289524.2020278824, 3370950.715772884]
[3289576.8270755685, 3370940.411652254]
[3289810.1497978927, 3370932.4005369633]
[3289910.49467765, 3370923.6222082544]
[3290031.9719827664, 3370901.1280269576]
[3290063.6521428027, 3370896.4359108354]
[3290245.4779767673, 3370876.5134350676]
[3290341.9333938407, 3370863.7590288385]
[3290385.171280873, 3370856.3638692573]
[3290394.129122645, 3370838.721277643]
[3290684.98724763, 3370820.7651223275]
[3290716.964753417, 3370819.0110391187]
[3290745.4634884056, 3370812.365688008]
[3290869.741176014, 3370800.2297033663]
[3291079.6635961235, 3370754.8579242225]
[3291525.80250832, 3370697.4088498326]
[3291531.2165497006, 3370696.421345106]
[3291643.647825119, 3370685.9181397185]
[3291665.935139209, 3370683.2258851742]
[3291702.3607179536, 3370677.259499849]
[3291713.2731730132, 3370675.4152374165]
[3291799.0144004477, 3370666.076490319]
[3291890.3440696145, 3370656.0066777617]
[3291989.1281086053, 3370649.198646341]
[3292057.333488282, 3370640.1421683133]
[3292209.5656770384, 3370624.161897465]
[3292550.8156363415, 3370604.171165543]
[3292724.1330905408, 3370585.5670196638]
[3292918.1770316716, 3370564.966518991]
[3293242.63319908, 3370543.5184865417]
[3293286.7021308285, 3370526.889047346]
[3293339.2508697812, 3370523.557417207]
[3294000.660993104, 3370438.519507616]
[3294018.9385632714, 3370435.776271137]
[3294024.3791558295, 3370434.90500958]
[3294052.125862917, 3370434.6392537714]
[3294116.748485651, 3370426.028627869]
[3294176.41535285, 3370422.2684668554]
[3294198.2818214977, 3370418.9512530332]
[3294209.247370404, 3370417.339519111]
[3294276.2552915816, 3370412.9897727203]
[3294378.0589410593, 3370402.7445563474]
[3294389.103468229, 3370401.2558059427]
[3294442.88228908, 3370399.774240675]
[3294739.9161540004, 3370372.8594533484]
[3294894.971645763, 3370360.1662704963]
[3295127.2401150414, 3370352.6317336466]
[3295411.389005731, 3370325.8685347564]
[3295546.180981677, 3370315.3505209573]
[3295601.9106352194, 3370312.7403453984]
[3295792.9349812143, 3370295.8914702637]
[3295831.4536392754, 3370289.6149433143]
[3295903.1411893046, 3370285.5690573966]
[3295966.5643894677, 3370279.3898439403]
[3296094.362912201, 3370272.338726914]
[3296253.505226904, 3370259.6061338177]
[3296549.5311325653, 3370220.3353085266]
[3296558.750809375, 3370219.1587609546]
[3296652.5052565527, 3370211.9710000968]
[3296710.717653947, 3370208.8221478933]
[3296722.346764587, 3370207.8677038336]
[3296740.882400919, 3370205.66368696]
[3296774.4443181003, 3370205.549938956]
[3296901.316294598, 3370195.3916633367]
[3296923.4480653405, 3370192.7873803475]
[3296928.9944677856, 3370192.1558393817]
[3297106.4478171356, 3370180.529880253]
[3297117.624989329, 3370179.39763848]
[3297172.2924047774, 3370179.2518532597]
[3297317.564378608, 3370167.6296786643]
[3297475.195063521, 3370157.8864612924]
[3298225.9716197294, 3370114.956654533]
[3298419.9990502745, 3370104.8966769613]
[3299017.9663298475, 3370056.9214901403]
[3299326.777170599, 3370037.9672148773]
[3299515.547540404, 3370027.8986911466]
[3299685.9505256983, 3370020.1068917913]
[3299701.339705954, 3370018.9770274707]
[3299706.952708829, 3370018.524144239]
[3299716.7357928306, 3370017.857620466]
[3300456.0289747007, 3369990.185433566]
[3300494.9480568976, 3369987.8545359652]
[3300521.7764722193, 3369985.6579204514]
[3301038.071785792, 3369964.1460862057]
[3301361.030336252, 3369948.4104283853]
[3301966.2378027663, 3369914.320161072]
[3302138.8547893735, 3369909.0379292914]
[3302251.441056172, 3369905.066800158]
[3302342.9799621343, 3369902.53755747]
[3302348.6203238443, 3369902.2021182436]
[3302854.0062596384, 3369891.521935635]
[3303603.4088744777, 3369864.143643668]
[3304530.4416780504, 3369845.0194288758]
[3304840.020004905, 3369833.486195066]
[3305054.112573394, 3369830.4239305784]
[3305290.8753861715, 3369829.8328215308]
[3305333.3793950337, 3369827.2195637473]
[3306225.3856992424, 3369816.110677239]
[3307766.6694277776, 3369805.1413509264]
end_solutions
[-29.976851564063907, -2.5481844145950596, -31.531130118194127, -16.00873018636989, -32.726723657832345, -10.480642610131738, -19.648263208293475, 6.953637809146773, -8.408211180662018, -4.999036396486421]
[-29.990863976973067, -2.720214152662044, -31.58921357999168, -15.960136659219181, -32.85596309180365, -10.461162479525601, -19.584296207818696, 6.851837627274453, -8.360542422973555, -4.951270870592383]
[-29.997126071093643, -2.867450753411312, -31.62672678493147, -15.921736604630285, -32.97954997632672, -10.455490250033158, -19.534539375058593, 6.763255363199882, -8.301798676891563, -4.913420700068869]
[-30.008329685215827, -3.0308559240891544, -31.677458566198872, -15.876747788571345, -33.10704295165239, -10.440998660067992, -19.475601282423384, 6.666020033153446, -8.249966763326585, -4.869156385297062]
[-30.01740057812338, -3.1867170922275636, -31.72232345166881, -15.834743022890681, -33.23237629482111, -10.430337889934576, -19.420815541823707, 6.572872917252991, -8.195386173121108, -4.827805003651316]
[-30.025795393458587, -3.3414976955162654, -31.765703552406066, -15.79335891792351, -33.35812281150112, -10.420834840610382, -19.366906357028068, 6.480202439032439, -8.139391103679614, -4.787041900001741]
[-30.032241166221354, -3.582391508422707, -31.85860085318135, -15.729099811276196, -33.53535870950485, -10.386099208451634, -19.276967280213242, 6.334579654039905, -8.068274481425231, -4.722443955920839]
[-30.027629635069744, -3.745359795315107, -31.939143744292704, -15.68733760450535, -33.64450049442981, -10.349777208850627, -19.212960876191048, 6.233699954853243, -8.026455161192267, -4.678984069014825]
[-30.028389767741643, -3.8235562054321237, -31.9775954507732, -15.666270638688445, -33.69596414273657, -10.333118216038788, -19.18167404234709, 6.185033453818377, -8.009961495717299, -4.656893761616705]
[-30.029452971959078, -4.007296099694542, -32.064398555192, -15.617280131114965, -33.819745971511246, -10.295250345539268, -19.10928814444356, 6.072071828094126, -7.966516076383839, -4.606317574238771]
[-30.03004606018752, -4.245615905726464, -32.17597921417813, -15.554080422994641, -33.98128108010005, -10.246241513750341, -19.015839857678507, 5.926121141754513, -7.908058105912387, -4.541395152401378]
[-30.029565690106168, -4.326975524547709, -32.21481978253954, -15.532682290912364, -34.03607351171407, -10.228875027902374, -18.98387086520714, 5.876248119160328, -7.887974776904791, -4.519382188565558]
[-30.037667094536637, -4.619314585686998, -32.35197545878579, -15.452519475982344, -34.23128535463603, -10.169818184761931, -18.867597729211468, 5.696750906742099, -7.825773351750738, -4.436656907672626]
[-30.031689225474697, -4.7014773594533175, -32.39472383548326, -15.43260430043388, -34.28614372166093, -10.150198642029348, -18.835563999842485, 5.645127864921507, -7.802454518494276, -4.415552257014112]
[-30.019733487350813, -4.865802906985957, -32.480220588878204, -15.392773949336952, -34.395860455710725, -10.110959556564183, -18.77149654110452, 5.541881781280324, -7.755816851981352, -4.373342955697083]
[-30.023423352678094, -5.036603455138548, -32.567233247814656, -15.345799514027828, -34.505039707112275, -10.072797658154716, -18.701782541354795, 5.435172286633582, -7.72526506359179, -4.323769522412423]
[-30.01828215818084, -5.215511580098608, -32.65817959906417, -15.299800156483512, -34.62312583647782, -10.032173236863558, -18.63091217796065, 5.323210058653465, -7.682037887872939, -4.275237814907809]
[-30.024247755773764, -5.432421203769958, -32.7683356072864, -15.23967704659906, -34.76113167624531, -9.982597918983949, -18.54202499278466, 5.189107048890064, -7.644006203603308, -4.212472415409733]
[-30.030445979654264, -5.6167422229338, -32.852659103976016, -15.188928456731587, -34.885744397688725, -9.947589354526102, -18.469233111311517, 5.075579427550277, -7.60423200362165, -4.159982069855067]
[-30.037850634948143, -5.78301557093017, -32.937760486932, -15.14174085426766, -34.989349063481534, -9.907605495734925, -18.40000937473443, 4.974422088829744, -7.578628765934341, -4.111451760989673]
[-30.016560884685898, -5.953291976867764, -33.03474951446607, -15.103047809136958, -35.100845824754614, -9.864244057346882, -18.333583964384538, 4.862737498049535, -7.5287973497973315, -4.068000583646839]
[-29.996073295835817, -6.137254660921756, -33.13839900928785, -15.060453762824375, -35.22112096322745, -9.818092830026018, -18.26148143052169, 4.742571965435917, -7.476834657516305, -4.020461466902068]
[-29.979482223674673, -6.34123857600301, -33.25191032813388, -15.01115090763351, -35.35278898467003, -9.767064307827292, -18.180302939630515, 4.610925460175645, -7.4249044206872, -3.9663021920282096]
[-29.95776532173521, -6.521544775718864, -33.352792448537876, -14.970008865032053, -35.47203199082917, -9.722430442843425, -18.110414290429958, 4.492881015403293, -7.3713678622380225, -3.920275387778187]
[-29.937308561352474, -6.699166791248181, -33.45189577854491, -14.929150855938639, -35.58926798793364, -9.678385228472628, -18.041430683269365, 4.376950249360825, -7.31939747031829, -3.874763192643928]
[-29.916937676651607, -6.876636471817381, -33.550893911964465, -14.888303932508073, -35.70638652790599, -9.634372259796518, -17.97249636484031, 4.261144902665951, -7.267527751987975, -3.8292775884727237]
[-29.896545595152872, -7.054127945646313, -33.649909729574404, -14.847458547276737, -35.82352407693226, -9.590355399065835, -17.903556282802853, 4.145318223466461, -7.215636314713022, -3.7837898027504266]
[-29.875663048728576, -7.232769634659114, -33.7496731447008, -14.806474086501035, -35.941509403800964, -9.546082284899084, -17.834221219411756, 4.028604639032523, -7.1631144123566814, -3.7380724811856583]
[-29.855277572705152, -7.41029572412339, -33.8487051443739, -14.765617025300292, -36.05866717874599, -9.502055983405063, -17.76526616299492, 3.9127593960442373, -7.111221543374581, -3.6925738972318323]
[-29.835309896876048, -7.586893164634606, -33.94712710724436, -14.724864602042254, -36.17513508481822, -9.458234808125749, -17.69662685044143, 3.7976385113652125, -7.059855602470156, -3.647256661694364]
[-29.81583929144782, -7.762375005597298, -34.04481765466153, -14.684239578359175, -36.290775438966776, -9.414660445519164, -17.6283675448622, 3.683385968131839, -7.009118694939971, -3.6021581637678373]
end_values
[3307766.66942778 3369805.14135093]
[3301966.23780277 3369914.32016107]
[3296928.99446779 3370192.15583938]
[3291713.27317301 3370675.41523742]
[3286861.29115881 3371326.4624048 ]
[3282206.59987818 3372154.37944408]
[3275436.89752929 3373699.52748412]
[3271094.07453756 3374907.88592581]
[3269095.89365848 3375524.90346323]
[3264571.30728872 3377209.72640971]
[3259058.25567725 3379783.49235461]
[3257267.3403631  3380757.16061522]
[3251256.47837291 3384559.65558203]
[3249615.27485929 3385767.51614318]
[3246463.65013845 3388336.10193636]
[3243444.64261458 3391070.61599862]
[3240430.87641914 3394259.22178216]
[3237102.13202353 3398330.94263293]
[3234481.53518782 3402117.02404433]
[3232321.16232422 3405671.57529397]
[3230128.18978601 3409648.1589556 ]
[3227980.47486994 3414179.25558304]
[3225874.39738633 3419460.29206082]
[3224230.53317155 3424468.33248059]
[3222829.79893611 3429647.12978638]
[3221641.77513417 3435067.44909797]
[3220665.15194298 3440735.26580962]
[3219894.95433629 3446691.40610446]
[3219343.78539606 3452856.5007972 ]
[3219005.86453123 3459232.25954278]
[3218876.52029052 3465806.35320807]
