values
[15316.179284924408, 18547.330592473154]
[15316.20800680531, 18545.16200414219]
[15316.433072002885, 18540.10922268135]
[15317.148988676869, 18536.4940455978]
[15317.279723298701, 18534.784415361024]
[15317.405768965138, 18534.724778954715]
[15317.504587317255, 18533.13128995775]
[15318.444401507002, 18529.861658134054]
[15318.96514309207, 18526.270024155347]
[15783.018208215859, 18037.76403529874]
values
[15275.662164697635, 18401.0083331262]
[15276.483877547, 18398.54658501537]
[15276.52464851784, 18394.02410042355]
[15276.5334097563, 18393.361238963687]
[15276.669859500182, 18388.630053066725]
[15276.82670624894, 18385.886552642347]
[15276.944286944343, 18382.007591958245]
[15277.013618281488, 18381.490888931425]
[15277.490312927439, 18378.685036091803]
[15277.561162854907, 18373.577793466957]
[15277.798629656418, 18370.565720513096]
[15278.365651958284, 18364.588924011678]
[15278.87686946911, 18361.937338533986]
[15279.425394663815, 18356.71482865192]
[15279.51809582462, 18354.939266472622]
[15279.838837485262, 18354.30587546974]
[15280.18075317524, 18350.950912909047]
[15280.792198455794, 18347.139177210654]
[15280.954558376246, 18346.82298361124]
[15281.272773394845, 18344.315045442963]
[15281.309206385768, 18343.697912667998]
[15281.934242733654, 18340.125830929617]
[15282.071428451924, 18339.32493242979]
[15282.654224010339, 18336.421237934363]
[15283.483444733363, 18332.600473950763]
[15283.647407330971, 18332.303760508923]
[15283.920404223181, 18330.71188894756]
[15284.05036671915, 18330.495692793098]
[15285.320650773096, 18325.13339191097]
[15287.422372704488, 18323.73000639223]
[15287.534546116334, 18316.52359247485]
[15288.469797152837, 18313.698792927345]
[15288.71259069128, 18311.842677963148]
[15288.752992672802, 18311.775083952]
[15289.787998290647, 18309.89723451752]
[15290.712676249994, 18305.31483808536]
[15290.845335590993, 18303.390475031985]
[15291.883927482553, 18301.862733129816]
[15293.63538555933, 18297.472253730088]
[15295.03403020221, 18293.133764228234]
[15295.279593085344, 18292.398031244236]
[15296.136515457156, 18289.886559525243]
[15298.019853857693, 18287.482846644998]
[15298.457063968222, 18283.419728495184]
[15299.936831351575, 18279.80069686841]
[15300.479297229072, 18279.02113599804]
[15301.15307435812, 18278.130218876267]
[15301.531726719499, 18276.40524367546]
[15303.049580379768, 18272.694165387504]
[15303.608451811124, 18271.43071187366]
[15305.147111155777, 18267.661094712475]
[15305.897367025287, 18267.236426691325]
[15306.229290080613, 18265.171422284806]
[15307.333745676173, 18262.699666139593]
[15309.88772696406, 18258.69822248607]
[15310.462514430414, 18256.729181341754]
[15311.760955636744, 18254.13527819415]
[15313.557341639416, 18251.699112167433]
[15313.691868378999, 18251.69100019521]
[15315.619730475802, 18249.14092574261]
[15316.485099679669, 18246.806040512496]
[15316.5024702717, 18245.823737484046]
[15317.206199326054, 18245.173875747863]
[15318.354235398438, 18244.398306886582]
[15320.82116065384, 18239.58927390236]
[15322.587115104892, 18237.237552263217]
[15323.807230786953, 18235.29787921125]
[15324.558393894784, 18235.270287876243]
[15327.184658878492, 18232.31159819214]
[15327.511160836126, 18232.202844704243]
[15329.822481796267, 18227.258144783616]
[15332.498801981892, 18225.09220073672]
[15332.638703343962, 18223.608927153753]
[15334.440201255762, 18222.196703505364]
[15338.661819382552, 18217.03062649875]
[15340.341368308462, 18215.011026756412]
[15341.287033645358, 18213.81240476192]
[15343.069325404369, 18212.05418010221]
[15344.881949337541, 18210.327715451233]
[15346.195961937507, 18210.034420590247]
[15783.018208215859, 18037.76403529874]
values
[15275.662164697635, 18401.0083331262]
[15276.070832879448, 18400.598807858336]
[15276.154548538387, 18398.42227080833]
[15276.155029529898, 18397.54913068207]
[15276.229324624179, 18395.75659074896]
[15276.278233873232, 18395.713128387273]
[15276.291388254955, 18393.63199749093]
[15276.35161912937, 18392.215957923465]
[15276.358655500884, 18391.920133497202]
[15276.364985697695, 18391.42016718736]
[15276.411963153634, 18390.246508913926]
[15276.464400144188, 18388.38364474329]
[15276.516984246355, 18387.702472237066]
[15276.641389016617, 18386.786943687173]
[15276.650726393169, 18385.35289825617]
[15276.674563645387, 18385.153065173792]
[15276.678371769096, 18384.567015626224]
[15276.679559082322, 18384.320359130426]
[15276.681717023876, 18384.074870698696]
[15276.78765647557, 18382.353430606225]
[15276.811611922436, 18382.20748082733]
[15276.86342108029, 18381.210672040223]
[15277.008870834834, 18380.05869174478]
[15277.170325516898, 18376.86410339665]
[15277.186736670936, 18376.385007284076]
[15277.328560546772, 18375.297481131973]
[15277.340143946745, 18374.468241393908]
[15277.352764941932, 18374.234410040684]
[15277.364443055643, 18374.068728423837]
[15277.380920400152, 18373.770256024607]
[15277.389162408404, 18373.598908329346]
[15277.400324255965, 18373.46652628018]
[15277.422225029237, 18373.409961139118]
[15277.508085332634, 18372.70918732352]
[15277.517711223694, 18372.576611775978]
[15277.661666679667, 18370.478430818985]
[15277.790544935828, 18369.284037064925]
[15277.820028817763, 18368.81800848022]
[15277.853397843679, 18368.356659494148]
[15277.908653089076, 18368.1195723727]
[15277.912800392736, 18367.59711479193]
[15277.937463746079, 18367.538536141015]
[15277.941772556074, 18367.536140452776]
[15278.034950373261, 18366.720220269304]
[15278.037788917425, 18366.540446973282]
[15278.075584277047, 18366.08370391286]
[15278.09502579448, 18365.96280260659]
[15278.138401377235, 18365.5136516528]
[15278.16758015578, 18365.362677968868]
[15278.240666165333, 18365.03762269773]
[15278.242680053982, 18364.501487126447]
[15278.499870221696, 18362.75472841188]
[15278.581621190155, 18361.3740446697]
[15278.628070617084, 18360.92578509366]
[15278.678406721592, 18360.482209238555]
[15278.745713040073, 18359.930809359354]
[15278.790740527076, 18359.6091114983]
[15278.890320903081, 18358.691606095002]
[15278.974498915582, 18358.146152350644]
[15279.01872873741, 18357.606070307338]
[15279.320778144607, 18356.47991109313]
[15279.356540075561, 18354.757289727855]
[15279.475071939685, 18354.51909455291]
[15279.55152951903, 18353.731984332753]
[15279.562300297037, 18353.402313483468]
[15279.594498181339, 18353.18766695361]
[15279.66181010676, 18352.761889810226]
[15279.673934083808, 18352.54603251504]
[15279.750553605354, 18352.027162189752]
[15279.821394137092, 18351.478281189724]
[15279.983026135464, 18350.357208246245]
[15279.983026135465, 18350.35720824624]
[15280.109482462543, 18350.045733435098]
[15280.380671448695, 18347.76343651025]
[15280.637688731344, 18346.74826351644]
[15280.638947662675, 18346.016529093184]
[15280.719354138746, 18345.6038840604]
[15280.788975607677, 18345.52664062271]
[15280.895980009764, 18345.17155619273]
[15280.941966500375, 18344.876691161113]
[15280.979537263722, 18344.555519382553]
[15281.204105984356, 18342.62044178913]
[15281.248856828865, 18342.418998564044]
[15281.339479926388, 18341.78578725829]
[15281.526512710005, 18340.69008842882]
[15281.805637162826, 18340.648414873485]
[15281.90527942416, 18338.56946302265]
[15282.002676472715, 18338.17466266783]
[15282.101755470136, 18337.4831913998]
[15282.342666043529, 18337.003993450246]
[15282.49610533471, 18335.443542463694]
[15282.700187182729, 18334.430258315693]
[15282.844950764931, 18334.313323036768]
[15282.961082960675, 18333.790843621566]
[15283.016771626126, 18332.972599869547]
[15283.33010348579, 18331.277156569322]
[15283.444498516044, 18330.900225253386]
[15283.54773888957, 18330.27697275028]
[15283.99039096391, 18328.218881947614]
[15284.051166708905, 18328.034132236848]
[15284.219410412537, 18327.229618012516]
[15284.391024158744, 18327.001054559383]
[15284.445627579147, 18326.173165683565]
[15284.681425494116, 18325.190459822912]
[15284.913448992816, 18324.139828841526]
[15285.04484894582, 18323.780790488818]
[15285.502317264263, 18322.236203520144]
[15285.643211662209, 18321.14929420439]
[15286.218163228754, 18319.246285714147]
[15286.34501875399, 18318.672399937084]
[15286.65534043117, 18317.15769511606]
[15286.922865648594, 18316.205620838806]
[15287.055855175422, 18316.083097646926]
[15287.454589891124, 18314.234992828267]
[15287.71781289187, 18313.21570083184]
[15287.828425020545, 18313.126865120514]
[15288.22165517107, 18311.660162920518]
[15288.29175367539, 18311.37811685658]
[15288.363899574206, 18311.11818962405]
[15288.441540909504, 18311.06134391649]
[15288.830629652522, 18309.323349229584]
[15289.090052257814, 18308.584290515846]
[15289.354245482305, 18307.850656347655]
[15290.302007568554, 18304.56807305201]
[15290.401514129082, 18304.242922417863]
[15290.474901252524, 18304.10311706551]
[15290.594250498543, 18303.577983733787]
[15290.845335590993, 18303.390475031985]
[15290.909250291787, 18302.67196576743]
[15291.079800894426, 18302.304030076568]
[15291.636882348283, 18300.124094663293]
[15291.925087307907, 18299.415516817546]
[15292.008534870825, 18299.228297173537]
[15292.18332022571, 18299.072741700795]
[15292.489980088712, 18297.6469999383]
[15292.915018112557, 18296.391962864378]
[15293.140313215938, 18295.755776225033]
[15293.635804559903, 18294.84096600159]
[15294.184977843926, 18293.50833445128]
[15294.71339783771, 18291.175056569824]
[15295.194654294053, 18290.480083724622]
[15295.257400546117, 18290.47644575407]
[15295.400115590162, 18289.877633777243]
[15295.47721680431, 18289.4489348692]
[15295.514055817213, 18289.013674303773]
[15295.807954030945, 18288.247429805524]
[15295.98994524455, 18288.220479492116]
[15296.02319844172, 18287.603236202434]
[15296.106513933422, 18287.553642724266]
[15296.562677537495, 18286.654618788092]
[15296.821950514694, 18285.761637332736]
[15297.060234297098, 18285.381228972972]
[15297.462545785607, 18284.09694554194]
[15297.719199373774, 18283.129540187652]
[15298.06020116152, 18282.4766307722]
[15298.237240460787, 18282.258495416227]
[15298.44391426399, 18281.882571400274]
[15298.782979661592, 18281.78582501395]
[15299.123575470585, 18279.645758755803]
[15299.541888945145, 18278.826156670082]
[15299.565101006126, 18278.603648756856]
[15300.268544765982, 18277.817632786177]
[15300.341222729661, 18277.229577873335]
[15300.942505717752, 18275.279225981096]
[15301.37391073436, 18274.476309179787]
[15301.705193052456, 18274.08278496128]
[15302.348856226292, 18273.285263182675]
[15302.441454342154, 18271.88359935014]
[15303.359887804489, 18270.132808841878]
[15303.592391633447, 18269.385431057868]
[15304.383322168032, 18267.624365943386]
[15304.998867128714, 18266.755265540196]
[15305.326239573693, 18266.739850978774]
[15305.369868988284, 18266.703069629224]
[15305.411957264936, 18266.33136834143]
[15306.011168722962, 18265.33919507513]
[15306.229290080613, 18265.171422284806]
[15306.471469326694, 18264.407040516468]
[15307.333745676173, 18262.699666139593]
[15307.607145552878, 18261.864320385128]
[15308.041645518648, 18260.165205708086]
[15308.939165426818, 18259.43033713476]
[15309.88772696406, 18258.69822248607]
[15310.062495132064, 18257.054086916716]
[15310.462514430414, 18256.729181341754]
[15311.296804610813, 18254.961493403003]
[15311.760955636744, 18254.13527819415]
[15312.009109626537, 18253.638377356827]
[15312.383098422064, 18252.040649259503]
[15313.557341639416, 18251.699112167433]
[15313.691868378999, 18251.69100019521]
[15313.743580776109, 18250.57872715355]
[15315.22101106112, 18247.963416070153]
[15316.485099679669, 18246.806040512496]
[15316.5024702717, 18245.823737484046]
[15317.206199326054, 18245.173875747863]
[15317.503194487483, 18244.231832081652]
[15317.791525348026, 18243.6878619188]
[15318.34357938257, 18242.878678254343]
[15319.02631791699, 18241.037307863655]
[15319.37354330315, 18240.979929919828]
[15319.386877619794, 18240.79391369231]
[15319.92854119791, 18239.112486089227]
[15321.897135740532, 18236.030522639536]
[15322.964615755209, 18234.15771674609]
[15323.616794791462, 18233.164619318653]
[15324.294382624925, 18232.786374849762]
[15324.438532419594, 18232.120894687912]
[15324.777786182656, 18231.91487588304]
[15325.079089857945, 18231.47616373597]
[15325.196139722384, 18231.400805713383]
[15325.55905127543, 18230.44640866811]
[15326.188284067364, 18229.993137763988]
[15326.224365454873, 18229.715491800744]
[15326.272508843433, 18229.235299303484]
[15326.948185944826, 18228.2637402524]
[15327.093732359826, 18228.141184109463]
[15327.548721735233, 18227.899941708547]
[15327.555034754067, 18227.88948596136]
[15327.62856211215, 18227.296490983]
[15328.31363715362, 18226.33355219004]
[15329.003410873453, 18225.374924565123]
[15329.198957517563, 18225.20072141449]
[15329.697883071822, 18224.42060879668]
[15329.697883071824, 18224.420608796678]
[15329.919024579482, 18224.06943146803]
[15330.39705354488, 18223.470605569983]
[15331.100922084754, 18222.52491556711]
[15331.353613959558, 18222.309445682153]
[15331.551280140213, 18222.07008072721]
[15332.16553330523, 18221.114469341785]
[15332.522752513352, 18220.646477945396]
[15333.336034449, 18219.975953521007]
[15333.559418166993, 18219.567217313976]
[15333.94762722094, 18219.214391879636]
[15334.05480407028, 18218.777067275034]
[15334.89185394964, 18217.791730480814]
[15335.115178336095, 18217.769789878097]
[15335.191643658087, 18217.27430546361]
[15335.492773836842, 18216.86703802381]
[15336.021978036611, 18216.620412892753]
[15336.022945172595, 18216.43629886912]
[15336.159529428798, 18216.02591244312]
[15336.90097453719, 18215.11475240487]
[15337.647115660604, 18214.207911586145]
[15338.271443072155, 18213.47019123011]
[15338.397952550988, 18213.305390637197]
[15339.074985226565, 18213.037697013402]
[15339.913712620328, 18211.513310933533]
[15340.781250871558, 18210.897626225957]
[15341.056911895672, 18210.860605623366]
[15341.448252680464, 18209.738518431735]
[15342.211623022922, 18209.644154674937]
[15342.221837816287, 18209.45683343787]
[15342.315879656788, 18209.027275456574]
[15343.014348857181, 18208.260281203326]
[15343.506599552384, 18207.981878301514]
[15344.558785164705, 18207.01812824327]
[15344.573664193396, 18206.240815328518]
[15345.906904906615, 18205.11475404266]
[15346.164531196084, 18204.517914745942]
[15346.677898159596, 18204.26303483556]
[15346.912025435617, 18204.197633487813]
[15347.205470570334, 18204.13966669696]
[15347.424951973453, 18203.715655496708]
[15347.894966903461, 18203.260158972833]
[15348.69448264341, 18202.584537348546]
[15348.695935173315, 18202.25156469946]
[15348.979487251825, 18202.206045165425]
[15349.595968219879, 18201.29270561428]
[15349.812424746548, 18201.01116138875]
[15350.65255864478, 18200.183458330488]
[15350.901964615858, 18200.17598097931]
[15351.060074861363, 18200.05797320354]
[15351.325583076228, 18199.48071619327]
[15351.716515783415, 18199.18326619956]
[15352.957417769692, 18197.971329504508]
[15353.490798049463, 18197.49232310377]
[15354.269000550154, 18197.159954738057]
[15354.802220897704, 18196.165906531503]
[15355.962739580944, 18194.965797001616]
[15356.659118644033, 18194.33163052132]
[15357.34294449153, 18193.50466837178]
[15357.5376992717, 18193.193224344926]
[15357.82605271175, 18192.942483058458]
[15358.11996886012, 18192.887762046506]
[15358.379908694478, 18192.862013127342]
[15358.503161433071, 18192.718070872976]
[15359.91256043606, 18191.543332233374]
[15361.55165462496, 18190.349056982293]
[15361.762245072367, 18189.730714363523]
[15362.324620690506, 18189.695570494252]
[15364.29950813709, 18187.168876790445]
[15364.902403859644, 18186.70933421026]
[15367.177216807859, 18185.40193403388]
[15368.317170396018, 18185.025852820803]
[15368.95259288402, 18183.131258332]
[15369.77916640279, 18182.64089634582]
[15371.033316614781, 18181.59934158735]
[15371.319699633297, 18181.053205905788]
[15372.582233165445, 18180.43551308962]
[15372.69845369704, 18179.865046895833]
[15373.525954607869, 18179.70907135602]
[15373.831025580763, 18179.26772804736]
[15375.121351777965, 18177.93787011832]
[15376.126280875873, 18177.093853492763]
[15376.671776730363, 18176.977329255067]
[15377.751491925203, 18175.836628670426]
[15378.648425346431, 18175.297707944366]
[15380.77905025957, 18173.557771113916]
[15381.322489804961, 18173.23690050187]
[15381.500644418275, 18172.946742024847]
[15382.88814092414, 18172.862175913702]
[15383.171450881393, 18171.733981920734]
[15383.669545592833, 18171.4266207976]
[15383.920412173808, 18171.366873023315]
[15384.420841451496, 18171.002657347482]
[15384.635221731332, 18170.766394195707]
[15385.354764246973, 18170.170769187254]
[15386.83360253979, 18169.214750145813]
[15386.969837495308, 18169.123823584294]
[15387.34101766548, 18168.914198295675]
[15388.342594866248, 18168.29841802264]
[15388.545788842275, 18168.041131303708]
[15388.73842325574, 18167.771664827334]
[15390.697859746231, 18166.658273229998]
[15391.397107746132, 18166.56535490947]
[15391.747805171995, 18165.901889638833]
[15392.491679007546, 18165.332976003752]
[15392.647953504409, 18165.242615225434]
[15394.105255497278, 18164.44627336421]
[15394.17512109926, 18164.32430973923]
[15395.033732632892, 18163.93277119334]
[15395.363027930875, 18163.60411205384]
[15395.556129344159, 18163.503015027785]
[15398.136803328835, 18161.67894209407]
[15398.296616178377, 18161.591661727216]
[15399.327037625848, 18161.04485048943]
[15399.858735993566, 18160.95997561324]
[15401.071945084814, 18160.00404837292]
[15402.165317612664, 18159.240781552588]
[15402.705601594313, 18159.16113330188]
[15404.535410212104, 18158.09175958592]
[15405.455408520995, 18157.561955343575]
[15407.185339047946, 18157.3568882016]
[15407.892257661828, 18157.15950603415]
[15408.248524404507, 18155.764624033945]
[15409.51184528823, 18155.05127649594]
[15410.446816441225, 18154.595806867317]
[15412.993560485358, 18153.307342502696]
[15413.504961775827, 18152.8711681304]
[15415.494876810142, 18152.71434442906]
[15416.19205559318, 18152.36368745628]
[15416.641284838106, 18151.227010040024]
[15416.87033985292, 18151.175361407742]
[15416.934217813945, 18151.04957629855]
[15418.062783154624, 18150.552476289162]
[15419.692070186753, 18150.402822972046]
[15420.426663576189, 18149.29785373973]
[15423.23701702592, 18148.333658562886]
[15423.781674360513, 18147.6541786097]
[15425.569772036717, 18146.782587007543]
[15425.665346606938, 18146.778796620005]
[15425.751732131243, 18146.728509019]
[15426.637946706182, 18146.375613543536]
[15426.724553848208, 18146.266233763694]
[15426.892992847319, 18146.26375748077]
[15427.403612729737, 18145.930494317134]
[15427.813776397214, 18145.758680812676]
[15427.903929262562, 18145.704562689898]
[15428.121159409888, 18145.67966038752]
[15428.154404911846, 18145.59190261124]
[15428.495459159827, 18145.425555329843]
[15429.059410339265, 18145.218657080088]
[15429.401179056256, 18145.05285018814]
[15429.556044665398, 18145.008892613507]
[15430.154220875598, 18144.694991208737]
[15430.840719713224, 18144.503161160344]
[15431.570819925764, 18144.39671007522]
[15431.94033735171, 18144.24235669862]
[15432.267919833093, 18143.950521665196]
[15433.508420527041, 18143.20866195255]
[15433.85576452866, 18143.048549301973]
[15434.62281486942, 18142.72566636046]
[15435.716540972358, 18142.268560457214]
[15435.74130766026, 18142.246690065498]
[15435.9894232351, 18142.159930395297]
[15436.837303962335, 18142.009268806924]
[15437.463729805864, 18141.528647971645]
[15437.762046147654, 18141.441354269267]
[15438.117773872764, 18141.344895390717]
[15438.297083738318, 18141.217967399127]
[15438.420102358825, 18141.202553113824]
[15439.243577932693, 18140.816216679366]
[15439.271758010702, 18140.784124995138]
[15439.799925352048, 18140.710104651444]
[15440.210036791565, 18140.410667673063]
[15440.44683837378, 18140.301259771742]
[15440.507633153487, 18140.283105475082]
[15440.80220181293, 18140.149123133342]
[15440.932766240167, 18140.0979471548]
[15441.06338347146, 18140.04682217428]
[15441.230132520872, 18139.994092051857]
[15441.553511306794, 18139.963649455727]
[15441.586380418836, 18139.842832240083]
[15442.336704060075, 18139.614536637153]
[15442.372459805025, 18139.53837734465]
[15442.473035441353, 18139.496177321416]
[15442.572807081504, 18139.446932917104]
[15442.634908628228, 18139.437300393296]
[15442.730016883093, 18139.388425700876]
[15442.766212228378, 18139.386838421928]
[15443.160439771895, 18139.235758529558]
[15443.339020500973, 18139.15196332047]
[15443.640577017442, 18139.041074455617]
[15444.450489114712, 18138.720989812795]
[15444.498457588816, 18138.70810699995]
[15444.550902675648, 18138.650341079494]
[15444.615251540697, 18138.64781836359]
[15444.747355006768, 18138.598134078533]
[15445.177905826415, 18138.425859170373]
[15445.310235954827, 18138.376395723288]
[15445.619693963641, 18138.28752896589]
[15445.895514777387, 18138.17163768829]
[15446.169937861609, 18138.078378965005]
[15446.301512992715, 18138.073482215786]
[15446.415498202326, 18137.9924925304]
[15446.503581764495, 18137.933520224182]
[15446.67054440563, 18137.861235223605]
[15446.769350151837, 18137.83566459105]
[15446.837600836267, 18137.789046470763]
[15447.202565501007, 18137.665999279565]
[15447.53965905571, 18137.54409071963]
[15447.567921577753, 18137.543322056576]
[15447.69354465873, 18137.489506183232]
[15447.84399872863, 18137.42942242359]
[15447.912602007436, 18137.40651542728]
[15447.984042849426, 18137.373881725063]
[15448.012660871116, 18137.370203617735]
[15448.075554411922, 18137.343378128713]
[15448.086037950727, 18137.338908529862]
[15448.59930503785, 18137.154754571606]
[15448.637477276574, 18137.134312151502]
[15448.685232913556, 18137.120457290697]
[15448.771183914138, 18137.08618319593]
[15448.904943299469, 18137.03810526055]
[15448.971842772247, 18137.014085425544]
[15449.063618073777, 18136.98383395188]
[15449.063851078505, 18136.98107897924]
[15449.07221670622, 18136.97807958901]
[15449.186973096914, 18136.940300796257]
[15449.239572528008, 18136.918133637777]
[15449.373516523014, 18136.87023427588]
[15449.474009132235, 18136.834343237486]
[15449.507513261507, 18136.82238593577]
[15449.557775636176, 18136.804455962367]
[15449.70860726119, 18136.750709092263]
[15449.712797981403, 18136.749217045442]
[15449.758899303026, 18136.732807819]
[15449.775664965126, 18136.726842322376]
[15449.821774785007, 18136.71044131739]
[15449.8678908369, 18136.694046341483]
[15449.888854738825, 18136.6865960728]
[15449.909819928343, 18136.679147049796]
[15449.943366909762, 18136.66723120401]
[15449.976917187389, 18136.655318547186]
[15450.010470761219, 18136.643409079323]
[15450.044027631231, 18136.63150280043]
[15450.050319911315, 18136.629270728157]
[15450.077587797414, 18136.61959971051]
[15450.111151259754, 18136.60769980956]
[15450.127934226975, 18136.601751054957]
[15450.144718018231, 18136.595803097603]
[15450.161502633518, 18136.5898559375]
[15450.178288072833, 18136.58390957463]
[15450.186681101502, 18136.58093669217]
[15450.203467776859, 18136.574991525187]
[15450.211861423548, 18136.57201924066]
[15450.228649334938, 18136.566075269544]
[15450.245438070357, 18136.56013209569]
[15450.253832747068, 18136.557160807726]
[15450.279018013243, 18136.54824813972]
[15450.287413513975, 18136.54527764901]
[15450.300007151332, 18136.54082228666]
[15450.306304143827, 18136.538594773654]
[15450.312601252197, 18136.536367372762]
[15450.329394107694, 18136.530428185168]
[15450.354584935958, 18136.521520898626]
[15450.379777618236, 18136.51261540591]
[15450.415470425176, 18136.500002361914]
[15450.421769542061, 18136.497776904336]
[15450.428068774823, 18136.495551558877]
[15450.437517841234, 18136.4922137509]
[15450.44066758797, 18136.49110120429]
[15450.446967168362, 18136.488876195173]
[15450.44906705424, 18136.48813455038]
[15450.455366789123, 18136.485909690746]
[15450.480566887414, 18136.47701137336]
[15450.486867201671, 18136.4747870743]
[15450.493167631805, 18136.472562887353]
[15450.496317890324, 18136.47145083593]
[15450.504193663359, 18136.468670829978]
[15450.512069617442, 18136.46589099921]
[15450.521521001334, 18136.462555433525]
[15450.52467152057, 18136.46144363435]
[15450.530972645945, 18136.4592201201]
[15450.537273887192, 18136.45699671796]
[15450.543575244314, 18136.454773427933]
[15450.556178306177, 18136.450327184233]
[15450.568781831527, 18136.445881388994]
[15450.575083768015, 18136.443658659544]
[15450.581385820371, 18136.441436042216]
[15450.712704930647, 18136.39515701298]
[15450.850381328111, 18136.346708811583]
[15451.119587767753, 18136.252185683705]
[15783.018208215859, 18037.76403529874]
values
[15275.662164697635, 18401.0083331262]
[15276.070832879448, 18400.598807858336]
[15276.100948316838, 18400.3613074297]
[15276.11004455, 18400.12120983442]
[15276.118066317884, 18399.59812961379]
[15276.13330503822, 18399.521493252218]
[15276.138046262091, 18399.401640352626]
[15276.154548538387, 18398.42227080833]
[15276.155029529898, 18397.54913068207]
[15276.229324624179, 18395.75659074896]
[15276.278233873232, 18395.713128387273]
[15276.291388254955, 18393.63199749093]
[15276.314652544681, 18392.392600775445]
[15276.35161912937, 18392.215957923465]
[15276.358655500884, 18391.920133497202]
[15276.364893609973, 18391.445195578766]
[15276.364985697695, 18391.42016718736]
[15276.411963153634, 18390.246508913926]
[15276.464400144188, 18388.38364474329]
[15276.516984246355, 18387.702472237066]
[15276.556621781085, 18386.442057013966]
[15276.625320888461, 18385.277489215667]
[15276.648341171218, 18384.788404794337]
[15276.678371769096, 18384.567015626224]
[15276.679559082322, 18384.320359130426]
[15276.681717023876, 18384.074870698696]
[15276.743421053461, 18383.385717622106]
[15276.75412514294, 18383.378936158286]
[15276.78765647557, 18382.353430606225]
[15276.811611922436, 18382.20748082733]
[15276.86342108029, 18381.210672040223]
[15277.008870834834, 18380.05869174478]
[15277.148707278746, 18376.846662246917]
[15277.186736670936, 18376.385007284076]
[15277.211871887546, 18376.103476390297]
[15277.328560546772, 18375.297481131973]
[15277.340143946745, 18374.468241393908]
[15277.352764941932, 18374.234410040684]
[15277.364443055643, 18374.068728423837]
[15277.380920400152, 18373.770256024607]
[15277.389162408404, 18373.598908329346]
[15277.400324255965, 18373.46652628018]
[15277.422225029237, 18373.409961139118]
[15277.508085332634, 18372.70918732352]
[15277.517711223694, 18372.576611775978]
[15277.643784488582, 18370.641895376757]
[15277.661666679667, 18370.478430818985]
[15277.67417352063, 18370.24301759327]
[15277.747019583305, 18369.49774273158]
[15277.769143333018, 18369.26981268504]
[15277.77321943751, 18369.216927178644]
[15277.791385929937, 18369.042003710256]
[15277.802551795874, 18368.92814462606]
[15277.820028817763, 18368.81800848022]
[15277.832349657572, 18368.639825326314]
[15277.836227662547, 18368.58674899255]
[15277.853397843679, 18368.356659494148]
[15277.904381597691, 18367.904775058018]
[15277.912800392736, 18367.59711479193]
[15277.937463746079, 18367.538536141015]
[15277.941772556074, 18367.536140452776]
[15278.034950373261, 18366.720220269304]
[15278.037788917425, 18366.540446973282]
[15278.075584277047, 18366.08370391286]
[15278.09502579448, 18365.96280260659]
[15278.11622781284, 18365.73764184217]
[15278.138401377235, 18365.5136516528]
[15278.16758015578, 18365.362677968868]
[15278.240666165333, 18365.03762269773]
[15278.242680053982, 18364.501487126447]
[15278.499870221696, 18362.75472841188]
[15278.581621190155, 18361.3740446697]
[15278.602183825022, 18361.15014702084]
[15278.628070617084, 18360.92578509366]
[15278.678406721592, 18360.482209238555]
[15278.73280618272, 18360.029549582618]
[15278.745713040073, 18359.930809359354]
[15278.790740527076, 18359.6091114983]
[15278.830297267978, 18359.160367132677]
[15278.864396167442, 18358.91284437896]
[15278.890320903081, 18358.691606095002]
[15278.974498915582, 18358.146152350644]
[15279.01872873741, 18357.606070307338]
[15279.164612272749, 18356.339381643902]
[15279.205545565184, 18356.06184367244]
[15279.300324648482, 18355.390713506455]
[15279.333001592746, 18355.06243158127]
[15279.356540075561, 18354.757289727855]
[15279.445839171409, 18354.287651124014]
[15279.55152951903, 18353.731984332753]
[15279.562300297037, 18353.402313483468]
[15279.594498181339, 18353.18766695361]
[15279.66181010676, 18352.761889810226]
[15279.673934083808, 18352.54603251504]
[15279.750553605354, 18352.027162189752]
[15279.821394137092, 18351.478281189724]
[15279.983026135464, 18350.357208246245]
[15279.983026135465, 18350.35720824624]
[15280.109482462543, 18350.045733435098]
[15280.252361970039, 18348.52329291003]
[15280.380671448695, 18347.76343651025]
[15280.637688731344, 18346.74826351644]
[15280.638947662675, 18346.016529093184]
[15280.719354138746, 18345.6038840604]
[15280.788975607677, 18345.52664062271]
[15280.895980009764, 18345.17155619273]
[15280.941966500375, 18344.876691161113]
[15280.979537263722, 18344.555519382553]
[15281.160327651847, 18342.82305831438]
[15281.204105984356, 18342.62044178913]
[15281.248856828865, 18342.418998564044]
[15281.288807276616, 18342.098199081363]
[15281.339479926388, 18341.78578725829]
[15281.526512710005, 18340.69008842882]
[15281.572507836903, 18340.489786155762]
[15281.712439355026, 18339.659356866145]
[15281.714323331913, 18339.62823235082]
[15281.90527942416, 18338.56946302265]
[15282.002676472715, 18338.17466266783]
[15282.101755470136, 18337.4831913998]
[15282.342666043529, 18337.003993450246]
[15282.49610533471, 18335.443542463694]
[15282.700187182729, 18334.430258315693]
[15282.734211047598, 18334.31124336946]
[15282.906812703282, 18333.35416846521]
[15283.016771626126, 18332.972599869547]
[15283.33010348579, 18331.277156569322]
[15283.444498516044, 18330.900225253386]
[15283.54773888957, 18330.27697275028]
[15283.713045330614, 18329.590711862296]
[15283.99039096391, 18328.218881947614]
[15284.051166708905, 18328.034132236848]
[15284.216436187115, 18327.194476692475]
[15284.284996063176, 18326.94358697876]
[15284.383606338171, 18326.35676990993]
[15284.445627579147, 18326.173165683565]
[15284.681425494116, 18325.190459822912]
[15284.913448992816, 18324.139828841526]
[15285.04484894582, 18323.780790488818]
[15285.156025840088, 18323.163683604922]
[15285.502317264263, 18322.236203520144]
[15285.643211662209, 18321.14929420439]
[15286.020447008093, 18319.7620635701]
[15286.218163228754, 18319.246285714147]
[15286.34501875399, 18318.672399937084]
[15286.65534043117, 18317.15769511606]
[15286.922865648594, 18316.205620838806]
[15287.055855175422, 18316.083097646926]
[15287.187154473775, 18315.21875607495]
[15287.377776919902, 18314.4030052374]
[15287.454589891124, 18314.234992828267]
[15287.71781289187, 18313.21570083184]
[15287.828425020545, 18313.126865120514]
[15288.22165517107, 18311.660162920518]
[15288.29175367539, 18311.37811685658]
[15288.363899574206, 18311.11818962405]
[15288.441540909504, 18311.06134391649]
[15288.7651755671, 18309.564363461515]
[15288.830629652522, 18309.323349229584]
[15288.959744626107, 18308.953141876973]
[15289.090052257814, 18308.584290515846]
[15289.354245482305, 18307.850656347655]
[15289.539923909837, 18306.908372693997]
[15290.132267274052, 18304.874274235015]
[15290.302007568554, 18304.56807305201]
[15290.401514129082, 18304.242922417863]
[15290.474901252524, 18304.10311706551]
[15290.594250498543, 18303.577983733787]
[15290.845335590993, 18303.390475031985]
[15290.909250291787, 18302.67196576743]
[15291.079800894426, 18302.304030076568]
[15291.494568891654, 18300.480420175558]
[15291.565576534058, 18300.30208771845]
[15291.636882348283, 18300.124094663293]
[15291.925087307907, 18299.415516817546]
[15291.988472957255, 18299.247591126812]
[15292.008534870825, 18299.228297173537]
[15292.18332022571, 18299.072741700795]
[15292.188191973803, 18298.748783941555]
[15292.33801310238, 18298.142692731577]
[15292.380235854856, 18298.068388278727]
[15292.482421507484, 18297.986116387354]
[15292.489980088712, 18297.6469999383]
[15292.806495208797, 18297.058279997294]
[15292.915018112557, 18296.391962864378]
[15293.140313215938, 18295.755776225033]
[15293.572965260866, 18294.544568941557]
[15293.96187555502, 18293.736028013907]
[15294.184977843926, 18293.50833445128]
[15294.401179859036, 18291.85854048562]
[15294.703527144202, 18291.566875834273]
[15294.71339783771, 18291.175056569824]
[15295.194654294053, 18290.480083724622]
[15295.201667665238, 18289.8623654716]
[15295.47721680431, 18289.4489348692]
[15295.514055817213, 18289.013674303773]
[15295.754303883059, 18288.869262768858]
[15295.807954030945, 18288.247429805524]
[15295.98994524455, 18288.220479492116]
[15296.02319844172, 18287.603236202434]
[15296.106513933422, 18287.553642724266]
[15296.562677537495, 18286.654618788092]
[15296.740406750934, 18285.537390907622]
[15297.060234297098, 18285.381228972972]
[15297.294564102052, 18284.3413217091]
[15297.459498373933, 18284.102344676994]
[15297.462545785607, 18284.09694554194]
[15297.466578645199, 18283.622794784318]
[15297.719199373772, 18283.12954018765]
[15298.06020116152, 18282.4766307722]
[15298.180751029835, 18282.170223775007]
[15298.240583780836, 18281.851334726904]
[15298.673227177582, 18281.74289088413]
[15298.920174929413, 18280.249269998305]
[15299.123575470585, 18279.645758755803]
[15299.541888945145, 18278.826156670082]
[15299.565101006126, 18278.603648756856]
[15299.801031770416, 18278.178314798195]
[15300.268544765982, 18277.817632786177]
[15300.341222729661, 18277.229577873335]
[15300.76178742493, 18275.595138093082]
[15300.942505717752, 18275.279225981096]
[15301.37391073436, 18274.476309179787]
[15301.49699661132, 18274.0355532407]
[15302.297971012313, 18272.807662501895]
[15302.441454342154, 18271.88359935014]
[15303.359887804489, 18270.132808841878]
[15303.5278504105, 18270.027459554945]
[15303.592391633447, 18269.385431057868]
[15303.908287552873, 18269.067919442587]
[15304.28681121563, 18267.77585071124]
[15304.383322168032, 18267.624365943386]
[15304.607751177164, 18267.58578525351]
[15304.710914962901, 18267.265886865687]
[15304.913450281725, 18266.817057000782]
[15304.998867128714, 18266.755265540196]
[15305.092493076629, 18266.424304687793]
[15305.411957264936, 18266.33136834143]
[15306.011168722962, 18265.33919507513]
[15306.229290080613, 18265.171422284806]
[15306.471469326694, 18264.407040516468]
[15307.333745676173, 18262.699666139593]
[15307.607145552878, 18261.864320385128]
[15308.041645518648, 18260.165205708086]
[15308.939165426818, 18259.43033713476]
[15309.88772696406, 18258.69822248607]
[15310.062495132064, 18257.054086916716]
[15310.462514430414, 18256.729181341754]
[15311.296804610813, 18254.961493403003]
[15311.760955636744, 18254.13527819415]
[15312.009109626537, 18253.638377356827]
[15312.383098422064, 18252.040649259503]
[15313.557341639416, 18251.699112167433]
[15313.691868378999, 18251.69100019521]
[15313.743580776109, 18250.57872715355]
[15314.40391371043, 18248.020225562937]
[15315.22101106112, 18247.963416070153]
[15316.405067382431, 18244.553931290586]
[15317.503194487483, 18244.231832081652]
[15317.791525348026, 18243.6878619188]
[15318.34357938257, 18242.878678254343]
[15318.789016848852, 18241.02934596142]
[15319.37354330315, 18240.979929919828]
[15319.386877619794, 18240.79391369231]
[15319.92854119791, 18239.112486089227]
[15320.111753533021, 18238.39338545995]
[15320.863405317876, 18237.549180962877]
[15321.384880032803, 18236.373578960945]
[15321.897135740532, 18236.030522639536]
[15322.35390145463, 18235.208538919604]
[15322.535696627372, 18235.13994941972]
[15322.875600259164, 18234.381205326325]
[15322.964615755209, 18234.15771674609]
[15323.165227308007, 18233.77733367636]
[15323.616794791462, 18233.164619318653]
[15323.71732664189, 18232.975245168454]
[15323.987473930501, 18232.384562371153]
[15324.438532419594, 18232.120894687912]
[15324.777786182656, 18231.91487588304]
[15325.079089857945, 18231.47616373597]
[15325.142026670452, 18230.81971653345]
[15325.432985123614, 18230.3218761]
[15325.764412517367, 18230.075085548466]
[15325.97984700709, 18229.72703303613]
[15326.105788497633, 18229.606402476176]
[15326.272508843433, 18229.235299303484]
[15326.382636364131, 18229.139978167917]
[15326.66518176161, 18228.463043951255]
[15326.948185944826, 18228.2637402524]
[15327.02761526928, 18227.995561807107]
[15327.161119548451, 18227.900873710223]
[15327.295121014542, 18227.80670328769]
[15327.447655890746, 18227.508040913257]
[15327.62856211215, 18227.296490983]
[15327.735254257957, 18227.115876379125]
[15327.914398752702, 18226.617312838414]
[15328.03220044032, 18226.527609983343]
[15328.279197343472, 18226.154127202797]
[15328.95733107236, 18225.843089408754]
[15329.003410873453, 18225.374924565123]
[15329.198957517563, 18225.20072141449]
[15329.417993921368, 18224.609066575]
[15329.660966755582, 18224.438238732062]
[15329.697883071822, 18224.42060879668]
[15329.697883071824, 18224.420608796678]
[15329.807653066138, 18224.244377850777]
[15329.919024579482, 18224.06943146803]
[15330.39705354488, 18223.470605569983]
[15330.944923869829, 18222.62389943199]
[15331.100922084754, 18222.52491556711]
[15331.326165454522, 18222.17958625228]
[15331.551280140213, 18222.07008072721]
[15331.871471788292, 18221.540695611282]
[15331.922334751376, 18221.411694730312]
[15332.16553330523, 18221.114469341785]
[15332.245899790989, 18220.82267234015]
[15332.522752513352, 18220.646477945396]
[15333.336034449, 18219.975953521007]
[15333.559418166993, 18219.567217313976]
[15333.94762722094, 18219.214391879636]
[15334.05480407028, 18218.777067275034]
[15334.68802804703, 18217.67810943617]
[15335.191643658087, 18217.27430546361]
[15335.40448072069, 18216.95303396133]
[15335.492773836842, 18216.86703802381]
[15336.021978036611, 18216.620412892753]
[15336.022945172595, 18216.43629886912]
[15336.159529428798, 18216.02591244312]
[15336.58921789209, 18215.488465488597]
[15336.757204650352, 18215.196352956984]
[15336.90097453719, 18215.11475240487]
[15337.159598714308, 18214.779543663102]
[15337.647115660604, 18214.207911586145]
[15338.271443072155, 18213.47019123011]
[15338.397952550988, 18213.305390637197]
[15339.074985226565, 18213.037697013402]
[15339.913712620328, 18211.513310933533]
[15340.471517629489, 18211.22717799264]
[15340.781250871558, 18210.897626225957]
[15341.056911895672, 18210.860605623366]
[15341.148534308735, 18210.51711524841]
[15341.448252680464, 18209.738518431735]
[15342.211623022922, 18209.644154674937]
[15342.221837816287, 18209.45683343787]
[15342.315879656788, 18209.027275456574]
[15342.963546753757, 18208.850978812905]
[15343.014348857181, 18208.260281203326]
[15343.506599552384, 18207.981878301514]
[15343.970889261005, 18207.732055532495]
[15344.558785164705, 18207.01812824327]
[15344.573664193396, 18206.240815328518]
[15345.906904906615, 18205.11475404266]
[15346.164531196084, 18204.517914745942]
[15346.499379859046, 18204.162013660673]
[15347.205470570334, 18204.13966669696]
[15347.424951973453, 18203.715655496708]
[15347.894966903461, 18203.260158972833]
[15348.69448264341, 18202.584537348546]
[15348.695935173315, 18202.25156469946]
[15348.979487251825, 18202.206045165425]
[15349.595968219879, 18201.29270561428]
[15349.812424746548, 18201.01116138875]
[15350.65255864478, 18200.183458330488]
[15350.901964615858, 18200.17598097931]
[15351.060074861363, 18200.05797320354]
[15351.325583076228, 18199.48071619327]
[15351.716515783415, 18199.18326619956]
[15352.458045220767, 18198.846500139658]
[15352.957417769692, 18197.971329504508]
[15353.490798049463, 18197.49232310377]
[15354.269000550154, 18197.159954738057]
[15354.436097958745, 18196.122798288998]
[15355.962739580944, 18194.965797001616]
[15356.659118644033, 18194.33163052132]
[15357.34294449153, 18193.50466837178]
[15357.5376992717, 18193.193224344926]
[15357.82605271175, 18192.942483058458]
[15358.11996886012, 18192.887762046506]
[15358.379908694478, 18192.862013127342]
[15358.503161433071, 18192.718070872976]
[15359.769315113439, 18191.260782730504]
[15361.55165462496, 18190.349056982293]
[15361.762245072367, 18189.730714363523]
[15362.324620690506, 18189.695570494252]
[15364.29950813709, 18187.168876790445]
[15364.902403859644, 18186.70933421026]
[15366.944167355976, 18185.07409270841]
[15368.317170396018, 18185.025852820803]
[15368.95259288402, 18183.131258332]
[15369.77916640279, 18182.64089634582]
[15369.954062246368, 18182.598625446957]
[15371.033316614781, 18181.59934158735]
[15371.319699633297, 18181.053205905788]
[15372.17230579405, 18180.86520873835]
[15372.582233165445, 18180.43551308962]
[15372.69845369704, 18179.865046895833]
[15373.525954607869, 18179.70907135602]
[15373.831025580763, 18179.26772804736]
[15375.121351777965, 18177.93787011832]
[15376.126280875873, 18177.093853492763]
[15376.212837250145, 18176.943175113254]
[15377.473803508052, 18176.02526781736]
[15377.751491925203, 18175.836628670426]
[15378.648425346431, 18175.297707944366]
[15380.77905025957, 18173.557771113916]
[15381.322489804961, 18173.23690050187]
[15381.500644418275, 18172.946742024847]
[15382.462010374813, 18172.205043574486]
[15383.171450881393, 18171.733981920734]
[15383.185692447902, 18171.69416637643]
[15383.669545592833, 18171.4266207976]
[15383.769948281935, 18171.238210713953]
[15384.356348885012, 18170.78447368892]
[15384.635221731332, 18170.766394195707]
[15385.075643059487, 18170.356375221843]
[15385.087978602025, 18170.328756139937]
[15385.183311515893, 18170.190914933795]
[15385.354764246973, 18170.170769187254]
[15385.473740682077, 18170.003527209064]
[15386.498757827529, 18169.70445711483]
[15386.707861750137, 18169.55867498801]
[15386.747474608388, 18169.097447482338]
[15387.34101766548, 18168.914198295675]
[15387.681143625472, 18168.62217697313]
[15388.128628780529, 18168.30683957284]
[15388.342594866248, 18168.29841802264]
[15388.545788842275, 18168.041131303708]
[15388.555057470652, 18168.022777099955]
[15388.565160020942, 18167.874691953555]
[15388.73842325574, 18167.771664827334]
[15389.585782043152, 18167.359507469333]
[15390.697859746231, 18166.658273229998]
[15390.705647988847, 18166.41438150746]
[15391.00264641352, 18166.229539169148]
[15391.609487117148, 18165.796607758104]
[15392.451948919115, 18165.27549283235]
[15392.647953504409, 18165.242615225434]
[15392.763749045616, 18165.047872472802]
[15393.466710809256, 18164.608798516838]
[15394.105255497278, 18164.44627336421]
[15394.17512109926, 18164.32430973923]
[15394.420009349085, 18164.039559451503]
[15395.033732632892, 18163.93277119334]
[15395.363027930875, 18163.60411205384]
[15395.404896146934, 18163.32554338411]
[15395.6221851497, 18163.2676625696]
[15396.366343714853, 18162.764315067245]
[15396.57780242111, 18162.593423429167]
[15397.500694465603, 18162.185823887095]
[15397.916619971922, 18161.74984046342]
[15398.136803328835, 18161.67894209407]
[15398.296616178377, 18161.591661727216]
[15398.330676448508, 18161.507246829828]
[15398.345923711935, 18161.4347389219]
[15399.263357960212, 18160.91406463042]
[15399.731206499808, 18160.61857807094]
[15400.292912940107, 18160.311963463555]
[15400.454901244906, 18160.19856575945]
[15400.675403400113, 18160.139447766232]
[15400.777896930527, 18160.077885937873]
[15401.071945084814, 18160.00404837292]
[15401.161901769388, 18159.90627429244]
[15401.652364393072, 18159.487939209357]
[15402.165317612664, 18159.240781552588]
[15402.705601594313, 18159.16113330188]
[15404.403508731704, 18157.979209532838]
[15405.455408520995, 18157.561955343575]
[15406.83311487414, 18156.480198142468]
[15407.224297727143, 18156.313336035204]
[15408.248524404507, 18155.764624033945]
[15409.51184528823, 18155.05127649594]
[15410.446816441225, 18154.595806867317]
[15412.993560485358, 18153.307342502696]
[15413.504961775827, 18152.8711681304]
[15415.494876810142, 18152.71434442906]
[15416.19205559318, 18152.36368745628]
[15416.641284838106, 18151.227010040024]
[15416.87033985292, 18151.175361407742]
[15416.934217813945, 18151.04957629855]
[15418.062783154624, 18150.552476289162]
[15419.692070186753, 18150.402822972046]
[15420.426663576189, 18149.29785373973]
[15423.23701702592, 18148.333658562886]
[15423.781674360513, 18147.6541786097]
[15425.569772036717, 18146.782587007543]
[15425.665346606938, 18146.778796620005]
[15425.751732131243, 18146.728509019]
[15426.637946706182, 18146.375613543536]
[15426.649392428964, 18146.24967621896]
[15427.351108708874, 18145.9140418995]
[15427.813776397214, 18145.758680812676]
[15427.903929262562, 18145.704562689898]
[15428.121159409888, 18145.67966038752]
[15428.154404911846, 18145.59190261124]
[15428.495459159827, 18145.425555329843]
[15429.059410339265, 18145.218657080088]
[15429.401179056256, 18145.05285018814]
[15429.556044665398, 18145.008892613507]
[15430.154220875598, 18144.694991208737]
[15430.840719713224, 18144.503161160344]
[15431.570819925764, 18144.39671007522]
[15431.94033735171, 18144.24235669862]
[15432.267919833093, 18143.950521665196]
[15433.508420527041, 18143.20866195255]
[15433.797921312265, 18143.073004925453]
[15433.85576452866, 18143.048549301973]
[15434.278927314985, 18142.90268236443]
[15434.62281486942, 18142.72566636046]
[15435.233675722804, 18142.51458243886]
[15435.523181510896, 18142.42496206145]
[15435.716540972358, 18142.268560457214]
[15435.74130766026, 18142.246690065498]
[15435.9894232351, 18142.159930395297]
[15436.587364435383, 18141.94185647141]
[15436.867898300128, 18141.82735361803]
[15437.174337921499, 18141.683770812906]
[15437.463729805864, 18141.528647971645]
[15437.762046147654, 18141.441354269267]
[15438.117773872764, 18141.344895390717]
[15438.137475319809, 18141.302008405386]
[15438.297083738318, 18141.217967399127]
[15438.420102358825, 18141.202553113824]
[15438.535741995449, 18141.118649408883]
[15439.0023271845, 18140.85336178492]
[15439.243577932693, 18140.816216679366]
[15439.271758010702, 18140.784124995138]
[15439.296407736281, 18140.768481600087]
[15439.614847718887, 18140.64176393923]
[15440.203359231415, 18140.472353832047]
[15440.210036791565, 18140.410667673063]
[15440.44683837378, 18140.301259771742]
[15440.507633153487, 18140.283105475082]
[15440.56572022629, 18140.241997055455]
[15440.743065157381, 18140.172325911764]
[15440.80220181293, 18140.149123133342]
[15440.92626227021, 18140.100494751707]
[15440.932766240167, 18140.0979471548]
[15441.06338347146, 18140.04682217428]
[15441.16300821056, 18140.00787613834]
[15441.230132520872, 18139.994092051857]
[15441.524217550797, 18139.86701832136]
[15441.586380418836, 18139.842832240083]
[15442.336704060075, 18139.614536637153]
[15442.372459805025, 18139.53837734465]
[15442.473035441353, 18139.496177321416]
[15442.497122294793, 18139.49033048391]
[15442.497128003948, 18139.490328284992]
[15442.49753076129, 18139.490173160444]
[15442.497939228302, 18139.490015837462]
[15442.498756163854, 18139.48970119299]
[15442.503657820136, 18139.487813367665]
[15442.572807081504, 18139.446932917104]
[15442.634908628228, 18139.437300393296]
[15442.730016883093, 18139.388425700876]
[15442.766212228378, 18139.386838421928]
[15443.044463450731, 18139.31944154955]
[15443.160439771895, 18139.235758529558]
[15443.339020500973, 18139.15196332047]
[15443.58804935149, 18139.087881479063]
[15443.640577017442, 18139.041074455617]
[15443.893610913245, 18138.930510845654]
[15444.010041667867, 18138.912338141847]
[15444.1915364421, 18138.849589033187]
[15444.450489114712, 18138.720989812795]
[15444.498457588816, 18138.70810699995]
[15444.550902675648, 18138.650341079494]
[15444.615251540697, 18138.64781836359]
[15444.6849517721, 18138.630710900416]
[15444.747355006768, 18138.598134078533]
[15444.983617506105, 18138.550556221115]
[15445.177905826415, 18138.425859170373]
[15445.310235954827, 18138.376395723288]
[15445.610763379347, 18138.34578960147]
[15445.619693963641, 18138.28752896589]
[15445.895514777387, 18138.17163768829]
[15445.945461101006, 18138.118345140727]
[15446.169937861609, 18138.078378965005]
[15446.301512992715, 18138.073482215786]
[15446.415498202326, 18137.9924925304]
[15446.503581764495, 18137.933520224182]
[15446.67054440563, 18137.861235223605]
[15446.769350151837, 18137.83566459105]
[15446.837600836267, 18137.789046470763]
[15447.202565501007, 18137.665999279565]
[15447.53475124422, 18137.533927551416]
[15447.661383262033, 18137.487793892768]
[15447.782186812714, 18137.443842690453]
[15447.84399872863, 18137.42942242359]
[15447.908911883847, 18137.397799019778]
[15447.984042849426, 18137.373881725063]
[15448.012660871116, 18137.370203617735]
[15448.075554411922, 18137.343378128713]
[15448.086037950727, 18137.338908529862]
[15448.340787956524, 18137.263753367275]
[15448.59930503785, 18137.154754571606]
[15448.637477276574, 18137.134312151502]
[15448.640806244804, 18137.133113008265]
[15448.685232913556, 18137.120457290697]
[15448.771183914138, 18137.08618319593]
[15448.904943299469, 18137.03810526055]
[15448.971842772247, 18137.014085425544]
[15449.063618073777, 18136.98383395188]
[15449.063851078505, 18136.98107897924]
[15449.07221670622, 18136.97807958901]
[15449.131582634773, 18136.95680253081]
[15449.186973096914, 18136.940300796257]
[15449.239572528008, 18136.918133637777]
[15449.25881392229, 18136.91124847407]
[15449.25904841817, 18136.911164573117]
[15449.373516523014, 18136.87023427588]
[15449.38018894069, 18136.86784999697]
[15449.386092831106, 18136.865740483165]
[15449.474009132235, 18136.834343237486]
[15449.507513261507, 18136.82238593577]
[15449.513836554095, 18136.820129703076]
[15449.557775636176, 18136.804455962367]
[15449.70860726119, 18136.750709092263]
[15449.712797981403, 18136.749217045442]
[15449.75215397615, 18136.735208224192]
[15449.758899303026, 18136.732807819]
[15449.775664965126, 18136.726842322376]
[15449.821774785007, 18136.71044131739]
[15449.8678908369, 18136.694046341483]
[15449.888854738825, 18136.6865960728]
[15449.909819928343, 18136.679147049796]
[15449.943366909762, 18136.66723120401]
[15449.976917187389, 18136.655318547186]
[15450.010470761219, 18136.643409079323]
[15450.044027631231, 18136.63150280043]
[15450.050319911315, 18136.629270728157]
[15450.057398864927, 18136.62675978086]
[15450.077587797414, 18136.61959971051]
[15450.111151259754, 18136.60769980956]
[15450.127934226975, 18136.601751054957]
[15450.144718018231, 18136.595803097603]
[15450.161502633518, 18136.5898559375]
[15450.178288072833, 18136.58390957463]
[15450.186681101502, 18136.58093669217]
[15450.190877693092, 18136.579450325684]
[15450.19353337531, 18136.578509760133]
[15450.203467776859, 18136.574991525187]
[15450.211861423548, 18136.57201924066]
[15450.228649334938, 18136.566075269544]
[15450.245438070357, 18136.56013209569]
[15450.253832747068, 18136.557160807726]
[15450.279018013243, 18136.54824813972]
[15450.287413513975, 18136.54527764901]
[15450.300007151332, 18136.54082228666]
[15450.306304143827, 18136.538594773654]
[15450.312601252197, 18136.536367372762]
[15450.329394107694, 18136.530428185168]
[15450.354584935958, 18136.521520898626]
[15450.379777618236, 18136.51261540591]
[15450.415470425176, 18136.500002361914]
[15450.421769542061, 18136.497776904336]
[15450.428068774823, 18136.495551558877]
[15450.437517841234, 18136.4922137509]
[15450.44066758797, 18136.49110120429]
[15450.446967168362, 18136.488876195173]
[15450.44906705424, 18136.48813455038]
[15450.455366789123, 18136.485909690746]
[15450.472166648651, 18136.47997727984]
[15450.477941790676, 18136.477938197724]
[15450.480566887414, 18136.47701137336]
[15450.486867201671, 18136.4747870743]
[15450.493167631805, 18136.472562887353]
[15450.496317890324, 18136.47145083593]
[15450.496842936227, 18136.471265496744]
[15450.504193663359, 18136.468670829978]
[15450.506293900075, 18136.467929524642]
[15450.511019479773, 18136.466261633188]
[15450.512069617442, 18136.46589099921]
[15450.521521001334, 18136.462555433525]
[15450.52467152057, 18136.46144363435]
[15450.530972645945, 18136.4592201201]
[15450.537273887192, 18136.45699671796]
[15450.543575244314, 18136.454773427933]
[15450.556178306177, 18136.450327184233]
[15450.568781831527, 18136.445881388994]
[15450.575083768015, 18136.443658659544]
[15450.576659270242, 18136.443102994697]
[15450.578234779707, 18136.44254733686]
[15450.579810296418, 18136.441991686035]
[15450.581385820371, 18136.441436042216]
[15450.643887444916, 18136.41940115564]
[15450.648614922024, 18136.417735100076]
[15450.673829234043, 18136.408850535503]
[15450.690639805356, 18136.402928489042]
[15450.701146830854, 18136.399227614864]
[15450.702460231672, 18136.398765027494]
[15450.703248274574, 18136.398487477403]
[15450.70955268299, 18136.39626713976]
[15450.712704930647, 18136.39515701298]
[15450.715857207273, 18136.394046914233]
[15450.718073669123, 18136.39326639283]
[15450.7242634199, 18136.391086787928]
[15450.728417347098, 18136.38962414285]
[15450.732669838513, 18136.388126860948]
[15450.734278903057, 18136.387560335144]
[15450.734802261139, 18136.387376071314]
[15450.735116276373, 18136.387265513386]
[15450.735482627839, 18136.38713652949]
[15450.735918539574, 18136.386983055698]
[15450.735920941717, 18136.386982209966]
[15450.735934913746, 18136.386977290767]
[15450.735941947674, 18136.3869748143]
[15450.735947799705, 18136.386972753953]
[15450.735953651729, 18136.386970693606]
[15450.741076463119, 18136.38516713328]
[15450.749483293714, 18136.382207604936]
[15450.757890330302, 18136.379248275898]
[15450.762093925845, 18136.377768686132]
[15450.766297572884, 18136.37628914619]
[15450.772340405718, 18136.374162394823]
[15450.782587191567, 18136.37055639957]
[15450.783112676012, 18136.370371484718]
[15450.79152053656, 18136.367412952965]
[15450.793622533882, 18136.366673351167]
[15450.793622533885, 18136.366673351164]
[15450.794148035226, 18136.366488452662]
[15450.796775554008, 18136.36556397183]
[15450.798352074931, 18136.365009292673]
[15450.799928603103, 18136.364454620525]
[15450.802030651921, 18136.363715068557]
[15450.802687544818, 18136.36348396112]
[15450.803081681162, 18136.363345297246]
[15450.804132713616, 18136.36297552905]
[15450.805183749291, 18136.362605763967]
[15450.806234788182, 18136.362236001998]
[15450.807811352563, 18136.36168136488]
[15450.809387924179, 18136.361126734777]
[15450.810438975948, 18136.360756985265]
[15450.81254108914, 18136.36001749559]
[15450.81490598187, 18136.359185584588]
[15450.815694283068, 18136.35890828443]
[15450.817665043985, 18136.358215041684]
[15450.818847505963, 18136.357799101297]
[15450.81958654677, 18136.35753914055]
[15450.820949670651, 18136.357059661448]
[15450.822000757826, 18136.35668994619]
[15450.823577394618, 18136.356135379152]
[15450.825154038655, 18136.35558081912]
[15450.82732193603, 18136.354818310516]
[15450.831904127805, 18136.353206688196]
[15450.834318425492, 18136.352357577663]
[15450.836929827823, 18136.351439170485]
[15450.837767451647, 18136.35114459112]
[15450.839147071809, 18136.35065940589]
[15450.841807783498, 18136.34972370667]
[15450.842349782853, 18136.34953310372]
[15450.84289178306, 18136.3493425016]
[15450.844764154004, 18136.348684064273]
[15450.846636535163, 18136.348025636828]
[15450.84720317884, 18136.347826377838]
[15450.850381328111, 18136.346708811583]
[15450.851859547098, 18136.34618902303]
[15450.853337772449, 18136.34566924063]
[15450.854471082865, 18136.345270744965]
[15450.85530874949, 18136.344976207012]
[15450.85624496754, 18136.34464701988]
[15450.85745219986, 18136.344222545384]
[15450.857821761616, 18136.344092605028]
[15450.858757986529, 18136.343763424527]
[15450.860433342741, 18136.343174370846]
[15450.860852183065, 18136.34302710866]
[15450.861271023905, 18136.342879846976]
[15450.861689865258, 18136.342732585777]
[15450.86210870712, 18136.342585325077]
[15450.862527549496, 18136.342438064872]
[15450.86263226017, 18136.342401249898]
[15450.862736970876, 18136.342364434953]
[15450.862789326238, 18136.342346027493]
[15450.862946392384, 18136.342290805158]
[15450.863155814013, 18136.342217175486]
[15450.863312880323, 18136.342161953315]
[15450.863466674487, 18136.342107881675]
[15450.863496124442, 18136.342097527537]
[15450.863548479925, 18136.34207912019]
[15450.863561568794, 18136.34207451835]
[15450.863625377047, 18136.342052084412]
[15450.863627013156, 18136.342051509182]
[15450.86362946732, 18136.34205064634]
[15450.86367936866, 18136.342033101853]
[15450.863692662047, 18136.34202842812]
[15450.863698592944, 18136.342026342918]
[15450.863699001971, 18136.342026199105]
[15450.863708818631, 18136.342022747733]
[15450.863710454738, 18136.342022172506]
[15450.863718635288, 18136.34201929636]
[15450.86372313459, 18136.342017714484]
[15450.863734996385, 18136.342013544072]
[15450.863738370863, 18136.34201235767]
[15450.863739495686, 18136.3420119622]
[15450.863744225067, 18136.342010299424]
[15450.863751357487, 18136.342007791787]
[15450.863760662858, 18136.342004520175]
[15450.86376297003, 18136.342003709015]
[15450.86376533472, 18136.34200287763]
[15450.863769968235, 18136.342001248566]
[15450.863770006581, 18136.342001235087]
[15450.86377237127, 18136.342000403693]
[15450.863778225475, 18136.34199834546]
[15450.863779379062, 18136.341997939875]
[15450.863784079682, 18136.341996287218]
[15451.119587767753, 18136.252185683705]
[15783.018208215859, 18037.76403529874]
end_solutions
[1.179542130949383, -14.434878625403563, 7.21970062379536, -3.2260507283321616, -9.807066629667773, -9.733115560656264, -16.143116210096235, -9.57695714141857, -12.80502116838792, -15.302555142642849, 40.43790584452948, -6.924216487769906, 43.81595058552344, -0.9471195923876878, 19.75855034045219, 41.83873342593584, -7.020113827021277, 17.7648992706996, -10.293366182768176, -41.638242718872405]
[1.1795421299317326, -14.434878622876223, 7.219700623009279, -3.226050728620862, -9.80706663029664, -9.733115562646768, -16.143116211177745, -9.576957141595642, -12.805021167979852, -15.302555144797623, 40.43790584404413, -6.924216490702939, 43.81595058636708, -0.9471195930718252, 19.758550340040813, 41.83873342706384, -7.020113828336022, 17.76489927027326, -10.293366182011688, -41.63824271635695]
[1.1795421299317326, -14.434878622876223, 7.219700623009279, -3.226050728620862, -9.80706663029664, -9.733115562646768, -16.143116211177745, -9.576957141595642, -12.805021167979852, -15.302555144797623, 40.43790584404413, -6.924216490702939, 43.81595058636708, -0.9471195930718252, 19.758550340040813, 41.83873342706384, -7.020113828336022, 17.76489927027326, -10.293366182011688, -41.63824271635695]
[1.1795421000841497, -14.434878548749587, 7.219700599953598, -3.226050737088422, -9.807066648741284, -9.733115621028011, -16.143116242898326, -9.576957146789141, -12.805021156011257, -15.302555207996917, 40.43790582980895, -6.924216576728503, 43.815950611111035, -0.9471196131375023, 19.758550327975165, 41.83873346014806, -7.020113866897384, 17.764899257768803, -10.293366159823984, -41.6382426425789]
[1.1795421096941272, -14.43487857261602, 7.219700607376798, -3.226050734362136, -9.807066642802692, -9.733115602231099, -16.1431162326853, -9.576957145117, -12.805021159864767, -15.302555187648743, 40.437905834392225, -6.924216549030993, 43.815950603144266, -0.947119606676989, 19.758550331859922, 41.83873344949599, -7.0201138544818456, 17.764899261794845, -10.293366166967722, -41.6382426663331]
[1.1795421096941272, -14.43487857261602, 7.219700607376798, -3.226050734362136, -9.807066642802692, -9.733115602231099, -16.1431162326853, -9.576957145117, -12.805021159864767, -15.302555187648743, 40.437905834392225, -6.924216549030993, 43.815950603144266, -0.947119606676989, 19.758550331859922, 41.83873344949599, -7.0201138544818456, 17.764899261794845, -10.293366166967722, -41.6382426663331]
[1.1795421000841497, -14.434878548749587, 7.219700599953598, -3.226050737088422, -9.807066648741284, -9.733115621028011, -16.143116242898326, -9.576957146789141, -12.805021156011257, -15.302555207996917, 40.43790582980895, -6.924216576728503, 43.815950611111035, -0.9471196131375023, 19.758550327975165, 41.83873346014806, -7.020113866897384, 17.764899257768803, -10.293366159823984, -41.6382426425789]
[1.1778630661989893, -14.430708658875176, 7.218403634989243, -3.226527067789708, -9.808104226275363, -9.736399775813304, -16.144900639819088, -9.577249299869575, -12.80434787947549, -15.306110395606225, 40.43710504950124, -6.929055824080709, 43.817342547287545, -0.948248379640459, 19.75787159216337, 41.840594566483006, -7.022283082183858, 17.764195837018576, -10.292118021739155, -41.63409236232475]
[1.1998681383099319, -14.485358376306209, 7.235401390554662, -3.220284375773131, -9.794505948920792, -9.693358319942394, -16.121514701475036, -9.573420401799542, -12.813171703015382, -15.259516839393822, 40.44759991120222, -6.865633645476011, 43.79910011858584, -0.9334549984505317, 19.76676696384998, 41.816203290363816, -6.993853793635913, 17.773414724421507, -10.308475862282965, -41.68848508011347]
[1.2873733426210394, -14.715979826407978, 7.307200034178137, -3.195725460467907, -9.736219560370198, -9.506658081174397, -16.020785559553396, -9.552814219487566, -12.860021191525282, -15.058311216815843, 40.4987626045956, -6.590238276919635, 43.722948126943386, -0.8725858974550524, 19.803811606895074, 41.706215367815844, -6.86671394082375, 17.81084145187499, -10.379447660438071, -41.925920473493974]
[1.374878546932147, -14.946601276509746, 7.3789986778016114, -3.1711665451626825, -9.677933171819607, -9.319957842406401, -15.920056417631757, -9.53220803717559, -12.906870680035183, -14.857105594237865, 40.54992529798897, -6.31484290836326, 43.64679613530093, -0.8117167964595731, 19.840856249940167, 41.59622744526787, -6.7395740880115875, 17.84826817932847, -10.450419458593178, -42.16335586687448]
[1.485307292686929, -15.201150140236788, 7.459055132727935, -3.1417637511133982, -9.606648629896997, -9.122313985400469, -15.81107599797205, -9.51727079539743, -12.945938988152122, -14.640886835854655, 40.59691892819187, -6.034941359524069, 43.56954362800228, -0.7499757881248093, 19.876787492325732, 41.487534771229264, -6.616671203050737, 17.887281275464808, -10.531169321972968, -42.40654631884996]
[1.6249536709871326, -15.506767149592996, 7.555750529194375, -3.1056767596494073, -9.51597930034392, -8.888543801604005, -15.680842173120142, -9.502707793782799, -12.988417355567492, -14.38328780139583, 40.64987957706664, -5.711823717236727, 43.481743390537694, -0.6801920012997951, 19.91636859985111, 41.36259935741295, -6.477815724661151, 17.931938204937577, -10.630581546933282, -42.68915282316266]
[1.7661036483565777, -15.832828138018051, 7.658383633888687, -3.068304670112773, -9.423861967228952, -8.634708208194056, -15.540877770978515, -9.483022292441564, -13.039997190999316, -14.1055780558261, 40.71113879861082, -5.353172277283825, 43.38356242823261, -0.6019627436068645, 19.96186119781274, 41.22252015720444, -6.319887070977279, 17.98133171218523, -10.734730767696764, -43.00123837436146]
[1.8582357402804568, -16.09237692013065, 7.738504138257712, -3.0409860264992545, -9.36437104648369, -8.422194029654289, -15.427475955697208, -9.457412773892427, -13.094682340095847, -13.878330472480148, 40.77045653462248, -5.030941231737304, 43.291927056011325, -0.5279870655680998, 20.00778172939721, 41.0946533442747, -6.169160733486505, 18.02642674655805, -10.811161286570568, -43.27662440221242]
[1.995311285341592, -16.347755176851507, 7.8200039923626905, -3.0062954535773225, -9.282996459852022, -8.24158506339712, -15.323421480807456, -9.458577648232048, -13.105482371795986, -13.674687619687429, 40.79662543801193, -4.794370629989363, 43.22411441335298, -0.47296988774045745, 20.03666331265653, 41.01172225192829, -6.079340860295115, 18.063407390152815, -10.894083134431888, -43.48421083194147]
[2.1708112646779485, -16.703491854402017, 7.9316754658795245, -2.9582874706313014, -9.186384719004964, -7.9851198632535345, -15.179000517683454, -9.455066437956646, -13.122808325758253, -13.390268499107396, 40.83561999592444, -4.434092507565658, 43.11340225412118, -0.38108763685514535, 20.08845932650727, 40.88738667741768, -5.935850717687545, 18.123403121948556, -10.999699745963687, -43.792944542615984]
[2.294658220719087, -16.97446664317975, 8.014438290848013, -2.9203750551536993, -9.127171103492383, -7.788758776784198, -15.07131505260884, -9.450745856432448, -13.132649943478638, -13.17632653381136, 40.863431169709024, -4.140486674594838, 43.01537314806354, -0.298353138706989, 20.13692898694303, 40.790091179233904, -5.81672510118043, 18.17647764861386, -11.071225883407667, -44.0387362187125]
[2.4262832052213543, -17.24126915134263, 8.09819189598564, -2.884369067944183, -9.054712297857089, -7.5964098766765105, -14.962999330265838, -9.448112448725897, -13.14564440895034, -12.963012193376336, 40.8926770881434, -3.870278082777059, 42.93233902863969, -0.2294414505430049, 20.175775997331087, 40.69683949835095, -5.709107494224753, 18.221474447460665, -11.150438342056518, -44.27028650171839]
[2.5579081897236216, -17.508071659505514, 8.181945501123266, -2.848363080734667, -8.982253492221794, -7.404060976568822, -14.854683607922837, -9.445479041019345, -13.158638874422039, -12.749697852941312, 40.921923006577785, -3.6000694909592803, 42.849304909215846, -0.16052976237902084, 20.21462300771914, 40.60358781746799, -5.601489887269075, 18.266471246307468, -11.229650800705368, -44.501836784724276]
[2.7769419221374694, -17.855190496968383, 8.298197631063413, -2.8022240033898846, -8.833868406777057, -7.167324263890506, -14.710011618245884, -9.45675622245794, -13.17138882125246, -12.471577573582326, 40.95451767437359, -3.341022597428686, 42.79336441283348, -0.1190481176541312, 20.229343196362315, 40.50670166525353, -5.515477817388259, 18.298096715823718, -11.364539489527454, -44.74512237073058]
[2.930343946597931, -18.17172938257663, 8.39309508741585, -2.755002958486467, -8.75740678696862, -6.942645769029083, -14.587368193724, -9.456001432091837, -13.179012832890315, -12.226328631628359, 40.98293792905622, -3.021731253480541, 42.68679038525376, -0.03151833355170322, 20.27784727394494, 40.402245585120696, -5.392124331659649, 18.355021712343014, -11.453204827832288, -45.016406031912936]
[3.0837459710583923, -18.488268268184875, 8.487992543768286, -2.707781913583049, -8.680945167160182, -6.717967274167659, -14.464724769202116, -9.455246641725733, -13.18663684452817, -11.981079689674392, 41.01135818373884, -2.702439909532396, 42.58021635767403, 0.05601145055072475, 20.326351351527563, 40.29778950498786, -5.268770845931039, 18.41194670886231, -11.541870166137123, -45.2876896930953]
[3.2016541143004726, -18.732555138548427, 8.560850203809554, -2.6706085896538374, -8.625383734385407, -6.54589741385109, -14.371072825972725, -9.455671393758628, -13.188741714048057, -11.793684822224144, 41.03075137477791, -2.453835577542286, 42.49464491800353, 0.12701223414560064, 20.366096819580903, 40.21866042834929, -5.1733722389437755, 18.458063433986844, -11.607650276605314, -45.49715526706895]
[3.3261205553919204, -19.02538289652533, 8.643464855980694, -2.6223925273108044, -8.587788764168955, -6.340201893391608, -14.264566538029998, -9.455149568223096, -13.179825966565982, -11.576841386913276, 41.046786874242414, -2.1219403703084847, 42.364490983095656, 0.23808916624526621, 20.43175476818994, 40.12231737384577, -5.043303656942996, 18.528648060540583, -11.667864384905101, -45.76520597765389]
[3.429987060616341, -19.24950166480732, 8.707072320349035, -2.5825049434153957, -8.563791727757682, -6.1923073131582695, -14.186550061251435, -9.463048917355321, -13.153093538463366, -11.41946144644594, 41.04526546304865, -1.8765924824312803, 42.26005860523249, 0.3298818195791516, 20.48601652614976, 40.06095626715738, -4.953998601787605, 18.587789339547, -11.707758007313995, -45.95854820872538]
[3.544153533774275, -19.507974927936765, 8.780183378618775, -2.538453120296175, -8.532995724443818, -6.015512262811859, -14.09428867889079, -9.466737679153667, -13.135269450671021, -11.232349758556838, 41.05252250718402, -1.5879709348757773, 42.142765448846966, 0.43131661229592705, 20.54597637943419, 39.98210418656143, -4.84431178320952, 18.65265229232708, -11.757811872668334, -46.189244679553596]
[3.6365443201140666, -19.71704791146113, 8.839169078683831, -2.5021855583931254, -8.511172878542308, -5.874039977022307, -14.020513992231763, -9.47094735011497, -13.116703841821863, -11.082829459789448, 41.055630788311895, -1.3527520324314737, 42.04485648218366, 0.5167040986627043, 20.596753609409433, 39.92002011491208, -4.755665617759703, 18.707274891185918, -11.795731633163108, -46.37557207349921]
[3.7392350743873717, -19.960475389832943, 8.907658372650287, -2.4617537572662638, -8.482551065738209, -5.703667221119684, -13.932494399990654, -9.470946433742395, -13.107046573282972, -10.903577413600289, 41.0675175247689, -1.0742594703088717, 41.934086736998, 0.6117337244123717, 20.653228934709283, 39.84044506935518, -4.646637688887191, 18.767619163818416, -11.843811636603325, -46.59925370720154]
[3.842317745644382, -20.19746663150815, 8.974520390084038, -2.42150336188322, -8.45547084506505, -5.540787190440154, -13.847809179570394, -9.473578939204753, -13.091697584889506, -10.731616069318406, 41.07493487867565, -0.8068151329347356, 41.8254294475865, 0.7056843593567785, 20.708966404229123, 39.76694133675444, -4.544184051253719, 18.827562438575555, -11.889162846366435, -46.812822206693596]
[3.945661694890529, -20.430167048718953, 9.040297556495986, -2.381373903662721, -8.429418352479189, -5.382902309909355, -13.765346873697366, -9.477967059223733, -13.072554116592991, -10.564515192974705, 41.07937264421556, -0.5467362787262434, 41.71818046202445, 0.7989156670976781, 20.764211969895623, 39.69748514612449, -4.446113274446275, 18.887238381415784, -11.932694860344807, -47.01964861671213]
end_values
[15450.86377938 18136.34199794]
[15450.86377953 18136.34199789]
[15450.86377953 18136.34199789]
[15450.86378408 18136.34199629]
[15450.86378262 18136.3419968 ]
[15450.86378262 18136.3419968 ]
[15450.86378408 18136.34199629]
[15451.11958777 18136.25218568]
[15447.78218681 18137.44384269]
[15433.79792131 18143.07300493]
[15420.42666358 18149.29785374]
[15406.83311487 18156.48019814]
[15391.60948712 18165.79660776]
[15376.21283725 18176.94317511]
[15364.29950814 18187.16887679]
[15354.43609796 18196.12279829]
[15341.44825268 18209.73851843]
[15332.24589979 18220.82267234]
[15323.98747393 18232.38456237]
[15316.40506738 18244.55393129]
[15308.04164552 18260.16520571]
[15300.76178742 18275.59513809]
[15294.40117986 18291.85854049]
[15290.13226727 18304.87427424]
[15285.64321166 18321.1492942 ]
[15282.9068127  18333.35416847]
[15280.25236197 18348.52329291]
[15278.60218383 18361.15014702]
[15277.14870728 18376.84666225]
[15276.31465254 18392.39260078]
[15276.03447125 18407.97405051]
