values
[92.66947010840532, 140.23092179047586]
[94.19258517989296, 134.16142230222846]
[94.23648278126227, 132.11910161727346]
[94.33248156549568, 131.11654383984606]
[94.3584731429279, 130.1901741899585]
[94.39770265151853, 129.28967950124624]
[100.76373281417311, 128.65162904478075]
[101.05416515311987, 127.59000717995062]
[101.72986584659284, 125.47230428618992]
[103.61787457099346, 122.24598680317996]
[104.62876310095496, 121.34371731824265]
[105.56415897843712, 88.60623937589123]
[117.29456406551247, 87.7442163184234]
values
[86.25514056172035, 107.65344353045604]
[87.8194265023969, 97.75142556372613]
[89.0941857888048, 85.8003080708604]
[89.0998898674649, 85.66087242277956]
[89.10194647320631, 85.57327562992722]
[89.10400761619587, 85.54217836902343]
[89.10539466134689, 85.47743309248594]
[89.10698286687774, 85.4283211812451]
[89.11066361651136, 85.31621150393045]
[89.11668154690562, 85.14608196022735]
[89.1185904133082, 85.1059517521215]
[89.11884648797296, 85.07338666562575]
[89.11996298511681, 85.05051531040706]
[89.12020929643559, 85.04642522136712]
[89.1231386008499, 84.99646314213216]
[89.1256532555871, 84.95633789402281]
[89.12939469442992, 84.84693371825723]
[89.13282665374571, 84.78780220132639]
[89.13504518563401, 84.78044274041744]
[89.13586874413787, 84.76084883218425]
[89.13710016393223, 84.75650922812724]
[89.13930356990318, 84.71972005107361]
[89.14607205781029, 84.61613173169428]
[89.14997976357895, 84.56836348191324]
[89.15368848957782, 84.51303281314631]
[89.15687420190174, 84.47345398015956]
[89.15854237562567, 84.46416854044182]
[89.16179072297024, 84.41908997537413]
[89.1664360050867, 84.34126407332198]
[89.16804240212386, 84.30489576774123]
[89.17266807087624, 84.29608166932827]
[89.18048245888686, 84.20777566463485]
[89.18438792769307, 84.18896167334282]
[89.18565221918641, 84.15510209375712]
[89.19325433573097, 84.1086330412417]
[89.19637322440798, 84.05542222990802]
[89.20071596518807, 84.0187312199923]
[89.20303356827131, 84.01693731370926]
[89.20723159373105, 83.98859311972237]
[89.20836267013989, 83.9584185902875]
[89.2135335388034, 83.95197451650932]
[89.21485853020236, 83.91092627547886]
[89.22476677647688, 83.87118429336559]
[89.22683996279778, 83.8701350351172]
[89.23045743751797, 83.81303159627741]
[89.23537970527205, 83.81176810877508]
[89.23875668559776, 83.77432476342695]
[89.24258013000576, 83.75169728283768]
[89.25522857878785, 83.7105819456674]
[89.25604807909133, 83.70042827610501]
[89.2579622245036, 83.69343953208734]
[89.27191808545486, 83.60992456476302]
[89.2737947580025, 83.59913173047146]
[89.27795023110907, 83.58679412013035]
[89.28637403120551, 83.55192715559937]
[89.28773677222614, 83.54604031584844]
[89.2890070146864, 83.53020360308369]
[89.29224425913196, 83.52571410616707]
[89.30432878050398, 83.4755909681989]
[89.31066846526761, 83.44283620680434]
[89.32373680262296, 83.40008114617552]
[89.3258247308005, 83.38602605962802]
[89.3301679131774, 83.37406012003997]
[89.33361232735952, 83.35805308173497]
[89.3353866776524, 83.3480458776209]
[89.33885219514295, 83.34126556439253]
[89.34040415016877, 83.33854722038826]
[89.35659924383545, 83.27548129384502]
[89.37768063405777, 83.21267938391098]
[89.37970361783144, 83.20560305490777]
[89.38312322818587, 83.19629851780273]
[89.38756684798905, 83.18143212710027]
[89.39099546424114, 83.17126849492058]
[89.3918130944358, 83.17035822638555]
[89.3979921837051, 83.14968250796629]
[89.39840923737698, 83.14844279801771]
[89.40428365218824, 83.1325184704881]
[89.41002533440542, 83.11666746252854]
[89.41167336506795, 83.11154013199177]
[89.41412847714915, 83.10169877198351]
[89.44179583755938, 83.0281672132057]
[89.46260498901563, 82.97191035625602]
[89.46551279103214, 82.9635888553556]
[89.47336576479235, 82.94426909260216]
[89.47372830791673, 82.9421395348673]
[89.47397395668784, 82.94113652497545]
[89.48436395160233, 82.9169538410497]
[89.48459931631577, 82.91588570732512]
[89.50707234125255, 82.86330504569924]
[89.5187824190176, 82.83697332289657]
[89.52889063716736, 82.81527221495966]
[89.5302916298486, 82.81266438506336]
[89.53072966012228, 82.81097125415447]
[89.53734444507674, 82.79622749738994]
[89.54128291556408, 82.7884879789673]
[89.54291399100293, 82.7852997351676]
[89.55195542001013, 82.76660233516947]
[89.55291721411021, 82.76422172870822]
[89.55533533586697, 82.75995965568049]
[89.57651095476038, 82.71670204458462]
[89.58088876038246, 82.71027734432695]
[89.59402068798288, 82.68593686204136]
[89.6040136815748, 82.666928327627]
[89.60738932777821, 82.66193131838322]
[89.61342728011681, 82.64671801791593]
[89.62656827875948, 82.6232347382995]
[89.63037904711818, 82.61874607747419]
[89.63223303293512, 82.61611406386416]
[89.63483647137043, 82.61492847982652]
[89.65132902998445, 82.58319135886393]
[89.65250524165242, 82.57846752197695]
[89.66411540376842, 82.55844417802167]
[89.66515892813035, 82.55718945005262]
[89.66736431858304, 82.5548062438521]
[89.67789608023412, 82.53625413171225]
[89.68400731063645, 82.52735287370031]
[89.70485271290093, 82.49413216367468]
[89.72511796524643, 82.47132044781776]
[89.73237238271335, 82.45333832229532]
[89.73474772393473, 82.45143441100176]
[89.73960194478525, 82.44308095362351]
[89.74559898425748, 82.43407925616786]
[89.74891206428696, 82.42944873173649]
[89.75950762197067, 82.41493070546262]
[89.76486003461308, 82.40849188492487]
[89.76642773275383, 82.40623656064656]
[89.77423354274845, 82.39647985143031]
[89.7777813548283, 82.39055821185906]
[89.79532758299688, 82.36729469308882]
[89.81514939924656, 82.34252985522593]
[89.8190415810673, 82.33949646997911]
[89.82612493833354, 82.32784872530388]
[89.83640838589685, 82.31673822831843]
[89.83818053896366, 82.31383959547222]
[89.85414643593185, 82.29402388225489]
[89.86306854493378, 82.28292774038171]
[89.87551676339987, 82.27205517300001]
[89.88120037958596, 82.2623677349753]
[89.88281150436873, 82.26014715338655]
[89.89607933736683, 82.24923740613312]
[89.89707998907139, 82.24825468396855]
[89.89756841974436, 82.24388946041569]
[89.90591144591757, 82.23607689489151]
[89.92342604287066, 82.21821459843837]
[89.93839627452938, 82.20289771103526]
[89.94025716238639, 82.2018777295122]
[89.95868326198435, 82.18260173478228]
[89.96955374773157, 82.1733724404454]
[89.9719048034278, 82.1716042447539]
[89.9774237939076, 82.16490097854623]
[89.98337226209992, 82.16010877085964]
[89.98574086729857, 82.15836613769574]
[89.99243112525967, 82.15399639608795]
[89.99627020951414, 82.14776220586594]
[89.99965973514209, 82.14412143531209]
[90.01545332721145, 82.1319984170521]
[90.03427716421008, 82.11517437477944]
[90.04115882154653, 82.1084647430512]
[90.05320720405216, 82.09905604737412]
[90.05799268217137, 82.09748954488066]
[90.06063154031638, 82.09547158361838]
[90.07246120757762, 82.08422495329026]
[90.07577966726461, 82.08336554043504]
[90.08907428753524, 82.08256860513404]
[90.09285799385147, 82.07961749362096]
[90.09365501555953, 82.0697820753002]
[90.09887269373323, 82.06530576375226]
[90.10141658580093, 82.06278333494053]
[90.10553348374103, 82.06115154709214]
[90.1142280039931, 82.0533651794596]
[90.12453212278857, 82.05126500676204]
[90.12966977473614, 82.04423944867045]
[90.13139780688697, 82.04411356024674]
[90.13380493489299, 82.04039529871628]
[90.13544057273702, 82.03942625404375]
[90.14196937161478, 82.03865910694788]
[90.14780940158047, 82.0322815937215]
[90.15164923838142, 82.03030529851024]
[90.1666371124992, 82.02393678798796]
[90.1708844032274, 82.01936275331599]
[90.17186308311682, 82.01790169318349]
[90.1781795173246, 82.01470017113446]
[90.17820010517386, 82.01354737935664]
[90.18970163245294, 82.00565252697358]
[90.19429210224482, 82.00504287689114]
[90.19503646468964, 82.00393418099289]
[90.19718665029507, 82.00286289297102]
[90.19975052915287, 82.00160959331774]
[90.2020316598163, 82.00058135761695]
[90.20208864108511, 81.99995950960962]
[90.20571529917197, 81.99807653047407]
[90.2149330492577, 81.99319202630457]
[90.21982816948858, 81.9905998334838]
[90.22616974623246, 81.9877621097391]
[90.23039554195924, 81.98620699871822]
[90.23343872070407, 81.98383211674702]
[90.2386672216864, 81.98121946509632]
[90.24198454669613, 81.97939722988531]
[90.24393659816467, 81.97860998036529]
[90.24513991984436, 81.97797108122357]
[90.24945457239323, 81.97593417000058]
[90.25355300719782, 81.97481598617054]
[90.25454037112135, 81.97369856363866]
[90.25467701766655, 81.97346893482677]
[90.25763667423453, 81.97207274893083]
[90.26614899250711, 81.968198565779]
[90.26732430302319, 81.96772816387725]
[90.2715074564967, 81.96653758965743]
[90.28384248135666, 81.96051864070121]
[90.29466162892359, 81.95602178664177]
[90.30006168115023, 81.95371665172705]
[90.30388464116304, 81.95217089301867]
[90.3054549406204, 81.95161495850921]
[90.30640053003512, 81.9511410610875]
[90.3104786480418, 81.94953606664568]
[90.32420606794412, 81.94432833664595]
[90.32467829542145, 81.94428805214542]
[90.33014707959367, 81.9430477560638]
[90.33763895556811, 81.93926246696336]
[90.346845879393, 81.93612414617]
[90.34804410601538, 81.93578749692503]
[90.34931714011978, 81.93526575717732]
[90.35566860513111, 81.93519862563647]
[90.35663471852558, 81.93258828955032]
[90.36011958492668, 81.9316196573162]
[90.36955133712526, 81.92907683442897]
[90.37111428837196, 81.92796963507345]
[90.37151965710794, 81.92796550970343]
[90.37539385930029, 81.92652929721858]
[90.37665334971206, 81.92598215347735]
[90.39157477340507, 81.92164574536562]
[90.41257681984915, 81.91608753849835]
[90.41975217703028, 81.91297390629265]
[90.42364454520722, 81.9120600061847]
[90.42435182659364, 81.91181400021827]
[90.42452356227575, 81.91180895067373]
[90.44277530903945, 81.90659012729328]
[90.44365954115807, 81.9064635704739]
[90.46139686892897, 81.90213335275891]
[90.48412639557884, 81.89583261829017]
[90.51058844675991, 81.889839177991]
[90.5163920196684, 81.88791147535059]
[90.52030082590325, 81.88736144186463]
[90.53793195181224, 81.88293215645788]
[90.55029438889235, 81.8800347179683]
[90.55040474430034, 81.88002388154341]
[90.57110875705787, 81.87721033796937]
[90.58339216936633, 81.87237341649333]
[90.62298964475164, 81.86441347909528]
[90.62536609987177, 81.86392814285912]
[90.63139754143288, 81.86373735228247]
[90.6699569833729, 81.8555465279714]
[90.67505884456453, 81.85409660171425]
[90.70217019092534, 81.84896715536995]
[90.702222118831, 81.84893663075015]
[90.75286892179759, 81.83946402194839]
[90.77793334042246, 81.83857221173162]
[90.78056774637898, 81.83770770355491]
[90.78779003813835, 81.83369402514745]
[90.87794134284023, 81.81888571410573]
[90.97774754969835, 81.80371858312449]
[90.97814396106892, 81.80366058400672]
[91.0006801631919, 81.80361300232535]
[91.03104357006399, 81.79990507918228]
[91.0440462716516, 81.79741615313674]
[91.1014174613085, 81.79022780275842]
[91.16977467876477, 81.78194814610694]
[91.19886555910875, 81.7778325045571]
[91.26522666321549, 81.7697567444395]
[91.48576285016719, 81.74410498654173]
[91.66015398525839, 81.7249606956616]
[91.84520055184059, 81.70565846717999]
[92.02249252153037, 81.68882583851557]
[92.52825596021447, 81.64113986120483]
[93.07379450197068, 81.59405141657201]
[94.02127487089443, 81.51815151354242]
[96.77030013852179, 81.31541607627597]
[97.85144098375493, 81.23836825230914]
[102.15391829917323, 80.91748268130172]
[107.00075825438466, 80.4923381713265]
[114.3677024129261, 79.4518318561473]
[116.36245814853245, 78.00028261728072]
[116.43778425683023, 77.99931401147037]
values
[86.25514056172035, 107.65344353045604]
[87.8194265023969, 97.75142556372613]
[89.08288285258367, 86.07254915829239]
[89.0832496419935, 85.98380989316304]
[89.08325097108163, 85.8054572395414]
[89.08422422266233, 85.77124192205441]
[89.08433174860401, 85.71623517351348]
[89.0858248168496, 85.68053229213919]
[89.08650763761705, 85.66181863305269]
[89.08682721109636, 85.64530239861853]
[89.08720911113585, 85.60756072905038]
[89.0890697419588, 85.58410216250856]
[89.09031630570692, 85.49529547434317]
[89.09179556604226, 85.43325580864311]
[89.09213470361902, 85.42871434341338]
[89.09331744653946, 85.41668283161945]
[89.09465425138964, 85.36678650321656]
[89.09473541255846, 85.35164401991854]
[89.09554193788597, 85.32844631537841]
[89.09767793037034, 85.26805564811406]
[89.09794460744783, 85.26372550048161]
[89.09826611085364, 85.25664397945941]
[89.10158820019865, 85.18937889373285]
[89.10300671374486, 85.1226334621932]
[89.10450946338955, 85.10546630336329]
[89.10482246928119, 85.09857901761161]
[89.10699063803932, 85.06435819813629]
[89.10807462546181, 85.0505296210881]
[89.11077192969913, 84.99624837824362]
[89.11113077752711, 84.97705150543538]
[89.11524450078292, 84.9007935360593]
[89.11564781305823, 84.89427935418988]
[89.11607083372883, 84.88779678830176]
[89.11894053007109, 84.83886476216142]
[89.12021318917824, 84.83167915089682]
[89.12471951518691, 84.74442892608519]
[89.12808643232819, 84.69508399909857]
[89.12967786607123, 84.69350883917593]
[89.13289896848504, 84.62840024458477]
[89.13529976134186, 84.6171920110101]
[89.13552357079483, 84.59350354725932]
[89.13557963227359, 84.59198683957453]
[89.13925260044394, 84.54981438649669]
[89.1435282339071, 84.49384583140055]
[89.14377889464927, 84.49090483247096]
[89.14494699163114, 84.48716038937047]
[89.14621656754221, 84.4743116339786]
[89.14703510504478, 84.45523785306636]
[89.14797426932941, 84.44350938753519]
[89.15077740468277, 84.41585457710298]
[89.15673493242645, 84.35090408342658]
[89.15700731464399, 84.34807305675628]
[89.15838913570893, 84.33897500352516]
[89.16101129137316, 84.31029352285493]
[89.16152640336733, 84.30464935081974]
[89.16395749851175, 84.2818541751709]
[89.17139700461158, 84.21449385503276]
[89.17199083972754, 84.20904515730099]
[89.17229719857755, 84.20633312439494]
[89.17260986589841, 84.20362930579208]
[89.17682041708298, 84.16939177947822]
[89.17740554186844, 84.16398573163261]
[89.18444289300749, 84.12561117929697]
[89.18466457185518, 84.11271388603895]
[89.18606514271066, 84.10539449966788]
[89.1873381260437, 84.08552562230221]
[89.1878864434308, 84.08170922684437]
[89.18820642542221, 84.07908401342493]
[89.19145650797672, 84.07184320334817]
[89.19263667827907, 84.05316573810401]
[89.19397507536162, 84.03777155606629]
[89.19898177153922, 84.01690676279833]
[89.20311974118609, 83.97611694579606]
[89.20680600093311, 83.95264435484813]
[89.20701911704512, 83.94755028649124]
[89.20738267884984, 83.94504559786266]
[89.2077529679037, 83.94254923383654]
[89.20900625323371, 83.93601780921152]
[89.20930148206469, 83.93264707584548]
[89.2137972325425, 83.90483171285997]
[89.2187102886146, 83.8748107701956]
[89.2229181075373, 83.85329345969782]
[89.22720743450375, 83.82730209397054]
[89.22833795655637, 83.81753675920761]
[89.2283379565564, 83.81753675920756]
[89.22874832913752, 83.81515343573918]
[89.23045743751797, 83.81303159627741]
[89.23257078987692, 83.7967980259868]
[89.23410074564697, 83.79212018903834]
[89.23502127406329, 83.7874737845192]
[89.23605624548372, 83.7850358372275]
[89.23875668559776, 83.77432476342695]
[89.23921780959782, 83.76354511662558]
[89.24258013000576, 83.75169728283768]
[89.24365638056706, 83.73503443750265]
[89.24806841025354, 83.71582126011572]
[89.25102278955708, 83.69625355193861]
[89.25284307900799, 83.68719207355555]
[89.25477289528465, 83.67826563271942]
[89.25633389524646, 83.67612287447692]
[89.25713029584597, 83.67180600076475]
[89.26687927427321, 83.62249223705925]
[89.2671701644305, 83.61912563917008]
[89.27191808545486, 83.60992456476302]
[89.27216726598114, 83.59560726423206]
[89.2740257792816, 83.59230523565326]
[89.27626039910507, 83.57912560183813]
[89.27779853220122, 83.57009421785526]
[89.2785501051008, 83.5675478964562]
[89.27910527930842, 83.56412148339416]
[89.28185883100497, 83.55832841532637]
[89.28216827731437, 83.55243851702153]
[89.28297724881531, 83.55089480643298]
[89.28454690715554, 83.54315836796707]
[89.28716182334757, 83.53200314550085]
[89.2890070146864, 83.53020360308369]
[89.29224425913196, 83.52571410616707]
[89.29271660500524, 83.51463347000083]
[89.29579075245307, 83.50913085669958]
[89.30423056517387, 83.46139731487348]
[89.30488740466406, 83.45679173251875]
[89.30888248078045, 83.44437154646988]
[89.31066846526761, 83.44283620680434]
[89.31184256596705, 83.43452885034215]
[89.31413248113053, 83.4327683892774]
[89.31795200494265, 83.4100297827222]
[89.32108030024018, 83.40242999271538]
[89.32373680262296, 83.40008114617552]
[89.3249681651067, 83.39419259851374]
[89.3258247308005, 83.38602605962802]
[89.3301679131774, 83.37406012003997]
[89.33361232735952, 83.35805308173497]
[89.33451025822404, 83.34795987666678]
[89.33464462972628, 83.3441889909189]
[89.33656573365066, 83.3430312165963]
[89.33791277321971, 83.33413869458815]
[89.3426566271563, 83.32640464736187]
[89.34330234118053, 83.31785438821294]
[89.34672666691513, 83.31431832142447]
[89.34888583734295, 83.29883810428511]
[89.35659924383545, 83.27548129384502]
[89.36770705661243, 83.23447955279926]
[89.3703862995329, 83.22854009594683]
[89.3724640772717, 83.22561168691246]
[89.37383163571938, 83.21800089615411]
[89.37768063405777, 83.21267938391098]
[89.37970361783144, 83.20560305490777]
[89.38050091364428, 83.2021371544142]
[89.3810896428181, 83.19809815752072]
[89.38187891407657, 83.19691026404158]
[89.38240594878141, 83.19560115097663]
[89.38297614734483, 83.18776047083301]
[89.38491957358221, 83.18505796461851]
[89.38719618268436, 83.17751797258909]
[89.38943837148115, 83.17272940022315]
[89.39099546424114, 83.17126849492058]
[89.3918130944358, 83.17035822638555]
[89.39779228290904, 83.14563304806791]
[89.40044252542664, 83.13569962531005]
[89.40428365218824, 83.1325184704881]
[89.40667015968214, 83.1220387657134]
[89.40807595618577, 83.11700154803074]
[89.40856353635658, 83.11369118656553]
[89.41133015576716, 83.10550397027772]
[89.41313369552498, 83.09830514986851]
[89.41956234443094, 83.08302296832265]
[89.42696172048865, 83.0657809131669]
[89.43245922019281, 83.04562374507238]
[89.43564321582657, 83.03943558887295]
[89.4360753247083, 83.03629846027903]
[89.4370903746314, 83.03465059718422]
[89.43731727938537, 83.03311063939839]
[89.43794751601115, 83.03079639390799]
[89.44005441240236, 83.0252670590749]
[89.4408872193591, 83.02140661108373]
[89.45300987376581, 82.99348415438918]
[89.45729736853993, 82.98161221259102]
[89.45870786480728, 82.97969577324461]
[89.45955709861582, 82.97235511833654]
[89.46010386606717, 82.97109847819632]
[89.46551279103214, 82.9635888553556]
[89.46555863328342, 82.95852234603163]
[89.46790407261798, 82.95233671359587]
[89.46896523779051, 82.95063146513277]
[89.4695389841525, 82.94999757054347]
[89.47047891629289, 82.94622431557688]
[89.4722261759321, 82.94168725943243]
[89.47397395668784, 82.94113652497545]
[89.47430615411776, 82.94010090220151]
[89.47435761017508, 82.93530732350516]
[89.47695409747897, 82.93021679146642]
[89.47852552530316, 82.92737003756784]
[89.48436395160233, 82.9169538410497]
[89.48459931631577, 82.91588570732512]
[89.4878830890276, 82.90752403875842]
[89.49814567727225, 82.88320229107113]
[89.50026884319854, 82.87470276729388]
[89.50064147420994, 82.87415369721987]
[89.50215855992494, 82.87000087624196]
[89.50707234125255, 82.86330504569924]
[89.51255550778836, 82.84903882542861]
[89.51560610954394, 82.84151735369547]
[89.5187824190176, 82.83697332289657]
[89.52404776975837, 82.82516452912886]
[89.52536538247793, 82.82326579698214]
[89.5279694211847, 82.81444808240121]
[89.5302916298486, 82.81266438506336]
[89.53072966012228, 82.81097125415447]
[89.53150986698267, 82.80666742323649]
[89.53474874206152, 82.80175814697787]
[89.53475632384851, 82.79693586357146]
[89.53734444507674, 82.79622749738994]
[89.53775181855084, 82.7891969329719]
[89.54128291556408, 82.7884879789673]
[89.54291399100293, 82.7852997351676]
[89.55135895644871, 82.76788802323398]
[89.55195542001013, 82.76660233516947]
[89.55291721411021, 82.76422172870822]
[89.55533533586697, 82.75995965568049]
[89.55551235966468, 82.75703464923059]
[89.56835119754591, 82.73319585307239]
[89.57032150720116, 82.72259311216067]
[89.57651095476038, 82.71670204458462]
[89.58088876038246, 82.71027734432695]
[89.58378158366295, 82.70172857685841]
[89.59402068798288, 82.68593686204136]
[89.59816725273696, 82.67473045852152]
[89.59921046340756, 82.66649511154586]
[89.60693435121047, 82.65163882599103]
[89.61342728011681, 82.64671801791593]
[89.6153874075198, 82.64055176197809]
[89.62276790787863, 82.6284638369991]
[89.62656827875948, 82.6232347382995]
[89.63037904711818, 82.61874607747419]
[89.63223303293512, 82.61611406386416]
[89.63483647137043, 82.61492847982652]
[89.64476797992566, 82.58376672916931]
[89.64979911077702, 82.579342873831]
[89.65250524165242, 82.57846752197695]
[89.66411540376842, 82.55844417802167]
[89.66489512271554, 82.5504042743822]
[89.67452798196993, 82.53434720142204]
[89.6750399175891, 82.53403228741158]
[89.681886685844, 82.52216387267555]
[89.68313315255688, 82.51934716912822]
[89.68481414213842, 82.5175203110905]
[89.69071366570824, 82.51566212197193]
[89.69087151504826, 82.5132576644106]
[89.69230217882512, 82.51278365601456]
[89.70485271290093, 82.49413216367468]
[89.70578539246213, 82.4861565843715]
[89.7098545343948, 82.48391698866169]
[89.71471760229795, 82.47166530820687]
[89.71978022381634, 82.46347175861689]
[89.72177360190628, 82.460399930297]
[89.72273812686198, 82.45907023458139]
[89.72715387924192, 82.45743942460311]
[89.73237238271335, 82.45333832229532]
[89.73474772393473, 82.45143441100176]
[89.73737346595468, 82.44015049617656]
[89.74465177220979, 82.43155870587167]
[89.74891206428696, 82.42944873173649]
[89.74951402975093, 82.42892156770513]
[89.75086272042111, 82.42395380385611]
[89.75142468796109, 82.4238112398743]
[89.75950762197067, 82.41493070546262]
[89.76051148073358, 82.4047313982396]
[89.76200510326007, 82.4026531998287]
[89.76349889173821, 82.40058013685214]
[89.7680056109294, 82.39985526734756]
[89.77220193403815, 82.39277990933184]
[89.77366228579262, 82.39127430935838]
[89.7777813548283, 82.39055821185906]
[89.78359398016167, 82.37801416838926]
[89.78526776056904, 82.37454323540356]
[89.79286854375954, 82.36104523917226]
[89.79914036347554, 82.35291348068083]
[89.79990140252933, 82.35200081435809]
[89.8006416391554, 82.35095886094575]
[89.80331992266159, 82.34910340960354]
[89.80364436348711, 82.34706508567034]
[89.81514939924656, 82.34252985522593]
[89.81651033776745, 82.33488706765536]
[89.81849023229255, 82.32913716311644]
[89.82612493833354, 82.32784872530388]
[89.82682646489128, 82.32153796668784]
[89.82796613513997, 82.3175595791698]
[89.83019050563792, 82.31377041203818]
[89.83744225637344, 82.30513102324338]
[89.83866204870414, 82.30454697729277]
[89.84064952075084, 82.30130336827843]
[89.84291660659746, 82.2985587481804]
[89.84353355583717, 82.29767454822817]
[89.84976932372928, 82.29083079848633]
[89.85407597884, 82.28520420514491]
[89.86038254639494, 82.2823458386743]
[89.86654654247512, 82.273708148732]
[89.86798034747622, 82.26913496402642]
[89.87045785708688, 82.26635564423474]
[89.87418240608774, 82.26434004418952]
[89.87445365542129, 82.26185792981079]
[89.87544746669562, 82.26090244537419]
[89.88246266820886, 82.25294679107303]
[89.88691032376775, 82.24990084659103]
[89.89214805681004, 82.2422429140785]
[89.89894471216864, 82.23547718633186]
[89.9031883097385, 82.23528233840962]
[89.9087314776568, 82.22452608501942]
[89.91388856533288, 82.21932493739675]
[89.91490187941446, 82.21871070889678]
[89.91912957579916, 82.21400170256953]
[89.91986439082524, 82.21292246136159]
[89.9224931295534, 82.21032385465058]
[89.9303243975241, 82.20826295369172]
[89.93432144541879, 82.2021467614977]
[89.93864388180377, 82.19487977940122]
[89.94004264737457, 82.19386007330792]
[89.94485390308651, 82.18782149148365]
[89.94742068553866, 82.18535598056086]
[89.94788647177488, 82.18506375734773]
[89.95491881983611, 82.18390701183623]
[89.95542136970823, 82.17778103627798]
[89.9556117104155, 82.17748373546347]
[89.95717987384282, 82.17592515835511]
[89.95865536953144, 82.17453494177903]
[89.95955236271934, 82.17371673316498]
[89.9656641147959, 82.16794731648521]
[89.96954621590685, 82.16429584644975]
[89.97214074291486, 82.16193009120116]
[89.97387374837444, 82.16032586295658]
[89.97491525102343, 82.15950643406228]
[89.97732553732025, 82.15743984144501]
[89.98215640898825, 82.15332934185687]
[89.98390033067521, 82.15116227480719]
[89.9895293293788, 82.14921383538305]
[89.99101937650931, 82.14479983231543]
[89.99439902143527, 82.14183941491567]
[89.99487670497848, 82.14150079831118]
[89.99875994864682, 82.13804887435225]
[90.00367134563695, 82.13798039985039]
[90.00693697848286, 82.13132388605345]
[90.00884373702067, 82.12932845294813]
[90.01065365228523, 82.12928378812349]
[90.01687301570686, 82.12496610480764]
[90.0176388969351, 82.12191418885854]
[90.02228588162944, 82.12185244817448]
[90.02258811390854, 82.12174359917893]
[90.02321742956504, 82.12151547771185]
[90.02543289091578, 82.11958208582979]
[90.02623825283911, 82.11488195419648]
[90.03272062422872, 82.11360881597535]
[90.0329896755289, 82.1107758307368]
[90.03591617531356, 82.10697740467592]
[90.04017124960926, 82.10365689559636]
[90.04101403055088, 82.10324186974916]
[90.04458178184544, 82.1001430315759]
[90.04853235836038, 82.09704351178314]
[90.04922267291262, 82.09664867722579]
[90.0534437508071, 82.09331232134076]
[90.05708542156663, 82.09059030831665]
[90.06118844567065, 82.08737863153475]
[90.06810751149087, 82.08226010503635]
[90.07388462835551, 82.07798302201189]
[90.07441016711026, 82.07764475755664]
[90.07835048975302, 82.07476235362043]
[90.08382190932298, 82.07204056691508]
[90.08703527911017, 82.07178615180842]
[90.08907331540497, 82.0672995201906]
[90.09052209906244, 82.06645661327087]
[90.09116363893934, 82.0658293072128]
[90.0914835339633, 82.06552453779838]
[90.09540346051476, 82.06274947588011]
[90.09594185870989, 82.06241174608338]
[90.0993983281614, 82.06000063033306]
[90.10070217264237, 82.05915054662512]
[90.10656444918136, 82.05525088532252]
[90.112079452895, 82.05419109339087]
[90.11342542148758, 82.05065603558954]
[90.11889301392026, 82.04810584263683]
[90.11924919914662, 82.04684416611425]
[90.12144427981684, 82.04555132373929]
[90.12398537275917, 82.04427484164184]
[90.12618855943356, 82.04242386346574]
[90.12856117987235, 82.0416925112338]
[90.12961043020962, 82.04023992852457]
[90.13158780740008, 82.04012535873514]
[90.13253578058274, 82.03842524177308]
[90.13505784873419, 82.03732973960905]
[90.13921858049164, 82.03430328663838]
[90.14455001577507, 82.03332421121605]
[90.14558462305769, 82.03305093304883]
[90.14780940158047, 82.0322815937215]
[90.14976670258987, 82.02999374715327]
[90.15106082023766, 82.02719982271256]
[90.15132652909458, 82.02702923122284]
[90.15510726551155, 82.02482708785445]
[90.15524864201154, 82.02474683451189]
[90.15624606829236, 82.0241578674889]
[90.1600675896092, 82.02195511966225]
[90.16302680386619, 82.02104140296777]
[90.16396712045272, 82.01972712600401]
[90.16971170035993, 82.01788306612127]
[90.17203599693772, 82.01510081250723]
[90.17512308662437, 82.01351915518865]
[90.17964761620371, 82.01158998784221]
[90.18059526467385, 82.01049638308143]
[90.18456134882568, 82.00818271414605]
[90.18584861791257, 82.00747772590199]
[90.18970163245294, 82.00565252697358]
[90.19023158885888, 82.00530826894038]
[90.19331033982253, 82.00453284652758]
[90.19381183088186, 82.00403543550333]
[90.19503646468964, 82.00393418099289]
[90.1950836785397, 82.00351250807469]
[90.19554378629282, 82.00319204140655]
[90.19556590778711, 82.00262763679196]
[90.19691076983179, 82.00158207849492]
[90.19945771858869, 82.00117945887206]
[90.2005850212304, 82.00007605332638]
[90.2009489834137, 81.99944774601448]
[90.20203548972697, 81.99944017802979]
[90.20259914629959, 81.99885070891854]
[90.2031458910313, 81.99856222911063]
[90.20439689841422, 81.99849808750503]
[90.20527868662175, 81.99773214925386]
[90.20687260850326, 81.99763586203315]
[90.20718085422226, 81.99677937576153]
[90.2148046840068, 81.99235117803646]
[90.21982816948858, 81.9905998334838]
[90.22182618136772, 81.98929911317018]
[90.22517095772116, 81.98795911612169]
[90.22616974623246, 81.9877621097391]
[90.22717207500546, 81.9864171391823]
[90.2281546435379, 81.98621412885393]
[90.23039554195924, 81.98620699871822]
[90.23221789880367, 81.98390851929747]
[90.23343872070407, 81.98383211674702]
[90.23396289696548, 81.98381748352128]
[90.2354776117063, 81.98262597814485]
[90.23661409742832, 81.98168638419781]
[90.2386672216864, 81.98121946509632]
[90.2404518927317, 81.980298433976]
[90.24198454669613, 81.97939722988531]
[90.24393659816467, 81.97860998036529]
[90.24438718337484, 81.97828224125561]
[90.24513991984436, 81.97797108122357]
[90.24587606501811, 81.9779606823008]
[90.24688638827766, 81.97694771347297]
[90.24740656377303, 81.97684349604899]
[90.24945457239323, 81.97593417000058]
[90.25129824327153, 81.97530943335333]
[90.25197621501742, 81.97479609130883]
[90.25263410967844, 81.97435052872444]
[90.2544641493142, 81.97366002129775]
[90.25467701766655, 81.97346893482677]
[90.25763667423453, 81.97207274893083]
[90.25941735369668, 81.97177292347973]
[90.26265657871397, 81.96980360082115]
[90.26360153074518, 81.969236003594]
[90.26427765034771, 81.96895565895997]
[90.26614899250711, 81.968198565779]
[90.26732430302319, 81.96772816387725]
[90.26756978246317, 81.9675015591537]
[90.268578263741, 81.9674158141484]
[90.2712875897888, 81.96626226876043]
[90.27143951349595, 81.96625953050142]
[90.27170729837205, 81.96569049168956]
[90.2734102565748, 81.9653857489128]
[90.27517427332364, 81.96441897816206]
[90.27541802397161, 81.9641243604776]
[90.27810419413017, 81.96289425731521]
[90.2822941193921, 81.96111092351983]
[90.28384248135666, 81.96051864070121]
[90.28521816845941, 81.95998884446102]
[90.28842707085818, 81.95922129264584]
[90.29466162892359, 81.95602178664177]
[90.29524469655341, 81.95586845212657]
[90.29869283106633, 81.95462452962826]
[90.30006168115023, 81.95371665172705]
[90.30131016164412, 81.95319759883293]
[90.30388464116304, 81.95217089301867]
[90.30447512928686, 81.95193456261458]
[90.30459740477166, 81.95185893488959]
[90.3054549406204, 81.95161495850921]
[90.30554247211317, 81.95154275992853]
[90.30605029582358, 81.95129159768872]
[90.30640053003512, 81.9511410610875]
[90.3075863038082, 81.9507319091215]
[90.30817170256876, 81.95053730147526]
[90.30894592379755, 81.95015476330539]
[90.31046294746734, 81.94952442031578]
[90.31203405642381, 81.9489059828452]
[90.31324808872947, 81.94877570844756]
[90.3150030711142, 81.94791371784805]
[90.31540108012601, 81.94763307806663]
[90.3169067472581, 81.94729425303922]
[90.32068631961064, 81.94567663173173]
[90.32287840502158, 81.94506153285798]
[90.32420606794412, 81.94432833664595]
[90.32467829542145, 81.94428805214542]
[90.32809474587266, 81.9429121434549]
[90.33009225968465, 81.94254444515448]
[90.33186287629745, 81.94133350696066]
[90.33372318385673, 81.94064289705292]
[90.33670649133931, 81.93956782801519]
[90.33713381415612, 81.93941097777444]
[90.33763895556811, 81.93926246696336]
[90.33771228819346, 81.93917641598645]
[90.34373198756356, 81.93692298623563]
[90.34445910284748, 81.9366223805473]
[90.34518920703515, 81.93639266831015]
[90.346845879393, 81.93612414617]
[90.34723197837405, 81.93576887987365]
[90.34931714011978, 81.93526575717732]
[90.35061244412971, 81.9345295323819]
[90.35238379731628, 81.93427607943335]
[90.35324389911213, 81.93385885643815]
[90.35663471852558, 81.93258828955032]
[90.35818381066187, 81.9322118485968]
[90.35951581514314, 81.93155772158201]
[90.35960610452153, 81.93133197812655]
[90.36039170560038, 81.93120199765235]
[90.36421979986834, 81.9302938217821]
[90.36475889594547, 81.92960055432614]
[90.36680304543869, 81.92915536259913]
[90.36849718579046, 81.9282243125508]
[90.3702275701017, 81.9282189969457]
[90.3707743113505, 81.92783482040491]
[90.37196125231, 81.92728818932329]
[90.37539385930029, 81.92652929721858]
[90.37665334971206, 81.92598215347735]
[90.37866072783854, 81.92474183685198]
[90.37903544533052, 81.92459357694904]
[90.3794109884351, 81.92446305354844]
[90.37978733428514, 81.92435026760516]
[90.38016446020515, 81.92425522016381]
[90.39157477340507, 81.92164574536562]
[90.39295342440148, 81.92035152048308]
[90.39600090058416, 81.9194806829525]
[90.39794562228812, 81.91914967296151]
[90.39840627957764, 81.91913169820972]
[90.40185935996345, 81.91792580004638]
[90.4021290222843, 81.91791137275656]
[90.40438241203732, 81.91788544346639]
[90.40578742486525, 81.91688754264908]
[90.40787434563465, 81.91598798086494]
[90.4116569560788, 81.91441236138344]
[90.4130112150293, 81.91403172892521]
[90.41454930543875, 81.91330520246476]
[90.41532389445285, 81.91304843543948]
[90.41610192581584, 81.91286267976875]
[90.42214259313471, 81.91185791540389]
[90.42435182659364, 81.91181400021827]
[90.42445592439728, 81.91098977916069]
[90.42644711880983, 81.91055673359736]
[90.42964863389206, 81.90980478637472]
[90.4317272362494, 81.90906521537497]
[90.43407226843306, 81.9077902793982]
[90.43614628361367, 81.90741405763185]
[90.44223326785291, 81.90566326732204]
[90.44548786706854, 81.90517641957076]
[90.45060679832906, 81.9029206659589]
[90.45100441175383, 81.90275897681974]
[90.45140301911991, 81.90261505188073]
[90.45180259578589, 81.90248889278871]
[90.45180259578592, 81.90248889278868]
[90.45300689774783, 81.90221702838058]
[90.45771709617946, 81.90185303773333]
[90.45977443749109, 81.90130244061083]
[90.46214753122739, 81.90093479087011]
[90.46571119685773, 81.89916918646395]
[90.46706655020087, 81.89856620764436]
[90.4721590246707, 81.89669395044078]
[90.47909423218458, 81.89588504389809]
[90.47919713248393, 81.89554237821113]
[90.48040212760436, 81.8951311657813]
[90.48596338976678, 81.89423300111272]
[90.48840451833804, 81.89295659181812]
[90.48922717235462, 81.89267333268495]
[90.49538316179832, 81.89189788398141]
[90.50312835476026, 81.89052009758088]
[90.5047276775173, 81.89045457779552]
[90.51058844675991, 81.889839177991]
[90.51094063660625, 81.8868753322404]
[90.51132977889964, 81.88677189409475]
[90.52276217967103, 81.8847535826782]
[90.5267534029766, 81.88389971121785]
[90.52845385960438, 81.88337832282204]
[90.53228198602011, 81.88231041492332]
[90.53388653364952, 81.88108677243983]
[90.54472369799608, 81.87932929799342]
[90.55429856720131, 81.87836080748826]
[90.55506928671903, 81.87777117617426]
[90.56084453354363, 81.87717708081868]
[90.56120912795228, 81.87600425397015]
[90.569665830604, 81.87364307594481]
[90.57340729675433, 81.8732199113723]
[90.57460081678879, 81.87214247046646]
[90.5809639034502, 81.87078923564812]
[90.58223675533121, 81.87050633107452]
[90.58410162267282, 81.8694173008849]
[90.59937564467715, 81.86657363524219]
[90.61630028116936, 81.86366341329673]
[90.62385803300566, 81.86335774485241]
[90.62452007862541, 81.86274466866362]
[90.63193783225208, 81.86100429275686]
[90.64469444252649, 81.85946076535333]
[90.66685082832949, 81.856002341503]
[90.6699569833729, 81.8555465279714]
[90.67505884456453, 81.85409660171425]
[90.67979005995693, 81.85357194778643]
[90.68525999359566, 81.85183822622128]
[90.68673633827, 81.85156447821599]
[90.69854831431766, 81.84910079344584]
[90.70217019092534, 81.84896715536995]
[90.702222118831, 81.84893663075015]
[90.7060401489532, 81.84824737176572]
[90.71292922016494, 81.84643006701987]
[90.74089438705406, 81.84101408787987]
[90.75286892179759, 81.83946402194839]
[90.77793334042246, 81.83857221173162]
[90.78056774637898, 81.83770770355491]
[90.78779003813835, 81.83369402514745]
[90.79008931071962, 81.83292225896975]
[90.86327900101644, 81.82097826253293]
[90.87794134284023, 81.81888571410573]
[90.91815853307776, 81.81252857757991]
[90.93705369193232, 81.80749395894631]
[90.96236226582913, 81.80598255138425]
[90.97774754969835, 81.80371858312449]
[90.97814396106892, 81.80366058400672]
[90.98693906311382, 81.80237800983414]
[90.98886257537944, 81.80205951325965]
[91.02498061567756, 81.79692122515706]
[91.1014174613085, 81.79022780275842]
[91.16977467876477, 81.78194814610694]
[91.19886555910875, 81.7778325045571]
[91.26522666321549, 81.7697567444395]
[91.48576285016719, 81.74410498654173]
[91.66015398525839, 81.7249606956616]
[91.84520055184059, 81.70565846717999]
[92.02249252153037, 81.68882583851557]
[92.52825596021447, 81.64113986120483]
[93.07379450197068, 81.59405141657201]
[94.02127487089443, 81.51815151354242]
[96.77030013852179, 81.31541607627597]
[97.85144098375493, 81.23836825230914]
[102.15391829917323, 80.91748268130172]
[107.00075825438466, 80.4923381713265]
[110.38473089202215, 80.1445652935364]
[110.8736697301129, 80.08959828165874]
[111.4243445238995, 80.05634476395932]
[111.55890180674963, 80.01260859749796]
[111.76617518254736, 79.99266418075746]
[111.95019820632523, 79.99160301708962]
[111.98801939699443, 79.96270402571815]
[112.08783080218946, 79.94644032830635]
[112.20561439078222, 79.93044795037248]
[112.33314914654744, 79.91802701632233]
[112.48063273146849, 79.90440698875904]
[112.5431454156832, 79.89707477439038]
[112.5717470017924, 79.88827206995569]
[112.83000785174525, 79.8875875227013]
[112.8756814062743, 79.87740929924445]
[112.95413067308908, 79.87728859334035]
[112.99100412056107, 79.86708653382124]
[113.04726887232245, 79.8450488273951]
[113.09289835214776, 79.83896487110175]
[113.18416913243655, 79.83749075066547]
[113.24563695908662, 79.83358197281197]
[113.31404703047458, 79.81920564468739]
[114.01841566346347, 78.205328023654]
[114.28769314037761, 78.13693843082177]
[114.48606621687861, 78.0971696297264]
[114.65382864242937, 78.06767098891254]
[114.70950762928904, 78.06521791607355]
[114.72425023022194, 78.0580394163766]
[114.79023552113298, 78.04644616934527]
[114.82026544631327, 78.04361769085622]
[114.83247646407237, 78.04032044519916]
[114.84215586495237, 78.04016960161627]
[114.85783620420453, 78.03710995172305]
[114.87647559148297, 78.03585477438094]
[114.89315956817212, 78.03275100678889]
[114.90907909285576, 78.03099095014683]
[114.9152940367417, 78.03055556792955]
[114.9662987173557, 78.02469335759021]
[114.9776791572639, 78.02387936346616]
[114.99625946190272, 78.02081622148054]
[115.02618949889401, 78.01692188913505]
[115.04263979608962, 78.0149463818336]
[115.05905331166404, 78.0130129009291]
[115.0672603344166, 78.01226122508567]
[115.07640562756505, 78.0120472141758]
[115.10975504819271, 78.0088995252953]
[115.1263727710307, 78.00738730639031]
[115.14199851584246, 78.00585598769243]
[115.15886417005973, 78.00382393912949]
[115.1759927221135, 78.0030960957451]
[115.18866074462518, 78.00148628328978]
[115.19810583308426, 77.9996805228174]
[115.22304545620194, 77.99778997761764]
[115.23404948203647, 77.99738131111164]
[115.24221061628216, 77.99677580366085]
[115.24714564327451, 77.99601159155657]
[115.2666312251477, 77.99501973376815]
[115.27193482834721, 77.99423185759126]
[115.28689227211038, 77.99272527354307]
[115.30463417899892, 77.99238535140992]
[115.31950857387949, 77.99095597135542]
[115.33523641932796, 77.9897160831028]
[115.34361748194186, 77.98948985098369]
[115.35006331911853, 77.98829344439635]
[115.37190309322462, 77.98733394457773]
[115.3878380098708, 77.98647865303062]
[115.397753683878, 77.98552733623114]
[115.4617138223268, 77.98340040649619]
[115.47595812355814, 77.98176678292432]
[115.50637518076832, 77.98025224165193]
[115.53737423404831, 77.97925793778145]
[115.59025116101111, 77.97750913753318]
[115.6283788152163, 77.97683178099459]
[115.67257020641392, 77.97591979269608]
values
[86.25514056172035, 107.65344353045604]
[87.8194265023969, 97.75142556372613]
[89.08274467071615, 86.03655357499534]
[89.08323855865811, 85.8628040100919]
[89.08325097108163, 85.8054572395414]
[89.08422422266233, 85.77124192205441]
[89.08433174860401, 85.71623517351348]
[89.0858248168496, 85.68053229213919]
[89.08650763761705, 85.66181863305269]
[89.08682721109636, 85.64530239861853]
[89.08720911113585, 85.60756072905038]
[89.08822749506433, 85.59403530724433]
[89.08905112667208, 85.55081241851002]
[89.08954723226068, 85.53408013645989]
[89.08963929435976, 85.52777627697584]
[89.09031630570692, 85.49529547434317]
[89.09179556604226, 85.43325580864311]
[89.09213470361902, 85.42871434341338]
[89.09331744653946, 85.41668283161945]
[89.09465425138964, 85.36678650321656]
[89.09473541255846, 85.35164401991854]
[89.09502121411055, 85.34591776275063]
[89.09554193788597, 85.32844631537841]
[89.09590800194195, 85.31910519386547]
[89.09660414622648, 85.30113991334157]
[89.09767793037034, 85.26805564811406]
[89.09794460744783, 85.26372550048161]
[89.09826611085364, 85.25664397945941]
[89.0986436849683, 85.24508510937687]
[89.10131816718275, 85.17893178284547]
[89.10250954418449, 85.17626777245843]
[89.10300671374486, 85.1226334621932]
[89.10450946338955, 85.10546630336329]
[89.10482246928119, 85.09857901761161]
[89.10699063803932, 85.06435819813629]
[89.10807462546181, 85.0505296210881]
[89.11062614463503, 84.97974182182688]
[89.11113077752711, 84.97705150543538]
[89.11320489449528, 84.9418398441126]
[89.11524450078292, 84.9007935360593]
[89.1155135849917, 84.89976205844971]
[89.11564781305823, 84.89427935418988]
[89.11607083372883, 84.88779678830176]
[89.11894053007109, 84.83886476216142]
[89.12021318917824, 84.83167915089682]
[89.1205267211271, 84.80694639641733]
[89.122243428689, 84.78467686500603]
[89.12441983693017, 84.74989882877638]
[89.12471951518691, 84.74442892608519]
[89.12488972409915, 84.74365991872367]
[89.1266826602278, 84.71530583141976]
[89.12808643232819, 84.69508399909857]
[89.12854697708399, 84.6888183681711]
[89.13216145454406, 84.63750249142885]
[89.13289896848504, 84.62840024458477]
[89.13529976134186, 84.6171920110101]
[89.13552357079483, 84.59350354725932]
[89.13557963227359, 84.59198683957453]
[89.13777784492291, 84.56373532980061]
[89.13925260044394, 84.54981438649669]
[89.14098096863142, 84.52424240587908]
[89.14211669326639, 84.51050071398825]
[89.1435282339071, 84.49384583140055]
[89.14377889464927, 84.49090483247096]
[89.14494699163114, 84.48716038937047]
[89.14621656754221, 84.4743116339786]
[89.14703510504478, 84.45523785306636]
[89.14797426932941, 84.44350938753519]
[89.1486741871166, 84.43545265915921]
[89.14941788634678, 84.42769851247752]
[89.15044925908049, 84.41613782124621]
[89.15077740468277, 84.41585457710298]
[89.15354124045854, 84.38342585878434]
[89.15539760347704, 84.36430042073096]
[89.15673493242645, 84.35090408342658]
[89.15673493242647, 84.35090408342657]
[89.15700731464399, 84.34807305675628]
[89.15838913570893, 84.33897500352516]
[89.16101129137316, 84.31029352285493]
[89.16152640336733, 84.30464935081974]
[89.16370600024204, 84.28364092553358]
[89.16395749851175, 84.2818541751709]
[89.16427087026676, 84.27808127680949]
[89.16721354166692, 84.25171209065823]
[89.16837157362052, 84.24070365098537]
[89.17110950665315, 84.21723051439969]
[89.17139700461158, 84.21449385503276]
[89.17199083972754, 84.20904515730099]
[89.17229719857755, 84.20633312439494]
[89.17260986589841, 84.20362930579208]
[89.17682041708298, 84.16939177947822]
[89.17740554186844, 84.16398573163261]
[89.17986802310745, 84.14363388968998]
[89.18374307619757, 84.11781711283159]
[89.18382070131668, 84.11257450294639]
[89.18606514271066, 84.10539449966788]
[89.1860703172257, 84.0997104637635]
[89.18615827561706, 84.09448251435322]
[89.1873381260437, 84.08552562230221]
[89.1878864434308, 84.08170922684437]
[89.18820642542221, 84.07908401342493]
[89.18886598864832, 84.0738583843676]
[89.19145650797672, 84.07184320334817]
[89.19263667827907, 84.05316573810401]
[89.19397507536162, 84.03777155606629]
[89.19735553750382, 84.0128303808063]
[89.20247621658908, 83.9775355393806]
[89.20311974118609, 83.97611694579606]
[89.20509494858294, 83.96000377354633]
[89.2063121565063, 83.95258462725685]
[89.20701911704512, 83.94755028649124]
[89.20738267884984, 83.94504559786266]
[89.2077529679037, 83.94254923383654]
[89.20900625323371, 83.93601780921152]
[89.20930148206469, 83.93264707584548]
[89.2137972325425, 83.90483171285997]
[89.2187102886146, 83.8748107701956]
[89.2229181075373, 83.85329345969782]
[89.22329760946066, 83.84663358360054]
[89.22720743450375, 83.82730209397054]
[89.22833795655637, 83.81753675920761]
[89.2283379565564, 83.81753675920756]
[89.22874832913752, 83.81515343573918]
[89.23045743751797, 83.81303159627741]
[89.23257078987692, 83.7967980259868]
[89.23337281239047, 83.79667594444349]
[89.23410074564697, 83.79212018903834]
[89.23502127406329, 83.7874737845192]
[89.23605624548372, 83.7850358372275]
[89.23875668559776, 83.77432476342695]
[89.23921780959782, 83.76354511662558]
[89.24258013000576, 83.75169728283768]
[89.24365638056706, 83.73503443750265]
[89.24806841025354, 83.71582126011572]
[89.24958497957336, 83.70350982202235]
[89.25058508815893, 83.70110570889247]
[89.25102278955708, 83.69625355193861]
[89.25284307900799, 83.68719207355555]
[89.25477289528465, 83.67826563271942]
[89.25633389524646, 83.67612287447692]
[89.25713029584597, 83.67180600076475]
[89.26687927427321, 83.62249223705925]
[89.2671701644305, 83.61912563917008]
[89.27191808545486, 83.60992456476302]
[89.27216726598114, 83.59560726423206]
[89.2740257792816, 83.59230523565326]
[89.27425201572355, 83.5858735264444]
[89.27626039910507, 83.57912560183813]
[89.27779853220122, 83.57009421785526]
[89.2785501051008, 83.5675478964562]
[89.27910527930842, 83.56412148339416]
[89.28185883100497, 83.55832841532637]
[89.28216827731437, 83.55243851702153]
[89.28297724881531, 83.55089480643298]
[89.28454690715554, 83.54315836796707]
[89.28716182334757, 83.53200314550085]
[89.2890070146864, 83.53020360308369]
[89.29224425913196, 83.52571410616707]
[89.29271660500524, 83.51463347000083]
[89.29579075245307, 83.50913085669958]
[89.30423056517387, 83.46139731487348]
[89.30488740466406, 83.45679173251875]
[89.30596819626672, 83.45273703370096]
[89.30888248078045, 83.44437154646988]
[89.31066846526761, 83.44283620680434]
[89.31084948874258, 83.43827112326099]
[89.31184256596705, 83.43452885034215]
[89.31413248113053, 83.4327683892774]
[89.31795200494265, 83.4100297827222]
[89.32108030024018, 83.40242999271538]
[89.32373680262296, 83.40008114617552]
[89.3249681651067, 83.39419259851374]
[89.3258247308005, 83.38602605962802]
[89.3301679131774, 83.37406012003997]
[89.33361232735952, 83.35805308173497]
[89.33444932689028, 83.34795544852551]
[89.33464462972628, 83.3441889909189]
[89.33521673099972, 83.34347500538932]
[89.33656573365066, 83.3430312165963]
[89.33791277321971, 83.33413869458815]
[89.3422487513267, 83.3213105238807]
[89.34330234118053, 83.31785438821294]
[89.34672666691513, 83.31431832142447]
[89.34861272402259, 83.3105295613578]
[89.34870475100888, 83.3094869831731]
[89.34888583734295, 83.29883810428511]
[89.35659924383545, 83.27548129384502]
[89.36770705661243, 83.23447955279926]
[89.3703862995329, 83.22854009594683]
[89.3724640772717, 83.22561168691246]
[89.37383163571938, 83.21800089615411]
[89.3760180300084, 83.20893654376643]
[89.37970361783144, 83.20560305490777]
[89.38050091364428, 83.2021371544142]
[89.3810896428181, 83.19809815752072]
[89.38187891407657, 83.19691026404158]
[89.38240594878141, 83.19560115097663]
[89.38297614734483, 83.18776047083301]
[89.38384971449196, 83.18769988044609]
[89.38491957358221, 83.18505796461851]
[89.38719618268436, 83.17751797258909]
[89.38943837148115, 83.17272940022315]
[89.39099546424114, 83.17126849492058]
[89.3918130944358, 83.17035822638555]
[89.39779228290904, 83.14563304806791]
[89.40044252542664, 83.13569962531005]
[89.40428365218824, 83.1325184704881]
[89.40667015968214, 83.1220387657134]
[89.40807595618577, 83.11700154803074]
[89.40856353635658, 83.11369118656553]
[89.41029327026149, 83.11107228541134]
[89.41131079292956, 83.10513547313164]
[89.41202306599452, 83.10118538050668]
[89.41313369552498, 83.09830514986851]
[89.41956234443094, 83.08302296832265]
[89.42696172048865, 83.0657809131669]
[89.43245922019281, 83.04562374507238]
[89.43564321582657, 83.03943558887295]
[89.4360753247083, 83.03629846027903]
[89.4370903746314, 83.03465059718422]
[89.43731727938537, 83.03311063939839]
[89.43794751601115, 83.03079639390799]
[89.44005441240236, 83.0252670590749]
[89.4408872193591, 83.02140661108373]
[89.45300987376581, 82.99348415438918]
[89.45729736853993, 82.98161221259102]
[89.45870786480728, 82.97969577324461]
[89.45955709861582, 82.97235511833654]
[89.46010386606717, 82.97109847819632]
[89.46153127769654, 82.96707290193038]
[89.46551279103214, 82.9635888553556]
[89.46555863328342, 82.95852234603163]
[89.46790407261798, 82.95233671359587]
[89.46896523779051, 82.95063146513277]
[89.4695389841525, 82.94999757054347]
[89.47047891629289, 82.94622431557688]
[89.4722261759321, 82.94168725943243]
[89.47397395668784, 82.94113652497545]
[89.47430615411776, 82.94010090220151]
[89.47435761017508, 82.93530732350516]
[89.47695409747897, 82.93021679146642]
[89.47852552530316, 82.92737003756784]
[89.48436395160233, 82.9169538410497]
[89.48459931631577, 82.91588570732512]
[89.4878830890276, 82.90752403875842]
[89.49814567727225, 82.88320229107113]
[89.50026884319854, 82.87470276729388]
[89.50064147420994, 82.87415369721987]
[89.50135013936278, 82.8727595530649]
[89.50161790333999, 82.87183959558392]
[89.50215855992494, 82.87000087624196]
[89.50707234125255, 82.86330504569924]
[89.51255550778836, 82.84903882542861]
[89.51560610954394, 82.84151735369547]
[89.5187824190176, 82.83697332289657]
[89.52404776975837, 82.82516452912886]
[89.52536538247793, 82.82326579698214]
[89.5279694211847, 82.81444808240121]
[89.5302916298486, 82.81266438506336]
[89.53072966012228, 82.81097125415447]
[89.53150986698267, 82.80666742323649]
[89.53474874206152, 82.80175814697787]
[89.53475632384851, 82.79693586357146]
[89.53501035796705, 82.796612612022]
[89.53734444507674, 82.79622749738994]
[89.53775181855084, 82.7891969329719]
[89.54128291556408, 82.7884879789673]
[89.54291399100293, 82.7852997351676]
[89.55135895644871, 82.76788802323398]
[89.55195542001013, 82.76660233516947]
[89.55291721411021, 82.76422172870822]
[89.55533533586697, 82.75995965568049]
[89.55551235966468, 82.75703464923059]
[89.56835119754591, 82.73319585307239]
[89.57032150720116, 82.72259311216067]
[89.57651095476038, 82.71670204458462]
[89.58088876038246, 82.71027734432695]
[89.58378158366295, 82.70172857685841]
[89.59402068798288, 82.68593686204136]
[89.59816725273696, 82.67473045852152]
[89.59921046340756, 82.66649511154586]
[89.60221562660644, 82.66146656824228]
[89.60258847128712, 82.66061847754281]
[89.60693435121047, 82.65163882599103]
[89.61342728011681, 82.64671801791593]
[89.6153874075198, 82.64055176197809]
[89.62276790787863, 82.6284638369991]
[89.62656827875948, 82.6232347382995]
[89.63037904711818, 82.61874607747419]
[89.63223303293512, 82.61611406386416]
[89.63483647137043, 82.61492847982652]
[89.63927464398118, 82.59406857323891]
[89.64476797992566, 82.58376672916931]
[89.64979911077702, 82.579342873831]
[89.65250524165242, 82.57846752197695]
[89.66411540376842, 82.55844417802167]
[89.66489512271554, 82.5504042743822]
[89.67452798196993, 82.53434720142204]
[89.6750399175891, 82.53403228741158]
[89.67875837524564, 82.52732578780638]
[89.68096774769133, 82.5237516179613]
[89.681886685844, 82.52216387267555]
[89.68313315255688, 82.51934716912822]
[89.68481414213842, 82.5175203110905]
[89.69071366570824, 82.51566212197193]
[89.69087151504826, 82.5132576644106]
[89.69230217882512, 82.51278365601456]
[89.70485271290093, 82.49413216367468]
[89.70578539246213, 82.4861565843715]
[89.7098545343948, 82.48391698866169]
[89.71471760229795, 82.47166530820687]
[89.71750477438039, 82.46688035835714]
[89.71978022381634, 82.46347175861689]
[89.72177360190628, 82.460399930297]
[89.72273812686198, 82.45907023458139]
[89.72278072780118, 82.45886651895681]
[89.72715387924192, 82.45743942460311]
[89.73237238271335, 82.45333832229532]
[89.73474772393473, 82.45143441100176]
[89.73737346595468, 82.44015049617656]
[89.74465177220979, 82.43155870587167]
[89.74891206428696, 82.42944873173649]
[89.74951402975093, 82.42892156770513]
[89.75086272042111, 82.42395380385611]
[89.75142468796109, 82.4238112398743]
[89.75345503475118, 82.41456782538734]
[89.75816725996235, 82.40797045076901]
[89.76051148073358, 82.4047313982396]
[89.76200510326007, 82.4026531998287]
[89.76349889173821, 82.40058013685214]
[89.7680056109294, 82.39985526734756]
[89.77220193403815, 82.39277990933184]
[89.77366228579262, 82.39127430935838]
[89.7777813548283, 82.39055821185906]
[89.78359398016167, 82.37801416838926]
[89.78526776056904, 82.37454323540356]
[89.78948556041084, 82.3655093609774]
[89.79286854375954, 82.36104523917226]
[89.79454554073867, 82.35888077437731]
[89.79750240138543, 82.35507580882594]
[89.7986383297121, 82.35363895614222]
[89.79914036347554, 82.35291348068083]
[89.79990140252933, 82.35200081435809]
[89.8006416391554, 82.35095886094575]
[89.80104302281734, 82.35056713048282]
[89.80161645691169, 82.34985092269184]
[89.80331992266159, 82.34910340960354]
[89.80364436348711, 82.34706508567034]
[89.81514939924656, 82.34252985522593]
[89.81651033776745, 82.33488706765536]
[89.81849023229255, 82.32913716311644]
[89.8250620693268, 82.32006189262617]
[89.82549899690059, 82.31953563112617]
[89.82579082948371, 82.3191849227573]
[89.82796613513997, 82.3175595791698]
[89.83019050563792, 82.31377041203818]
[89.83499523974108, 82.30805058977622]
[89.83619258315963, 82.3066608819287]
[89.83744225637344, 82.30513102324338]
[89.83866204870414, 82.30454697729277]
[89.83985534908227, 82.30235968412487]
[89.84064952075084, 82.30130336827843]
[89.84291660659746, 82.2985587481804]
[89.84353355583717, 82.29767454822817]
[89.84976932372928, 82.29083079848633]
[89.85407597884, 82.28520420514491]
[89.86038254639494, 82.2823458386743]
[89.86613516580182, 82.27116152817922]
[89.86709594211871, 82.27025038082645]
[89.86725116447667, 82.27008157218505]
[89.86798034747622, 82.26913496402642]
[89.86818480497622, 82.26906928102915]
[89.87045785708688, 82.26635564423474]
[89.8729540929938, 82.26366594815264]
[89.87445365542129, 82.26185792981079]
[89.87544746669562, 82.26090244537419]
[89.87798322755606, 82.25822600309696]
[89.87830217590962, 82.2578919291031]
[89.87926165888769, 82.25689034895822]
[89.88246266820886, 82.25294679107303]
[89.88691032376775, 82.24990084659103]
[89.89214805681004, 82.2422429140785]
[89.8946979249638, 82.23936943772608]
[89.89709709516507, 82.23667639330259]
[89.89884334976314, 82.2348714437894]
[89.90491580381817, 82.22845176309025]
[89.90620885758055, 82.22714879997051]
[89.9087314776568, 82.22452608501942]
[89.91054357997928, 82.22291743235982]
[89.91170334118222, 82.22178386028989]
[89.91388856533288, 82.21932493739675]
[89.91490187941446, 82.21871070889678]
[89.91912957579916, 82.21400170256953]
[89.91986439082524, 82.21292246136159]
[89.9224931295534, 82.21032385465058]
[89.92935431252613, 82.20323757718408]
[89.93017012706811, 82.20216385803411]
[89.93115906767858, 82.20120985351305]
[89.93248383152638, 82.19993935691947]
[89.93314886065845, 82.19930475560571]
[89.93381565471034, 82.19867058566297]
[89.93548488383229, 82.19685462608358]
[89.93864388180377, 82.19487977940122]
[89.94003276152935, 82.19246629284397]
[89.9405366983986, 82.19199384572498]
[89.94121015931236, 82.19136429408279]
[89.94349975239604, 82.18907653110006]
[89.94485390308651, 82.18782149148365]
[89.94673987556205, 82.18598166463886]
[89.94742068553866, 82.18535598056086]
[89.94788647177488, 82.18506375734773]
[89.95491881983611, 82.18390701183623]
[89.95542136970823, 82.17778103627798]
[89.9556117104155, 82.17748373546347]
[89.95649174098045, 82.1763231000148]
[89.95717987384282, 82.17592515835511]
[89.95865536953144, 82.17453494177903]
[89.95955236271934, 82.17371673316498]
[89.95998578163578, 82.17315348242127]
[89.9656641147959, 82.16794731648521]
[89.96888842685522, 82.16465635682697]
[89.96954621590685, 82.16429584644975]
[89.97096177894676, 82.16282146775808]
[89.97214074291486, 82.16193009120116]
[89.97354843833648, 82.16046692416391]
[89.97387374837444, 82.16032586295658]
[89.97459536444916, 82.15955338200052]
[89.97491525102343, 82.15950643406228]
[89.97529552742367, 82.15894489625136]
[89.97618989595858, 82.15802597087048]
[89.97732553732025, 82.15743984144501]
[89.98178021480734, 82.15297320156922]
[89.98390033067521, 82.15116227480719]
[89.9895293293788, 82.14921383538305]
[89.99101937650931, 82.14479983231543]
[89.99439902143527, 82.14183941491567]
[89.99487670497848, 82.14150079831118]
[89.99712148890677, 82.13917166972959]
[89.99875994864682, 82.13804887435225]
[89.99911573816922, 82.13760177519791]
[89.99925543384177, 82.13738919272255]
[90.0006869269461, 82.13620305157578]
[90.00212551134925, 82.13501865224225]
[90.00693697848286, 82.13132388605345]
[90.00738988131388, 82.13050459568672]
[90.00800141272764, 82.12982266918806]
[90.00884373702067, 82.12932845294813]
[90.00908180195978, 82.12894100598533]
[90.00980427868164, 82.1283537754603]
[90.01052852928771, 82.1277669809308]
[90.01566913383756, 82.1232811306773]
[90.0176388969351, 82.12191418885854]
[90.02112818569253, 82.1189183033836]
[90.02321724651105, 82.1170243724001]
[90.02430983994428, 82.11615684334994]
[90.02623825283911, 82.11488195419648]
[90.02650701224346, 82.11442473424736]
[90.03272062422872, 82.11360881597535]
[90.0329896755289, 82.1107758307368]
[90.03367560818981, 82.10869252698342]
[90.03405663681643, 82.10827254564106]
[90.03418115888857, 82.10815430107567]
[90.03537549736915, 82.10716894059848]
[90.03591617531356, 82.10697740467592]
[90.03640116536522, 82.10644042834184]
[90.03714472135641, 82.10587001247274]
[90.03870744390201, 82.10460298372759]
[90.03923163434436, 82.10423930527716]
[90.04017124960926, 82.10365689559636]
[90.04101403055088, 82.10324186974916]
[90.04458178184544, 82.1001430315759]
[90.04701754488275, 82.09817104141521]
[90.04853235836038, 82.09704351178314]
[90.04854144402697, 82.09679155953077]
[90.04922267291262, 82.09664867722579]
[90.0534437508071, 82.09331232134076]
[90.05394693325931, 82.09274366893548]
[90.05546274806801, 82.09162482307497]
[90.05708542156663, 82.09059030831665]
[90.05816330973897, 82.0895812783226]
[90.06118844567065, 82.08737863153475]
[90.06280415378733, 82.08598621947239]
[90.06758383316358, 82.08249778944608]
[90.06810751149087, 82.08226010503635]
[90.06835155264008, 82.08194647668562]
[90.068385643124, 82.08182875239409]
[90.07388462835551, 82.07798302201189]
[90.07441016711026, 82.07764475755664]
[90.07548304007602, 82.07675221671698]
[90.07835048975302, 82.07476235362043]
[90.08382190932298, 82.07204056691508]
[90.08703527911017, 82.07178615180842]
[90.08717000373309, 82.06834815967609]
[90.08892360238289, 82.06716259960041]
[90.09052209906244, 82.06645661327087]
[90.09116363893934, 82.0658293072128]
[90.0914835339633, 82.06552453779838]
[90.09158584060762, 82.06527956147]
[90.09540346051476, 82.06274947588011]
[90.09552194601144, 82.0626067935532]
[90.09594185870989, 82.06241174608338]
[90.0993983281614, 82.06000063033306]
[90.10070217264237, 82.05915054662512]
[90.10276454474985, 82.0576629473374]
[90.10410758722358, 82.05680188195167]
[90.10656444918136, 82.05525088532252]
[90.112079452895, 82.05419109339087]
[90.11342542148758, 82.05065603558954]
[90.11422075995206, 82.0500946196463]
[90.11536460114661, 82.0493381960361]
[90.11650846606032, 82.04858785996191]
[90.1172410146356, 82.04815255249945]
[90.11740027076985, 82.04800857783627]
[90.11924919914662, 82.04684416611425]
[90.11964456314112, 82.0465727724797]
[90.12144427981684, 82.04555132373929]
[90.12178811486018, 82.04520093702307]
[90.12398537275917, 82.04427484164184]
[90.12583067905715, 82.04261489078192]
[90.12618855943356, 82.04242386346574]
[90.12708610881586, 82.04182258419496]
[90.12856117987235, 82.0416925112338]
[90.12961043020962, 82.04023992852457]
[90.13158780740008, 82.04012535873514]
[90.13182855943043, 82.03892419861194]
[90.13253578058274, 82.03842524177308]
[90.13263750545644, 82.03841235369237]
[90.13337221935967, 82.03789895335655]
[90.13371791240306, 82.03767507311912]
[90.13505784873419, 82.03732973960905]
[90.13507507193953, 82.0368794765702]
[90.13536635414826, 82.03665302702105]
[90.13741729257984, 82.03553382958458]
[90.13809535042331, 82.03501111601904]
[90.13921858049164, 82.03430328663838]
[90.14455001577507, 82.03332421121605]
[90.14459322892927, 82.03103428984295]
[90.14976670258987, 82.02999374715327]
[90.14984870657206, 82.02802271285648]
[90.15106082023766, 82.02719982271256]
[90.15132652909458, 82.02702923122284]
[90.15510726551155, 82.02482708785445]
[90.15524864201154, 82.02474683451189]
[90.15624606829236, 82.0241578674889]
[90.15651628810066, 82.02408165483926]
[90.1600675896092, 82.02195511966225]
[90.1604468959235, 82.02174653469119]
[90.16302680386619, 82.02104140296777]
[90.16396712045272, 82.01972712600401]
[90.16492268331312, 82.0193110479323]
[90.16660598964049, 82.01832729430205]
[90.16829646290496, 82.01734531914448]
[90.16957833252035, 82.01660442800826]
[90.17154242387491, 82.01552526153945]
[90.17203599693772, 82.01510081250723]
[90.17379079287144, 82.01430731448315]
[90.17512308662437, 82.01351915518865]
[90.17549662117973, 82.01333376944402]
[90.17964761620371, 82.01158998784221]
[90.18059526467385, 82.01049638308143]
[90.18190003354931, 82.00971405244835]
[90.18225293406007, 82.00951846963399]
[90.18434832699839, 82.00829046064241]
[90.1843866243758, 82.00827038353711]
[90.18440823871981, 82.00826069852604]
[90.18456134882568, 82.00818271414605]
[90.18584861791257, 82.00747772590199]
[90.18958850255163, 82.00575376659704]
[90.18970163245294, 82.00565252697358]
[90.19023158885888, 82.00530826894038]
[90.19251450976864, 82.00390422534116]
[90.19314505771673, 82.0038944807136]
[90.19395142159362, 82.00314382776992]
[90.19556590778711, 82.00262763679196]
[90.19621738259295, 82.00237448482105]
[90.19691076983179, 82.00158207849492]
[90.19828958731392, 82.00088388811346]
[90.2005850212304, 82.00007605332638]
[90.2009489834137, 81.99944774601448]
[90.20203548972697, 81.99944017802979]
[90.20255220927594, 81.99916201472274]
[90.20259914629959, 81.99885070891854]
[90.2031458910313, 81.99856222911063]
[90.20439689841422, 81.99849808750503]
[90.20527868662175, 81.99773214925386]
[90.20592721196415, 81.99762760969193]
[90.20718085422226, 81.99677937576153]
[90.20862152141254, 81.9961250752515]
[90.2123497573451, 81.9939851440135]
[90.2143148630589, 81.99258244482236]
[90.21451847636345, 81.99248244156321]
[90.2148046840068, 81.99235117803646]
[90.21840906997775, 81.99192218342782]
[90.21982816948858, 81.9905998334838]
[90.22182618136772, 81.98929911317018]
[90.22389871818606, 81.98809115733314]
[90.22517095772116, 81.98795911612169]
[90.22526882819288, 81.98740454893817]
[90.22717207500546, 81.9864171391823]
[90.2281546435379, 81.98621412885393]
[90.22955207385709, 81.98620554895892]
[90.23221789880367, 81.98390851929747]
[90.23343872070407, 81.98383211674702]
[90.23396289696548, 81.98381748352128]
[90.2354776117063, 81.98262597814485]
[90.23661409742832, 81.98168638419781]
[90.2386672216864, 81.98121946509632]
[90.23988457581589, 81.98063112553174]
[90.2404518927317, 81.980298433976]
[90.24198454669613, 81.97939722988531]
[90.24393659816467, 81.97860998036529]
[90.24438718337484, 81.97828224125561]
[90.24513991984436, 81.97797108122357]
[90.24541136673182, 81.9775013500664]
[90.24556131657516, 81.97743232699943]
[90.24688638827766, 81.97694771347297]
[90.24740656377303, 81.97684349604899]
[90.24945457239323, 81.97593417000058]
[90.25003562760747, 81.9755899374723]
[90.25129824327153, 81.97530943335333]
[90.25197621501742, 81.97479609130883]
[90.25263410967844, 81.97435052872444]
[90.2544641493142, 81.97366002129775]
[90.25467701766655, 81.97346893482677]
[90.25763667423453, 81.97207274893083]
[90.25941735369668, 81.97177292347973]
[90.26265657871397, 81.96980360082115]
[90.26360153074518, 81.969236003594]
[90.26427765034771, 81.96895565895997]
[90.26579472050611, 81.96866329522669]
[90.26591123623386, 81.96858130356081]
[90.26614899250711, 81.968198565779]
[90.26700682869694, 81.9677838323191]
[90.2672779306435, 81.9676320893305]
[90.26756978246317, 81.9675015591537]
[90.268578263741, 81.9674158141484]
[90.2712875897888, 81.96626226876043]
[90.27143951349595, 81.96625953050142]
[90.27170729837205, 81.96569049168956]
[90.2734102565748, 81.9653857489128]
[90.2742883907604, 81.96455090757854]
[90.27517427332364, 81.96441897816206]
[90.27541802397161, 81.9641243604776]
[90.27744637225342, 81.9631528972676]
[90.27766553472574, 81.96306041345734]
[90.27810419413017, 81.96289425731521]
[90.2822941193921, 81.96111092351983]
[90.28384248135666, 81.96051864070121]
[90.28521816845941, 81.95998884446102]
[90.28842707085818, 81.95922129264584]
[90.29466162892359, 81.95602178664177]
[90.29524469655341, 81.95586845212657]
[90.29787295364139, 81.95501237675302]
[90.29869283106633, 81.95462452962826]
[90.29952697310455, 81.95398656457567]
[90.30006168115023, 81.95371665172705]
[90.3003243445722, 81.9536014705366]
[90.30131016164412, 81.95319759883293]
[90.30388464116304, 81.95217089301867]
[90.30447512928686, 81.95193456261458]
[90.30459740477166, 81.95185893488959]
[90.3054549406204, 81.95161495850921]
[90.30554247211317, 81.95154275992853]
[90.30605029582358, 81.95129159768872]
[90.30640053003512, 81.9511410610875]
[90.3075863038082, 81.9507319091215]
[90.30817170256876, 81.95053730147526]
[90.30894592379755, 81.95015476330539]
[90.31036172433218, 81.94956515973485]
[90.31046294746734, 81.94952442031578]
[90.31047538679024, 81.94951898325536]
[90.31127194736305, 81.94923967040498]
[90.31203405642381, 81.9489059828452]
[90.31324808872947, 81.94877570844756]
[90.3150030711142, 81.94791371784805]
[90.31540108012601, 81.94763307806663]
[90.3169067472581, 81.94729425303922]
[90.32068631961064, 81.94567663173173]
[90.32287840502158, 81.94506153285798]
[90.32420606794412, 81.94432833664595]
[90.32467829542145, 81.94428805214542]
[90.32809474587266, 81.9429121434549]
[90.33009225968465, 81.94254444515448]
[90.3305462122735, 81.9423211801374]
[90.33186287629745, 81.94133350696066]
[90.33276104885972, 81.94105007338015]
[90.3328143563475, 81.94102477569425]
[90.33372318385673, 81.94064289705292]
[90.33377766437323, 81.94058935018478]
[90.33670649133931, 81.93956782801519]
[90.33713381415612, 81.93941097777444]
[90.33763895556811, 81.93926246696336]
[90.33771228819346, 81.93917641598645]
[90.34038584345326, 81.93819949623806]
[90.34373198756356, 81.93692298623563]
[90.34445910284748, 81.9366223805473]
[90.34518920703515, 81.93639266831015]
[90.346845879393, 81.93612414617]
[90.34723197837405, 81.93576887987365]
[90.34895430300136, 81.93500187281737]
[90.35061244412971, 81.9345295323819]
[90.35238379731628, 81.93427607943335]
[90.35324389911213, 81.93385885643815]
[90.35663471852558, 81.93258828955032]
[90.35818381066187, 81.9322118485968]
[90.35951581514314, 81.93155772158201]
[90.35960610452153, 81.93133197812655]
[90.36039170560038, 81.93120199765235]
[90.36421979986834, 81.9302938217821]
[90.3645179087513, 81.93014010645396]
[90.36475889594547, 81.92960055432614]
[90.36680304543869, 81.92915536259913]
[90.36706219621146, 81.92878926006563]
[90.36743624308012, 81.92861856195216]
[90.36849718579046, 81.9282243125508]
[90.3702275701017, 81.9282189969457]
[90.3707743113505, 81.92783482040491]
[90.37196125231, 81.92728818932329]
[90.37539385930029, 81.92652929721858]
[90.37665334971206, 81.92598215347735]
[90.37751971031679, 81.92584174251064]
[90.37866072783854, 81.92474183685198]
[90.37903544533052, 81.92459357694904]
[90.37916606167201, 81.92454602101893]
[90.3794109884351, 81.92446305354844]
[90.37978733428514, 81.92435026760516]
[90.38016446020515, 81.92425522016381]
[90.38284797304296, 81.9233001455487]
[90.38414295115366, 81.92287899068063]
[90.38432801667746, 81.9228248778606]
[90.39157477340507, 81.92164574536562]
[90.39295342440148, 81.92035152048308]
[90.39600090058416, 81.9194806829525]
[90.39794562228812, 81.91914967296151]
[90.39840627957764, 81.91913169820972]
[90.40185935996345, 81.91792580004638]
[90.4021290222843, 81.91791137275656]
[90.40237909432348, 81.91724364430202]
[90.40263747188024, 81.91713323979857]
[90.40578742486525, 81.91688754264908]
[90.40787434563465, 81.91598798086494]
[90.41051495317711, 81.91467925960967]
[90.4116569560788, 81.91441236138344]
[90.4130112150293, 81.91403172892521]
[90.41454930543875, 81.91330520246476]
[90.41532389445285, 81.91304843543948]
[90.41610192581584, 81.91286267976875]
[90.41880594361537, 81.91192029818302]
[90.42005003580961, 81.91156983921834]
[90.42017111560656, 81.91153304228386]
[90.42029686245006, 81.9114975058695]
[90.4229419129072, 81.91063385377664]
[90.4253540084865, 81.90995284953564]
[90.42964863389206, 81.90980478637472]
[90.4317272362494, 81.90906521537497]
[90.43407226843306, 81.9077902793982]
[90.43471084306569, 81.90713562203008]
[90.44223326785291, 81.90566326732204]
[90.44374541091406, 81.90488313021002]
[90.44401063997144, 81.90478420599703]
[90.44454181919454, 81.90460523553747]
[90.45060679832906, 81.9029206659589]
[90.45100441175383, 81.90275897681974]
[90.45140301911991, 81.90261505188073]
[90.45180259578589, 81.90248889278871]
[90.45180259578592, 81.90248889278868]
[90.45192997658178, 81.9024503243547]
[90.45300689774783, 81.90221702838058]
[90.45735722341419, 81.90087672693362]
[90.45817264175206, 81.90044796905578]
[90.4604070231935, 81.89987589048593]
[90.46182028302808, 81.89959089178511]
[90.46474334381111, 81.89862514128302]
[90.46706655020087, 81.89856620764436]
[90.4721590246707, 81.89669395044078]
[90.47350334012836, 81.89645843055808]
[90.47909423218458, 81.89588504389809]
[90.47919713248393, 81.89554237821113]
[90.47967680075759, 81.89476651712172]
[90.48318151131454, 81.89368025168334]
[90.48840451833804, 81.89295659181812]
[90.48922717235462, 81.89267333268495]
[90.49410071031447, 81.89122761458263]
[90.49525058794373, 81.8910319111514]
[90.4987789363201, 81.88988118620522]
[90.50026509094607, 81.88967829857806]
[90.5034746144713, 81.88856944553834]
[90.50669088503919, 81.88802320816968]
[90.50825453235936, 81.88727562646693]
[90.51027215482404, 81.88688688751222]
[90.51094063660625, 81.8868753322404]
[90.51132977889964, 81.88677189409475]
[90.52100063690665, 81.88415420950847]
[90.5267534029766, 81.88389971121785]
[90.52845385960438, 81.88337832282204]
[90.53228198602011, 81.88231041492332]
[90.53388653364952, 81.88108677243983]
[90.53798695748667, 81.88066597893756]
[90.54472369799608, 81.87932929799342]
[90.54684490671758, 81.87798665063056]
[90.54825540911108, 81.87792390264894]
[90.5500492383767, 81.877716565496]
[90.55018259780343, 81.87769060573424]
[90.55260046702918, 81.87673182671276]
[90.55437799499379, 81.87645794981158]
[90.56097428856405, 81.87510836259865]
[90.569665830604, 81.87364307594481]
[90.57221362285792, 81.87198017028048]
[90.57358926069273, 81.87174422180404]
[90.5809639034502, 81.87078923564812]
[90.58223675533121, 81.87050633107452]
[90.58410162267282, 81.8694173008849]
[90.5877109751764, 81.8691785361159]
[90.59937564467715, 81.86657363524219]
[90.59973125534331, 81.8664867897766]
[90.6147413617233, 81.86295819296106]
[90.61591039750712, 81.86288812051136]
[90.61602985704023, 81.8628780025931]
[90.62048521666003, 81.86164709680486]
[90.63193783225208, 81.86100429275686]
[90.64102998233473, 81.85815428164548]
[90.64434093685841, 81.85685400046256]
[90.6464243820933, 81.8564436166703]
[90.66685082832949, 81.856002341503]
[90.6699569833729, 81.8555465279714]
[90.67158213799405, 81.8518406257088]
[90.68525999359566, 81.85183822622128]
[90.68673633827, 81.85156447821599]
[90.69854831431766, 81.84910079344584]
[90.70217019092534, 81.84896715536995]
[90.702222118831, 81.84893663075015]
[90.70391607495384, 81.84551398919555]
[90.74089438705406, 81.84101408787987]
[90.75286892179759, 81.83946402194839]
[90.77793334042246, 81.83857221173162]
[90.78056774637898, 81.83770770355491]
[90.78063558524744, 81.83198091305908]
[90.80830923521361, 81.82782413340018]
[90.81349132393109, 81.82689280896707]
[90.8153853451717, 81.82669515673133]
[90.86327900101644, 81.82097826253293]
[90.87794134284023, 81.81888571410573]
[90.88233157606392, 81.81631220038854]
[90.91815853307776, 81.81252857757991]
[90.93705369193232, 81.80749395894631]
[90.96236226582913, 81.80598255138425]
[90.97774754969835, 81.80371858312449]
[90.97814396106892, 81.80366058400672]
[90.98624569966074, 81.80161541410425]
[91.0026264840337, 81.79940198744279]
[91.02498061567756, 81.79692122515706]
[91.1014174613085, 81.79022780275842]
[91.16977467876477, 81.78194814610694]
[91.19886555910875, 81.7778325045571]
[91.26522666321549, 81.7697567444395]
[91.48576285016719, 81.74410498654173]
[91.66015398525839, 81.7249606956616]
[91.84520055184059, 81.70565846717999]
[92.02249252153037, 81.68882583851557]
[92.52825596021447, 81.64113986120483]
[93.07379450197068, 81.59405141657201]
[94.02127487089443, 81.51815151354242]
[96.77030013852179, 81.31541607627597]
[97.85144098375493, 81.23836825230914]
[102.15391829917323, 80.91748268130172]
[107.00075825438466, 80.4923381713265]
[110.38473089202215, 80.1445652935364]
[110.8736697301129, 80.08959828165874]
[111.4243445238995, 80.05634476395932]
[111.55890180674963, 80.01260859749796]
[111.76617518254736, 79.99266418075746]
[111.95019820632523, 79.99160301708962]
[111.98801939699443, 79.96270402571815]
[112.08783080218946, 79.94644032830635]
[112.20561439078222, 79.93044795037248]
[112.33314914654744, 79.91802701632233]
[112.48063273146849, 79.90440698875904]
[112.5431454156832, 79.89707477439038]
[112.5717470017924, 79.88827206995569]
[112.82604190955004, 79.8873645779729]
[112.84736684275418, 79.88461868117517]
[112.8756814062743, 79.87740929924445]
[112.95413067308908, 79.87728859334035]
[112.9565886817345, 79.87060166980505]
[112.98510069898856, 79.86702873068676]
[112.98969141676525, 79.86639627035387]
[113.01625416731031, 79.86289294231119]
[113.03513883840208, 79.86043776134278]
[113.04726887232245, 79.8450488273951]
[113.09289835214776, 79.83896487110175]
[113.18416913243655, 79.83749075066547]
[113.23841411405584, 79.83381963216206]
[113.24563695908662, 79.83358197281197]
[113.31404703047458, 79.81920564468739]
[113.38266400749225, 79.81441123584536]
[114.01841566346347, 78.205328023654]
[114.28769314037761, 78.13693843082177]
[114.48606621687861, 78.0971696297264]
[114.52695583795453, 78.08741949204072]
[114.5728981438449, 78.07954550581766]
[114.63946062100621, 78.06888803314226]
[114.64348532116952, 78.06770804728657]
[114.65382864242937, 78.06767098891254]
[114.65852537281388, 78.06552226713285]
[114.70950762928904, 78.06521791607355]
[114.72425023022194, 78.0580394163766]
[114.75768303624659, 78.0506668049714]
[114.766173619988, 78.0493379913674]
[114.76711069999305, 78.04914351686119]
[114.79023552113298, 78.04644616934527]
[114.79253853224995, 78.0454380869743]
[114.79781353444201, 78.04455425069547]
[114.80242787428082, 78.04418771708853]
[114.82026544631327, 78.04361769085622]
[114.83247646407237, 78.04032044519916]
[114.8326905672528, 78.04001114334946]
[114.85783620420453, 78.03710995172305]
[114.86100149256077, 78.03632891708094]
[114.872671772905, 78.03481704619122]
[114.8913947501208, 78.03216244750345]
[114.90907909285576, 78.03099095014683]
[114.90968217314256, 78.03016619459821]
[114.91127660059533, 78.0297080315002]
[114.93416838561652, 78.0268394852869]
[114.94420576750545, 78.02582647785776]
[114.96428269059729, 78.02328375098499]
[114.9673072666277, 78.02310678683904]
[114.96913581534346, 78.02277797233563]
[114.99020304244604, 78.02030763842454]
[114.99125535008368, 78.0203047513681]
[115.0036574509152, 78.01885622668127]
[115.01331446528836, 78.01790331126938]
[115.02618949889401, 78.01692188913505]
[115.03621798113744, 78.01541908418494]
[115.04263979608962, 78.0149463818336]
[115.0515075514758, 78.01370968762109]
[115.05501583583775, 78.01314710119948]
[115.05905331166404, 78.0130129009291]
[115.0672603344166, 78.01226122508567]
[115.07640562756505, 78.0120472141758]
[115.08361852054763, 78.01038982358713]
[115.08780704292931, 78.00988507564593]
[115.09497215084758, 78.00925813800632]
[115.10859465327306, 78.00808412815582]
[115.1263727710307, 78.00738730639031]
[115.14199851584246, 78.00585598769243]
[115.15177284964057, 78.00366621935905]
[115.15779616244743, 78.00352173450891]
[115.1613902152975, 78.00281106395597]
[115.16493688459697, 78.0025356343854]
[115.17099404706926, 78.00196988329913]
[115.17571595019706, 78.00160980651498]
[115.18412101140561, 78.00087735518082]
[115.19810583308426, 77.9996805228174]
[115.2003650746265, 77.99964690513148]
[115.20927227938913, 77.99874455252578]
[115.22304545620194, 77.99778997761764]
[115.23404948203647, 77.99738131111164]
[115.24221061628216, 77.99677580366085]
[115.24714564327451, 77.99601159155657]
[115.25574041785498, 77.99506117898204]
[115.26015587693712, 77.99464743718364]
[115.26481389775427, 77.99435026513889]
[115.26714163088111, 77.99420288885979]
[115.2741197054646, 77.9937655959036]
[115.28689227211038, 77.99272527354307]
[115.30463417899892, 77.99238535140992]
[115.31062227315228, 77.99094895862086]
[115.32010346784898, 77.99054283367437]
[115.32245111734855, 77.9900941795697]
[115.33523641932796, 77.9897160831028]
[115.3352637248236, 77.98930309976129]
[115.34115589986585, 77.98889589159052]
[115.34754503600715, 77.98851577542283]
[115.35006331911853, 77.98829344439635]
[115.37190309322462, 77.98733394457773]
[115.37609782174482, 77.9867707053445]
[115.3878380098708, 77.98647865303062]
[115.397753683878, 77.98552733623114]
[115.40939883147863, 77.98483501603968]
[115.41521177821707, 77.98449707974201]
[115.42781204883337, 77.98389110957405]
[115.434597303847, 77.983624687445]
[115.43911605732463, 77.98345100690744]
[115.4617138223268, 77.98340040649619]
[115.47595812355814, 77.98176678292432]
[115.49495088591206, 77.98076252430585]
[115.5006664294358, 77.98050468017951]
[115.50637518076832, 77.98025224165193]
[115.51528171727458, 77.98001047395036]
[115.51875067602296, 77.97982885318025]
[115.5258294575186, 77.97961901293283]
[115.53737423404831, 77.97925793778145]
[115.5468545602761, 77.97889070565242]
[115.59025116101111, 77.97750913753318]
[115.6283788152163, 77.97683178099459]
[115.67257020641392, 77.97591979269608]
[115.7352049846189, 77.97535255935898]
end_solutions
[-1.5416330288676554, -1.6613782760008762, -3.9142622161428147]
[-1.5403759954272866, -1.6633115453282925, -3.913511235179823]
[-1.5394094668178084, -1.664798976486063, -3.912933445834663]
[-1.5377346896105748, -1.667374032484382, -3.9119331582343375]
[-1.5360599124033412, -1.669949088482701, -3.910932870634012]
[-1.622434093102844, -1.5871657509612946, -3.9813874212812386]
[-1.62329268819579, -1.5858455648785923, -3.981900250917985]
[-1.6239960909424702, -1.5851098712586458, -3.9813281219345695]
[-1.6246994936891503, -1.5843741776386993, -3.9807559929511545]
[-1.6252871046724806, -1.5836873523339332, -3.9799723924103816]
[-1.625881756148291, -1.583015464201567, -3.9791921514171085]
[-1.626500323283699, -1.5823891226487867, -3.9784268892415637]
[-1.6272140099181687, -1.5821824096249806, -3.9776170708721073]
[-1.6280341974894816, -1.5822124981278258, -3.9766513694355377]
[-1.628828087049177, -1.5822841429577303, -3.9757044350753894]
[-1.6298671806832812, -1.5823299931117258, -3.9744787727154685]
[-1.6308799763057678, -1.5824173995927808, -3.9732718774319684]
[-1.6320562413111934, -1.5824876096232297, -3.9718791634819537]
[-1.6332062083050016, -1.5825993759807382, -3.97050521660836]
[-1.6345359404577346, -1.5825229207301532, -3.968970042119432]
[-1.6358832046182128, -1.5824187612615284, -3.9674223562462236]
[-1.637195404763201, -1.582370010228983, -3.9658996931415764]
[-1.6384374768772088, -1.5824320760685975, -3.9644270755740507]
[-1.6400523058160772, -1.582622866798138, -3.9625102025691494]
[-1.6415997332243335, -1.5829053041885814, -3.9606596602312036]
[-1.6431471606325898, -1.583187741579025, -3.9588091178932583]
[-1.6446154127945984, -1.583231787427302, -3.95697623773152]
[-1.6462919387413106, -1.5833558363635407, -3.9549087281194995]
[-1.6483850122574295, -1.5836398914757028, -3.952371959606915]
[-1.6522688708122406, -1.5855907173769093, -3.94812997509905]
[-1.6548877966246605, -1.5858167923252482, -3.9449113959558786]
end_values
[115.73520498  77.97535256]
[115.50637518  77.98025224]
[115.32245112  77.99009418]
[114.99020304  78.02030764]
[114.64348532  78.06770805]
[90.64434094 81.856854  ]
[90.50825453 81.88727563]
[90.42294191 81.91063385]
[90.3444591  81.93662238]
[90.27744637 81.9631529 ]
[90.21431486 81.99258244]
[90.15510727 82.02482709]
[90.10276454 82.05766295]
[90.04854144 82.09679156]
[89.99712149 82.13917167]
[89.93017013 82.20216386]
[89.86613517 82.27116153]
[89.79286854 82.36104524]
[89.72278073 82.45886652]
[89.64476798 82.58376673]
[89.57032151 82.72259311]
[89.50215856 82.87000088]
[89.44088722 83.02140661]
[89.36770706 83.23447955]
[89.3048874  83.45679173]
[89.25102279 83.69625355]
[89.20775297 83.94254923]
[89.16837157 84.24070365]
[89.13216145 84.63750249]
[89.09179557 85.43325581]
[89.08274467 86.03655357]
