values
[2339.117707753163, 6760.417824318722]
[2366.5760953262006, 6757.290239586439]
[2797.1622805884804, 6756.5249582648885]
values
[1807.4051479902553, 6956.266924433477]
[1807.4053165602918, 6956.243622605183]
[1807.405486925004, 6956.231972140176]
[1807.405714676071, 6956.220321974598]
[1807.4059998133857, 6956.208672108446]
[1807.4071995412214, 6956.1737243065445]
[1807.408915738402, 6956.138779199466]
[1807.4096025738263, 6956.127131429289]
[1807.4111483972104, 6956.103836787206]
[1807.4124583966784, 6956.0863665916295]
[1807.4154657283675, 6956.051428221574]
[1807.4171630572127, 6956.033960047093]
[1807.4209450313501, 6955.999025719225]
[1807.425243413, 6955.964094086137]
[1807.4353893191776, 6955.894238904259]
[1807.447188624651, 6955.824394501388]
[1807.690783282989, 6954.406562704434]
[1807.9480777402885, 6952.923791435015]
[1808.4679319076035, 6949.972960808266]
[1808.8504716897373, 6947.789871480294]
[1809.5285733112928, 6944.130126841485]
[1809.584040432311, 6943.75885627211]
[1810.0403906816712, 6941.389970416412]
[1810.1305494999162, 6940.913251645041]
[1810.283770058596, 6940.012138143468]
[1810.3179727994013, 6939.832545449665]
[1811.7325333404144, 6932.679602059994]
[1811.820395715131, 6932.104742889269]
[1811.8303443933382, 6932.0551788031935]
[1811.8502480081115, 6931.956068775444]
[1812.8138810532225, 6927.36525744168]
[1813.5094540201321, 6923.914768899491]
[1814.706564524693, 6918.499620328274]
[1815.1045467190952, 6916.701709506631]
[1815.8519779989563, 6913.3746652679265]
[1817.7599596398206, 6905.028900372816]
[1818.6938084406559, 6901.375334341219]
[1818.937022642917, 6900.387465215644]
[1820.4036664663881, 6894.353168017417]
[1820.4190566223792, 6894.293515901635]
[1820.7853452333634, 6893.11624173771]
[1822.9400324361882, 6885.0588768501475]
[1823.1642961956481, 6883.851387366624]
[1824.2510623195478, 6879.631241924215]
[1825.253394501664, 6876.188301372757]
[1825.5544406433405, 6875.829513366429]
[1825.9172694094075, 6874.272694362573]
[1826.8188061408607, 6871.566931043854]
[1827.114818142921, 6870.578257919172]
[1827.182925723935, 6869.408756328942]
[1827.8403474960403, 6867.864122321681]
[1829.4014319740936, 6863.22833037692]
[1830.1581654247814, 6859.908563041675]
[1831.0273826999987, 6858.2070815647585]
[1831.7281900623534, 6855.374303023883]
[1833.2544854965593, 6850.5516634203195]
[1833.325617903707, 6850.472444625147]
[1834.7731572350353, 6847.296154497706]
[1835.422004570815, 6845.690559571309]
[1836.440405560869, 6841.530314879565]
[1838.1260621389088, 6838.646771749993]
[1838.5633675988497, 6835.749192429659]
[1839.9790215332991, 6833.811996295371]
[1840.4019192983446, 6832.354923534159]
[1840.692707168547, 6831.63961698216]
[1840.7219900197854, 6830.112116502266]
[1841.3875311922723, 6829.774996672097]
[1841.6853491239242, 6829.1689211167695]
[1842.1503198053153, 6827.644924826365]
[1843.8860838598919, 6823.356698822372]
[1844.988603552875, 6821.166211976675]
[1846.1092795281847, 6818.636250155385]
[1846.3408174386461, 6816.59017813112]
[1847.4427354449958, 6815.434283631513]
[1847.9823003443528, 6814.212056134695]
[1848.5714119616662, 6813.319783073583]
[1852.3358879438115, 6805.433069484753]
[1852.481637343505, 6804.574424708468]
[1852.5830226937974, 6803.784418545308]
[1853.2638697337397, 6802.9379379913535]
[1853.6816433154886, 6801.578440655756]
[1854.3600722699994, 6800.15477478903]
[1854.7664229273155, 6799.261280738688]
[1855.5534966985585, 6797.7816323317775]
[1856.5745172619368, 6797.401182039157]
[1857.0055220216645, 6796.013290663994]
[1858.6185741742709, 6791.726317292132]
[1859.0649168149232, 6791.622667128681]
[1859.3089791516118, 6790.623091782404]
[1860.496489753813, 6788.926949773198]
[1860.7367811933045, 6788.096076540761]
[1861.716620867649, 6786.988227973923]
[1861.9517868782448, 6785.842256507535]
[1862.833613932037, 6784.72299224374]
[1863.6204989438022, 6784.572305588921]
[1863.9650103986276, 6782.4391845967875]
[1864.390874009853, 6781.653944093079]
[1864.8204994180037, 6781.414069952536]
[1865.2049508245243, 6780.3570611574905]
[1865.7589557249723, 6779.7771503712775]
[1865.8717732262535, 6779.48545371856]
[1866.3387048012057, 6778.963627635558]
[1866.4178856858705, 6778.860841961859]
[1866.4454360487823, 6778.511098804942]
[1866.5765141428205, 6778.221284453089]
[1866.6624366470849, 6778.174702097818]
[1866.7658636789138, 6777.947269928428]
[1866.8679332865204, 6777.8071755306955]
[1866.9511948667866, 6777.697405225832]
[1867.0534287076007, 6777.676310972337]
[1867.1105218823773, 6777.5386010134]
[1867.2103791404559, 6777.434701550181]
[1867.4116352977796, 6776.998585336312]
[1867.577598305959, 6776.759209945296]
[1867.6275392271493, 6776.704022595782]
[1867.657232178789, 6776.688948153407]
[1867.7682050871315, 6776.644439550223]
[1867.7789170421659, 6776.592339892523]
[1867.81018372978, 6776.569498578865]
[1867.8733168535039, 6776.357967654798]
[1867.9135163312294, 6776.303988034062]
[1868.1815193367229, 6775.958272541131]
[1868.2898861066485, 6775.861202760188]
[1868.4608374831341, 6775.613612320301]
[1868.547339748918, 6775.506688540003]
[1868.7044578319615, 6775.33419097895]
[1868.7562123879272, 6775.277335652784]
[1868.886764036514, 6775.196945402475]
[1868.945025143475, 6775.18258553115]
[1869.053227829189, 6774.927457194045]
[1869.3269612918025, 6774.61242006546]
[1869.3661994271977, 6774.58596203782]
[1869.6902849666774, 6774.2455216521]
[1869.7586136949526, 6774.245318447852]
[1869.7656760360385, 6774.140355355289]
[1869.80506332267, 6774.12069131353]
[1869.8564977221763, 6774.035397396721]
[1869.956210503597, 6773.972840612726]
[1870.0329686061339, 6773.899006546626]
[1870.1374264759795, 6773.749077520824]
[1870.2973219998912, 6773.635554852379]
[1870.3146627284495, 6773.572191991511]
[1870.39410040143, 6773.523592755177]
[1870.526676995681, 6773.359437188959]
[1870.7542346057355, 6773.295591399806]
[1871.0489392399988, 6772.867089145909]
[1871.1902433182006, 6772.8297968274655]
[1871.2406616759495, 6772.687694101698]
[1871.3298988298754, 6772.665823524158]
[1871.350706069888, 6772.584088078175]
[1871.6282133768743, 6772.549525975119]
[1871.6283672200204, 6772.466217587911]
[1871.795542129878, 6772.295066956258]
[1871.9410219590152, 6772.165888137707]
[1872.092984365017, 6772.0561083444945]
[1872.2198402518343, 6771.989159052692]
[1872.2347812077574, 6771.813979904781]
[1872.4986180837575, 6771.736556873898]
[1872.5357826429356, 6771.651616615716]
[1872.7233866836257, 6771.50180404381]
[1872.8501338299764, 6771.408015299357]
[1872.9035567506326, 6771.377204714892]
[1873.1653310004876, 6771.128504773415]
[1873.2436766089463, 6771.096631437441]
[1873.3208634601226, 6770.94665517764]
[1873.586474128418, 6770.858359052428]
[1873.6914287064405, 6770.7387489789035]
[1873.902674107377, 6770.675409015414]
[1874.0237811666564, 6770.56596850023]
[1874.1924545219058, 6770.359537809969]
[1874.334489127767, 6770.187568231412]
[1874.6765631438404, 6769.9689522181825]
[1934.5755745794463, 6768.871556536597]
[1937.1364830330187, 6763.732820113543]
[1997.8617158833367, 6763.619483749934]
[1998.2582638386284, 6763.470708703935]
[2006.5738017660237, 6761.5071512395425]
[2007.7338468675268, 6761.381549475474]
[2014.5715415698387, 6760.603193228977]
[2016.2662466472407, 6758.06378980627]
[2017.2436643563722, 6757.994952544572]
[2019.2514283682312, 6757.857460047777]
[2050.606280944945, 6757.85512692577]
[2054.9951374315106, 6757.733567614316]
[2066.1630746103087, 6757.712843234674]
[2067.3144052618786, 6757.480012383316]
[2092.4951954270696, 6756.649565169359]
[2105.4102523420706, 6756.452309535693]
[2160.9569082746043, 6755.212655537138]
[2719.2377752799484, 6749.688273446648]
[3131.728022331397, 6744.702222521501]
[3415.403052435399, 6737.838802288781]
[3808.758732306032, 6725.588799725833]
[3873.205858160013, 6724.575190593827]
[6486.6527483705195, 6709.182270794232]
[11419.100313461051, 6684.758095180053]
[19443.58474597665, 6661.3849195239945]
[33809.135638755404, 6638.140381933225]
[63510.53198452011, 6614.424933375802]
values
[1807.4051479902553, 6956.266924433477]
[1807.4053165602918, 6956.243622605183]
[1807.405486925004, 6956.231972140176]
[1807.4055936272473, 6956.226147019961]
[1807.405714676071, 6956.220321974598]
[1807.4058500714555, 6956.214497004094]
[1807.4059998133857, 6956.208672108446]
[1807.4067422461442, 6956.18537327442]
[1807.4069637204805, 6956.179548753054]
[1807.4071995412214, 6956.1737243065445]
[1807.4079930815703, 6956.156251416152]
[1807.4085938399094, 6956.14460319684]
[1807.408915738402, 6956.138779199466]
[1807.4092519830579, 6956.132955276949]
[1807.4096025738263, 6956.127131429289]
[1807.4111483972104, 6956.103836787206]
[1807.41157071789, 6956.098013313824]
[1807.4120073843956, 6956.092189915297]
[1807.4124583966784, 6956.0863665916295]
[1807.4138975076014, 6956.06889706975]
[1807.4144059024018, 6956.063074045502]
[1807.4154657283675, 6956.051428221573]
[1807.416582935704, 6956.039782697066]
[1807.4171630572127, 6956.033960047093]
[1807.418366335546, 6956.022314971716]
[1807.4189894922222, 6956.016492546311]
[1807.4196269938022, 6956.010670195761]
[1807.4209450313501, 6955.999025719225]
[1807.4237532416487, 6955.975737664413]
[1807.4244911552182, 6955.969915837846]
[1807.425243413, 6955.964094086137]
[1807.426010014904, 6955.958272409279]
[1807.4275862506902, 6955.94662928013]
[1807.4300581828293, 6955.929165147816]
[1807.4309108473874, 6955.923343920088]
[1807.4317778553575, 6955.917522767215]
[1807.4353893191776, 6955.894238904259]
[1807.4382485173917, 6955.876776793012]
[1807.4422136857736, 6955.853495025973]
[1807.4442035805114, 6955.841854591578]
[1807.447188624651, 6955.824394501388]
[1807.4531594402072, 6955.789476342056]
[1807.690783282989, 6954.406562704434]
[1807.9480777402885, 6952.923791435015]
[1808.4679319076035, 6949.972960808266]
[1808.8504716897373, 6947.789871480294]
[1809.5285733112928, 6944.130126841485]
[1809.5367727372206, 6944.013768327538]
[1809.5556734070622, 6943.91178533774]
[1809.584040432311, 6943.75885627211]
[1810.0403906816712, 6941.389970416412]
[1810.1305494999162, 6940.913251645041]
[1810.2027083328321, 6939.907855585193]
[1810.206982354965, 6939.8853992763]
[1810.2133941736618, 6939.85171705501]
[1810.2187380759071, 6939.823650592472]
[1810.22301366895, 6939.801198767664]
[1810.2240826326579, 6939.795585998296]
[1810.225484831534, 6939.7335994085815]
[1810.234039426287, 6939.68870481297]
[1810.245467403989, 6939.68334630509]
[1810.248676022712, 6939.666512929419]
[1810.2561637157487, 6939.62723766851]
[1810.2583032921525, 6939.616016837989]
[1810.2625827589902, 6939.593576073743]
[1810.2647226494178, 6939.582356140015]
[1810.2700728334232, 6939.554307613515]
[1810.2836429349559, 6939.537738645313]
[1810.2882683519417, 6939.458956598318]
[1810.335412357006, 6939.375639770101]
[1810.337554558109, 6939.364426946094]
[1810.3396968638192, 6939.353214421008]
[1810.3461244085736, 6939.3195786392625]
[1810.3482671326944, 6939.308367309852]
[1810.3488028300656, 6939.305564524205]
[1810.3504099614102, 6939.29715627936]
[1810.3546959326263, 6939.274735115126]
[1810.355767490801, 6939.269130010891]
[1810.3563032796924, 6939.266327486796]
[1810.3568390751204, 6939.263524981385]
[1810.36326913012, 6939.22989637366]
[1810.3643408974638, 6939.2242918672555]
[1810.3707720505533, 6939.1906663981445]
[1810.3718440009056, 6939.185062414842]
[1810.3739879800326, 6939.173854672425]
[1810.3782762520011, 6939.15144008433]
[1810.380956634377, 6939.137431573937]
[1810.3825649422251, 6939.129026691885]
[1810.3847094441805, 6939.117820444033]
[1810.3857817343655, 6939.112217432197]
[1810.3868540506917, 6939.106614495091]
[1810.3895349558602, 6939.092607479259]
[1810.3943609968355, 6939.067396027723]
[1810.3954335222643, 6939.06179368844]
[1810.395969794781, 6939.058992546819]
[1810.3975786515286, 6939.0505892340525]
[1810.4018692236843, 6939.028181222007]
[1810.405623817343, 6939.008575192263]
[1810.4109880779044, 6938.980568166294]
[1810.41259748347, 6938.972166422795]
[1810.4211819728073, 6938.927359963759]
[1810.5414492188681, 6938.4636844839]
[1810.583018161217, 6938.301810326177]
[1811.7210237217541, 6932.600716405399]
[1811.7309515260035, 6932.551091836024]
[1811.7408814186351, 6932.501473315131]
[1811.760747468164, 6932.402254418651]
[1811.7706836246243, 6932.352654042998]
[1811.780621868591, 6932.303059715695]
[1811.7905621998427, 6932.253471436703]
[1811.800504618164, 6932.20388920599]
[1811.8104491233314, 6932.154313023524]
[1811.820395715131, 6932.104742889269]
[1811.8303443933382, 6932.0551788031935]
[1811.8502480081115, 6931.956068775444]
[1812.2650490211408, 6930.0900128989115]
[1812.2672787933495, 6930.079054410771]
[1812.8138810532225, 6927.36525744168]
[1813.295075430698, 6923.908023127764]
[1813.3042182650843, 6923.864826208768]
[1813.3133627203372, 6923.821634064428]
[1813.3225087962855, 6923.778446694719]
[1813.4006785988606, 6923.510377091655]
[1813.4098370716076, 6923.467227740027]
[1813.5572317476258, 6922.974933591876]
[1813.5664117459567, 6922.931850722928]
[1813.5847765927535, 6922.8456993070795]
[1813.5939614408949, 6922.802630760127]
[1813.6031479053179, 6922.759566987124]
[1813.6123359858534, 6922.716507988047]
[1813.620376881922, 6922.678835279948]
[1813.6215256823505, 6922.673453762872]
[1813.6226745080278, 6922.668072320388]
[1813.6307169946417, 6922.630404311572]
[1813.6433576870375, 6922.571219110838]
[1813.8061566811753, 6922.010468520599]
[1813.8199837221118, 6921.94601732576]
[1813.9564568369751, 6921.460493783535]
[1814.706564524693, 6918.499620328274]
[1814.952624591852, 6916.413414691074]
[1814.9773692302374, 6916.302241365351]
[1814.9985876493372, 6916.206976105239]
[1815.3166871044893, 6915.46463781494]
[1815.329921553309, 6915.112293400914]
[1815.3322906424435, 6915.101744411678]
[1815.4272827128668, 6914.750919066242]
[1815.4320279629092, 6914.7298431619]
[1815.436773609049, 6914.70876844985]
[1815.4817418339112, 6914.557249591082]
[1815.5669924182714, 6914.275485179853]
[1815.5765022354544, 6914.233393903365]
[1815.5860136346876, 6914.191307395694]
[1815.5949320081393, 6914.151855625779]
[1815.8519779989563, 6913.3746652679265]
[1816.1439634143294, 6911.475180242026]
[1816.2861002249592, 6911.0476955358035]
[1816.474194583834, 6910.633211970559]
[1816.5690012120085, 6908.647261061526]
[1816.57871339898, 6908.605761302553]
[1816.8421231577618, 6907.71698679103]
[1816.9723301838642, 6907.35077458558]
[1817.011395851007, 6907.185467986476]
[1817.0211661555381, 6907.144153248949]
[1817.0309380148171, 6907.102843276267]
[1817.0413223186467, 6907.058956651126]
[1817.0498754158664, 6907.02281876345]
[1817.1936098985386, 6906.555436983087]
[1817.1985072267844, 6906.534818188526]
[1817.2034049429856, 6906.5142005850685]
[1817.2299337694562, 6906.448759657553]
[1817.232383474526, 6906.438453661565]
[1817.2397331714676, 6906.407537460232]
[1817.2495341246486, 6906.366320027229]
[1817.3207460830565, 6906.089538917609]
[1817.7599596398206, 6905.028900372816]
[1817.7821441056872, 6904.936602704227]
[1817.7876914427072, 6904.913532054749]
[1817.7932392678883, 6904.89046291233]
[1817.7954321089603, 6904.48047113729]
[1817.8234476891816, 6904.346732620183]
[1817.8795253773985, 6904.079393352711]
[1818.6590758087061, 6900.413765343363]
[1818.7010605585758, 6900.288951999497]
[1818.7473984153207, 6900.225772103016]
[1818.8321362800032, 6899.8946286491155]
[1818.847206250135, 6899.833945919105]
[1818.8522303346995, 6899.813720722503]
[1819.0382575808771, 6899.515851521049]
[1819.131392734497, 6898.893585102859]
[1819.8539720790395, 6896.243597749082]
[1819.9137462320914, 6895.883059774441]
[1819.9584535094696, 6895.801982252909]
[1820.3805875411977, 6894.4426662564265]
[1820.3921260573718, 6894.397914127107]
[1820.4036664663881, 6894.353168017417]
[1820.415208767989, 6894.308427927319]
[1820.4190566223792, 6894.293515901635]
[1820.6705720761497, 6892.090412458024]
[1820.67961540297, 6892.055801729962]
[1820.6886598689541, 6892.021194642628]
[1820.6957670341685, 6891.994005913796]
[1821.0575131449098, 6891.219439312168]
[1821.0773481575898, 6890.884061321472]
[1821.6567393493413, 6889.0734997406935]
[1821.7015218595752, 6888.881387040149]
[1821.8809861760265, 6888.113967455343]
[1821.8980334149846, 6888.025481599466]
[1821.9807213875247, 6887.638059954326]
[1822.4390123782903, 6886.271126384564]
[1822.5915288168078, 6885.116615461119]
[1822.9400324361882, 6885.0588768501475]
[1823.1642961956481, 6883.851387366624]
[1823.9866636059635, 6880.091811339606]
[1824.2510623195478, 6879.631241924215]
[1824.326504120101, 6879.150135940184]
[1824.5591584203712, 6878.29713420411]
[1825.253394501664, 6876.188301372757]
[1825.4955591399028, 6874.691074551613]
[1825.9172694094075, 6874.272694362573]
[1826.8188061408607, 6871.566931043854]
[1827.114818142921, 6870.578257919172]
[1827.182925723935, 6869.408756328942]
[1827.8403474960403, 6867.864122321681]
[1828.9780154585133, 6862.940889772837]
[1830.1192281308065, 6860.0283112607085]
[1830.145184666334, 6859.948473127072]
[1830.1581654247814, 6859.908563041675]
[1830.5669756104878, 6858.397069672548]
[1830.7977816665186, 6857.653385272963]
[1831.7097175953363, 6855.0955142944185]
[1831.9675163963107, 6853.788186522133]
[1832.2339849683644, 6853.257638556499]
[1832.635337144688, 6852.545137966968]
[1833.2544854965593, 6850.5516634203195]
[1833.325617903707, 6850.472444625147]
[1833.6233228590363, 6848.372070173427]
[1833.8821299981548, 6848.065533153909]
[1834.2278774300012, 6846.715878062362]
[1835.422004570815, 6845.690559571309]
[1836.440405560869, 6841.530314879565]
[1837.5426258322088, 6838.050704707023]
[1837.7438331807623, 6837.213161269989]
[1838.5633675988497, 6835.749192429659]
[1839.638302586765, 6832.912659036508]
[1840.003740177647, 6831.640206816916]
[1840.3161099333438, 6831.307082926566]
[1840.3707032203529, 6831.003852022871]
[1840.7219900197854, 6830.112116502266]
[1840.9119937200635, 6829.296942135515]
[1841.1932679564031, 6828.546162581842]
[1841.2511121591326, 6828.504787517868]
[1841.3556953230557, 6828.100613552109]
[1841.9443266420262, 6825.726005421072]
[1842.792330444032, 6824.788770835045]
[1843.005895544109, 6824.20279991521]
[1843.8860838598919, 6823.356698822372]
[1843.9184867409933, 6822.2080595144635]
[1844.988603552875, 6821.166211976675]
[1845.0575224186664, 6819.37747003209]
[1846.1092795281847, 6818.636250155385]
[1846.3408174386461, 6816.59017813112]
[1846.969950186466, 6815.004782698048]
[1847.291266193778, 6814.335951541635]
[1847.9823003443528, 6814.212056134695]
[1848.5714119616662, 6813.319783073583]
[1848.8723021582327, 6810.579851665412]
[1849.4676685475906, 6809.504169893994]
[1852.000627052261, 6804.176412458647]
[1852.3723218266687, 6802.003079132634]
[1852.8173658659389, 6801.516322663524]
[1853.3760584865759, 6801.4541108849735]
[1853.4685404916975, 6799.862415759949]
[1853.651176143135, 6799.36068269519]
[1854.6694493394666, 6798.763041516263]
[1855.458949382981, 6797.400713737912]
[1855.5811681368452, 6795.52211587556]
[1855.7899227015434, 6795.139501878774]
[1855.9051222715404, 6794.829222688511]
[1856.0673038516059, 6794.483856939617]
[1856.1484455379, 6794.311444248856]
[1856.1890290760846, 6794.225305445958]
[1857.439875697555, 6792.371514472945]
[1858.0081058437013, 6790.868986035036]
[1858.1139569257807, 6790.79291098647]
[1858.2306774474926, 6790.490420276602]
[1858.302055180818, 6790.317342809745]
[1858.5350493238486, 6789.836699872316]
[1858.5585946129447, 6789.820013853709]
[1858.6528852285176, 6789.583395889617]
[1859.7782110172514, 6787.5699601738515]
[1860.4832095640547, 6786.34837617501]
[1860.8024700416709, 6785.704814315177]
[1860.8615471925314, 6785.665561024363]
[1860.9088088037981, 6785.634192836216]
[1861.0999103774272, 6785.1741425076325]
[1862.330411615184, 6785.015207283932]
[1862.341233807197, 6783.112344809037]
[1863.2788319876065, 6781.5815742142895]
[1863.3749369812294, 6781.310845090692]
[1864.6990267827116, 6779.154979542584]
[1864.9763516196936, 6779.09351444594]
[1865.4533442697582, 6777.785316317505]
[1865.5728665605275, 6777.716720653416]
[1865.669663064438, 6777.661981433499]
[1865.9485740273872, 6777.107257129124]
[1866.1119582948147, 6776.7945214471465]
[1866.138001855967, 6776.75661834354]
[1866.4763149362077, 6776.613838186975]
[1866.6425081298576, 6776.067355938531]
[1866.7577391966258, 6775.963249011521]
[1867.0627205196552, 6775.9060619499305]
[1867.065200410623, 6775.8878254579895]
[1867.0665544956867, 6775.727063408642]
[1867.2404653916424, 6775.344577270806]
[1867.538275646136, 6775.160504946648]
[1867.6239595787606, 6774.933523751665]
[1867.913853572908, 6774.8758603413]
[1868.1186265008253, 6774.609800460982]
[1868.2307117093876, 6774.432971625024]
[1868.2513747024243, 6774.304762517112]
[1868.4182889669091, 6774.172542507007]
[1868.5234482105177, 6774.04235153543]
[1868.6361725837369, 6773.912176289375]
[1868.7495749765544, 6773.837234141707]
[1868.8560794938232, 6773.730510684308]
[1868.9018746960537, 6773.681210795274]
[1868.9747403485287, 6773.600437847654]
[1869.078180428703, 6773.552550760702]
[1869.1455489871728, 6773.491719394177]
[1869.1461544590438, 6773.445056928115]
[1869.196351425813, 6773.4046433954445]
[1869.3189835265648, 6773.2900015096375]
[1869.4078675751823, 6773.243999997055]
[1869.5748464955313, 6773.090212714335]
[1869.6688707383132, 6772.980867076313]
[1869.7592047879627, 6772.932581316245]
[1869.7921780544877, 6772.899203945581]
[1869.8782094328712, 6772.857242425609]
[1869.8880445930845, 6772.802799969353]
[1870.0206220731206, 6772.669475703693]
[1870.1107375573727, 6772.606290341748]
[1870.1254069270979, 6772.589137935032]
[1870.1739379849696, 6772.547557055791]
[1870.3171747932802, 6772.455880168509]
[1870.5084568184086, 6772.401980544817]
[1870.5203980072836, 6772.28549707702]
[1870.5204996894633, 6772.278392870911]
[1870.5336734554205, 6772.268821464398]
[1870.54019068492, 6772.225754919572]
[1870.6885501677089, 6772.189688837325]
[1870.711486014777, 6772.090155408633]
[1870.7305338215695, 6772.058407986359]
[1870.833781633116, 6772.055542736059]
[1870.906065845889, 6771.977770316556]
[1871.0439405403922, 6771.832236631414]
[1871.0767824087357, 6771.786847255137]
[1871.4104099052608, 6771.598411425267]
[1871.4139693246477, 6771.487553401768]
[1871.4390117583114, 6771.473499427735]
[1871.6590883075182, 6771.301525876054]
[1871.9233499810548, 6771.162080329205]
[1871.9888938960792, 6771.098465762897]
[1872.1060786512128, 6770.958786506265]
[1872.53080661918, 6770.61892429797]
[1872.916554930124, 6770.322738081338]
[1873.3724194364097, 6770.237300877315]
[1873.5917769882776, 6770.061129503424]
[1873.5967345628974, 6769.851959514248]
[1873.9407665627527, 6769.5947440663695]
[1874.3634705848667, 6769.5299189168945]
[1874.3937703334161, 6769.142429386622]
[1874.864700944446, 6769.079743845845]
[1874.9466445986766, 6768.9470695152795]
[1875.1284736558396, 6768.905344026382]
[1875.3925273504942, 6768.455745119381]
[1875.462375741006, 6768.379622638543]
[1875.551681758983, 6768.3039187347085]
[1875.7051719735668, 6768.28923859423]
[1875.902355677428, 6768.148442463891]
[1876.474608214631, 6767.811614183323]
[1876.8311475060154, 6767.511514768379]
[1876.9107619288272, 6767.4801461523475]
[1877.2907063636878, 6767.228519511504]
[1877.5378347557894, 6767.116013602434]
[1877.9569967969546, 6766.667737379094]
[1878.659675586427, 6766.2188798541965]
[1878.7209382294982, 6766.131531898195]
[1879.005180867219, 6766.003022918447]
[1879.4926688376106, 6765.7209654962035]
[1880.623784984243, 6765.262557511245]
[1881.0564259532086, 6765.0977190256035]
[1881.185797410817, 6764.719565107197]
[1881.4438373054327, 6764.511537413202]
[1881.6542458001757, 6764.343894179815]
[1882.1232722647553, 6764.294188034773]
[1882.2181056525185, 6763.980207083987]
[1883.1124275205698, 6763.509254042468]
[1883.1921731609293, 6763.460530463443]
[1883.4968134392182, 6763.2633888271275]
[1884.3429950704194, 6762.821762024765]
[1884.8603719926916, 6762.523780753249]
[1884.9978386283128, 6762.423424242074]
[1885.7773864085082, 6762.363498002423]
[1885.9371652166033, 6761.925511653006]
[1886.477861172047, 6761.895001237067]
[1886.7377401129215, 6761.5318359717]
[1887.8127978880182, 6761.504287052134]
[1887.9827509526508, 6760.989219538719]
[1888.7430663028224, 6760.550505408188]
[1889.950342555245, 6760.545685643643]
[1890.6548336800674, 6760.197004745754]
[1891.123047550909, 6759.874554500956]
[1891.829279209881, 6759.680245155286]
[1892.6305288230888, 6759.570445365792]
[1893.1388108529563, 6759.081303919172]
[1893.8009633534887, 6758.7842180023845]
[1894.1338470239593, 6758.636271100294]
[1894.467920562053, 6758.48872152369]
[1896.4632196866382, 6757.958142350481]
[1897.392491665468, 6757.748622959435]
[1897.569943045081, 6757.674627179905]
[1898.358947738997, 6757.539483317583]
[1898.5823149347, 6757.383311193689]
[1900.1969300654287, 6757.144586262662]
[1900.5862998081404, 6757.047828623652]
[1900.679433764548, 6757.010608403924]
[1901.0525146825396, 6756.861975955647]
[1902.1569653617498, 6756.570534071033]
[1902.9470375263854, 6756.497416882663]
[1903.73087981269, 6756.22968830135]
[1904.655879953733, 6756.018985488652]
[1907.1394436631945, 6755.809430654345]
[1908.0989182358155, 6755.200689726322]
[1909.0134876444636, 6755.127419068398]
[1911.5748595751306, 6754.657754967238]
[1913.572028191597, 6754.517587424195]
[1915.3017614020662, 6753.978301342702]
[1930.8310939593132, 6753.116820443678]
[1937.571670180389, 6752.596679557675]
[1938.7344913560114, 6752.572591141562]
[1940.2711183180045, 6752.203743976522]
[1949.4950898839197, 6751.455068244441]
[1955.4062259246264, 6750.89892258976]
[1958.782464887928, 6750.668588876603]
[1960.8746991897972, 6750.436347837301]
[1961.2122448205362, 6750.352561650503]
[1961.3706678060657, 6750.28211641985]
[1962.946565805142, 6750.204959353641]
[1963.2151323616831, 6750.018290426279]
[1963.9235170765849, 6749.896009903616]
[1965.2357074972383, 6749.601307822369]
[1967.3313091841287, 6749.364692871253]
[1968.562588822721, 6749.337536609774]
[1969.349100468883, 6749.03818846466]
[1974.2766787082337, 6747.995687803437]
[2003.8225851944771, 6746.594828429135]
[2014.4603625205034, 6745.707793990651]
[2018.7738670592962, 6745.309141550665]
[2150.348500043767, 6742.802105404246]
[3415.403052435399, 6737.838802288781]
[3808.758732306032, 6725.588799725833]
[3873.205858160013, 6724.575190593827]
[6486.6527483705195, 6709.182270794232]
[11419.100313461051, 6684.758095180053]
[19443.58474597665, 6661.3849195239945]
[33809.135638755404, 6638.140381933225]
[34088.709994002995, 6603.08370941216]
[62634.514171555966, 6593.006480160118]
[118383.12814016124, 6533.959432981356]
values
[1807.4051479902553, 6956.266924433477]
[1807.4053165602918, 6956.243622605183]
[1807.405486925004, 6956.231972140176]
[1807.4055936272473, 6956.226147019961]
[1807.405714676071, 6956.220321974598]
[1807.4058500714555, 6956.214497004094]
[1807.4059998133857, 6956.208672108446]
[1807.4067422461442, 6956.18537327442]
[1807.4069637204805, 6956.179548753054]
[1807.4071995412214, 6956.1737243065445]
[1807.4079930815703, 6956.156251416152]
[1807.4085938399094, 6956.14460319684]
[1807.408915738402, 6956.138779199466]
[1807.4092519830579, 6956.132955276949]
[1807.4096025738263, 6956.127131429289]
[1807.4111483972104, 6956.103836787206]
[1807.41157071789, 6956.098013313824]
[1807.4120073843956, 6956.092189915297]
[1807.4124583966784, 6956.0863665916295]
[1807.4138975076014, 6956.06889706975]
[1807.4144059024018, 6956.063074045502]
[1807.414928642681, 6956.057251096111]
[1807.4154657283675, 6956.051428221573]
[1807.416582935704, 6956.039782697066]
[1807.4171630572127, 6956.033960047093]
[1807.418366335546, 6956.022314971716]
[1807.4189894922222, 6956.016492546311]
[1807.4196269938022, 6956.010670195761]
[1807.4209450313501, 6955.999025719225]
[1807.4237532416487, 6955.975737664413]
[1807.4244911552182, 6955.969915837846]
[1807.425243413, 6955.964094086137]
[1807.426010014904, 6955.958272409279]
[1807.4275862506902, 6955.94662928013]
[1807.4300581828293, 6955.929165147816]
[1807.4309108473874, 6955.923343920088]
[1807.4317778553575, 6955.917522767215]
[1807.4353893191776, 6955.894238904259]
[1807.4382485173917, 6955.876776793012]
[1807.4392302686165, 6955.870956238971]
[1807.4422136857736, 6955.853495025973]
[1807.4442035805114, 6955.841854591578]
[1807.447188624651, 6955.824394501388]
[1807.4531594402072, 6955.789476342056]
[1807.690783282989, 6954.406562704434]
[1807.9480777402885, 6952.923791435015]
[1808.4679319076035, 6949.972960808266]
[1808.8504716897373, 6947.789871480294]
[1809.5285733112928, 6944.130126841485]
[1809.5367727372206, 6944.013768327538]
[1809.5556734070622, 6943.91178533774]
[1809.584040432311, 6943.75885627211]
[1810.0403906816712, 6941.389970416412]
[1810.1253389958613, 6940.261033796231]
[1810.131740030383, 6940.227320305074]
[1810.1402762103983, 6940.182373168854]
[1810.1434777102145, 6940.165519225942]
[1810.1562860673228, 6940.09811018066]
[1810.1573536006968, 6940.092493246009]
[1810.1594887460258, 6940.081259600923]
[1810.1637593510225, 6940.058793207585]
[1810.1648270677538, 6940.053176796095]
[1810.1680303751177, 6940.036328010038]
[1810.1712339182095, 6940.019479896608]
[1810.1744376970305, 6940.002632455806]
[1810.1765736805294, 6939.991401202284]
[1810.1787097687952, 6939.980170247707]
[1810.180426581354, 6939.9771257486045]
[1810.180845961813, 6939.968939592074]
[1810.182982259594, 6939.957709235385]
[1810.1853639367866, 6939.946044300781]
[1810.186186902675, 6939.940864260869]
[1810.187255169409, 6939.935249418836]
[1810.1893917814434, 6939.924019958973]
[1810.1936653197463, 6939.901561936078]
[1810.1939106164193, 6939.9011271326135]
[1810.19473376979, 6939.895947617192]
[1810.1958022460153, 6939.890333373043]
[1810.2003217259476, 6939.8674423953735]
[1810.2008123530966, 6939.866572901997]
[1810.2018809684978, 6939.860959059044]
[1810.20482478644, 6939.855742305743]
[1810.2064884484162, 6939.834195041973]
[1810.2103433549046, 6939.819925571611]
[1810.2107636624953, 6939.81174180212]
[1810.2118325314666, 6939.806128678994]
[1810.2129014266204, 6939.800515630604]
[1810.216108269164, 6939.783676933834]
[1810.2169319121115, 6939.778498787167]
[1810.218894774872, 6939.775021997162]
[1810.221453530325, 6939.755613933909]
[1810.225484831534, 6939.7335994085815]
[1810.2311985244996, 6939.7309188490535]
[1810.234039426287, 6939.68870481297]
[1810.245467403989, 6939.68334630509]
[1810.246522494442, 6939.636865016883]
[1810.2561637157487, 6939.62723766851]
[1810.2583032921525, 6939.616016837989]
[1810.2625827589902, 6939.593576073743]
[1810.2647226494178, 6939.582356140015]
[1810.2700728334232, 6939.554307613515]
[1810.2836429349559, 6939.537738645313]
[1810.2882683519417, 6939.458956598318]
[1810.335412357006, 6939.375639770101]
[1810.337554558109, 6939.364426946094]
[1810.3396968638192, 6939.353214421008]
[1810.3461244085736, 6939.3195786392625]
[1810.3482671326944, 6939.308367309852]
[1810.3488028300656, 6939.305564524205]
[1810.3504099614102, 6939.29715627936]
[1810.3546959326263, 6939.274735115126]
[1810.355767490801, 6939.269130010891]
[1810.3563032796924, 6939.266327486796]
[1810.3568390751204, 6939.263524981385]
[1810.36326913012, 6939.22989637366]
[1810.3643408974638, 6939.2242918672555]
[1810.3707720505533, 6939.1906663981445]
[1810.3718440009056, 6939.185062414842]
[1810.3739879800326, 6939.173854672425]
[1810.3782762520011, 6939.15144008433]
[1810.380956634377, 6939.137431573937]
[1810.3825649422251, 6939.129026691885]
[1810.3847094441805, 6939.117820444033]
[1810.3857817343655, 6939.112217432197]
[1810.3868540506917, 6939.106614495091]
[1810.3895349558602, 6939.092607479259]
[1810.3943609968355, 6939.067396027723]
[1810.3954335222643, 6939.06179368844]
[1810.395969794781, 6939.058992546819]
[1810.3975786515286, 6939.0505892340525]
[1810.4018692236843, 6939.028181222007]
[1810.405623817343, 6939.008575192263]
[1810.4109880779044, 6938.980568166294]
[1810.41259748347, 6938.972166422795]
[1810.4211819728073, 6938.927359963759]
[1810.5414492188681, 6938.4636844839]
[1810.575142926874, 6938.315633580847]
[1810.583018161217, 6938.301810326177]
[1810.5833856209333, 6938.286356673319]
[1810.5913830224035, 6938.257514315897]
[1810.5936590910774, 6938.246117137114]
[1810.6151948821594, 6938.134321216357]
[1811.4165094084626, 6933.447718141344]
[1811.4767207851373, 6933.169721907168]
[1811.7210237217541, 6932.600716405399]
[1811.7309515260035, 6932.551091836024]
[1811.7408814186351, 6932.501473315131]
[1811.760747468164, 6932.402254418651]
[1811.7706836246243, 6932.352654042998]
[1811.780621868591, 6932.303059715695]
[1811.7905621998427, 6932.253471436703]
[1811.800504618164, 6932.20388920599]
[1811.8104491233314, 6932.154313023524]
[1811.820395715131, 6932.104742889269]
[1811.8303443933382, 6932.0551788031935]
[1811.8502480081115, 6931.956068775444]
[1812.2650490211408, 6930.0900128989115]
[1812.2672787933495, 6930.079054410771]
[1812.8138810532225, 6927.36525744168]
[1813.11716924946, 6924.651451691538]
[1813.1353993419184, 6924.564891380908]
[1813.153635928999, 6924.478350170613]
[1813.1627566576271, 6924.43508672803]
[1813.1718790094221, 6924.391828060459]
[1813.1810029842359, 6924.348574167874]
[1813.1901285819074, 6924.305325050251]
[1813.1946919892591, 6924.283702282042]
[1813.1992558022705, 6924.2620807075655]
[1813.2083846451712, 6924.218841139796]
[1813.2175151104407, 6924.1756063469165]
[1813.22664719793, 6924.132376328903]
[1813.2271530901553, 6924.1315584438025]
[1813.2281648775163, 6924.129922687404]
[1813.2301884638935, 6924.126651229801]
[1813.2342356832826, 6924.120108535381]
[1813.2357809074724, 6924.089151085729]
[1813.2362868416053, 6924.088333347064]
[1813.2393224667942, 6924.083427011671]
[1813.243370021435, 6924.076885488726]
[1813.246434169924, 6924.0434778544795]
[1813.2484580915436, 6924.0402075683505]
[1813.2606019474706, 6924.0205873970335]
[1813.2697401993235, 6923.977376242866]
[1813.295075430698, 6923.908023127764]
[1813.3042182650843, 6923.864826208768]
[1813.3133627203372, 6923.821634064428]
[1813.3225087962855, 6923.778446694719]
[1813.4006785988606, 6923.510377091655]
[1813.4098370716076, 6923.467227740027]
[1813.5572317476258, 6922.974933591876]
[1813.5664117459567, 6922.931850722928]
[1813.5826074265897, 6922.85626391719]
[1813.5847765927535, 6922.8456993070795]
[1813.5893688147771, 6922.824164436857]
[1813.5917918810628, 6922.813194213347]
[1813.5939614408949, 6922.802630760127]
[1813.5985544710802, 6922.781098276884]
[1813.6009779518506, 6922.770129283459]
[1813.6031479053179, 6922.759566987124]
[1813.6077417435793, 6922.738036890847]
[1813.6090170895486, 6922.732451385924]
[1813.610165638795, 6922.727069127503]
[1813.6123359858534, 6922.716507988047]
[1813.6157819326777, 6922.700362094167]
[1813.6169306321185, 6922.694980278725]
[1813.620376881922, 6922.678835279948]
[1813.6215256823505, 6922.673453762872]
[1813.6226745080278, 6922.668072320388]
[1813.6261211365313, 6922.651928440489]
[1813.6307169946417, 6922.630404311572]
[1813.6433576870375, 6922.571219110838]
[1813.8061566811753, 6922.010468520599]
[1813.8199837221118, 6921.94601732576]
[1813.9564568369751, 6921.460493783535]
[1813.9871448907438, 6921.3553124903665]
[1813.9909599314828, 6921.349256199908]
[1814.00944926732, 6921.263485086432]
[1814.0233204945903, 6921.199169280282]
[1814.706564524693, 6918.499620328274]
[1814.9176790530823, 6916.571696932231]
[1814.952624591852, 6916.413414691074]
[1814.9773692302374, 6916.302241365351]
[1814.9985876493372, 6916.206976105239]
[1815.263891306639, 6915.894702187236]
[1815.3166871044893, 6915.46463781494]
[1815.329921553309, 6915.112293400914]
[1815.3322906424435, 6915.101744411678]
[1815.4177934011234, 6914.793074451812]
[1815.4272827128668, 6914.750919066242]
[1815.4320279629092, 6914.7298431619]
[1815.436773609049, 6914.70876844985]
[1815.4817418339112, 6914.557249591082]
[1815.5669924182714, 6914.275485179853]
[1815.5765022354544, 6914.233393903365]
[1815.5860136346876, 6914.191307395694]
[1815.5949320081393, 6914.151855625779]
[1815.8519779989563, 6913.3746652679265]
[1816.0795447119735, 6912.065571371213]
[1816.125491058569, 6911.889259915882]
[1816.1439634143294, 6911.475180242026]
[1816.2861002249592, 6911.0476955358035]
[1816.3259549074776, 6909.55084792781]
[1816.5690012120085, 6908.647261061526]
[1816.57871339898, 6908.605761302553]
[1816.8275026919293, 6907.779070919074]
[1816.8421231577618, 6907.71698679103]
[1816.9723301838642, 6907.35077458558]
[1817.011395851007, 6907.185467986476]
[1817.0211661555381, 6907.144153248949]
[1817.0309380148171, 6907.102843276267]
[1817.0413223186467, 6907.058956651126]
[1817.0498754158664, 6907.02281876345]
[1817.1936098985386, 6906.555436983087]
[1817.1985072267844, 6906.534818188526]
[1817.2034049429856, 6906.5142005850685]
[1817.2299337694562, 6906.448759657553]
[1817.232383474526, 6906.438453661565]
[1817.2397331714676, 6906.407537460232]
[1817.2495341246486, 6906.366320027229]
[1817.3207460830565, 6906.089538917609]
[1817.7599596398206, 6905.028900372816]
[1817.7821441056872, 6904.936602704227]
[1817.7876914427072, 6904.913532054749]
[1817.7932392678883, 6904.89046291233]
[1817.7954321089603, 6904.48047113729]
[1817.8234476891816, 6904.346732620183]
[1817.8795253773985, 6904.079393352711]
[1818.6242632147905, 6900.555272497535]
[1818.6590758087061, 6900.413765343363]
[1818.7010605585758, 6900.288951999497]
[1818.7473984153207, 6900.225772103016]
[1818.8321362800032, 6899.8946286491155]
[1818.847206250135, 6899.833945919105]
[1818.8522303346995, 6899.813720722503]
[1819.0382575808771, 6899.515851521049]
[1819.131392734497, 6898.893585102859]
[1819.3698155860434, 6898.302967636259]
[1819.8539720790395, 6896.243597749082]
[1819.9137462320914, 6895.883059774441]
[1819.9584535094696, 6895.801982252909]
[1820.3805875411977, 6894.4426662564265]
[1820.3921260573718, 6894.397914127107]
[1820.4036664663881, 6894.353168017417]
[1820.415208767989, 6894.308427927319]
[1820.4190566223792, 6894.293515901635]
[1820.6450084054816, 6892.18896741744]
[1820.660238240556, 6892.12997203387]
[1820.6705720761497, 6892.090412458024]
[1820.67961540297, 6892.055801729962]
[1820.6886598689541, 6892.021194642628]
[1820.6957670341685, 6891.994005913796]
[1821.0575131449098, 6891.219439312168]
[1821.0773481575898, 6890.884061321472]
[1821.3051323071452, 6889.9786312121]
[1821.6567393493413, 6889.0734997406935]
[1821.7015218595752, 6888.881387040149]
[1821.8809861760265, 6888.113967455343]
[1821.8980334149846, 6888.025481599466]
[1821.948156258485, 6887.862167310185]
[1821.9807213875247, 6887.638059954326]
[1822.4390123782903, 6886.271126384564]
[1822.5915288168078, 6885.116615461119]
[1822.9400324361882, 6885.0588768501475]
[1823.1642961956481, 6883.851387366624]
[1823.9866636059635, 6880.091811339606]
[1824.2510623195478, 6879.631241924215]
[1824.326504120101, 6879.150135940184]
[1824.5591584203712, 6878.29713420411]
[1824.7283425704654, 6877.155166682797]
[1825.0945363504711, 6876.1465123409525]
[1825.4955591399028, 6874.691074551613]
[1825.9172694094075, 6874.272694362573]
[1826.8188061408607, 6871.566931043854]
[1827.114818142921, 6870.578257919172]
[1827.182925723935, 6869.408756328942]
[1827.8403474960403, 6867.864122321681]
[1828.9780154585133, 6862.940889772837]
[1830.1192281308065, 6860.0283112607085]
[1830.145184666334, 6859.948473127072]
[1830.1581654247814, 6859.908563041675]
[1830.5669756104878, 6858.397069672548]
[1830.7977816665186, 6857.653385272963]
[1831.7097175953363, 6855.0955142944185]
[1831.9675163963107, 6853.788186522133]
[1832.2339849683644, 6853.257638556499]
[1832.635337144688, 6852.545137966968]
[1833.2544854965593, 6850.5516634203195]
[1833.325617903707, 6850.472444625147]
[1833.6233228590363, 6848.372070173427]
[1833.8821299981548, 6848.065533153909]
[1834.2278774300012, 6846.715878062362]
[1835.422004570815, 6845.690559571309]
[1836.440405560869, 6841.530314879565]
[1837.5426258322088, 6838.050704707023]
[1837.7438331807623, 6837.213161269989]
[1838.5633675988497, 6835.749192429659]
[1839.638302586765, 6832.912659036508]
[1840.003740177647, 6831.640206816916]
[1840.3161099333438, 6831.307082926566]
[1840.3707032203529, 6831.003852022871]
[1840.7219900197854, 6830.112116502266]
[1840.9119937200635, 6829.296942135515]
[1841.1932679564031, 6828.546162581842]
[1841.2511121591326, 6828.504787517868]
[1841.3556953230557, 6828.100613552109]
[1841.9443266420262, 6825.726005421072]
[1842.792330444032, 6824.788770835045]
[1843.005895544109, 6824.20279991521]
[1843.327219600077, 6822.268618641616]
[1843.9184867409933, 6822.2080595144635]
[1844.988603552875, 6821.166211976675]
[1845.0575224186664, 6819.37747003209]
[1846.1092795281847, 6818.636250155385]
[1846.3408174386461, 6816.59017813112]
[1846.7198582056271, 6814.231059452365]
[1846.875091014482, 6813.8195332392]
[1847.4267080408201, 6812.601080876436]
[1848.8723021582327, 6810.579851665412]
[1849.4676685475906, 6809.504169893994]
[1849.5230035347274, 6807.8609755652105]
[1850.0828126113206, 6806.682556332417]
[1850.8820075733636, 6805.306361926775]
[1850.997530047518, 6805.050760583565]
[1851.16502589756, 6804.414434366616]
[1851.2448452502701, 6804.218838353321]
[1851.8868976016474, 6803.5977885079465]
[1852.3723218266687, 6802.003079132634]
[1852.8173658659389, 6801.516322663524]
[1853.3760584865759, 6801.4541108849735]
[1853.4685404916975, 6799.862415759949]
[1853.4788085047007, 6799.641934130654]
[1853.651176143135, 6799.36068269519]
[1853.7132191886687, 6799.1477072575035]
[1854.6694493394666, 6798.763041516263]
[1855.286314606666, 6796.24681718675]
[1855.5811681368452, 6795.52211587556]
[1855.701883713046, 6795.452334854299]
[1855.7162388801755, 6795.1391028658845]
[1855.8173489893193, 6794.996915763744]
[1855.882631129825, 6794.895115265765]
[1855.9051222715404, 6794.829222688511]
[1856.0673038516059, 6794.483856939617]
[1856.1484455379, 6794.311444248856]
[1856.1890290760846, 6794.225305445958]
[1856.2093240153085, 6794.182252929701]
[1856.456989963217, 6793.683462421955]
[1857.439875697555, 6792.371514472945]
[1857.5297132264068, 6791.655455012996]
[1858.0081058437013, 6790.868986035036]
[1858.1139569257807, 6790.79291098647]
[1858.1702435307154, 6790.513380372549]
[1858.2306774474926, 6790.490420276602]
[1858.302055180818, 6790.317342809745]
[1858.5350493238486, 6789.836699872316]
[1858.5585946129447, 6789.820013853709]
[1858.6528852285176, 6789.583395889617]
[1858.8118522220793, 6789.264553688634]
[1859.5153224799196, 6787.987471821448]
[1859.5425485133278, 6787.945157531393]
[1859.7782110172514, 6787.5699601738515]
[1860.3624812393518, 6786.403717984281]
[1860.4832095640547, 6786.34837617501]
[1860.8024700416709, 6785.704814315177]
[1860.8615471925314, 6785.665561024363]
[1860.9088088037981, 6785.634192836216]
[1860.9497366106918, 6785.382495389433]
[1860.9667448443774, 6785.361385392515]
[1861.0999103774272, 6785.1741425076325]
[1862.330411615184, 6785.015207283932]
[1862.341233807197, 6783.112344809037]
[1862.4650501907074, 6782.6802272349605]
[1863.0135840734956, 6781.743015439963]
[1863.2788319876065, 6781.5815742142895]
[1863.3420074000014, 6781.211080860175]
[1863.5631788217058, 6780.813074357491]
[1864.32680457235, 6779.503013843988]
[1864.5399373194243, 6779.11670953701]
[1864.6457665994863, 6778.992559731221]
[1865.0923521073973, 6778.206895965194]
[1865.2836149570612, 6777.919265680726]
[1865.4533442697582, 6777.785316317505]
[1865.5728665605275, 6777.716720653416]
[1865.6493385629346, 6777.526074835897]
[1865.6573251712402, 6777.304344555618]
[1865.7799583510252, 6777.17738432239]
[1865.8158568799952, 6777.13886775845]
[1865.9131857667917, 6777.023907067137]
[1865.9767573682136, 6776.87245922602]
[1866.1119582948147, 6776.7945214471465]
[1866.138001855967, 6776.75661834354]
[1866.3204687770872, 6776.40905301231]
[1866.5970848583463, 6776.053714808448]
[1866.742075174189, 6775.893241836331]
[1867.065200410623, 6775.8878254579895]
[1867.0665544956867, 6775.727063408642]
[1867.2404653916424, 6775.344577270806]
[1867.538275646136, 6775.160504946648]
[1867.5713838582835, 6774.96791555303]
[1867.6239595787606, 6774.933523751665]
[1867.6538459176736, 6774.819811373556]
[1867.7775671366478, 6774.775297367389]
[1867.8787822888028, 6774.708881233559]
[1868.0188867088862, 6774.512639344917]
[1868.2307117093876, 6774.432971625024]
[1868.2513747024243, 6774.304762517112]
[1868.2798161902404, 6774.25905581448]
[1868.4182889669091, 6774.172542507007]
[1868.4686811920985, 6773.954304718562]
[1868.6159042803927, 6773.904821201832]
[1868.7209613503187, 6773.901604415258]
[1868.723447940518, 6773.707936519262]
[1868.9018746960537, 6773.681210795274]
[1868.9747403485287, 6773.600437847654]
[1869.078180428703, 6773.552550760702]
[1869.0991207966717, 6773.50671658765]
[1869.1455489871728, 6773.491719394177]
[1869.1461544590438, 6773.445056928115]
[1869.196351425813, 6773.4046433954445]
[1869.2423501438757, 6773.372569788798]
[1869.3138046298668, 6773.170573372861]
[1869.4519317854085, 6773.169628664025]
[1869.4944497285123, 6773.052310524166]
[1869.6614635894985, 6773.034156438277]
[1869.6688707383132, 6772.980867076313]
[1869.7342870606417, 6772.8632838744215]
[1869.8440726955648, 6772.764557020717]
[1870.0206220731206, 6772.669475703693]
[1870.0673019963988, 6772.390795121258]
[1870.177284825514, 6772.362727847969]
[1870.3304164416782, 6772.115540662355]
[1870.6710929138947, 6771.850033519655]
[1870.9081660962715, 6771.805016080456]
[1870.9272512111797, 6771.572234565858]
[1871.3714184835583, 6771.530866528702]
[1871.4139693246477, 6771.487553401768]
[1871.4156591971546, 6771.36626582624]
[1871.4822850237922, 6771.258686798946]
[1871.5034350831133, 6771.095913210616]
[1871.8078086351118, 6771.075565795578]
[1871.8531841823228, 6770.850729449793]
[1871.966411016187, 6770.847287760446]
[1872.1187387181847, 6770.646077407028]
[1872.269211842509, 6770.408428413592]
[1872.3638561395792, 6770.349311840675]
[1872.7447534671692, 6770.222435631888]
[1872.8737972103738, 6769.9108689949535]
[1873.1116523796463, 6769.745678746371]
[1873.395807772676, 6769.503873385231]
[1873.7697080266526, 6769.337371202531]
[1873.791063113485, 6769.261498688845]
[1874.0172211536517, 6769.1982167813185]
[1874.1838303320444, 6768.9935053623285]
[1874.2616783858862, 6768.9253558346345]
[1874.831656924054, 6768.734915323655]
[1875.05196581134, 6768.41980402163]
[1875.0612145553675, 6768.356327439036]
[1875.551681758983, 6768.3039187347085]
[1875.7051719735668, 6768.28923859423]
[1875.902355677428, 6768.148442463891]
[1876.0359527780797, 6767.861427944927]
[1876.1584167636215, 6767.812111922543]
[1876.255202854815, 6767.734313307879]
[1876.3045535185704, 6767.496094203132]
[1876.9107619288272, 6767.4801461523475]
[1877.2149445677103, 6767.033209816271]
[1877.381491597695, 6766.937446665367]
[1877.5730285237314, 6766.8791381792]
[1877.9569967969546, 6766.667737379094]
[1878.128012354534, 6766.40485202097]
[1878.659675586427, 6766.2188798541965]
[1878.7209382294982, 6766.131531898195]
[1878.8822177590182, 6765.897135326863]
[1879.09721621438, 6765.896202182546]
[1879.116209029821, 6765.889213038222]
[1879.2695099990374, 6765.7804859485905]
[1879.4100611605238, 6765.539730616806]
[1879.4136607438995, 6765.529695431047]
[1879.6867799790202, 6765.475760105224]
[1879.8925289753988, 6765.388829092808]
[1879.9695145028927, 6765.214223828844]
[1880.280550272449, 6765.1438795206595]
[1880.440711062379, 6765.043782262235]
[1880.5610236899931, 6764.964069934822]
[1880.9927476162502, 6764.703968373467]
[1881.0578393832354, 6764.667957166242]
[1881.1285070373904, 6764.63315196262]
[1881.1896697469913, 6764.559535461578]
[1881.2284925987042, 6764.428225254142]
[1881.6542458001757, 6764.343894179815]
[1881.666733890182, 6764.314026118026]
[1881.6705784462185, 6764.21684440719]
[1881.8291404748152, 6764.213429927741]
[1881.8622326206773, 6764.154467167057]
[1881.9131334765846, 6764.021943804033]
[1882.2146091991103, 6763.974766556112]
[1882.502331948785, 6763.81232550613]
[1882.5119927522287, 6763.772321464182]
[1882.5476351281973, 6763.751907099334]
[1882.610517380369, 6763.61817091489]
[1883.1124275205698, 6763.509254042468]
[1883.188287973681, 6763.413728407629]
[1883.4384649916835, 6763.274245431245]
[1883.4968134392182, 6763.2633888271275]
[1883.8868352362463, 6763.017638104968]
[1884.3429950704194, 6762.821762024765]
[1884.3594496674418, 6762.712272008172]
[1884.6088205515136, 6762.6234145456365]
[1884.8275632966343, 6762.553511280885]
[1884.8603719926916, 6762.523780753249]
[1884.8923449503304, 6762.454993846921]
[1884.9887211799605, 6762.452257313224]
[1884.9978386283128, 6762.423424242074]
[1885.2400095908363, 6762.268689160954]
[1885.3805680825926, 6762.236900090586]
[1885.5490939598749, 6762.113539643412]
[1885.7780296038843, 6762.001496540226]
[1885.9371652166033, 6761.925511653006]
[1886.477861172047, 6761.895001237067]
[1886.499896034312, 6761.618066614895]
[1886.7377401129215, 6761.5318359717]
[1887.188499956129, 6761.293012673238]
[1887.9792120824804, 6760.858716588207]
[1888.5768156106183, 6760.671657920701]
[1888.7430663028224, 6760.550505408188]
[1889.3181225552228, 6760.361266111089]
[1890.435684307232, 6760.108340040499]
[1890.9531966316367, 6759.726902824797]
[1891.829279209881, 6759.680245155286]
[1892.6305288230888, 6759.570445365792]
[1892.652957353119, 6759.10743139542]
[1893.1388108529563, 6759.081303919172]
[1893.8009633534887, 6758.7842180023845]
[1894.1338470239593, 6758.636271100294]
[1894.467920562053, 6758.48872152369]
[1896.4632196866382, 6757.958142350481]
[1896.9295524080126, 6757.873222814493]
[1897.177672129226, 6757.769416327315]
[1897.392491665468, 6757.748622959435]
[1897.4262705268654, 6757.665823366816]
[1898.358947738997, 6757.539483317583]
[1898.5823149347, 6757.383311193689]
[1898.941308626132, 6757.2411789609405]
[1900.110459998091, 6756.945569343951]
[1900.7004187706088, 6756.843518470382]
[1902.1569653617498, 6756.570534071033]
[1902.4237638200595, 6756.406262329352]
[1903.2945649154942, 6756.174596803726]
[1903.4409027560066, 6756.135996297814]
[1903.6153443276262, 6756.12358920261]
[1903.6960484258489, 6756.110849445067]
[1904.2666350061631, 6756.021807151245]
[1904.2666350061652, 6756.0218071512445]
[1904.655879953733, 6756.018985488652]
[1905.7756070803746, 6755.635605190559]
[1907.547739514006, 6755.408811869881]
[1908.0989182358155, 6755.200689726322]
[1908.6511333067695, 6754.993421948926]
[1909.1491860615236, 6754.890793927026]
[1909.3301794809763, 6754.865350796268]
[1911.1304879726551, 6754.4541129779245]
[1911.6925601117414, 6754.377793085201]
[1913.0665653146857, 6754.095499319815]
[1913.5487499189232, 6754.032047506665]
[1914.4079277682613, 6753.786984654318]
[1914.8536701994403, 6753.762498545629]
[1916.4475834607836, 6753.560237827065]
[1919.9354756361251, 6752.788342271013]
[1929.317832784708, 6752.067060888604]
[1930.719048285466, 6751.824915312479]
[1935.697830342118, 6751.383236551873]
[1943.3344569315273, 6750.8866903597955]
[1946.2301796496135, 6750.548526279069]
[1946.303286972485, 6750.537618813299]
[1946.580976516588, 6750.408157038761]
[1948.7843754631224, 6750.053913236961]
[1949.6791933465456, 6750.040748845088]
[1950.4124979350138, 6749.89584947405]
[1953.1895868975034, 6749.265535067714]
[1955.9190273566596, 6748.533443756488]
[1958.8146943711645, 6748.355250681716]
[1959.7402140208421, 6748.265519830501]
[1959.9350450529398, 6748.18108700135]
[1961.0494909780036, 6748.0069894628305]
[1961.1883692693639, 6747.985231921544]
[1961.5082167439773, 6747.962214145076]
[1962.0939247199108, 6747.861131001616]
[1962.2427273954204, 6747.654218156532]
[1962.6676007679894, 6747.608057049798]
[1964.5432332960495, 6747.4005292419915]
[1964.99391625317, 6747.355855949898]
[1965.1721346425754, 6747.354712916915]
[1965.4436339033987, 6747.311260900279]
[1965.7146992941155, 6747.267813020214]
[1965.816414518764, 6747.1421262485355]
[1966.0079564880325, 6747.074982367485]
[1966.5737039320848, 6747.055430000634]
[1966.7101438624093, 6747.052803473725]
[1967.1363245171071, 6746.977053547255]
[1967.5613390235421, 6746.901308898339]
[1967.7361091765522, 6746.850638393239]
[1968.4078423214125, 6746.749835434219]
[1968.8486753277245, 6746.70534245919]
[1969.727126947843, 6746.616591299522]
[1969.7931310522342, 6746.605745492368]
[1969.9109145657299, 6746.442731466302]
[1970.0345997690642, 6746.441181452777]
[1970.0534911950892, 6746.4171436915285]
[1970.4449199065593, 6746.277794915013]
[1971.170475687052, 6746.236516131264]
[1972.2973493956204, 6746.0318929165915]
[1972.529261346685, 6745.930352515581]
[1972.646242260166, 6745.873989959825]
[1973.415193042798, 6745.82731181454]
[1974.5760777778373, 6745.539585404239]
[1974.6984765025431, 6745.526728279285]
[1974.7139319800287, 6745.514015104632]
[1982.5784673173464, 6745.172768098362]
[1988.8172171702533, 6744.369551517052]
[1997.4853480441689, 6743.356062576762]
[1999.237298296843, 6743.07733314729]
[2000.902613743197, 6742.8596234438455]
[2001.0020165782907, 6742.799093416252]
[2001.4458946041839, 6742.729610013952]
[2001.8910485353317, 6742.6601572278605]
[2002.337579757237, 6742.590735059983]
[2002.785591437799, 6742.521343512334]
[2004.2155982398508, 6742.267808688337]
[2004.8168535742052, 6742.162213488627]
[2006.643065220926, 6741.845584305876]
[2007.6326639693114, 6741.676811358346]
[2008.1320181577619, 6741.592449918662]
[2008.382897868702, 6741.550275457816]
[2008.6346040184492, 6741.508105169813]
[2008.7607728411067, 6741.487021590669]
[2009.4891772496917, 6741.430933182898]
[2011.1191026826284, 6741.132398058297]
[2011.949090134145, 6740.983162462036]
[2012.7899346028205, 6740.8339481792755]
[2014.2751279931542, 6740.580510557769]
[2016.6957887727199, 6740.178028692176]
[2019.225117357291, 6739.7757169116385]
[2019.8761345547202, 6739.675165547731]
[2020.2046061556841, 6739.62489385346]
[2020.5350925195885, 6739.574624817764]
[3415.403052435399, 6737.838802288781]
[3808.758732306032, 6725.588799725833]
[3873.205858160013, 6724.575190593827]
[6486.6527483705195, 6709.182270794232]
[11419.100313461051, 6684.758095180053]
[19443.58474597665, 6661.3849195239945]
[33809.135638755404, 6638.140381933225]
[34088.709994002995, 6603.08370941216]
[62634.514171555966, 6593.006480160118]
[118295.36476337073, 6534.095240069549]
[118339.95387963, 6533.891027811407]
[118345.72820918736, 6533.881209336139]
end_solutions
[7.302327995473328, 9.560241703953512, -4.492491687040146, -6.213190666094571, -22.57698205800844, -17.23584835711469, 0.08042936490669775, -6.358868862601465, -1.9454042611650033, 14.598924848732656]
[10.401842980418401, 7.896964090946783, -3.1943914546233, -9.193853388628675, -20.937541582850628, -17.08700161502531, -0.5234999249163443, -4.182685940612792, -3.886226763493021, 18.840838909690277]
[10.402029558674084, 7.896872127396414, -3.1944159063047293, -9.194268170243515, -20.9373815692023, -17.08709620434861, -0.5236584779658772, -4.18240540939838, -3.8865649122147055, 18.84103630979131]
[10.401842980418401, 7.896964090946783, -3.1943914546233, -9.193853388628675, -20.937541582850628, -17.08700161502531, -0.5234999249163443, -4.182685940612792, -3.886226763493021, 18.840838909690277]
[10.557797362119885, 7.8714208074193674, -3.043979353555569, -9.288669966937785, -20.737707005711997, -17.272683035694097, -0.5984703022655438, -3.9492275119096525, -4.04790654476676, 19.251111827443374]
[10.562279990215847, 7.86965099943258, -3.0431022545012776, -9.296466920435417, -20.73330464812809, -17.275863678006203, -0.601779448308277, -3.9425098083060277, -4.054979020990229, 19.257945671902167]
[10.569491928157966, 7.864100895933567, -3.050694260081814, -9.32234080075321, -20.729651793717427, -17.275398570646516, -0.6101780820453369, -3.931565545301595, -4.0728228247171, 19.256085008126206]
[10.573156341070684, 7.861392860434909, -3.0541787227491115, -9.334935075134688, -20.72765363782019, -17.275393563366134, -0.614318054192147, -3.926010375659285, -4.081621431537871, 19.255672287994678]
[10.572221238004122, 7.860320600421341, -3.0591633647166416, -9.340417727573373, -20.730401296890665, -17.27175282097472, -0.6152675697396635, -3.9273389859007874, -4.083594152220503, 19.247390499891452]
[10.57657431165784, 7.857250580674037, -3.062813184331195, -9.354654159981873, -20.727841143421347, -17.27205037434689, -0.6200184109486488, -3.9207472371313, -4.093694800121184, 19.247599142079938]
[10.551258178064781, 7.854274205572583, -3.110202133538137, -9.374037183982274, -20.768482007572352, -17.22735325661933, -0.6160777203473284, -3.957367547214514, -4.085079626888399, 19.149238204386627]
[10.533783321127974, 7.852573727955, -3.141542736758237, -9.385506358387477, -20.795941386206486, -17.197231689907646, -0.612933675255683, -3.9825376985270733, -4.078316928218568, 19.083470274645265]
[10.4879461817132, 7.847282011646408, -3.226791805395668, -9.420039183271005, -20.86912463631245, -17.11656540605079, -0.6057444588121781, -4.048532129608439, -4.0627058799826115, 18.90651586527999]
[10.459583899235234, 7.8436907729554, -3.2807002708129995, -9.443102833749329, -20.91484850778428, -17.066020688905617, -0.6016992874603188, -4.089356409377245, -4.0538575304164866, 18.795329385656075]
[10.439948097221318, 7.841032520963532, -3.3194673843932243, -9.461302005275925, -20.94680429897289, -17.031007822479353, -0.5996432295230713, -4.1172740487215265, -4.049014647901782, 18.716302437624883]
[10.43133480455504, 7.8396958991975625, -3.3368226534694534, -9.469592786190951, -20.96118848804919, -17.015113661584433, -0.5986643177132538, -4.129865167254575, -4.046780636206403, 18.68089970057798]
[10.410529579358524, 7.836778755029838, -3.3781099816071234, -9.489538311878235, -20.99483334002127, -16.97795257381354, -0.5967811356976199, -4.158967581572281, -4.042345794163569, 18.59731550915549]
[10.396829632010226, 7.834959613853142, -3.405322724600577, -9.501848380515039, -21.017712842304398, -16.953355455463882, -0.5950123730185608, -4.179288014634368, -4.038107682741957, 18.54112055314011]
[10.389724354162007, 7.833861610862113, -3.4193973097447934, -9.509483837565517, -21.02847819199335, -16.94079148604265, -0.5948979536819861, -4.188069995889987, -4.037910952120734, 18.513731317732997]
[10.348368737876775, 7.827662931798788, -3.5010184052271778, -9.55427549015688, -21.09023626103925, -16.86859344078113, -0.5947679207429166, -4.237976139597891, -4.037856371986836, 18.355691935801815]
[10.258436763862026, 7.814619584389247, -3.6774518792980655, -9.651614825211231, -21.222686384106666, -16.71342002170598, -0.5952803393045628, -4.344270996926546, -4.03942555386169, 18.01536705579712]
[10.136473307732256, 7.796861230374143, -3.9167793354988785, -9.78337400340331, -21.402664898417697, -16.50260206066986, -0.5957213227398026, -4.488935064234099, -4.041046984322982, 17.553362176092826]
[9.940179947684324, 7.76819286010627, -4.30244798213733, -9.996059940016128, -21.692560172043756, -16.16313774979778, -0.596573142713857, -4.721843693876032, -4.0438817887311345, 16.808963798444754]
[9.865850043766162, 7.7572828438535, -4.448789172574967, -10.076986698436869, -21.802476931358783, -16.034491399961816, -0.5969839792526717, -4.8100882562104115, -4.0450951626779945, 16.52657030050098]
[9.72359546555544, 7.737103045246652, -4.724792150736853, -10.22720040397207, -22.010383450506765, -15.789880124461927, -0.5969808649229364, -4.977466407649191, -4.046470637864493, 15.993827295222616]
[9.57948700089021, 7.716664658860614, -5.004373205884235, -10.3793489583908, -22.22098838978721, -15.542091464547326, -0.5969740493762365, -5.147019693693744, -4.047858242819542, 15.454175298783527]
[9.45392240839993, 7.698613029873251, -5.250327294199891, -10.51463879845184, -22.405785089442773, -15.325789040886416, -0.5975559029054972, -5.295470780620629, -4.049714625055845, 14.979482828533786]
[9.453551631109027, 7.698561312317413, -5.25104290959699, -10.515025768228547, -22.406324773469265, -15.325153564003474, -0.5975551626621043, -5.295905807541784, -4.049717051009555, 14.97810103030164]
[9.453180853818125, 7.698509594761575, -5.251758524994089, -10.515412738005253, -22.406864457495754, -15.32451808712053, -0.5975544224187114, -5.296340834462939, -4.049719476963265, 14.976719232069495]
[9.452856423688587, 7.698464341900216, -5.252384688466551, -10.515751336559871, -22.407336681018933, -15.323962044847956, -0.5975537747057427, -5.296721483018949, -4.049721599672761, 14.97551015861637]
[9.452531993559049, 7.6984190890388575, -5.2530108519390115, -10.51608993511449, -22.40780890454211, -15.323406002575382, -0.5975531269927739, -5.29710213157496, -4.049723722382257, 14.974301085163242]
end_values
[118345.72820919   6533.88120934]
[2020.53509252 6739.57462482]
[2020.20460616 6739.62489385]
[2020.53509252 6739.57462482]
[1919.93547564 6752.78834227]
[1914.40792777 6753.78698465]
[1900.11046    6756.94556934]
[1894.46792056 6758.48872152]
[1892.65295735 6759.1074314 ]
[1887.97921208 6760.85871659]
[1884.53327691 6762.59737551]
[1882.61051738 6763.61817091]
[1876.9208259  6767.03312772]
[1873.39580777 6769.50387339]
[1870.92725121 6771.57223457]
[1869.87301832 6772.53713624]
[1867.58315843 6774.88758401]
[1866.32046878 6776.40905301]
[1865.65732517 6777.30434456]
[1862.46505019 6782.68022723]
[1855.71623888 6795.13910287]
[1846.87509101 6813.81953324]
[1833.62332286 6848.37207017]
[1828.97801546 6862.94088977]
[1820.64500841 6892.18896742]
[1813.10805664 6924.69473901]
[1807.43177786 6955.91752277]
[1807.41962699 6956.0106702 ]
[1807.4111484  6956.10383679]
[1807.40674225 6956.18537327]
[1807.40514799 6956.26692443]
