values
[58.52057376328676, 186004.50745481794]
[233.86664719309516, 26701.661875745387]
[245.76288275831973, 24937.218166440816]
[292.1473363310024, 24462.04569106168]
[300.0630308545093, 23604.5440664958]
[450.7119671777494, 22564.610293444628]
[451.5135403643025, 22093.12982492468]
[510.522632352064, 21586.173963753798]
[603.8237002873658, 21086.551343278927]
[757.5951769904456, 20109.53529293569]
[837.7829519305999, 20025.32004231147]
[874.4767988171889, 19769.20507247644]
[934.5196427203076, 19162.593378097772]
[1006.0702191917751, 18936.89607772072]
[1033.6248344026258, 18857.439207584397]
[1059.0757625841645, 18726.325119180936]
[1111.8892421685728, 18429.96774927627]
[1226.4152412184521, 18345.734239303907]
[1242.760768460061, 17665.063982128097]
[1287.11778262542, 17565.565922771464]
[1327.1027151717162, 17492.467246719356]
[1488.3287837564667, 17281.669458968558]
[1605.6598623809034, 16830.276549835224]
[2037.2883299848586, 15098.972567306924]
[2041.2528534981261, 14983.886015377293]
[2059.27435589289, 14884.784837237541]
[2110.145186444593, 14820.8612579219]
[2143.842312363, 14780.571343791287]
[2183.7133743911404, 14747.175335002868]
[3871.687290207904, 10633.878928501319]
[3889.9710138038386, 10601.72813544048]
[3920.5426927013664, 10531.308973900937]
[3922.008136278667, 10528.272816733595]
[3954.4198624738806, 10461.11750990918]
[3986.3915044448463, 10400.20929069451]
[4024.6693307214837, 10333.456040540574]
[4054.037292008716, 10301.37144821638]
[4093.835889233684, 10236.741742555752]
[4110.520792710731, 10200.581436216376]
[4114.90829314173, 10194.597843373494]
[4127.206702630416, 10184.352171831848]
[4155.722760518006, 10137.444572463668]
[4174.776802670269, 10116.377299527603]
[4176.364250819462, 10114.393616782529]
[4218.526891509482, 10056.659363100569]
[4704.528682504628, 9993.890522484928]
[5315.270093578105, 9731.180386173957]
[5465.801422415713, 9165.63220038471]
[5616.137199016238, 8801.33850470864]
[7147.72493815002, 6524.016476538286]
[7313.425290906817, 6264.1450260999145]
[7389.22028484249, 6158.378543642876]
[7482.939597477509, 6042.112480471253]
[7520.910475283683, 6009.677659809972]
[7549.947936974814, 5965.551808206039]
[7567.999205766415, 5946.945988943481]
[7586.308687578369, 5928.379946423287]
[7610.161205254878, 5903.127788004366]
[7659.135026925468, 5852.983471622342]
[7696.966272623795, 5815.689353985834]
[7709.784450125223, 5803.317671308833]
[7735.729890310396, 5778.663688470593]
[7762.084265033364, 5754.128720581548]
[7816.002787966984, 5705.415095648796]
[7922.172763939356, 5614.869207550108]
[7944.739855883955, 5596.544803167924]
[7989.37770246781, 5560.56196670771]
[8066.1142638048905, 5516.730610801101]
[8081.0977313795165, 5489.056016920071]
[8127.519793382576, 5453.974467784378]
[8206.486100045335, 5396.09281191728]
[8340.502895268017, 5300.980415594209]
[8373.753788476302, 5278.203656505673]
[8440.999073149032, 5233.001804138379]
[8543.571922634263, 5166.078019500991]
[9303.507188308728, 4707.015530549864]
[9803.727035744556, 4661.85637969499]
[11141.951668612437, 4247.425374983006]
[11318.859858819009, 3613.4533081667405]
[11701.572384141231, 3332.180896042574]
[11869.21521117576, 3112.1270722159343]
[12091.044586142452, 3061.5097122124826]
[12166.238173397267, 2930.151897745273]
[12220.671062920455, 2897.6489420102384]
[12344.74586973571, 2835.6245540164314]
[12387.200282585198, 2801.142181962108]
[12598.223617958796, 2702.7904053520615]
[12617.795681393229, 2674.817787284034]
[12737.149005131669, 2612.6700943982332]
[12865.016476305824, 2573.603326235969]
[12952.584852246053, 2562.146181384362]
[13112.624190717792, 2430.3247622665012]
[13243.68195176276, 2370.920575732345]
[13441.547686093138, 2326.2829521329304]
[13967.489355683361, 2110.0163885478205]
[14234.336406746788, 1974.7473163844388]
[14521.494989459798, 1892.476833030673]
[14522.205182337735, 1880.686557937141]
[14534.718086662604, 1867.9763475286593]
[14804.769516387347, 1778.153552335574]
[15088.33327869757, 1675.6494800019477]
[15647.535865296843, 1492.8170455340376]
[16680.13846325222, 1140.9979451829242]
[17456.243864325468, 926.6662620364252]
[18125.99767705104, 861.9043571443078]
[18210.985209244027, 576.8663061190667]
[18435.175030789298, 569.1483952883932]
[18571.865497248302, 447.7497199463031]
[18646.6219943383, 422.8241206454841]
[18695.434081325413, 407.02286115509287]
[18746.911160195872, 391.4704614621693]
[18844.941704235123, 360.9447733482597]
[18947.92908572843, 331.33095893221287]
[18983.361653889388, 321.51136808932995]
[19164.513793774524, 274.7611527287519]
[19279.24140676814, 247.81046470578528]
[19338.450221826162, 234.67028717554612]
[19398.974672943783, 221.75431391437044]
[19589.051607395948, 184.35819825971637]
[19610.52433989164, 180.20614586557613]
[19613.024208241786, 179.74775168949324]
[19698.502194639674, 165.21384475858903]
[19701.081506950235, 164.76603179204264]
[19937.540031342487, 126.58340827689224]
[20059.18662215536, 119.15823776037169]
[20140.24703440825, 97.44514342046139]
[20190.82550515091, 91.23394184216025]
[20193.855317584683, 90.84160200123932]
[20471.44915303745, 57.56947795288414]
[20774.95250094147, 26.461354761866374]
[20935.15451407435, 13.576790700763269]
[21102.099902459617, -2.0605480300596923]
[21270.348333025522, -13.40038950984075]
[21824.116965270263, -50.991298480172276]
[21923.570394965318, -57.23917771458666]
[22430.1730823749, -79.5739506361226]
[22434.909246565516, -79.77698681782078]
[22862.48315738318, -96.32529813404261]
[23178.943629621514, -107.66209332348126]
[23315.611443457423, -110.40479893133212]
[23403.43863631704, -113.53954450313134]
[24152.901947364302, -124.99130327915023]
[26335.830475937073, -140.71499181099483]
values
[58.52057376328676, 186004.50745481794]
[144.1473874822434, 27264.58291260769]
[150.6787802582292, 25926.592154489128]
[194.92606213817447, 24865.70715060746]
[242.50743400555058, 24791.447472981257]
[244.35092578970475, 24193.75006465539]
[250.2453616480819, 23931.023030537963]
[253.06524510030806, 23834.745945548962]
[257.1591933968491, 23738.726377835377]
[259.75911100087365, 23690.813346986837]
[266.18243381910116, 23595.18116151132]
[295.9475800097769, 23358.885394027515]
[378.5319734612548, 23112.03119219796]
[382.72094052611783, 22844.95610748728]
[401.18631616289997, 22720.521400326157]
[440.45612857023485, 22241.220507495473]
[451.5135403643025, 22093.12982492468]
[461.8076610031638, 21965.706083688416]
[462.05937753168087, 21791.1928949044]
[472.02818775284356, 21697.949360228475]
[483.7922830357174, 21604.96731309522]
[488.10593048403365, 21574.031499420224]
[497.29716349594895, 21512.24729614857]
[512.3953305513776, 21419.789855117986]
[603.8237002873658, 21086.551343278927]
[672.1085664455588, 20678.877449349307]
[691.5292579281676, 20424.517584622336]
[707.9609807932729, 20299.515404078862]
[727.6371478682191, 20278.55514373064]
[735.8975473495357, 20218.587521188914]
[752.5036884702818, 20099.007444704992]
[763.7509432697877, 19970.553143832727]
[773.8983731102932, 19938.92653794915]
[866.0224124682602, 19377.98430981433]
[884.9357800289737, 19294.097299842597]
[894.6699106954313, 19279.210843975106]
[920.5893015387024, 19164.432784186887]
[934.5196427203076, 19162.593378097772]
[1006.0702191917751, 18936.89607772072]
[1033.6248344026258, 18857.439207584397]
[1059.0757625841645, 18726.325119180936]
[1065.2674789963419, 18488.079331022163]
[1071.9638003491025, 18452.14967529535]
[1080.6704071948623, 18394.629359497798]
[1088.7956035200748, 18358.557741594283]
[1093.6069620313945, 18330.742892859547]
[1098.3739020900011, 18302.95871954474]
[1170.8614709742953, 18074.40281713397]
[1183.4930247994103, 17873.813360435033]
[1197.2826708362738, 17853.066637347354]
[1211.5703575549962, 17692.327875576175]
[1216.0009184520343, 17672.831454025014]
[1217.0378345667114, 17668.42967260972]
[1217.8539815973993, 17665.274908524163]
[1230.939661056948, 17611.261184543095]
[1245.6633303234846, 17554.194187438225]
[1249.1830092141934, 17541.039287055475]
[1251.9508881858767, 17530.471093643526]
[1262.7686265455204, 17494.548031473332]
[1279.649086243273, 17433.577313035537]
[1467.1369931334473, 16955.399490402935]
[1514.061808562442, 16901.153993400123]
[1605.6598623809034, 16830.276549835224]
[1663.5132519205274, 16522.20523348371]
[2037.2883299848586, 15098.972567306924]
[2041.2528534981261, 14983.886015377293]
[2059.27435589289, 14884.784837237541]
[2069.6896715187145, 14836.39485039146]
[2078.777224051133, 14794.612656852743]
[2083.6059708482803, 14773.74488561424]
[2100.9454679251426, 14563.696588678258]
[2109.304809529122, 14532.41219053975]
[2119.622713508592, 14496.915664887425]
[2124.4115517879536, 14481.1538159241]
[2129.3272902564645, 14465.40081305997]
[2137.657344579834, 14441.230104233771]
[2139.5444140467707, 14433.921328788352]
[2140.858061917826, 14429.988878363372]
[2146.645149117459, 14412.954638018877]
[2149.748538201405, 14405.6895289959]
[2150.2832426201194, 14402.477178552694]
[2153.0205861554305, 14396.115460205625]
[2155.85083532848, 14386.768343295782]
[2158.6845760701963, 14378.917233822329]
[2161.551752977778, 14371.068329098833]
[2171.8515706993944, 14343.614517566562]
[2177.923091465585, 14327.93874012705]
[2181.708808530507, 14316.757305425512]
[2185.703781464822, 14308.35640090577]
[2186.4845458185937, 14306.773462056055]
[2190.03420257063, 14296.88852308903]
[2198.597287423017, 14277.053257072352]
[2220.7224478808635, 14226.260646528184]
[2225.058212807687, 14215.088563180518]
[2226.0352006210896, 14214.552449457982]
[2226.067707230359, 14213.428679014969]
[2746.8744785954595, 13596.606039136837]
[3867.030445299313, 10642.97836455118]
[3871.687290207904, 10633.878928501319]
[3884.869952014845, 10600.140359862346]
[3899.626007004593, 10560.60060939838]
[3916.205442561829, 10528.324537089538]
[3919.2954448489586, 10524.332093621184]
[3924.6630365891733, 10515.019603437846]
[3939.8136803929315, 10487.604739300328]
[3940.190185287743, 10477.214618913584]
[3944.8910585290078, 10464.20476532491]
[3951.1196743707783, 10456.760646111992]
[3952.6540766676476, 10456.10955462548]
[3954.966226668216, 10451.647276640408]
[3957.840525835072, 10438.560594909137]
[3960.8083651579473, 10437.0215451906]
[3962.3819929331653, 10436.350632831789]
[3971.5515680259577, 10416.954990722112]
[3972.0939380447226, 10410.211318561262]
[3973.0931246182913, 10409.092538886443]
[3974.0117863539467, 10405.468096780594]
[3978.6890959088714, 10397.5450337841]
[3981.7443158993774, 10393.696586900594]
[3992.0019908310805, 10385.518169282954]
[3992.331983505253, 10370.22994933064]
[4001.2394971649937, 10356.371352234592]
[4003.377413450756, 10354.12392824518]
[4024.6693307214837, 10333.456040540574]
[4029.437722488576, 10310.796855249495]
[4031.6781343940524, 10305.630671720153]
[4032.3379605398477, 10302.684975285954]
[4033.621700988352, 10300.025054719456]
[4035.7545857878995, 10299.299128075467]
[4043.3084976205, 10286.213929159894]
[4045.1337699115097, 10285.33569291354]
[4059.315696246066, 10276.821169909104]
[4061.288726775331, 10259.905114038824]
[4061.592309553332, 10257.255597612013]
[4063.4885553357058, 10253.195164876019]
[4087.9004017088214, 10233.720976431241]
[4104.421235714675, 10196.499737503136]
[4114.90829314173, 10194.597843373494]
[4120.608716952239, 10169.760353514073]
[4130.472730201643, 10158.489109843551]
[4130.983231018693, 10154.562986841427]
[4140.36530539506, 10137.32639155885]
[4142.894211864536, 10135.806861564628]
[4157.164866662295, 10113.913915922389]
[4173.943960089527, 10093.437054737671]
[4183.086051129652, 10092.55826105906]
[4199.427258465902, 10070.301456505922]
[4212.235532170836, 10044.441904638847]
[4225.946010306477, 10022.379951456836]
[4250.448305631473, 9997.94806738063]
[4252.169336886348, 9995.563173232678]
[4270.049845713687, 9978.498895382047]
[4271.897332975703, 9965.252429051588]
[4332.097673371713, 9908.69085578741]
[4332.097673371724, 9908.690855787409]
[5315.270093578105, 9731.180386173957]
[5465.801422415713, 9165.63220038471]
[5616.137199016238, 8801.33850470864]
[7147.72493815002, 6524.016476538286]
[7313.425290906817, 6264.1450260999145]
[7387.225028596888, 6155.868202872353]
[7410.003003370285, 6127.035719916508]
[7433.105427771745, 6098.097847494229]
[7438.612879729848, 6092.639868743056]
[7440.96207989603, 6088.341665255745]
[7452.272910207017, 6074.734174489394]
[7469.913117488012, 6054.129420116796]
[7481.634024715941, 6041.06839835704]
[7511.602249169502, 6006.526961266058]
[7515.832508912787, 6005.38303771351]
[7532.155359126642, 5984.19744473248]
[7542.366227614876, 5972.171895007038]
[7549.947936974814, 5965.551808206039]
[7552.9179059705875, 5961.641371139912]
[7557.555461627092, 5955.630623257283]
[7560.102185356413, 5952.389843067748]
[7566.09572827685, 5946.512493176748]
[7572.117563820983, 5940.655039562208]
[7574.1284735560785, 5938.785620246415]
[7586.308687578369, 5928.379946423287]
[7602.011527082007, 5908.678611166948]
[7610.161205254878, 5903.127788004366]
[7638.767938413864, 5871.971432416346]
[7639.838620545766, 5871.508816181652]
[7659.135026925468, 5852.983471622342]
[7670.146362512082, 5840.353674151186]
[7696.966272623795, 5815.689353985834]
[7708.694604199473, 5804.695234863911]
[7709.784450125223, 5803.317671308833]
[7715.464897075616, 5797.148292178517]
[7724.795349896758, 5787.977776476721]
[7725.566355903864, 5787.901043100867]
[7735.729890310396, 5778.663688470593]
[7756.242235427344, 5760.218641223261]
[7762.084265033364, 5754.128720581548]
[7781.904207301971, 5735.645314390976]
[7788.843413588689, 5729.712581725725]
[7816.002787966984, 5705.415095648796]
[7880.212513561392, 5650.520710436649]
[7892.342271099281, 5639.963997121533]
[7899.8311682589265, 5633.232943640719]
[7910.97358738954, 5624.046156365068]
[7911.816632954774, 5623.632651219598]
[7915.826471975032, 5620.460227446611]
[7922.172763939356, 5614.869207550108]
[7937.2519820167345, 5602.51582077855]
[7944.739855883955, 5596.544803167924]
[7978.140057883202, 5569.543296283628]
[7979.00639389843, 5569.131846280955]
[7989.37770246781, 5560.56196670771]
[7997.091853500291, 5554.475779522971]
[7998.3569394975675, 5553.379345425832]
[8019.267162326501, 5536.7998983489015]
[8066.1142638048905, 5516.730610801101]
[8081.0977313795165, 5489.056016920071]
[8127.519793382576, 5453.974467784378]
[8167.679310938688, 5424.199727154749]
[8174.666600149006, 5419.1573906197855]
[8180.011376533746, 5415.144516563925]
[8187.025207862168, 5410.08936314689]
[8187.950037575484, 5409.3430126796375]
[8196.59409554925, 5403.038029141342]
[8199.42985399659, 5401.03108339288]
[8206.486100045335, 5396.09281191728]
[8256.655590733288, 5359.905844380685]
[8289.22189299393, 5336.985291372226]
[8327.62230830549, 5309.967082016497]
[8340.502895268017, 5300.980415594209]
[8347.831324108169, 5296.173455304217]
[8373.753788476302, 5278.203656505673]
[8440.999073149032, 5233.001804138379]
[8535.941346347949, 5170.39029654594]
[8543.571922634263, 5166.078019500991]
[8557.021531888438, 5157.140525854047]
[8597.54310229288, 5130.38586762257]
[8716.468698492736, 5055.716032216414]
[8764.338116872648, 5023.108086440721]
[9303.507188308728, 4707.015530549864]
[9803.727035744556, 4661.85637969499]
[11141.951668612437, 4247.425374983006]
[11318.859858819009, 3613.4533081667405]
[11701.572384141231, 3332.180896042574]
[11869.21521117576, 3112.1270722159343]
[11974.699035251453, 3010.4402303020797]
[12000.479730558007, 2983.209815280836]
[12010.487509820623, 2974.2757490721006]
[12053.231311558182, 2964.8033102148183]
[12080.36195653577, 2941.085648972318]
[12166.238173397267, 2930.151897745273]
[12197.64471842767, 2862.2955647619738]
[12240.960983165325, 2850.856164448067]
[12300.917233442355, 2820.57273841641]
[12325.46521194681, 2811.8815133991243]
[12387.200282585198, 2801.142181962108]
[12390.888377850524, 2779.8035544835056]
[12420.458476719357, 2733.5279680251265]
[12449.54347530345, 2727.3445419018376]
[12511.33277593193, 2704.528018329132]
[12520.160914407026, 2695.5265292284116]
[12561.056636329604, 2695.043079920117]
[12591.573486406498, 2645.0646946764355]
[12636.697293339324, 2629.077543640815]
[12677.728542647645, 2613.453233583122]
[12737.149005131669, 2612.6700943982332]
[12768.692053857116, 2558.9508765334235]
[12815.445069747062, 2544.4964795101564]
[12846.681687043285, 2521.2811399700686]
[12926.242603832747, 2491.206729048321]
[12940.60986663833, 2476.7544541642874]
[13018.244821713413, 2436.92473188431]
[13112.624190717792, 2430.3247622665012]
[13115.340871037184, 2410.0606546399663]
[13121.352070419398, 2408.0144559099194]
[13243.68195176276, 2370.920575732345]
[13245.923182151415, 2340.0457566275622]
[13285.09581724331, 2332.1989675896966]
[13359.738249012713, 2308.488080002131]
[13371.635947325447, 2276.006684347233]
[13459.624853533507, 2255.531928835748]
[13480.539252497634, 2238.0231765275357]
[13638.689887172433, 2180.068377568181]
[13652.96477808777, 2168.4890390957553]
[13724.311306116926, 2142.0823152564258]
[13771.19407282566, 2119.3360981222963]
[13821.948928826603, 2105.8169807212776]
[13840.18215103001, 2091.708767230151]
[13857.357408292795, 2084.7140554782504]
[13908.84587005158, 2081.264787824977]
[13975.395575004297, 2048.504306824757]
[14002.882391687777, 2029.0914937690118]
[14169.107844556105, 1984.361334711613]
[14234.336406746788, 1974.7473163844388]
[14254.40369406872, 1934.1310907170832]
[14361.640393887204, 1927.3727906951058]
[14410.090290810274, 1895.7673411419132]
[14489.84405724022, 1880.549328146999]
[14516.461597219824, 1844.647676924655]
[14601.570788620256, 1820.3899405216675]
[14669.416233462885, 1797.7385262270261]
[14804.769516387347, 1778.153552335574]
[15037.220449883045, 1693.3495673892312]
[15088.33327869757, 1675.6494800019477]
[15647.535865296843, 1492.8170455340376]
[16680.13846325222, 1140.9979451829242]
[17456.243864325468, 926.6662620364252]
[18125.99767705104, 861.9043571443078]
[18210.985209244027, 576.8663061190667]
[18406.79778297411, 505.15121087729676]
[18542.11524992446, 457.2970531966914]
[18550.074808700483, 455.0901002500251]
[18571.865497248302, 447.7497199463031]
[18608.974898178654, 434.81363604198805]
[18646.6219943383, 422.8241206454841]
[18681.87988788919, 411.02866798102923]
[18689.372706070888, 409.16573357024026]
[18690.229679680604, 408.3488063617964]
[18695.434081325413, 407.02286115509287]
[18746.911160195872, 391.4704614621693]
[18844.941704235123, 360.9447733482597]
[18848.386628436856, 359.9803853853325]
[18947.92908572843, 331.33095893221287]
[18962.251897681275, 327.37588199849813]
[18983.361653889388, 321.51136808932995]
[19000.64069182378, 316.8558926161944]
[19004.24514778549, 316.28060653540274]
[19009.90476430297, 314.3703587784353]
[19022.51295239184, 311.0109023413671]
[19164.513793774524, 274.7611527287519]
[19218.664836723256, 262.0089620828345]
[19279.24140676814, 247.81046470578528]
[19319.005688813224, 239.1014561227851]
[19328.058025745602, 236.91013951941707]
[19332.091698422, 236.48508253644846]
[19338.450221826162, 234.67028717554567]
[19348.883182254336, 232.72414249067677]
[19398.974672943783, 221.75431391437044]
[19503.40375909869, 200.91583244339498]
[19524.216356721492, 196.5975642632757]
[19574.239240517807, 187.24174569763542]
[19589.051607395948, 184.35819825971637]
[19610.52433989164, 180.20614586557613]
[19613.024208241786, 179.74775168949324]
[19698.502194639674, 165.21384475858903]
[19701.081506950235, 164.76603179204264]
[19711.489396153793, 162.2518476449507]
[19718.795505493337, 160.94672301493435]
[19723.430305332142, 160.5613359636906]
[19730.765481611346, 158.91354100927467]
[19738.121772952578, 157.68536871658168]
[19937.540031342487, 126.58340827689224]
[19953.344384851614, 123.448553868029]
[20059.18662215536, 119.15823776037169]
[20140.24703440825, 97.44514342046139]
[20148.67736185129, 96.01323634981011]
[20157.12211041774, 95.20975466938103]
[20162.45538128265, 94.24806445692258]
[20184.804433459154, 91.28926907491692]
[20190.82550515091, 91.23394184216025]
[20193.855317584683, 90.84160200123932]
[20220.111759541473, 87.12344799422678]
[20248.338000065814, 84.52386348393759]
[20385.69419227251, 66.87275875079803]
[20403.815862564064, 64.5783929965987]
[20471.44915303745, 57.56947795288414]
[20662.413548175366, 37.58011163452764]
[20668.52428190973, 36.068241529141886]
[20678.27979595905, 35.41295843556546]
[20774.95250094147, 26.461354761866374]
[20812.770814405398, 22.57212005144379]
[20876.940221821522, 17.685486739064658]
[20897.462317654958, 14.534520003732013]
[20918.09270609871, 13.060723680201107]
[20935.537664117437, 11.875323468563664]
[20945.339198888647, 10.783069600877468]
[20998.85728536675, 8.87829558005211]
[21061.766343830906, 1.6620874162167922]
[21102.099902459617, -2.0605480300596923]
[21105.911865215192, -2.3662176650159665]
[21138.93677817348, -5.339830022560932]
[21156.61347141945, -6.086742409029313]
[21270.348333025522, -13.40038950984075]
[21453.274251421484, -27.96844286300285]
[21779.081532128806, -49.132621891814026]
[21798.932599918822, -49.9120926997045]
[21824.116965270263, -50.991298480172276]
[21923.570394965318, -57.23917771458666]
[22071.71061491432, -62.78244690466525]
[22097.259786347884, -66.0157997222256]
[22122.917082285017, -67.57647274075296]
[22130.93589317631, -67.77307890439074]
[22408.822678910496, -80.58499980740461]
[22430.5313127463, -80.95263133936068]
[22484.29231679943, -83.30453192956665]
[22806.28480352112, -96.39051054595322]
[23178.943629621514, -107.66209332348126]
[23198.047581783572, -109.10460166446279]
[23265.600459226876, -109.61134308121396]
[23310.41080333298, -110.26145376338573]
[23315.611443457423, -110.40479893133212]
[23403.43863631704, -113.53954450313134]
[23544.43595827433, -117.38199122550297]
[23614.01520838338, -119.99949451930354]
[23730.386762087743, -121.1770886331563]
[24152.901947364302, -124.99130327915023]
[25347.692810494063, -136.88502896047763]
[25418.55586445181, -139.60516612787336]
[25814.17346376803, -139.94392171960865]
[25858.69053094615, -141.0713298662053]
values
[45.02883589983807, 60119.96922126778]
[45.06500824474095, 56723.768547237254]
[73.01723292964705, 45612.1610844874]
[87.69420711782396, 41716.02907581548]
[87.7445271117748, 41567.77736601482]
[87.86517103374476, 40128.07894209379]
[87.98969450247027, 38714.035057523426]
[88.09300878115198, 37313.19741298177]
[88.32496761054712, 36002.92896847085]
[126.59394191853235, 30692.661820055207]
[144.1473874822434, 27264.58291260769]
[148.14178161271792, 26681.147684634943]
[148.14794575369157, 26607.109118268636]
[150.52754560604166, 25923.5642622876]
[151.29602496957253, 25832.560093614604]
[151.83635395236234, 25815.89617531838]
[152.4625117615533, 25744.693910190377]
[153.777656945759, 25653.977575257613]
[154.32820670044038, 25634.34086321581]
[154.738181500548, 25611.690114990604]
[155.2301783422544, 25581.410010793108]
[157.29376787956414, 25490.96332350202]
[194.92606213817447, 24865.70715060746]
[196.31767859960922, 24827.426970727647]
[196.4097279671588, 24822.731767376998]
[200.21258391871444, 24778.085957106912]
[202.21444157875322, 24762.398813920277]
[203.98201676260697, 24741.481579476742]
[204.0845016446955, 24733.479237730928]
[204.2407676676342, 24732.074477098922]
[208.0042222289774, 24695.49916228072]
[211.86318283309606, 24650.948311592496]
[212.03377752348422, 24642.979012955726]
[213.77648078747518, 24628.687568074583]
[215.67160558809005, 24606.436615473798]
[219.38484445542227, 24561.964092257662]
[222.9581547256494, 24517.530760635964]
[225.1770030466084, 24487.700237705096]
[228.43197723227664, 24443.335943529477]
[231.44013658904927, 24399.01088920325]
[244.35092578970475, 24193.75006465539]
[248.4928689660243, 23752.96077179101]
[248.54602638392458, 23749.822282003097]
[250.73198234837832, 23665.931961050814]
[250.81927108639624, 23662.324214014614]
[251.48321228359663, 23644.07674356806]
[252.32292455792964, 23622.231462939057]
[254.28819422570112, 23578.570725722264]
[254.42898455521825, 23574.985052262262]
[256.66495043402176, 23534.949776508718]
[258.50009475337475, 23505.516227985463]
[259.4841760726358, 23491.36864264029]
[265.2426506870474, 23418.454133574458]
[273.94477882781933, 23331.551579852756]
[376.1607908394368, 22703.57556403711]
[376.367327178921, 22702.313432046212]
[376.6728693603336, 22700.352821573273]
[392.9719867018324, 22602.969266320153]
[400.7581875587804, 22531.067192834053]
[400.9960314344225, 22529.128276831747]
[405.252903403842, 22492.27176811804]
[405.6893048048055, 22488.357081258928]
[405.689304804806, 22488.357081258913]
[410.00655881005076, 22446.947272609144]
[410.1293434398389, 22445.6876131215]
[412.87470950490206, 22416.752138964748]
[422.56436478079615, 22289.07983649453]
[440.45612857023485, 22241.220507495473]
[451.5135403643025, 22093.12982492468]
[461.8076610031638, 21965.706083688416]
[462.05937753168087, 21791.1928949044]
[465.77521070910836, 21592.71121626886]
[476.4300893676295, 21509.035197629295]
[476.7500422467538, 21506.652186757943]
[476.90143254958747, 21505.760099846353]
[482.4133421018017, 21467.259415468565]
[488.8221680583671, 21425.525160382043]
[500.5500150112162, 21355.408675290073]
[502.8480901527581, 21342.18135742677]
[515.8145274863472, 21272.21032908392]
[603.8237002873658, 21086.551343278927]
[656.88161683194, 20597.129753278838]
[657.1278789609161, 20596.00385638441]
[672.5945036787316, 20511.99361364161]
[679.9655725468887, 20470.05461588648]
[691.5292579281676, 20424.517584622336]
[695.0999098408413, 20406.197914787557]
[699.9108869811467, 20350.09674157302]
[707.9609807932729, 20299.515404078862]
[727.6371478682191, 20278.55514373064]
[735.8975473495357, 20218.587521188914]
[752.5036884702818, 20099.007444704992]
[763.7509432697877, 19970.553143832727]
[773.8983731102932, 19938.92653794915]
[830.992086165885, 19543.88956200925]
[846.94031350939, 19498.692745678123]
[847.3703016570742, 19464.24834873749]
[847.8023806186628, 19462.147800103376]
[864.4769085637668, 19384.77874633497]
[866.0224124682602, 19377.98430981433]
[879.450951627851, 19317.74465789811]
[884.9357800289737, 19294.097299842597]
[894.6699106954313, 19279.210843975106]
[920.5893015387024, 19164.432784186887]
[934.5196427203076, 19162.593378097772]
[1006.0702191917751, 18936.89607772072]
[1033.6248344026258, 18857.439207584397]
[1041.0219975677753, 18602.75504658653]
[1056.6901859167513, 18523.12883999491]
[1065.2674789963419, 18488.079331022163]
[1071.1216990849216, 18446.61458706288]
[1071.6618516298176, 18443.68277318495]
[1080.6704071948623, 18394.629359497798]
[1088.7956035200748, 18358.557741594283]
[1091.0802650130424, 18342.120717545906]
[1092.820308579134, 18332.032134714544]
[1093.6069620313945, 18330.742892859547]
[1098.3739020900011, 18302.95871954474]
[1105.7877250245908, 18256.570944534793]
[1153.4930159410658, 17979.02339363778]
[1167.6795501638583, 17902.66542950117]
[1183.4930247994103, 17873.813360435033]
[1184.7406562509261, 17816.0509695495]
[1198.3194513629223, 17751.42954835321]
[1198.7296994436267, 17749.616369632473]
[1211.5703575549962, 17692.327875576175]
[1213.2998066958708, 17684.5050095329]
[1215.4086226165582, 17675.5917224894]
[1216.0009184520343, 17672.831454025014]
[1217.0378345667114, 17668.42967260972]
[1217.8539815973993, 17665.274908524163]
[1230.939661056948, 17611.261184543095]
[1245.6633303234846, 17554.194187438225]
[1247.5077750833, 17547.071757129845]
[1249.1830092141934, 17541.039287055475]
[1249.92530317474, 17538.177713233752]
[1250.6534867890978, 17535.69826570975]
[1251.084969892364, 17533.932602035587]
[1251.9508881858767, 17530.471093643526]
[1253.6097353007838, 17530.009320540874]
[1262.7686265455204, 17494.548031473332]
[1279.649086243273, 17433.577313035537]
[1434.9624535855824, 17009.965984653187]
[1435.3463631425307, 17009.132770988486]
[1467.1369931334473, 16955.399490402935]
[1467.6846751833475, 16933.11120661329]
[1471.137237284602, 16925.448794298754]
[1485.0832931618722, 16893.22926508891]
[1499.3946774362091, 16861.477953941252]
[1579.5793581299638, 16702.437804900033]
[1583.9752554881904, 16692.654550709067]
[1608.4896550860435, 16639.289961409144]
[1612.877029178702, 16629.53168178547]
[1619.4152732518635, 16616.640644721192]
[1621.0967162741676, 16613.110216471392]
[1645.7562937599187, 16557.1237812464]
[1646.9185413858713, 16555.3812427543]
[1648.0802067373224, 16553.65706533099]
[1649.7430222468613, 16550.13145468873]
[1651.2491534923986, 16545.65335498959]
[1656.5310024290795, 16534.495336536427]
[1660.8389561206952, 16524.77286746807]
[1663.5132519205274, 16522.20523348371]
[1683.508647220028, 16473.454801117034]
[1684.6398675348444, 16471.70261139334]
[1685.7700950367998, 16469.96878776611]
[1688.8622359924498, 16462.005100149527]
[1692.880080123243, 16452.617659857246]
[1721.2077476108268, 16388.253814852065]
[1816.8642118904834, 16144.18569765948]
[1820.425028082218, 16133.993859063454]
[1865.0173733590354, 16000.055571344441]
[1883.0867023569074, 15938.519158657336]
[2037.2883299848586, 15098.972567306924]
[2041.2528534981261, 14983.886015377293]
[2059.27435589289, 14884.784837237541]
[2069.6896715187145, 14836.39485039146]
[2078.777224051133, 14794.612656852743]
[2083.6059708482803, 14773.74488561424]
[2087.412366661666, 14619.136537400156]
[2100.9454679251426, 14563.696588678258]
[2107.3835349476344, 14539.85451197483]
[2109.304809529122, 14532.41219053975]
[2109.869707151751, 14530.945955361462]
[2119.622713508592, 14496.915664887425]
[2124.4115517879536, 14481.1538159241]
[2129.3272902564645, 14465.40081305997]
[2136.5573026659345, 14441.606900593843]
[2137.657344579834, 14441.230104233771]
[2137.6749598550327, 14439.484226790926]
[2139.5444140467707, 14433.921328788352]
[2140.858061917826, 14429.988878363372]
[2143.0264549764584, 14422.14795463522]
[2145.733061786531, 14414.894699197617]
[2146.645149117459, 14412.954638018877]
[2148.3339938389563, 14407.22200728369]
[2149.748538201405, 14405.6895289959]
[2150.2832426201194, 14402.477178552694]
[2153.0205861554305, 14396.115460205625]
[2155.85083532848, 14386.768343295782]
[2158.6845760701963, 14378.917233822329]
[2161.551752977778, 14371.068329098833]
[2163.3992040176436, 14363.276044707492]
[2166.29904772709, 14357.354707368264]
[2169.3374855217867, 14348.78439879038]
[2170.6706352626325, 14343.866769076581]
[2171.8515706993944, 14343.614517566562]
[2175.793089168201, 14330.262099517147]
[2177.923091465585, 14327.93874012705]
[2180.444124795276, 14318.710398160269]
[2181.708808530507, 14316.757305425512]
[2185.573923674925, 14304.537984818782]
[2188.9618740309397, 14295.657900810353]
[2190.7755375117704, 14292.937481110239]
[2192.1757774549606, 14290.46277192549]
[2198.597287423017, 14277.053257072352]
[2202.3532612348718, 14264.345609897957]
[2216.875955519391, 14232.256965104154]
[2220.7224478808635, 14226.260646528184]
[2220.7535539082473, 14224.513281855368]
[2225.058212807687, 14215.088563180518]
[2226.0352006210896, 14214.552449457982]
[2226.067707230359, 14213.428679014969]
[2226.8067381711357, 14207.273933729686]
[2227.6655255396768, 14205.808452346602]
[2247.0486199362995, 14166.557174790882]
[2258.023338071671, 14140.058224903147]
[2746.8744785954595, 13596.606039136837]
[3179.296286231138, 12949.14528983087]
[3184.2200590643415, 12943.166469391623]
[3233.5454642675822, 12874.65669141572]
[3276.3857177431664, 12812.355539049517]
[3280.930514847001, 12806.388386114688]
[3283.1950755356847, 12803.405743587573]
[3289.9571078718686, 12794.461551641785]
[3324.7714938574823, 12741.298236326607]
[3326.145706978376, 12738.361712701266]
[3330.4451560818998, 12732.402866857397]
[3334.7216042814534, 12726.446511469023]
[3355.610817982941, 12693.976614147954]
[3377.0813997259997, 12658.673231057317]
[3408.082324772387, 12605.912598548372]
[3413.1013952062326, 12597.086595748331]
[3416.8764892720783, 12591.14184710752]
[3436.515008789999, 12537.042946388001]
[3453.982714455106, 12523.852483048975]
[3472.2069312526164, 12470.470997674076]
[3473.8796002028057, 12467.472149348563]
[3476.6246364519907, 12463.553123950178]
[3488.313377029969, 12456.80524871245]
[3503.1144230642262, 12409.441179357322]
[3509.1388304311113, 12397.194639858535]
[3510.65484271656, 12394.202298973281]
[3511.185117621217, 12392.161356284803]
[3533.336159582507, 12343.296067876512]
[3537.039327792557, 12336.346173140617]
[3541.5625608828605, 12325.100277694479]
[3544.283106711239, 12319.124488363228]
[3564.0667963272554, 12270.414516700828]
[3566.5496472305335, 12262.845288749486]
[3569.7987683153096, 12254.277805290087]
[3570.588261857301, 12253.262352845451]
[3571.801846668671, 12250.27828277885]
[3589.824967607313, 12199.796034995261]
[3593.4386206516683, 12190.219264432635]
[3867.030445299313, 10642.97836455118]
[3871.687290207904, 10633.878928501319]
[3884.869952014845, 10600.140359862346]
[3893.734514330947, 10578.11598576852]
[3899.626007004593, 10560.60060939838]
[3916.205442561829, 10528.324537089538]
[3919.2954448489586, 10524.332093621184]
[3920.8381677696057, 10514.30423196785]
[3923.404794662717, 10508.079895955754]
[3926.106013157138, 10502.61588532517]
[3937.3065424413826, 10477.808359993602]
[3940.190185287743, 10477.214618913584]
[3944.8910585290078, 10464.20476532491]
[3951.1196743707783, 10456.760646111992]
[3952.6540766676476, 10456.10955462548]
[3954.966226668216, 10451.647276640408]
[3955.1654958495974, 10440.953504522307]
[3957.840525835072, 10438.560594909137]
[3958.1246509357766, 10435.498411357814]
[3960.784447904839, 10431.965337930385]
[3970.036717378882, 10411.605552900188]
[3972.0939380447226, 10410.211318561262]
[3973.0931246182913, 10409.092538886443]
[3974.0117863539467, 10405.468096780594]
[3978.6890959088714, 10397.5450337841]
[3980.4315021539023, 10390.782822724372]
[3986.6581844339444, 10379.536583421665]
[3988.8394023280443, 10374.75809150153]
[3990.5652815719, 10373.212425550351]
[3991.852353467819, 10370.215590388545]
[3993.5568992858284, 10367.472412823246]
[3993.820009007647, 10365.86996601164]
[3995.3421969228857, 10364.629246368995]
[4001.2394971649937, 10356.371352234592]
[4001.7859755683985, 10352.650082891158]
[4018.3766459427306, 10323.448634131726]
[4020.101177118509, 10320.809737049434]
[4026.3701447250573, 10310.02570901604]
[4027.501086432397, 10307.483079606276]
[4031.6781343940524, 10305.630671720153]
[4032.3379605398477, 10302.684975285954]
[4033.621700988352, 10300.025054719456]
[4034.629455154492, 10299.120686331042]
[4035.5391042065066, 10294.296297990131]
[4043.3084976205, 10286.213929159894]
[4045.1337699115097, 10285.33569291354]
[4045.837363776668, 10279.666927549757]
[4052.3218594390364, 10267.372854394047]
[4061.288726775331, 10259.905114038824]
[4061.592309553332, 10257.255597612013]
[4061.6843475822566, 10253.43021114091]
[4063.4885553357058, 10253.195164876019]
[4071.578108932053, 10236.13900117371]
[4071.85582745455, 10235.711136363781]
[4078.935416499002, 10224.37062627844]
[4104.421235714675, 10196.499737503136]
[4107.691072870741, 10180.47808616982]
[4110.0754254993935, 10177.972636784558]
[4111.673228902143, 10175.056453792859]
[4117.880740742212, 10166.251850719664]
[4120.0102712741655, 10163.512983158542]
[4130.472730201643, 10158.489109843551]
[4130.983231018693, 10154.562986841427]
[4131.878973563376, 10146.031505453318]
[4140.3011810696835, 10134.630547716346]
[4144.889274167654, 10128.952779563366]
[4157.164866662295, 10113.913915922389]
[4161.882869026144, 10103.414997626001]
[4173.943960089527, 10093.437054737671]
[4176.7536915975525, 10085.516334628062]
[4182.08567057763, 10079.73791136531]
[4198.555249378716, 10054.483576635892]
[4212.235532170836, 10044.441904638847]
[4212.2543620297865, 10039.458174395942]
[4225.946010306477, 10022.379951456836]
[4230.534565034716, 10016.471624999991]
[4235.038986034065, 10010.66974166822]
[4247.8781112376, 9991.865236351898]
[4270.049845713687, 9978.498895382047]
[4270.602900283906, 9963.537747079978]
[4294.794018699106, 9934.892218285351]
[4299.704467301691, 9929.499468605345]
[4324.83636098967, 9902.823679189536]
[4373.578210315733, 9844.713667820337]
[5315.270093578105, 9731.180386173957]
[5465.801422415713, 9165.63220038471]
[5616.137199016238, 8801.33850470864]
[6161.02025216939, 8284.695361072365]
[6163.484052670678, 8282.252676649608]
[6213.222809437968, 8227.735678221477]
[6281.169486389672, 8149.924320483026]
[6283.390759486909, 8147.4919086408345]
[6328.122862787535, 8093.578367544543]
[6348.290949049389, 8068.096876060942]
[6392.0478654180215, 8012.141528438116]
[6429.870751017453, 7961.279228449878]
[6469.5122983487945, 7905.824117305866]
[6480.227617973597, 7891.4269603706525]
[6539.432462491384, 7800.489349230437]
[6602.36273990402, 7696.134194400064]
[7147.72493815002, 6524.016476538286]
[7313.425290906817, 6264.1450260999145]
[7313.465806643369, 6253.491980197983]
[7381.60537625296, 6163.212763968612]
[7382.788210259362, 6160.026205468312]
[7387.225028596888, 6155.868202872353]
[7410.003003370285, 6127.035719916508]
[7419.548841621307, 6113.650003844763]
[7433.105427771745, 6098.097847494229]
[7437.890098939541, 6091.402591541532]
[7439.033829601143, 6089.7011758349045]
[7440.96207989603, 6088.341665255745]
[7447.612451441521, 6079.049276148899]
[7452.272910207017, 6074.734174489394]
[7469.913117488012, 6054.129420116796]
[7481.634024715941, 6041.06839835704]
[7497.347344822558, 6021.608329451814]
[7511.602249169502, 6006.526961266058]
[7515.832508912787, 6005.38303771351]
[7517.078796052339, 5999.568921248021]
[7529.146463857854, 5986.405491441131]
[7531.166409157234, 5984.550308991528]
[7532.155359126642, 5984.19744473248]
[7538.399869475808, 5975.941825151991]
[7542.366227614876, 5972.171895007038]
[7549.947936974814, 5965.551808206039]
[7552.9179059705875, 5961.641371139912]
[7555.589530109958, 5957.396446651695]
[7557.555461627092, 5955.630623257283]
[7560.102185356413, 5952.389843067748]
[7566.09572827685, 5946.512493176748]
[7572.117563820983, 5940.655039562208]
[7574.1284735560785, 5938.785620246415]
[7580.888689442054, 5930.510871811266]
[7586.308687578369, 5928.379946423287]
[7602.011527082007, 5908.678611166948]
[7610.161205254878, 5903.127788004366]
[7638.767938413864, 5871.971432416346]
[7639.838620545766, 5871.508816181652]
[7659.135026925468, 5852.983471622342]
[7670.146362512082, 5840.353674151186]
[7695.449101550598, 5815.6724948710635]
[7702.043437968415, 5809.756375918853]
[7708.694604199473, 5804.695234863911]
[7709.784450125223, 5803.317671308833]
[7715.464897075616, 5797.148292178517]
[7724.795349896758, 5787.977776476721]
[7725.566355903864, 5787.901043100867]
[7735.729890310396, 5778.663688470593]
[7741.501996167567, 5772.5997393790985]
[7756.242235427344, 5760.218641223261]
[7762.084265033364, 5754.128720581548]
[7765.013114218898, 5751.1329802167875]
[7781.904207301971, 5735.645314390976]
[7788.843413588689, 5729.712581725725]
[7816.002787966984, 5705.415095648796]
[7875.480650842771, 5653.996840727058]
[7880.212513561392, 5650.520710436649]
[7892.342271099281, 5639.963997121533]
[7893.549634714417, 5638.798146309631]
[7899.8311682589265, 5633.232943640719]
[7910.97358738954, 5624.046156365068]
[7911.816632954774, 5623.632651219598]
[7915.826471975032, 5620.460227446611]
[7918.997178521166, 5617.648416971329]
[7922.172763939356, 5614.869207550108]
[7937.2519820167345, 5602.51582077855]
[7944.739855883955, 5596.544803167924]
[7970.773027721206, 5575.487269157947]
[7972.396669257586, 5574.11327420198]
[7978.140057883202, 5569.543296283628]
[7979.00639389843, 5569.131846280955]
[7989.37770246781, 5560.56196670771]
[7997.091853500291, 5554.475779522971]
[7998.3569394975675, 5553.379345425832]
[8000.375866322766, 5551.75559752943]
[8019.267162326501, 5536.7998983489015]
[8027.010225696514, 5530.809779705507]
[8066.1142638048905, 5516.730610801101]
[8070.009749459706, 5497.61385622937]
[8081.0977313795165, 5489.056016920071]
[8110.251299387876, 5466.939402588149]
[8127.519793382576, 5453.974467784378]
[8139.695956451151, 5444.896405810213]
[8167.679310938688, 5424.199727154749]
[8174.666600149006, 5419.1573906197855]
[8180.011376533746, 5415.144516563925]
[8187.025207862168, 5410.08936314689]
[8187.950037575484, 5409.3430126796375]
[8195.907789498304, 5403.548850309348]
[8196.59409554925, 5403.038029141342]
[8197.668315699539, 5402.285913373858]
[8199.42985399659, 5401.03108339288]
[8206.486100045335, 5396.09281191728]
[8254.864769700549, 5361.141059502161]
[8256.655590733288, 5359.905844380685]
[8289.22189299393, 5336.985291372226]
[8291.022774770297, 5335.452907578378]
[8314.78155982488, 5318.963446255673]
[8316.6009429728, 5317.755946847294]
[8327.62230830549, 5309.967082016497]
[8340.502895268017, 5300.980415594209]
[8347.831324108169, 5296.173455304217]
[8357.775496847516, 5289.882526163011]
[8373.753788476302, 5278.203656505673]
[8382.975438676689, 5271.762453119866]
[8437.25617936399, 5235.297836212132]
[8440.999073149032, 5233.001804138379]
[8499.689949333726, 5193.80943953956]
[8535.941346347949, 5170.39029654594]
[8537.82406796198, 5168.36763508662]
[8543.571922634263, 5166.078019500991]
[8557.021531888438, 5157.140525854047]
[8597.54310229288, 5130.38586762257]
[8626.628568057176, 5111.520641640597]
[8694.90407052493, 5068.646057499542]
[8716.468698492736, 5055.716032216414]
[8764.338116872648, 5023.108086440721]
[8886.925417533457, 4949.6919581645525]
[9303.507188308728, 4707.015530549864]
[9803.727035744556, 4661.85637969499]
[10200.895320468018, 4152.4865609284325]
[10243.323498938571, 4126.224786098865]
[10362.878331612745, 4051.7881713455026]
[10380.59864369029, 4040.7236503900604]
[10525.165632116159, 3949.6293510472265]
[10554.654301365204, 3930.987110567462]
[10611.429757740008, 3894.8594129632725]
[10723.17867830318, 3823.2821953901275]
[10858.845826427707, 3735.4931772964837]
[10931.20250895831, 3685.290655493212]
[10939.98427931596, 3682.8490602263314]
[11062.126813867948, 3598.8974550226085]
[11140.722150828162, 3547.096392518724]
[11701.572384141231, 3332.180896042574]
[11869.21521117576, 3112.1270722159343]
[11900.862277004999, 3036.7875741353614]
[11939.633070126367, 3019.123112426487]
[11974.699035251453, 3010.4402303020797]
[11975.754712750553, 2994.347896113992]
[12000.479730558007, 2983.209815280836]
[12010.487509820623, 2974.2757490721006]
[12053.231311558182, 2964.8033102148183]
[12055.727524121981, 2944.31877710425]
[12080.36195653577, 2941.085648972318]
[12166.238173397267, 2930.151897745273]
[12171.963274130221, 2878.116393920366]
[12195.423448174743, 2859.3974827788434]
[12240.960983165325, 2850.856164448067]
[12273.019779814262, 2813.4619947185147]
[12285.885276530416, 2800.124153681518]
[12341.154319262861, 2773.926395672302]
[12390.926467675912, 2752.552814746325]
[12401.768890486428, 2743.8746922444134]
[12420.458476719357, 2733.5279680251265]
[12449.54347530345, 2727.3445419018376]
[12450.795217173352, 2708.475689295309]
[12511.33277593193, 2704.528018329132]
[12520.160914407026, 2695.5265292284116]
[12552.994825556689, 2665.39392844464]
[12575.393213984702, 2648.089282289578]
[12591.573486406498, 2645.0646946764355]
[12636.697293339324, 2629.077543640815]
[12667.69117571195, 2594.788991728017]
[12718.31057105262, 2563.258676012192]
[12751.920990554334, 2560.8557353183637]
[12768.692053857116, 2558.9508765334235]
[12815.445069747062, 2544.4964795101564]
[12846.681687043285, 2521.2811399700686]
[12870.789044230418, 2487.351331799172]
[12894.29086097081, 2484.244303119154]
[12898.047715126528, 2475.1289686126484]
[12992.530634148006, 2432.594031511079]
[13008.380856908454, 2431.798130266442]
[13084.14364245144, 2389.1443394204566]
[13140.080913225636, 2375.7985604708742]
[13175.008099562878, 2347.7150386796716]
[13245.923182151415, 2340.0457566275622]
[13272.421201435203, 2301.0094253719108]
[13371.635947325447, 2276.006684347233]
[13384.091166940982, 2255.2972200403906]
[13480.539252497634, 2238.0231765275357]
[13527.086608770145, 2191.8956667962175]
[13602.03310444137, 2178.981887018387]
[13643.020545341835, 2147.117984852166]
[13684.93890786452, 2144.940327230328]
[13724.311306116926, 2142.0823152564258]
[13738.438671833223, 2123.45270508229]
[13771.19407282566, 2119.3360981222963]
[13791.067290576906, 2085.3086006607073]
[13857.357408292795, 2084.7140554782504]
[13873.061603910135, 2071.629327726677]
[13975.395575004297, 2048.504306824757]
[14002.882391687777, 2029.0914937690118]
[14010.799922577156, 2017.5551538079458]
[14031.526654588319, 2009.7167348154326]
[14121.773123101131, 1975.918440140369]
[14234.336406746788, 1974.7473163844388]
[14254.40369406872, 1934.1310907170832]
[14324.655568217602, 1889.6938342078322]
[14431.653782858562, 1863.5600535305673]
[14435.142485732898, 1848.3419220040835]
[14510.163818909925, 1841.3807304180064]
[14517.103473732368, 1833.4646042575666]
[14601.570788620256, 1820.3899405216675]
[14669.416233462885, 1797.7385262270261]
[14719.196447777487, 1750.1666081385108]
[14942.8004120754, 1677.4557399515654]
[15004.780780658208, 1654.5910707077296]
[15052.13703780724, 1639.922867765191]
[15194.624065928414, 1593.2913788864817]
[15227.929581674736, 1583.757758925035]
[15416.428046081934, 1524.063636269902]
[15510.31805031364, 1492.6702326770915]
[15663.261839503197, 1443.5962860003067]
[15755.463768451444, 1413.2911769561265]
[15824.782372311514, 1396.2158292420468]
[15878.148581051262, 1377.8609978018383]
[15936.834880316295, 1356.5635226294344]
[15968.3864015711, 1347.827040512288]
[16150.818041834966, 1289.384775457743]
[16202.058123101311, 1272.1314645990071]
[16307.516624463884, 1236.6806123756178]
[16353.194810314304, 1227.360166584817]
[16402.81328960109, 1210.1504155573314]
[16620.845561808295, 1138.1065633475844]
[16718.50213390028, 1104.1710916536265]
[16836.628801274062, 1073.1613578229826]
[16873.39161770296, 1053.4874903749367]
[16973.486927305985, 1022.0585150303946]
[17006.332955115486, 1011.1521131233435]
[17052.88654439363, 993.7028991916989]
[17095.382017343298, 978.6907691136728]
[17189.8218402724, 948.213425722394]
[17304.672363041296, 906.4012541446423]
[17609.639679826865, 797.874293302004]
[17660.665204520483, 778.8499917814053]
[17700.830380307354, 764.5748290972588]
[17746.968370757644, 748.4379026613689]
[17837.29728099651, 716.0755816693079]
[17853.207045222767, 710.5987421505145]
[17904.39495298551, 689.7437223968248]
[17920.01878158129, 684.1978082144643]
[18006.28541698162, 653.0043730882983]
[18070.66418042919, 627.7018970027237]
[18210.985209244027, 576.8663061190667]
[18406.79778297411, 505.15121087729676]
[18542.11524992446, 457.2970531966914]
[18550.074808700483, 455.0901002500251]
[18571.865497248302, 447.7497199463031]
[18576.781677140007, 445.4715406902443]
[18608.974898178654, 434.81363604198805]
[18614.976271972195, 434.566159730682]
[18646.6219943383, 422.8241206454841]
[18681.87988788919, 411.02866798102923]
[18689.372706070888, 409.16573357024026]
[18690.229679680604, 408.3488063617964]
[18695.434081325413, 407.02286115509287]
[18746.911160195872, 391.4704614621693]
[18777.13773896028, 382.7865012370621]
[18844.941704235123, 360.9447733482597]
[18848.386628436856, 359.9803853853325]
[18947.92908572843, 331.33095893221287]
[18962.251897681275, 327.37588199849813]
[18983.361653889388, 321.51136808932995]
[18994.99668305803, 318.42472764579804]
[19000.64069182378, 316.8558926161944]
[19004.24514778549, 316.28060653540274]
[19006.296776384155, 315.70600248574146]
[19009.90476430297, 314.3703587784353]
[19022.51295239184, 311.0109023413671]
[19162.61400173051, 275.3765835797793]
[19164.513793774524, 274.7611527287519]
[19218.664836723256, 262.0089620828345]
[19279.24140676814, 247.81046470578528]
[19319.005688813224, 239.1014561227851]
[19328.058025745602, 236.91013951941707]
[19332.091698422, 236.48508253644846]
[19336.428903861233, 235.08883844358118]
[19338.450221826162, 234.67028717554567]
[19348.883182254336, 232.72414249067677]
[19398.974672943783, 221.75431391437044]
[19503.40375909869, 200.91583244339498]
[19522.05463721798, 196.81705552818906]
[19523.135093924437, 196.66360866356283]
[19524.216356721492, 196.5975642632757]
[19574.239240517807, 187.24174569763542]
[19589.051607395948, 184.35819825971637]
[19610.52433989164, 180.20614586557613]
[19613.024208241786, 179.74775168949324]
[19698.502194639674, 165.21384475858903]
[19701.081506950235, 164.76603179204264]
[19711.489396153793, 162.2518476449507]
[19718.795505493337, 160.94672301493435]
[19723.430305332142, 160.5613359636906]
[19730.765481611346, 158.91354100927467]
[19738.121772952578, 157.68536871658168]
[19744.920132862597, 156.48676464657458]
[19932.560701054248, 126.55943345506094]
[19933.804120508496, 126.43406130301364]
[19953.344384851614, 123.448553868029]
[19959.39902589178, 122.56484249844308]
[19960.653394783327, 122.47619437674311]
[19969.24045604135, 121.99150530570031]
[20038.769208441372, 111.05945892448099]
[20140.24703440825, 97.44514342046139]
[20148.67736185129, 96.01323634981011]
[20157.12211041774, 95.20975466938103]
[20162.45538128265, 94.24806445692258]
[20170.933728351694, 93.10178669635204]
[20184.804433459154, 91.28926907491692]
[20189.967233146886, 90.60342120026883]
[20217.70836637798, 87.01608234640685]
[20245.680182461718, 83.48603633277622]
[20275.262773855822, 79.78923972260637]
[20385.69419227251, 66.87275875079803]
[20403.815862564064, 64.5783929965987]
[20409.538871119636, 64.03844007286096]
[20439.085840494754, 60.56940637569238]
[20468.87292827863, 57.15779777015996]
[20529.171654026606, 50.50680057796197]
[20652.694397036583, 37.89314441172152]
[20662.413548175366, 37.58011163452764]
[20668.52428190973, 36.068241529141886]
[20678.27979595905, 35.41295843556546]
[20735.117225088536, 29.513191164406095]
[20774.95250094147, 26.461354761866374]
[20801.221036511284, 23.233768742466935]
[20802.800829385546, 23.13640260907576]
[20812.770814405398, 22.57212005144379]
[20828.218426266398, 20.730643178267457]
[20850.11583499543, 20.295841838734987]
[20861.0739283143, 17.74172432062639]
[20876.940221821522, 17.685486739064658]
[20897.462317654958, 14.534520003732013]
[20918.09270609871, 13.060723680201107]
[20935.537664117437, 11.875323468563664]
[20945.339198888647, 10.783069600877468]
[20998.85728536675, 8.87829558005211]
[21059.006729369255, 0.8053126901852465]
[21091.907696139304, -2.00859338859118]
[21102.099902459617, -2.0605480300596923]
[21105.911865215192, -2.3662176650159665]
[21128.109277097097, -3.681089999527842]
[21138.93677817348, -5.339830022560932]
[21156.61347141945, -6.086742409029313]
[21192.746917699373, -9.951122203431737]
[21236.19507157662, -13.253026784368274]
[21270.348333025522, -13.40038950984075]
[21298.5466116661, -17.862822666763392]
[21453.274251421484, -27.96844286300285]
[21476.381787287057, -30.31482394087365]
[21490.760876177992, -31.23585961375231]
[21508.630898063842, -32.45934351835453]
[21554.752523480627, -35.47191248519978]
[21622.75239095209, -39.673434299674255]
[21766.898016471907, -47.947981721822785]
[21779.081532128806, -49.132621891814026]
[21798.932599918822, -49.9120926997045]
[21811.179892922566, -51.02159621744637]
[21843.379673328876, -52.89348608839671]
[21908.287539811252, -56.50141802466193]
[21923.570394965318, -57.23917771458666]
[21963.988135025025, -59.36322356935713]
[21975.43374974685, -60.09359804627614]
[22016.126705452712, -62.07951670301259]
[22042.41700453687, -62.818885963547146]
[22058.454242542142, -64.42877120517805]
[22097.259786347884, -66.0157997222256]
[22122.917082285017, -67.57647274075296]
[22130.93589317631, -67.77307890439074]
[22158.72939071733, -69.39446137815814]
[22227.368073986676, -72.60706653276567]
[22267.05581530386, -74.50333763072074]
[22285.066619564455, -75.30596140781704]
[22320.234397094926, -76.90226976293148]
[22323.605545264305, -76.95888352528507]
[22405.92056308701, -80.76148260602912]
[22430.5313127463, -80.95263133936068]
[22435.995880173363, -82.05257376575005]
[22484.29231679943, -83.30453192956665]
[22502.17504462327, -84.81724994853536]
[22641.726245803733, -90.3340597947265]
[22705.258820952506, -92.05771495055438]
[22760.485754994672, -94.37054035399204]
[22806.28480352112, -96.39051054595322]
[22810.74058593155, -96.65244897548101]
[22856.645119713197, -98.17350898544248]
[22879.848940630476, -99.0787751505886]
[22935.57621460546, -100.9669572679344]
[23033.37589702314, -104.05770122124187]
[23099.6042835157, -105.38615771355342]
[23139.16351716484, -106.87925107208818]
[23157.1423491001, -107.41213151230474]
[23178.943629621514, -107.66209332348126]
[23183.486107564906, -108.69159096612854]
[23198.047581783572, -109.10460166446279]
[23221.686235882164, -109.82776427556689]
[23258.87016576804, -110.84399423025823]
[23339.311095460507, -113.12379279937387]
[23378.737493475783, -114.17657538957206]
[23464.962391749366, -116.33049308098083]
[23544.43595827433, -117.38199122550297]
[23560.304379030895, -117.65755251632424]
[23574.506486706097, -119.06969944527536]
[23614.01520838338, -119.99949451930354]
[23674.664383855055, -121.29085853956681]
[23700.31836779545, -121.83043744185039]
[23798.683472754867, -124.02652868494559]
[23900.14436399579, -126.0588485710092]
[23923.829127099692, -126.50650610116503]
[23949.947745978694, -127.00640397168775]
[24004.727435865774, -127.95988079105828]
[24264.58280209722, -130.94428382007462]
[24336.136315372296, -133.3186980638318]
[24351.635136971112, -133.54245209903505]
[24414.17441179207, -134.3932229972897]
[24441.08255322749, -134.74022482788374]
[24703.13611914254, -137.44247432231683]
[24784.875152139535, -138.18031908441648]
[24806.123031930634, -138.41506104595496]
[24862.84688586947, -139.21116816854868]
[24890.333343623177, -139.4293887890897]
[24933.78846629728, -139.77003629996935]
[25259.844814159667, -141.58248694627386]
[25327.022615008245, -141.9692970291115]
[25392.157325410943, -142.2015783487976]
[25408.35412460371, -142.26065311098404]
[25433.80122973315, -142.33987414002982]
[25489.869455778153, -142.47703245690292]
[25955.169697607966, -142.50803583681375]
values
[45.02883589983807, 60119.96922126778]
[45.06500824474095, 56723.768547237254]
[45.09072261798785, 55063.55364207536]
[73.01723292964705, 45612.1610844874]
[87.69420711782396, 41716.02907581548]
[87.7445271117748, 41567.77736601482]
[87.78951309760308, 40087.81098635992]
[87.98969450247027, 38714.035057523426]
[88.09300878115198, 37313.19741298177]
[88.32496761054712, 36002.92896847085]
[126.59394191853235, 30692.661820055207]
[144.1473874822434, 27264.58291260769]
[148.14178161271792, 26681.147684634943]
[148.14794575369157, 26607.109118268636]
[150.52754560604166, 25923.5642622876]
[151.29602496957253, 25832.560093614604]
[151.83635395236234, 25815.89617531838]
[152.21044864203347, 25781.807260039594]
[152.41195459414763, 25764.77098664514]
[152.4625117615533, 25744.693910190377]
[153.777656945759, 25653.977575257613]
[154.32820670044038, 25634.34086321581]
[154.738181500548, 25611.690114990604]
[154.95281712676933, 25600.36838076451]
[155.2301783422544, 25581.410010793108]
[156.12921473590282, 25543.796113404474]
[156.92391262857979, 25509.88188058292]
[157.29376787956414, 25490.96332350202]
[157.56729711265135, 25484.46054486411]
[194.92606213817447, 24865.70715060746]
[196.31767859960922, 24827.426970727647]
[196.4097279671588, 24822.731767376998]
[200.21258391871444, 24778.085957106912]
[202.21444157875322, 24762.398813920277]
[203.98201676260697, 24741.481579476742]
[204.0845016446955, 24733.479237730928]
[204.2407676676342, 24732.074477098922]
[208.0042222289774, 24695.49916228072]
[209.9372758967938, 24673.218843747112]
[211.86318283309606, 24650.948311592496]
[212.03377752348422, 24642.979012955726]
[212.82175381572586, 24639.81671611196]
[213.77648078747518, 24628.687568074583]
[214.25218468109333, 24623.123911936334]
[215.67160558809005, 24606.436615473798]
[219.38484445542227, 24561.964092257662]
[221.1917456075869, 24539.742526315353]
[222.9581547256494, 24517.530760635964]
[225.1770030466084, 24487.700237705096]
[226.34839404405167, 24473.136639655662]
[228.43197723227664, 24443.335943529477]
[231.44013658904927, 24399.01088920325]
[244.35092578970475, 24193.75006465539]
[248.4928689660243, 23752.96077179101]
[248.54602638392458, 23749.822282003097]
[250.73198234837832, 23665.931961050814]
[250.81927108639624, 23662.324214014614]
[251.48321228359663, 23644.07674356806]
[252.32292455792964, 23622.231462939057]
[254.28819422570112, 23578.570725722264]
[254.42898455521825, 23574.985052262262]
[255.42304953944785, 23556.75527591162]
[256.66495043402176, 23534.949776508718]
[258.50009475337475, 23505.516227985463]
[259.4841760726358, 23491.36864264029]
[262.77019648775337, 23447.827351686527]
[265.2426506870474, 23418.454133574458]
[266.5402180404219, 23404.32593143881]
[273.94477882781933, 23331.551579852756]
[376.1607908394368, 22703.57556403711]
[376.367327178921, 22702.313432046212]
[376.6728693603336, 22700.352821573273]
[383.10708050467304, 22659.44106729901]
[392.9719867018324, 22602.969266320153]
[400.7581875587804, 22531.067192834053]
[400.9960314344225, 22529.128276831747]
[405.252903403842, 22492.27176811804]
[405.6893048048055, 22488.357081258928]
[405.689304804806, 22488.357081258913]
[410.00655881005076, 22446.947272609144]
[410.1293434398389, 22445.6876131215]
[412.87470950490206, 22416.752138964748]
[417.5946143513764, 22360.47073586533]
[422.56436478079615, 22289.07983649453]
[440.45612857023485, 22241.220507495473]
[451.5135403643025, 22093.12982492468]
[461.8076610031638, 21965.706083688416]
[462.05937753168087, 21791.1928949044]
[465.77521070910836, 21592.71121626886]
[476.4300893676295, 21509.035197629295]
[476.7500422467538, 21506.652186757943]
[476.90143254958747, 21505.760099846353]
[482.4133421018017, 21467.259415468565]
[488.8221680583671, 21425.525160382043]
[500.5500150112162, 21355.408675290073]
[502.8480901527581, 21342.18135742677]
[515.8145274863472, 21272.21032908392]
[603.8237002873658, 21086.551343278927]
[656.88161683194, 20597.129753278838]
[657.1278789609161, 20596.00385638441]
[664.9836105563684, 20553.9767044298]
[664.9836105563716, 20553.976704429784]
[672.4004206702481, 20513.116070449378]
[672.5945036787316, 20511.99361364161]
[679.9655725468887, 20470.05461588648]
[691.5292579281676, 20424.517584622336]
[693.3294396034997, 20390.78804161881]
[699.9108869811467, 20350.09674157302]
[704.3597698030128, 20322.197825142674]
[707.9609807932729, 20299.515404078862]
[727.6371478682191, 20278.55514373064]
[735.8975473495357, 20218.587521188914]
[752.5036884702818, 20099.007444704992]
[763.7509432697877, 19970.553143832727]
[773.8983731102932, 19938.92653794915]
[830.992086165885, 19543.88956200925]
[846.94031350939, 19498.692745678123]
[847.3703016570742, 19464.24834873749]
[847.8023806186628, 19462.147800103376]
[864.4769085637668, 19384.77874633497]
[866.0224124682602, 19377.98430981433]
[879.450951627851, 19317.74465789811]
[884.9357800289737, 19294.097299842597]
[894.6699106954313, 19279.210843975106]
[920.5893015387024, 19164.432784186887]
[934.5196427203076, 19162.593378097772]
[1006.0702191917751, 18936.89607772072]
[1033.6248344026258, 18857.439207584397]
[1041.0219975677753, 18602.75504658653]
[1048.9469578951457, 18562.919426635715]
[1056.6901859167513, 18523.12883999491]
[1065.2674789963419, 18488.079331022163]
[1071.1216990849216, 18446.61458706288]
[1071.6618516298176, 18443.68277318495]
[1080.6704071948623, 18394.629359497798]
[1088.7956035200748, 18358.557741594283]
[1091.0802650130424, 18342.120717545906]
[1091.4180525221366, 18340.228224565326]
[1092.820308579134, 18332.032134714544]
[1093.6069620313945, 18330.742892859547]
[1098.3739020900011, 18302.95871954474]
[1105.7877250245908, 18256.570944534793]
[1153.4930159410658, 17979.02339363778]
[1167.6795501638583, 17902.66542950117]
[1183.4930247994103, 17873.813360435033]
[1184.7406562509261, 17816.0509695495]
[1198.3194513629223, 17751.42954835321]
[1198.7296994436267, 17749.616369632473]
[1211.5703575549962, 17692.327875576175]
[1213.2998066958708, 17684.5050095329]
[1215.4086226165582, 17675.5917224894]
[1216.0009184520343, 17672.831454025014]
[1217.0378345667114, 17668.42967260972]
[1217.8539815973993, 17665.274908524163]
[1230.939661056948, 17611.261184543095]
[1245.6633303234846, 17554.194187438225]
[1247.5077750833, 17547.071757129845]
[1249.1830092141934, 17541.039287055475]
[1249.92530317474, 17538.177713233752]
[1250.6534867890978, 17535.69826570975]
[1251.084969892364, 17533.932602035587]
[1251.9508881858767, 17530.471093643526]
[1253.6097353007838, 17530.009320540874]
[1262.7686265455204, 17494.548031473332]
[1279.649086243273, 17433.577313035537]
[1419.5065841000714, 17047.140437707123]
[1434.9624535855824, 17009.965984653187]
[1435.3463631425307, 17009.132770988486]
[1455.0444863000607, 16962.5250507899]
[1467.1369931334473, 16955.399490402935]
[1467.6846751833475, 16933.11120661329]
[1471.137237284602, 16925.448794298754]
[1482.5108614820738, 16899.315989526396]
[1485.0832931618722, 16893.22926508891]
[1499.3946774362091, 16861.477953941252]
[1579.5793581299638, 16702.437804900033]
[1580.4238863903606, 16700.667526905436]
[1583.9752554881904, 16692.654550709067]
[1608.4896550860435, 16639.289961409144]
[1609.332586408129, 16637.522099476573]
[1612.877029178702, 16629.53168178547]
[1617.0623458712014, 16620.080598795485]
[1619.4152732518635, 16616.640644721192]
[1621.0967162741676, 16613.110216471392]
[1645.7562937599187, 16557.1237812464]
[1646.9185413858713, 16555.3812427543]
[1648.0802067373224, 16553.65706533099]
[1649.7430222468613, 16550.13145468873]
[1651.2491534923986, 16545.65335498959]
[1656.5310024290795, 16534.495336536427]
[1657.3588005749154, 16532.732519390316]
[1660.8389561206952, 16524.77286746807]
[1663.5132519205274, 16522.20523348371]
[1683.508647220028, 16473.454801117034]
[1684.6398675348444, 16471.70261139334]
[1685.4512948005238, 16469.9421966616]
[1687.3907383137616, 16466.450613262485]
[1688.8622359924498, 16462.005100149527]
[1692.880080123243, 16452.617659857246]
[1720.1205792264295, 16390.01571313474]
[1721.2077476108268, 16388.253814852065]
[1755.1712107310732, 16306.806254954932]
[1816.8642118904834, 16144.18569765948]
[1820.425028082218, 16133.993859063454]
[1865.0173733590354, 16000.055571344441]
[1883.0867023569074, 15938.519158657336]
[2037.2883299848586, 15098.972567306924]
[2041.2528534981261, 14983.886015377293]
[2059.27435589289, 14884.784837237541]
[2069.6896715187145, 14836.39485039146]
[2078.777224051133, 14794.612656852743]
[2083.6059708482803, 14773.74488561424]
[2087.412366661666, 14619.136537400156]
[2100.9454679251426, 14563.696588678258]
[2102.1656073911063, 14559.825827667439]
[2107.3835349476344, 14539.85451197483]
[2109.304809529122, 14532.41219053975]
[2109.869707151751, 14530.945955361462]
[2119.622713508592, 14496.915664887425]
[2124.4115517879536, 14481.1538159241]
[2129.3272902564645, 14465.40081305997]
[2136.5573026659345, 14441.606900593843]
[2137.657344579834, 14441.230104233771]
[2137.6749598550327, 14439.484226790926]
[2139.5444140467707, 14433.921328788352]
[2140.858061917826, 14429.988878363372]
[2143.0264549764584, 14422.14795463522]
[2145.733061786531, 14414.894699197617]
[2146.645149117459, 14412.954638018877]
[2148.3339938389563, 14407.22200728369]
[2149.748538201405, 14405.6895289959]
[2150.2832426201194, 14402.477178552694]
[2153.0205861554305, 14396.115460205625]
[2155.85083532848, 14386.768343295782]
[2158.6845760701963, 14378.917233822329]
[2161.551752977778, 14371.068329098833]
[2163.3992040176436, 14363.276044707492]
[2166.29904772709, 14357.354707368264]
[2169.3374855217867, 14348.78439879038]
[2170.6706352626325, 14343.866769076581]
[2171.8515706993944, 14343.614517566562]
[2175.793089168201, 14330.262099517147]
[2177.923091465585, 14327.93874012705]
[2180.444124795276, 14318.710398160269]
[2181.708808530507, 14316.757305425512]
[2185.573923674925, 14304.537984818782]
[2188.9618740309397, 14295.657900810353]
[2190.7755375117704, 14292.937481110239]
[2192.1757774549606, 14290.46277192549]
[2198.597287423017, 14277.053257072352]
[2202.3532612348718, 14264.345609897957]
[2216.875955519391, 14232.256965104154]
[2220.7224478808635, 14226.260646528184]
[2220.7535539082473, 14224.513281855368]
[2225.058212807687, 14215.088563180518]
[2226.0352006210896, 14214.552449457982]
[2226.067707230359, 14213.428679014969]
[2226.8067381711357, 14207.273933729686]
[2227.6655255396768, 14205.808452346602]
[2247.0486199362995, 14166.557174790882]
[2258.023338071671, 14140.058224903147]
[2746.8744785954595, 13596.606039136837]
[3179.296286231138, 12949.14528983087]
[3184.2200590643415, 12943.166469391623]
[3233.5454642675822, 12874.65669141572]
[3276.3857177431664, 12812.355539049517]
[3280.930514847001, 12806.388386114688]
[3283.1950755356847, 12803.405743587573]
[3289.9571078718686, 12794.461551641785]
[3296.806849224956, 12783.769752207656]
[3324.7714938574823, 12741.298236326607]
[3326.145706978376, 12738.361712701266]
[3329.785465045943, 12733.178315367897]
[3330.4451560818998, 12732.402866857397]
[3330.8576266563937, 12731.688798556375]
[3330.9607115321514, 12731.510297410327]
[3334.7216042814534, 12726.446511469023]
[3341.01981743424, 12716.160000824855]
[3343.335063047711, 12712.825886142766]
[3355.610817982941, 12693.976614147954]
[3371.023030777816, 12667.599987158683]
[3375.4561643616275, 12660.93827561295]
[3376.5598327617517, 12659.273204221092]
[3377.0813997259997, 12658.673231057317]
[3408.082324772387, 12605.912598548372]
[3413.1013952062326, 12597.086595748331]
[3416.8764892720783, 12591.14184710752]
[3436.515008789999, 12537.042946388001]
[3453.982714455106, 12523.852483048975]
[3472.2069312526164, 12470.470997674076]
[3473.8796002028057, 12467.472149348563]
[3476.6246364519907, 12463.553123950178]
[3488.313377029969, 12456.80524871245]
[3503.1144230642262, 12409.441179357322]
[3508.9120881538397, 12396.652726342138]
[3509.671465612575, 12395.155447264671]
[3510.65484271656, 12394.202298973281]
[3511.185117621217, 12392.161356284803]
[3533.336159582507, 12343.296067876512]
[3537.039327792557, 12336.346173140617]
[3540.674744899543, 12326.085769882713]
[3541.5625608828605, 12325.100277694479]
[3542.042795985427, 12323.095190882479]
[3542.9262088887435, 12322.112071568972]
[3544.283106711239, 12319.124488363228]
[3564.0667963272554, 12270.414516700828]
[3566.5496472305335, 12262.845288749486]
[3569.18735171036, 12255.7712602724]
[3569.7987683153096, 12254.277805290087]
[3570.588261857301, 12253.262352845451]
[3571.801846668671, 12250.27828277885]
[3589.824967607313, 12199.796034995261]
[3593.4386206516683, 12190.219264432635]
[3594.518517550304, 12185.70916786472]
[3596.2914654508477, 12181.680844943445]
[3617.862552190363, 12113.332138949383]
[3618.7979844074366, 12110.355725488707]
[3867.030445299313, 10642.97836455118]
[3870.6644597043087, 10637.632700692764]
[3871.687290207904, 10633.878928501319]
[3884.869952014845, 10600.140359862346]
[3893.734514330947, 10578.11598576852]
[3895.7474701447777, 10572.73015078685]
[3899.626007004593, 10560.60060939838]
[3916.205442561829, 10528.324537089538]
[3919.2954448489586, 10524.332093621184]
[3920.8381677696057, 10514.30423196785]
[3923.404794662717, 10508.079895955754]
[3924.752568293082, 10505.347568874195]
[3926.106013157138, 10502.61588532517]
[3937.3065424413826, 10477.808359993602]
[3940.190185287743, 10477.214618913584]
[3944.8910585290078, 10464.20476532491]
[3951.1196743707783, 10456.760646111992]
[3952.6540766676476, 10456.10955462548]
[3954.966226668216, 10451.647276640408]
[3955.1654958495974, 10440.953504522307]
[3955.903125024027, 10439.589489542865]
[3957.840525835072, 10438.560594909137]
[3958.1246509357766, 10435.498411357814]
[3960.784447904839, 10431.965337930385]
[3970.036717378882, 10411.605552900188]
[3972.0939380447226, 10410.211318561262]
[3973.0931246182913, 10409.092538886443]
[3974.0117863539467, 10405.468096780594]
[3978.6890959088714, 10397.5450337841]
[3980.4315021539023, 10390.782822724372]
[3986.6581844339444, 10379.536583421665]
[3987.241658494466, 10377.48454692404]
[3988.8394023280443, 10374.75809150153]
[3989.8551908360823, 10374.087863276462]
[3990.5652815719, 10373.212425550351]
[3991.852353467819, 10370.215590388545]
[3993.5568992858284, 10367.472412823246]
[3993.820009007647, 10365.86996601164]
[3995.3421969228857, 10364.629246368995]
[4001.2394971649937, 10356.371352234592]
[4001.7859755683985, 10352.650082891158]
[4018.3766459427306, 10323.448634131726]
[4020.101177118509, 10320.809737049434]
[4025.768454642828, 10310.202621889212]
[4026.3701447250573, 10310.02570901604]
[4026.6340429885618, 10308.842769950552]
[4027.501086432397, 10307.483079606276]
[4031.6781343940524, 10305.630671720153]
[4032.3379605398477, 10302.684975285954]
[4033.621700988352, 10300.025054719456]
[4034.629455154492, 10299.120686331042]
[4035.5391042065066, 10294.296297990131]
[4043.3084976205, 10286.213929159894]
[4045.1337699115097, 10285.33569291354]
[4045.837363776668, 10279.666927549757]
[4052.3218594390364, 10267.372854394047]
[4061.288726775331, 10259.905114038824]
[4061.592309553332, 10257.255597612013]
[4061.6843475822566, 10253.43021114091]
[4063.4885553357058, 10253.195164876019]
[4065.3174556700014, 10245.21203253377]
[4066.247162083675, 10243.854276105709]
[4071.578108932053, 10236.13900117371]
[4071.85582745455, 10235.711136363781]
[4078.935416499002, 10224.37062627844]
[4104.421235714675, 10196.499737503136]
[4107.691072870741, 10180.47808616982]
[4110.0754254993935, 10177.972636784558]
[4111.673228902143, 10175.056453792859]
[4117.880740742212, 10166.251850719664]
[4120.0102712741655, 10163.512983158542]
[4130.472730201643, 10158.489109843551]
[4130.983231018693, 10154.562986841427]
[4131.878973563376, 10146.031505453318]
[4140.3011810696835, 10134.630547716346]
[4144.889274167654, 10128.952779563366]
[4157.164866662295, 10113.913915922389]
[4161.882869026144, 10103.414997626001]
[4173.943960089527, 10093.437054737671]
[4176.7536915975525, 10085.516334628062]
[4182.08567057763, 10079.73791136531]
[4198.555249378716, 10054.483576635892]
[4199.670372185226, 10053.131840986305]
[4212.235532170836, 10044.441904638847]
[4212.2543620297865, 10039.458174395942]
[4225.946010306477, 10022.379951456836]
[4230.534565034716, 10016.471624999991]
[4235.038986034065, 10010.66974166822]
[4247.8781112376, 9991.865236351898]
[4270.049845713687, 9978.498895382047]
[4270.602900283906, 9963.537747079978]
[4282.632931238886, 9949.209019089407]
[4285.296151701911, 9946.2068129028]
[4286.630128689517, 9944.705935240187]
[4287.965681517352, 9943.205207878433]
[4294.794018699106, 9934.892218285351]
[4299.704467301691, 9929.499468605345]
[4300.935321039766, 9928.151688592834]
[4324.83636098967, 9902.823679189536]
[4373.578210315733, 9844.713667820337]
[4379.31289325977, 9838.728461079123]
[4380.750224308365, 9837.232536216898]
[5315.270093578105, 9731.180386173957]
[5465.801422415713, 9165.63220038471]
[5616.137199016238, 8801.33850470864]
[6147.412179105953, 8298.330234644767]
[6161.02025216939, 8284.695361072365]
[6163.484052670678, 8282.252676649608]
[6200.170747360625, 8241.337777216311]
[6202.792553226945, 8238.616083387164]
[6213.222809437968, 8227.735678221477]
[6268.890066639172, 8163.483113619651]
[6271.357459619894, 8160.7700794648235]
[6281.169486389672, 8149.924320483026]
[6283.390759486909, 8147.4919086408345]
[6316.409226162818, 8107.104234296789]
[6328.122862787535, 8093.578367544543]
[6348.290949049389, 8068.096876060942]
[6349.5561710542215, 8066.015589916525]
[6367.624572522789, 8043.238180700876]
[6392.0478654180215, 8012.141528438116]
[6393.251667090329, 8010.089187498096]
[6395.412291936802, 8007.393577424501]
[6401.86043027845, 7999.310581651802]
[6424.686293636932, 7968.005630742803]
[6429.870751017453, 7961.279228449878]
[6465.582338600266, 7911.191666651204]
[6469.5122983487945, 7905.824117305866]
[6480.227617973597, 7891.4269603706525]
[6529.5463743035925, 7815.789962739418]
[6531.33677453775, 7813.116778666485]
[6539.432462491384, 7800.489349230437]
[6587.703271587553, 7721.186284358926]
[6602.36273990402, 7696.134194400064]
[7147.72493815002, 6524.016476538286]
[7289.71452012878, 6286.799002219128]
[7294.019605362991, 6280.853778619935]
[7297.4806680129695, 6276.100432141882]
[7313.425290906817, 6264.1450260999145]
[7313.465806643369, 6253.491980197983]
[7339.070006588264, 6217.885894227498]
[7350.435024899191, 6201.926789302377]
[7351.359672843002, 6200.742819491204]
[7356.928122110937, 6193.642296733585]
[7381.60537625296, 6163.212763968612]
[7382.788210259362, 6160.026205468312]
[7387.225028596888, 6155.868202872353]
[7392.786549173287, 6146.563242250463]
[7410.003003370285, 6127.035719916508]
[7415.700608818598, 6117.829885262286]
[7416.6928217781515, 6116.651294641717]
[7419.548841621307, 6113.650003844763]
[7420.671691700723, 6111.93849748266]
[7433.105427771745, 6098.097847494229]
[7437.890098939541, 6091.402591541532]
[7439.033829601143, 6089.7011758349045]
[7440.96207989603, 6088.341665255745]
[7447.612451441521, 6079.049276148899]
[7452.272910207017, 6074.734174489394]
[7469.913117488012, 6054.129420116796]
[7481.634024715941, 6041.06839835704]
[7486.682408818704, 6033.331976333392]
[7488.807300300631, 6030.985998496716]
[7497.347344822558, 6021.608329451814]
[7511.602249169502, 6006.526961266058]
[7515.832508912787, 6005.38303771351]
[7517.078796052339, 5999.568921248021]
[7529.146463857854, 5986.405491441131]
[7531.166409157234, 5984.550308991528]
[7532.155359126642, 5984.19744473248]
[7534.111371475565, 5980.162785992075]
[7538.399869475808, 5975.941825151991]
[7542.366227614876, 5972.171895007038]
[7549.947936974814, 5965.551808206039]
[7552.9179059705875, 5961.641371139912]
[7555.589530109958, 5957.396446651695]
[7557.555461627092, 5955.630623257283]
[7560.102185356413, 5952.389843067748]
[7561.377587806086, 5950.781860228087]
[7566.09572827685, 5946.512493176748]
[7572.117563820983, 5940.655039562208]
[7574.1284735560785, 5938.785620246415]
[7580.888689442054, 5930.510871811266]
[7586.308687578369, 5928.379946423287]
[7602.011527082007, 5908.678611166948]
[7610.161205254878, 5903.127788004366]
[7613.002748959969, 5896.9505354800585]
[7638.767938413864, 5871.971432416346]
[7639.838620545766, 5871.508816181652]
[7643.169513834477, 5866.673460477625]
[7647.980950225626, 5862.02614328138]
[7659.135026925468, 5852.983471622342]
[7670.146362512082, 5840.353674151186]
[7671.528812946908, 5838.812010525438]
[7695.449101550598, 5815.6724948710635]
[7702.043437968415, 5809.756375918853]
[7708.694604199473, 5804.695234863911]
[7709.784450125223, 5803.317671308833]
[7715.464897075616, 5797.148292178517]
[7724.795349896758, 5787.977776476721]
[7725.566355903864, 5787.901043100867]
[7727.329276586176, 5785.663837075159]
[7735.729890310396, 5778.663688470593]
[7741.501996167567, 5772.5997393790985]
[7756.242235427344, 5760.218641223261]
[7762.084265033364, 5754.128720581548]
[7765.013114218898, 5751.1329802167875]
[7781.904207301971, 5735.645314390976]
[7788.843413588689, 5729.712581725725]
[7816.002787966984, 5705.415095648796]
[7875.480650842771, 5653.996840727058]
[7880.212513561392, 5650.520710436649]
[7883.511892277172, 5647.364299408035]
[7892.342271099281, 5639.963997121533]
[7893.549634714417, 5638.798146309631]
[7899.8311682589265, 5633.232943640719]
[7910.97358738954, 5624.046156365068]
[7911.816632954774, 5623.632651219598]
[7915.826471975032, 5620.460227446611]
[7917.411214928153, 5619.05024575823]
[7918.997178521166, 5617.648416971329]
[7922.172763939356, 5614.869207550108]
[7937.2519820167345, 5602.51582077855]
[7944.739855883955, 5596.544803167924]
[7970.773027721206, 5575.487269157947]
[7972.396669257586, 5574.11327420198]
[7978.140057883202, 5569.543296283628]
[7979.00639389843, 5569.131846280955]
[7981.016854591606, 5567.259227104115]
[7989.37770246781, 5560.56196670771]
[7997.091853500291, 5554.475779522971]
[7998.3569394975675, 5553.379345425832]
[8000.375866322766, 5551.75559752943]
[8019.267162326501, 5536.7998983489015]
[8027.010225696514, 5530.809779705507]
[8066.1142638048905, 5516.730610801101]
[8070.009749459706, 5497.61385622937]
[8081.0977313795165, 5489.056016920071]
[8110.251299387876, 5466.939402588149]
[8127.519793382576, 5453.974467784378]
[8139.695956451151, 5444.896405810213]
[8167.679310938688, 5424.199727154749]
[8174.666600149006, 5419.1573906197855]
[8180.011376533746, 5415.144516563925]
[8184.855226161396, 5411.605484591996]
[8187.025207862168, 5410.08936314689]
[8187.950037575484, 5409.3430126796375]
[8195.907789498304, 5403.548850309348]
[8196.59409554925, 5403.038029141342]
[8197.668315699539, 5402.285913373858]
[8199.42985399659, 5401.03108339288]
[8206.486100045335, 5396.09281191728]
[8254.864769700549, 5361.141059502161]
[8256.655590733288, 5359.905844380685]
[8289.22189299393, 5336.985291372226]
[8291.022774770297, 5335.452907578378]
[8314.78155982488, 5318.963446255673]
[8316.6009429728, 5317.755946847294]
[8327.62230830549, 5309.967082016497]
[8329.447430060514, 5308.756388204858]
[8332.665286486772, 5306.508014210024]
[8340.502895268017, 5300.980415594209]
[8347.831324108169, 5296.173455304217]
[8357.775496847516, 5289.882526163011]
[8373.753788476302, 5278.203656505673]
[8382.975438676689, 5271.762453119866]
[8405.397468388654, 5256.714100334024]
[8437.25617936399, 5235.297836212132]
[8440.999073149032, 5233.001804138379]
[8499.689949333726, 5193.80943953956]
[8535.941346347949, 5170.39029654594]
[8537.82406796198, 5168.36763508662]
[8543.571922634263, 5166.078019500991]
[8557.021531888438, 5157.140525854047]
[8597.54310229288, 5130.38586762257]
[8626.628568057176, 5111.520641640597]
[8694.90407052493, 5068.646057499542]
[8710.125920958191, 5058.600995777945]
[8716.468698492736, 5055.716032216414]
[8764.338116872648, 5023.108086440721]
[8886.925417533457, 4949.6919581645525]
[9303.507188308728, 4707.015530549864]
[9803.727035744556, 4661.85637969499]
[10200.895320468018, 4152.4865609284325]
[10243.323498938571, 4126.224786098865]
[10362.878331612745, 4051.7881713455026]
[10380.59864369029, 4040.7236503900604]
[10525.165632116159, 3949.6293510472265]
[10554.654301365204, 3930.987110567462]
[10611.429757740008, 3894.8594129632725]
[10723.17867830318, 3823.2821953901275]
[10769.16405483729, 3791.31926919988]
[10858.845826427707, 3735.4931772964837]
[10931.20250895831, 3685.290655493212]
[10939.98427931596, 3682.8490602263314]
[11062.126813867948, 3598.8974550226085]
[11140.722150828162, 3547.096392518724]
[11155.949108208364, 3536.879736712537]
[11701.572384141231, 3332.180896042574]
[11869.21521117576, 3112.1270722159343]
[11900.862277004999, 3036.7875741353614]
[11939.633070126367, 3019.123112426487]
[11974.699035251453, 3010.4402303020797]
[11975.754712750553, 2994.347896113992]
[12000.479730558007, 2983.209815280836]
[12010.487509820623, 2974.2757490721006]
[12053.231311558182, 2964.8033102148183]
[12055.727524121981, 2944.31877710425]
[12065.40909070927, 2931.94322990141]
[12125.761329033554, 2893.8745763473166]
[12171.963274130221, 2878.116393920366]
[12195.423448174743, 2859.3974827788434]
[12240.960983165325, 2850.856164448067]
[12273.019779814262, 2813.4619947185147]
[12285.885276530416, 2800.124153681518]
[12341.154319262861, 2773.926395672302]
[12390.926467675912, 2752.552814746325]
[12401.768890486428, 2743.8746922444134]
[12420.458476719357, 2733.5279680251265]
[12449.54347530345, 2727.3445419018376]
[12450.795217173352, 2708.475689295309]
[12497.541343852212, 2680.4805410537456]
[12515.471092836504, 2671.0925413467776]
[12552.994825556689, 2665.39392844464]
[12575.393213984702, 2648.089282289578]
[12591.573486406498, 2645.0646946764355]
[12636.697293339324, 2629.077543640815]
[12667.69117571195, 2594.788991728017]
[12718.31057105262, 2563.258676012192]
[12737.043357171764, 2554.0394736401677]
[12815.445069747062, 2544.4964795101564]
[12846.681687043285, 2521.2811399700686]
[12870.789044230418, 2487.351331799172]
[12894.29086097081, 2484.244303119154]
[12898.047715126528, 2475.1289686126484]
[12992.530634148006, 2432.594031511079]
[13008.380856908454, 2431.798130266442]
[13027.84925494177, 2412.6257934074233]
[13084.14364245144, 2389.1443394204566]
[13140.080913225636, 2375.7985604708742]
[13175.008099562878, 2347.7150386796716]
[13231.168027333071, 2318.48186979351]
[13272.421201435203, 2301.0094253719108]
[13371.635947325447, 2276.006684347233]
[13384.091166940982, 2255.2972200403906]
[13480.539252497634, 2238.0231765275357]
[13527.086608770145, 2191.8956667962175]
[13602.03310444137, 2178.981887018387]
[13643.020545341835, 2147.117984852166]
[13684.93890786452, 2144.940327230328]
[13724.311306116926, 2142.0823152564258]
[13738.438671833223, 2123.45270508229]
[13771.19407282566, 2119.3360981222963]
[13791.067290576906, 2085.3086006607073]
[13857.357408292795, 2084.7140554782504]
[13873.061603910135, 2071.629327726677]
[13975.395575004297, 2048.504306824757]
[14002.882391687777, 2029.0914937690118]
[14010.799922577156, 2017.5551538079458]
[14031.526654588319, 2009.7167348154326]
[14121.773123101131, 1975.918440140369]
[14234.336406746788, 1974.7473163844388]
[14254.40369406872, 1934.1310907170832]
[14324.655568217602, 1889.6938342078322]
[14388.342429063392, 1863.9554819789905]
[14431.653782858562, 1863.5600535305673]
[14435.142485732898, 1848.3419220040835]
[14510.163818909925, 1841.3807304180064]
[14517.103473732368, 1833.4646042575666]
[14601.570788620256, 1820.3899405216675]
[14669.416233462885, 1797.7385262270261]
[14719.196447777487, 1750.1666081385108]
[14766.523500816606, 1735.1413940797775]
[14942.8004120754, 1677.4557399515654]
[15004.780780658208, 1654.5910707077296]
[15052.13703780724, 1639.922867765191]
[15194.624065928414, 1593.2913788864817]
[15227.929581674736, 1583.757758925035]
[15275.033674791966, 1569.7542342664685]
[15289.510215985962, 1561.622836441029]
[15383.382493864548, 1533.2373061524736]
[15416.428046081934, 1524.063636269902]
[15510.31805031364, 1492.6702326770915]
[15594.11162874292, 1464.259287724549]
[15617.20247479754, 1457.3126445515334]
[15663.261839503197, 1443.5962860003067]
[15755.463768451444, 1413.2911769561265]
[15824.782372311514, 1396.2158292420468]
[15832.988841019733, 1390.9083261650442]
[15878.148581051262, 1377.8609978018383]
[15891.966579439772, 1369.9211056734778]
[15936.834880316295, 1356.5635226294344]
[15968.3864015711, 1347.827040512288]
[16046.23023215733, 1319.8552454911896]
[16150.818041834966, 1289.384775457743]
[16202.058123101311, 1272.1314645990071]
[16245.139180253867, 1259.3696557582857]
[16307.516624463884, 1236.6806123756178]
[16353.194810314304, 1227.360166584817]
[16402.81328960109, 1210.1504155573314]
[16578.399438888555, 1149.6778317730043]
[16598.593391176946, 1143.3315869608384]
[16620.845561808295, 1138.1065633475844]
[16718.50213390028, 1104.1710916536265]
[16779.132020709585, 1087.161003723834]
[16835.31192253784, 1065.6471374800512]
[16873.39161770296, 1053.4874903749367]
[16973.486927305985, 1022.0585150303946]
[17006.332955115486, 1011.1521131233435]
[17052.88654439363, 993.7028991916989]
[17059.417964148026, 990.4969493723058]
[17095.382017343298, 978.6907691136728]
[17189.8218402724, 948.213425722394]
[17285.89220543931, 912.7733380779384]
[17304.672363041296, 906.4012541446423]
[17533.329482289697, 825.7257703953424]
[17609.639679826865, 797.874293302004]
[17660.665204520483, 778.8499917814053]
[17700.830380307354, 764.5748290972588]
[17715.72973365133, 759.3483558685963]
[17746.968370757644, 748.4379026613689]
[17837.29728099651, 716.0755816693079]
[17853.207045222767, 710.5987421505145]
[17904.39495298551, 689.7437223968248]
[17920.01878158129, 684.1978082144643]
[18006.28541698162, 653.0043730882983]
[18070.66418042919, 627.7018970027237]
[18210.985209244027, 576.8663061190667]
[18406.79778297411, 505.15121087729676]
[18481.489342927754, 477.95919191348946]
[18542.11524992446, 457.2970531966914]
[18550.074808700483, 455.0901002500251]
[18571.865497248302, 447.7497199463031]
[18576.781677140007, 445.4715406902443]
[18608.974898178654, 434.81363604198805]
[18614.976271972195, 434.566159730682]
[18646.6219943383, 422.8241206454841]
[18681.87988788919, 411.02866798102923]
[18689.372706070888, 409.16573357024026]
[18690.229679680604, 408.3488063617964]
[18695.434081325413, 407.02286115509287]
[18696.26612633808, 406.5540414309696]
[18715.55062852212, 400.42922902162104]
[18746.911160195872, 391.4704614621693]
[18777.13773896028, 382.7865012370621]
[18844.941704235123, 360.9447733482597]
[18848.386628436856, 359.9803853853325]
[18866.648593520506, 354.43136949789573]
[18947.92908572843, 331.33095893221287]
[18962.251897681275, 327.37588199849813]
[18983.361653889388, 321.51136808932995]
[18994.99668305803, 318.42472764579804]
[18999.74103624459, 317.2176505937871]
[19000.64069182378, 316.8558926161944]
[19004.24514778549, 316.28060653540274]
[19006.296776384155, 315.70600248574146]
[19009.90476430297, 314.3703587784353]
[19022.51295239184, 311.0109023413671]
[19162.61400173051, 275.3765835797793]
[19163.563568809943, 275.0252414084141]
[19164.513793774524, 274.7611527287519]
[19218.664836723256, 262.0089620828345]
[19230.427508044977, 259.3087197156997]
[19279.24140676814, 247.81046470578528]
[19313.051850927128, 240.24329977617091]
[19319.005688813224, 239.1014561227851]
[19328.058025745602, 236.91013951941707]
[19332.091698422, 236.48508253644846]
[19336.428903861233, 235.08883844358118]
[19337.439196397252, 234.83590313828861]
[19338.450221826162, 234.67028717554567]
[19348.883182254336, 232.72414249067677]
[19398.974672943783, 221.75431391437044]
[19503.40375909869, 200.91583244339498]
[19522.05463721798, 196.81705552818906]
[19523.135093924437, 196.66360866356283]
[19524.216356721492, 196.5975642632757]
[19533.658479335238, 194.57804391363206]
[19574.239240517807, 187.24174569763542]
[19589.051607395948, 184.35819825971637]
[19610.52433989164, 180.20614586557613]
[19613.024208241786, 179.74775168949324]
[19698.502194639674, 165.21384475858903]
[19701.081506950235, 164.76603179204264]
[19711.489396153793, 162.2518476449507]
[19718.795505493337, 160.94672301493435]
[19719.95289216243, 160.71916435568087]
[19721.111153900223, 160.57906566901673]
[19723.430305332142, 160.5613359636906]
[19730.765481611346, 158.91354100927467]
[19732.40931702713, 158.5976308722177]
[19738.121772952578, 157.68536871658168]
[19744.920132862597, 156.48676464657458]
[19875.11195444217, 135.35823559342762]
[19932.560701054248, 126.55943345506094]
[19933.804120508496, 126.43406130301364]
[19947.19928849714, 124.44973666751989]
[19953.344384851614, 123.448553868029]
[19959.39902589178, 122.56484249844308]
[19960.653394783327, 122.47619437674311]
[19969.24045604135, 121.99150530570031]
[20038.769208441372, 111.05945892448099]
[20113.486979295663, 100.72016299149848]
[20131.41892611112, 98.35967763471453]
[20140.24703440825, 97.44514342046139]
[20148.67736185129, 96.01323634981011]
[20157.12211041774, 95.20975466938103]
[20162.45538128265, 94.24806445692258]
[20170.933728351694, 93.10178669635204]
[20175.512546787057, 92.47485420415418]
[20184.804433459154, 91.28926907491692]
[20189.967233146886, 90.60342120026883]
[20217.70836637798, 87.01608234640685]
[20245.680182461718, 83.48603633277622]
[20275.262773855822, 79.78923972260637]
[20340.358138883472, 71.88998545905895]
[20355.525505409052, 70.09373913353053]
[20385.69419227251, 66.87275875079803]
[20403.815862564064, 64.5783929965987]
[20406.675251016673, 64.1331761083853]
[20409.538871119636, 64.03844007286096]
[20423.56332855513, 62.300178999668844]
[20437.642378519544, 60.62345592481688]
[20439.085840494754, 60.56940637569238]
[20468.87292827863, 57.15779777015996]
[20529.171654026606, 50.50680057796197]
[20615.23847325747, 41.46272366344809]
[20652.694397036583, 37.89314441172152]
[20662.413548175366, 37.58011163452764]
[20668.52428190973, 36.068241529141886]
[20678.27979595905, 35.41295843556546]
[20719.91629279153, 31.032030835795922]
[20735.117225088536, 29.513191164406095]
[20774.95250094147, 26.461354761866374]
[20801.221036511284, 23.233768742466935]
[20802.800829385546, 23.13640260907576]
[20810.988430247522, 22.324727055584333]
[20818.30670574526, 21.648764862573756]
[20828.218426266398, 20.730643178267457]
[20850.11583499543, 20.295841838734987]
[20861.0739283143, 17.74172432062639]
[20876.940221821522, 17.685486739064658]
[20893.278132532094, 14.8487175591614]
[20894.89152353451, 14.793566823309106]
[20897.462317654958, 14.534520003732013]
[20918.09270609871, 13.060723680201107]
[20935.537664117437, 11.875323468563664]
[20945.339198888647, 10.783069600877468]
[20998.85728536675, 8.87829558005211]
[21005.124123013822, 5.205074560976811]
[21059.006729369255, 0.8053126901852465]
[21091.907696139304, -2.00859338859118]
[21102.099902459617, -2.0605480300596923]
[21105.911865215192, -2.3662176650159665]
[21122.398785057743, -4.3903247100554665]
[21138.93677817348, -5.339830022560932]
[21156.61347141945, -6.086742409029313]
[21165.227781662274, -7.777333503817744]
[21190.065434163374, -9.7273247424896]
[21192.746917699373, -9.951122203431737]
[21227.3295705376, -12.537491703557038]
[21236.19507157662, -13.253026784368274]
[21270.348333025522, -13.40038950984075]
[21298.5466116661, -17.862822666763392]
[21423.67020723538, -26.737169627896478]
[21440.30867970557, -27.852368268843534]
[21451.585611224946, -28.630673381785456]
[21476.381787287057, -30.31482394087365]
[21479.403619017656, -30.45898227192589]
[21490.760876177992, -31.23585961375231]
[21508.630898063842, -32.45934351835453]
[21548.209590357084, -35.033937128956325]
[21554.752523480627, -35.47191248519978]
[21622.75239095209, -39.673434299674255]
[21766.898016471907, -47.947981721822785]
[21779.081532128806, -49.132621891814026]
[21798.932599918822, -49.9120926997045]
[21811.179892922566, -51.02159621744637]
[21843.379673328876, -52.89348608839671]
[21885.227908307395, -55.21000852547286]
[21908.287539811252, -56.50141802466193]
[21923.570394965318, -57.23917771458666]
[21927.348104538687, -57.48055366112621]
[21930.957796492716, -57.70206274395662]
[21963.988135025025, -59.36322356935713]
[21975.43374974685, -60.09359804627614]
[22016.126705452712, -62.07951670301259]
[22026.773784340985, -62.77438906176249]
[22042.41700453687, -62.818885963547146]
[22058.454242542142, -64.42877120517805]
[22097.259786347884, -66.0157997222256]
[22122.917082285017, -67.57647274075296]
[22130.93589317631, -67.77307890439074]
[22142.271423267233, -68.54708115945526]
[22158.72939071733, -69.39446137815814]
[22227.368073986676, -72.60706653276567]
[22240.74097705027, -73.29565606893235]
[22267.05581530386, -74.50333763072074]
[22285.066619564455, -75.30596140781704]
[22297.935501250155, -75.91522373736375]
[22320.234397094926, -76.90226976293148]
[22323.605545264305, -76.95888352528507]
[22405.92056308701, -80.76148260602912]
[22412.174216047195, -80.96950990973775]
[22432.262931135396, -81.89455441644012]
[22435.995880173363, -82.05257376575005]
[22484.29231679943, -83.30453192956665]
[22502.17504462327, -84.81724994853536]
[22641.726245803733, -90.3340597947265]
[22661.821347291825, -91.17651235511458]
[22681.760121804327, -91.91227500458263]
[22705.258820952506, -92.05771495055438]
[22760.485754994672, -94.37054035399204]
[22787.09457556972, -95.81609034407228]
[22793.63260812263, -95.97208989128784]
[22806.28480352112, -96.39051054595322]
[22810.74058593155, -96.65244897548101]
[22856.645119713197, -98.17350898544248]
[22879.848940630476, -99.0787751505886]
[22935.57621460546, -100.9669572679344]
[23033.37589702314, -104.05770122124187]
[23099.6042835157, -105.38615771355342]
[23139.16351716484, -106.87925107208818]
[23157.1423491001, -107.41213151230474]
[23178.943629621514, -107.66209332348126]
[23183.486107564906, -108.69159096612854]
[23195.225171482954, -109.03886968544896]
[23198.047581783572, -109.10460166446279]
[23221.686235882164, -109.82776427556689]
[23248.784644358886, -110.56810828737963]
[23258.87016576804, -110.84399423025823]
[23281.374491732637, -111.52989080747851]
[23331.09501048637, -112.87408608059444]
[23339.311095460507, -113.12379279937387]
[23353.74551333545, -113.51443931560193]
[23360.306783178392, -113.66571038385084]
[23368.198242644477, -113.89901554322896]
[23378.737493475783, -114.17657538957206]
[23464.962391749366, -116.33049308098083]
[23487.874157099017, -116.96525403174297]
[23544.43595827433, -117.38199122550297]
[23560.304379030895, -117.65755251632424]
[23574.506486706097, -119.06969944527536]
[23586.961067018674, -119.36438402858288]
[23608.74618236255, -119.81790223483756]
[23614.01520838338, -119.99949451930354]
[23623.50731650322, -120.17704943455367]
[23674.664383855055, -121.29085853956681]
[23700.31836779545, -121.83043744185039]
[23712.66874184918, -122.20487338805512]
[23723.66232207246, -122.42153307797909]
[23731.791158777643, -122.62549172028514]
[23749.41107190017, -122.9569638238512]
[23787.787471201926, -123.80967579377594]
[23798.683472754867, -124.02652868494559]
[23839.576201440017, -124.85909400614628]
[23900.14436399579, -126.0588485710092]
[23923.829127099692, -126.50650610116503]
[23949.947745978694, -127.00640397168775]
[24004.727435865774, -127.95988079105828]
[24039.979090858647, -128.6186181556014]
[24247.211669634064, -132.0221025607114]
[24273.869495705912, -132.41088268119216]
[24336.136315372296, -133.3186980638318]
[24351.635136971112, -133.54245209903505]
[24414.17441179207, -134.3932229972897]
[24441.08255322749, -134.74022482788374]
[24479.72541179621, -135.19581574558794]
[24668.805829170273, -137.39498699570385]
[24703.13611914254, -137.44247432231683]
[24703.594158062515, -137.7042590367509]
[24784.875152139535, -138.18031908441648]
[24806.123031930634, -138.41506104595496]
[24814.788078754937, -138.7983718762126]
[24862.84688586947, -139.21116816854868]
[24890.333343623177, -139.4293887890897]
[24933.78846629728, -139.77003629996935]
[25026.031737739846, -140.42798666462534]
[25150.379790665294, -141.1938101327185]
[25162.25261284761, -141.24290150144142]
[25259.844814159667, -141.58248694627386]
[25327.022615008245, -141.9692970291115]
[25392.157325410943, -142.2015783487976]
[25408.35412460371, -142.26065311098404]
[25433.80122973315, -142.33987414002982]
[25489.869455778153, -142.47703245690292]
[25955.169697607966, -142.50803583681375]
end_solutions
[2.5082790803656354, -1.8057183160260095]
[2.618735810475659, -1.7284828682903592]
[2.679914028624682, -1.682675377425081]
[2.7397796269067336, -1.6471444875291277]
[2.7674557339198125, -1.6174061408339782]
[2.7938192210659203, -1.5979443951081536]
[2.8219124797133635, -1.5747306894907749]
[2.830830959496957, -1.544529192154111]
[3.1254521042074694, -1.2757346214686118]
[3.2063499155359, -1.2248031745892045]
[3.2467988212001155, -1.1993374511495007]
[3.2709278536253925, -1.1711376879483022]
[3.5945190989391156, -0.9674119004306728]
[3.67598870478626, -0.9675015613216733]
[3.740652875993805, -0.9665797926223951]
[3.7894707003183203, -0.9665094019804856]
[3.8381286766834073, -0.9661285433973015]
[4.308495272004887, -0.7612975897930411]
[4.334986376503554, -0.760630014940093]
[4.361144765610364, -0.7596137091788373]
[4.3873031547171735, -0.7585974034175818]
[4.511730676242701, -0.5188639953665518]
[4.528982962154291, -0.5141901498574096]
[4.544906335269209, -0.5117509310015386]
[4.491093504732361, -0.2864844288981436]
[4.4828290220648785, -0.16694944298104902]
[4.463884293353913, -0.05309658250141597]
[4.474564539397395, -0.047414457063954446]
[4.450279687664689, 0.06359734069694783]
[4.4264954724652705, 0.17487548808773112]
[1.0937692548838702, 2.4334319479748845]
end_values
[25955.16969761  -142.50803584]
[22879.84894063   -99.07877515]
[21423.67020724   -26.73716963]
[20437.64237852    60.62345592]
[19875.11195444   135.35823559]
[19522.05463722   196.81705553]
[19164.51379377   274.76115273]
[18844.94170424   360.94477335]
[14388.34242906  1863.95548198]
[13231.16802733  2318.48186979]
[12718.31057105  2563.25867601]
[12285.88527653  2800.12415368]
[8437.25617936 5235.29783621]
[8081.09773138 5489.05601692]
[7816.00278797 5705.41509565]
[7643.16951383 5866.67346048]
[7486.68240882 6033.33197633]
[ 4198.55524938 10054.48357664]
[ 4107.69107287 10180.47808617]
[ 4025.76845464 10310.20262189]
[ 3955.16549585 10440.95350452]
[ 2226.80673817 14207.27393373]
[ 2163.39920402 14363.27604471]
[ 2124.41155179 14481.15381592]
[ 1230.93966106 17611.26118454]
[  830.99208617 19543.88956201]
[  488.82216806 21425.52516038]
[  465.77521071 21592.71121627]
[  259.48417607 23491.36864264]
[  157.56729711 25484.46054486]
[4.50288359e+01 6.01199692e+04]
