values
[8779.063143943564, 15646.826004036338]
[8779.423689276253, 15615.92288439859]
[8780.087067677036, 15610.222504171812]
[8780.214269668888, 15602.054665194188]
[8780.521232871355, 15596.421831112919]
[8780.673988541213, 15585.929410927838]
[8781.946000405951, 15570.727110196718]
[8782.264022521758, 15567.087976513718]
[8782.572027334716, 15558.403204280185]
[8783.058341077423, 15555.293264244296]
[8786.42350867218, 15525.66296230278]
[8787.847565281516, 15514.19175093859]
[8788.417321337096, 15511.156251836048]
[8789.432619334959, 15502.886081114699]
[8790.317735079876, 15497.84625840496]
[8791.808959068927, 15488.938989543996]
[8793.418408057489, 15480.154670078558]
[8794.451825139542, 15475.266842604848]
[8794.994360837183, 15475.18086300272]
[8795.688376594833, 15469.075590311208]
[8796.99198103313, 15462.954936132906]
[8798.95610502021, 15454.539545101135]
[8801.668995906859, 15443.919851781748]
[8804.856544177663, 15440.165909322222]
[8805.557826978498, 15430.031374834249]
[8807.361703932138, 15429.864640489608]
[8807.958409912648, 15421.96145766843]
[8808.997316035458, 15419.841493012636]
[8810.518078791854, 15414.062626744006]
[8813.500889657405, 15408.75157905938]
[8814.288700805828, 15404.428184896287]
[8815.324924158156, 15403.354883761574]
[8817.215483070637, 15398.028473368064]
[8818.88377392731, 15381.807605755335]
[8825.592464964186, 15377.9777666466]
[8830.591247763492, 15367.178878799688]
[8834.109863012638, 15359.765878691802]
[8835.87640269528, 15359.425802363678]
[8835.942284040208, 15356.757568892486]
[8840.060604006509, 15343.327272602199]
[8843.273316030098, 15336.71735903562]
[8850.570088235687, 15331.66766069835]
[8851.304959872417, 15327.67292890571]
[8857.239366587444, 15315.615779165342]
[8859.250189666958, 15311.945313241487]
[8864.577036303639, 15304.424608434905]
[8864.913456779175, 15302.648511819323]
[8866.37293293128, 15300.44161978833]
[8869.932678409165, 15294.588495435379]
[8873.209660274071, 15293.668856751145]
[8875.305434961778, 15292.40791903671]
[8880.12276840129, 15287.63620651241]
[8880.97674867556, 15281.503032330618]
[8881.12423117662, 15277.838433984445]
[8887.392339309587, 15275.243021693428]
[8889.355472849487, 15268.686529504552]
[8893.030166703795, 15265.678089057503]
[8897.935966882003, 15258.54982781799]
[8897.975962963192, 15254.983452018017]
[8901.447332567202, 15252.470446125279]
[8902.490961501577, 15251.704817347754]
[8902.851609022737, 15250.365257125623]
[8907.2312675701, 15245.065677325698]
[8909.402201930761, 15242.195410105416]
[8910.67173316197, 15240.637032907129]
[8913.317152502299, 15237.261350440072]
[8914.532967857267, 15236.08330272403]
[8916.071346491204, 15234.112592936825]
[8919.621025177852, 15230.64077406745]
[8920.268282418929, 15229.222931797187]
[8927.529244953383, 15221.160818553346]
[8933.295179264163, 15215.049808736323]
[8934.02024812809, 15214.1724132225]
[8936.40105134046, 15212.595664595094]
[8937.78284123326, 15210.490796051003]
[8945.533354167292, 15204.407737058622]
[8946.471338973419, 15201.74294557772]
[8949.468355130915, 15200.75345867752]
[8950.202030881472, 15198.07738907113]
[8953.121033268812, 15196.081439666601]
[8954.607072740508, 15193.741444929907]
[8957.02857707423, 15192.55796657462]
[8959.331776132769, 15189.424083747055]
[8962.62669398397, 15188.827127356351]
[8964.129161035371, 15185.189441335275]
[8969.503898346853, 15181.043863390325]
[8975.77823572585, 15179.697024953395]
[8977.32207214313, 15175.387075784307]
[8978.13385744837, 15173.396788695172]
[8981.306213403699, 15171.436019770863]
[9005.677713579591, 15160.232722970046]
[9015.207441114593, 15153.786515736754]
[9082.441304305625, 15153.167001508198]
[9258.065456519671, 15090.85736296613]
[9482.23450460582, 15085.303406024399]
values
[8749.62695679903, 15651.62146317826]
[8751.173821820774, 15609.422898804773]
[8754.45011913167, 15583.2682943234]
[8754.924288801605, 15566.62601608283]
[8762.601818573521, 15538.38132302296]
[8763.751919539782, 15532.55539668988]
[8764.692728172618, 15517.65149837151]
[8766.136047234198, 15507.698487875772]
[8767.84460913713, 15498.020055192725]
[8777.441410690853, 15497.98767530808]
[8777.514608313582, 15463.678920584227]
[8786.168920881199, 15445.600937809977]
[8789.376630572962, 15432.508445462869]
[8799.113455894849, 15430.401020758965]
[8799.520425986124, 15421.375109311613]
[8800.44761249672, 15418.111661137375]
[8801.405798205978, 15414.880617246197]
[8802.539355041485, 15407.981391110805]
[8802.833837929997, 15407.651715250015]
[8803.451279678637, 15407.035820462092]
[8804.800067062388, 15405.978054379719]
[8807.863553353145, 15405.765004437953]
[8809.164930148592, 15399.344384727918]
[8810.185959025546, 15396.170159929892]
[8813.915580063098, 15390.672496287405]
[8816.737224089182, 15386.338198681517]
[8817.780458022706, 15385.090951565015]
[8818.88377392731, 15381.807605755335]
[8819.312331728113, 15377.962884993625]
[8820.868413672235, 15377.651387980075]
[8821.619752561974, 15371.071041802012]
[8822.019647290168, 15367.803731604641]
[8826.25115677283, 15366.707616009626]
[8829.962630724687, 15357.232748831679]
[8833.819243817139, 15351.891153457593]
[8834.148515819721, 15350.738556115146]
[8836.706426148092, 15346.090320616448]
[8840.060604006509, 15343.327272602199]
[8841.062301359754, 15341.688804830465]
[8841.115827138312, 15337.156034894233]
[8842.422483213973, 15335.288634337312]
[8845.89813095439, 15332.403154347714]
[8847.777875990123, 15326.336701147156]
[8849.339481951927, 15326.235945424887]
[8849.797633056878, 15323.312092457998]
[8850.492392268765, 15321.312207002768]
[8851.073058955584, 15320.35930097159]
[8853.542697345838, 15316.178009232091]
[8855.271020696673, 15313.277871166893]
[8856.686461895877, 15311.206553542252]
[8856.845509638273, 15311.167706038468]
[8857.002452485509, 15310.865483059317]
[8857.246466458962, 15310.686306325082]
[8858.553728412599, 15309.172944498132]
[8859.586951298525, 15308.365291861934]
[8861.24101577996, 15304.7854523289]
[8864.527801034903, 15303.191129496165]
[8864.913456779175, 15302.648511819323]
[8866.37293293128, 15300.44161978833]
[8866.580637590816, 15295.99789176337]
[8869.488945645278, 15295.18303741373]
[8869.795739351652, 15291.446361634184]
[8870.376960188174, 15291.12715106701]
[8873.068687467405, 15289.17681300447]
[8875.467394868092, 15283.243205469398]
[8876.629618598385, 15282.240635174772]
[8876.63110716976, 15281.50893376099]
[8876.741688253924, 15281.280986805306]
[8876.871126858277, 15281.221289365909]
[8878.193643637878, 15279.34135807658]
[8878.389122315426, 15279.102575275378]
[8880.219249783595, 15279.030731843548]
[8881.12423117662, 15277.838433984445]
[8883.6748889647, 15273.052528277778]
[8884.466543552235, 15273.012327003966]
[8885.123272140856, 15270.387963834111]
[8887.069450016803, 15269.874409643913]
[8887.557929698254, 15266.877148195907]
[8888.92228081272, 15266.825487316817]
[8889.523804550177, 15264.994338942008]
[8891.957083437967, 15262.890715747699]
[8893.726838745097, 15259.886250945334]
[8895.861964248374, 15256.341668606738]
[8897.021934697663, 15254.970707498522]
[8898.199995580782, 15253.952705591093]
[8898.430298075811, 15253.263146442514]
[8900.09080884233, 15251.093800990708]
[8901.598311524323, 15249.321501702345]
[8903.23207040513, 15247.346844760968]
[8904.122108494726, 15247.228379635888]
[8904.646127990505, 15246.084165358521]
[8904.929458544775, 15246.073031064006]
[8907.2312675701, 15245.065677325698]
[8908.215894702975, 15242.174935233204]
[8909.369408332048, 15240.723600376621]
[8910.67173316197, 15240.637032907129]
[8911.576162400937, 15238.269791430299]
[8913.066032300318, 15235.894466164184]
[8915.992221507393, 15234.8692333088]
[8916.071346491204, 15234.112592936825]
[8916.24254830653, 15232.700955343264]
[8919.621025177852, 15230.64077406745]
[8920.268282418929, 15229.222931797187]
[8921.249786123366, 15227.096122659976]
[8922.05881420387, 15226.18545456799]
[8924.930066648833, 15222.901306887074]
[8926.278520907328, 15221.36710429669]
[8927.529244953383, 15221.160818553346]
[8927.57786378464, 15220.65014234463]
[8927.762474613008, 15219.843792760861]
[8929.62284680901, 15217.98179688466]
[8931.490981926647, 15216.132975926317]
[8933.295179264163, 15215.049808736323]
[8934.02024812809, 15214.1724132225]
[8936.40105134046, 15212.595664595094]
[8937.78284123326, 15210.490796051003]
[8940.146495961733, 15207.321335527551]
[8944.249025402834, 15203.49338242952]
[8946.471338973419, 15201.74294557772]
[8947.546257550159, 15200.230197610663]
[8947.857975074072, 15200.048931942405]
[8948.40149967605, 15199.442787712549]
[8949.036200526438, 15198.754342512775]
[8949.847076063415, 15198.21764400315]
[8950.202030881472, 15198.07738907113]
[8950.647110954254, 15197.363943889095]
[8950.965342731035, 15196.981122387633]
[8952.73735385518, 15195.314061973226]
[8952.90224785727, 15195.221106800276]
[8953.07719408404, 15195.144026090109]
[8954.607072740508, 15193.741444929907]
[8956.79934687464, 15191.740711671204]
[8957.622992137254, 15190.971452226788]
[8959.331776132769, 15189.424083747055]
[8962.079387116923, 15186.961256544917]
[8964.129161035371, 15185.189441335275]
[8966.029730299622, 15183.543405191189]
[8969.359357829799, 15180.652760253313]
[8972.032701591059, 15178.416226110166]
[8973.173358976268, 15177.47800869242]
[8973.488629119389, 15177.261819521811]
[8975.494304254218, 15175.590806167924]
[8976.391660674162, 15174.89290025971]
[8978.13385744837, 15173.396788695172]
[8978.294489389347, 15173.2725060024]
[8979.000529515244, 15172.81180284401]
[8979.740656678287, 15172.148937312008]
[8981.306213403699, 15171.436019770863]
[8985.193068738441, 15167.882875257494]
[8994.164516929919, 15161.057999018196]
[8995.12602375228, 15160.419563878093]
[8996.284811873524, 15159.84351669362]
[8997.521189486264, 15158.804921711186]
[8999.073552474789, 15157.524788191058]
[8999.200388096115, 15157.400261623845]
[8999.267151117498, 15157.242633281434]
[8999.434282619735, 15157.076510211533]
[9000.792055592221, 15156.044399744253]
[9001.601815790254, 15155.884338774458]
[9003.053766190238, 15154.664986566717]
[9003.791749627751, 15154.168074896788]
[9006.167979936892, 15152.507713637651]
[9007.230239081668, 15151.409354249206]
[9007.964242070273, 15150.943449812163]
[9010.25363552001, 15150.141423004228]
[9013.080504492174, 15147.41613710127]
[9015.751067524014, 15146.37044995071]
[9019.214399385595, 15144.47500478697]
[9019.70833088897, 15142.906765623437]
[9023.121384443833, 15141.221062873843]
[9025.402195029406, 15139.256154530029]
[9028.068004698915, 15138.104252700075]
[9028.194045299688, 15137.773311441993]
[9029.091632605494, 15136.980564732272]
[9033.72519408239, 15136.017657742748]
[9035.573593744826, 15133.518977553518]
[9043.18197318669, 15129.041615758424]
[9046.824169897056, 15128.691392420104]
[9048.796286409002, 15126.024228084501]
[9054.036594355412, 15122.337341792481]
[9055.592687406404, 15121.684450822375]
[9056.188313424005, 15121.58718840536]
[9058.707103258272, 15120.410556941433]
[9060.13822892956, 15119.51944933354]
[9067.822333162705, 15117.446330838426]
[9069.847836380037, 15113.850561710653]
[9074.643394913668, 15112.210906970548]
[9077.306584356269, 15110.356791268592]
[9082.765726335292, 15108.272799226232]
[9088.029920611156, 15104.90722209757]
[9089.067118487905, 15104.546552622287]
[9090.926585870977, 15104.366073682819]
[9092.706061575891, 15103.584388330708]
[9102.850421352921, 15098.301924394484]
[9107.749462975882, 15097.105007058695]
[9109.025420094807, 15095.999921408431]
[9110.50929878795, 15095.115843056881]
[9120.04176430118, 15091.239339687445]
[9123.622617706587, 15090.342552050044]
[9124.9192393827, 15090.198269423634]
[9124.919239382702, 15090.19826942363]
[9126.1631731615, 15089.087867495227]
[9127.354704502115, 15088.834552747174]
[9129.208752950744, 15088.129258143363]
[9134.15817010001, 15086.245849542169]
[9136.687539326971, 15085.371936212663]
[9141.963302247768, 15083.235013817439]
[9145.640415814432, 15082.298212448446]
[9146.176855606094, 15082.068909568443]
[9150.327416886372, 15081.817291975045]
[9152.097110023427, 15080.165977609271]
[9152.620301641698, 15079.828841732367]
[9154.55051154507, 15079.201243443364]
[9155.787508770205, 15078.699884505184]
[9160.81025643408, 15077.42924151659]
[9163.681919583807, 15076.316485627742]
[9165.211495695974, 15076.106388934078]
[9168.531966542147, 15075.134155958687]
[9168.900447669723, 15074.644159572541]
[9172.220619160662, 15073.504862872613]
[9172.856857062421, 15073.486802473699]
[9176.34750376916, 15073.2248137463]
[9183.200536028853, 15071.78969426902]
[9184.416229100008, 15069.919457977036]
[9188.932864960043, 15069.112176070066]
[9191.960712523687, 15068.5537636684]
[9193.725720845247, 15068.159190614686]
[9197.121091104951, 15067.077651722135]
[9198.151661038508, 15066.830494182404]
[9202.606082937442, 15066.045116718238]
[9206.114153331377, 15064.179454688472]
[9209.33432397088, 15063.303448252464]
[9215.519557379335, 15062.798961672639]
[9218.029804539161, 15062.43653204446]
[9221.983019172676, 15060.82515683933]
[9222.489476295768, 15060.167534017151]
[9228.387562736483, 15059.030707334543]
[9230.666126543203, 15058.917363471803]
[9234.983677609345, 15058.44349302024]
[9239.18503010358, 15056.508420077158]
values
[8691.808941001065, 16003.796495213586]
[8692.025960953279, 15968.607952896617]
[8692.650309439767, 15958.698644400734]
[8692.78058699521, 15944.121831584585]
[8693.26435132769, 15930.740964235885]
[8693.69958224497, 15916.914890613152]
[8693.909352940052, 15904.190816292152]
[8694.00519304445, 15900.074400440537]
[8694.075375424341, 15875.910661708238]
[8694.73439247504, 15864.516610438048]
[8695.45368258553, 15853.197729871416]
[8696.841660276239, 15850.301829552775]
[8696.85865428125, 15840.329154746645]
[8696.976948291536, 15836.19607306937]
[8697.846820129129, 15825.062805313231]
[8698.504282454856, 15824.949516688908]
[8698.684880166258, 15815.152828305329]
[8698.776965026505, 15814.005237539499]
[8699.30865447934, 15813.201333930658]
[8699.441673569681, 15810.278303313498]
[8700.090649326386, 15809.90020356438]
[8700.213517138433, 15805.810610824612]
[8700.36866693549, 15804.84134853928]
[8700.524300952784, 15803.872804626579]
[8700.620227591913, 15797.390541144334]
[8701.024842859157, 15793.326470644168]
[8701.474347345693, 15788.437731592312]
[8701.79006901793, 15787.473784494976]
[8702.431715314493, 15784.97994631038]
[8702.841953900665, 15775.725414617478]
[8703.482706613555, 15773.52610120143]
[8704.144425973798, 15770.483681865519]
[8704.947964164092, 15760.649414369414]
[8705.991277159997, 15754.994421352741]
[8706.48475858617, 15748.44180724344]
[8707.144670612404, 15746.280634810659]
[8707.813323035945, 15744.131524138642]
[8707.966894361758, 15739.664287126729]
[8707.96689436176, 15739.664287126727]
[8708.008683235596, 15733.312776167677]
[8712.304426811972, 15709.483084574436]
[8713.870575876905, 15702.197254951976]
[8715.312017460577, 15686.872591660498]
[8716.630151211213, 15686.16352566346]
[8716.829755463616, 15682.254527428186]
[8717.025510290454, 15676.806446697547]
[8718.9333520231, 15671.568955238643]
[8719.387813300465, 15669.970400656732]
[8721.481429832107, 15661.27846704787]
[8721.65459816095, 15654.565289226]
[8721.756726741714, 15651.657603297803]
[8722.524683899146, 15651.048538454519]
[8723.323814876509, 15648.231777543853]
[8723.52686483129, 15642.847626401659]
[8726.57635209209, 15629.702066995182]
[8727.446306612052, 15624.087224171157]
[8728.398910829846, 15620.071728614688]
[8728.73298212903, 15619.18149637815]
[8729.661547188205, 15615.749855983924]
[8729.686481923276, 15615.391141891241]
[8729.957864690617, 15613.115395066405]
[8730.214217929128, 15612.312761342542]
[8731.339291448196, 15607.713882832566]
[8731.894149921178, 15604.442480042615]
[8732.397118586061, 15602.836396689763]
[8732.875508299887, 15601.960616110455]
[8733.338439962514, 15599.807195079487]
[8733.554868270397, 15598.050269698364]
[8733.617899614646, 15597.142313721184]
[8734.162017305138, 15596.16441076524]
[8734.591978997045, 15594.898331031183]
[8734.933580164394, 15593.12090950084]
[8735.240354122243, 15591.693382133171]
[8736.218235427126, 15588.334731532677]
[8736.606176256984, 15586.330578062145]
[8736.950607476712, 15585.371863184668]
[8736.953924823687, 15584.120605134969]
[8737.692397238245, 15581.528551833631]
[8738.687189142192, 15578.194585480887]
[8739.168682613492, 15575.811502142978]
[8739.327830404383, 15574.881420433692]
[8739.9211942038, 15574.718988925031]
[8739.954364984844, 15573.162980861252]
[8741.191712921282, 15570.40179393436]
[8741.243340150906, 15568.157046904127]
[8741.827736543224, 15567.087069599695]
[8742.271939587068, 15564.174239056392]
[8743.341787120433, 15559.943857037684]
[8743.775692351479, 15557.811484222908]
[8744.515045230502, 15555.867099699954]
[8744.923049079127, 15554.949824600553]
[8746.328233015507, 15553.01076541731]
[8747.329246133222, 15546.107056078677]
[8748.061335879589, 15545.535456684865]
[8748.740174609535, 15542.878897075489]
[8750.108190544326, 15538.433155362387]
[8750.813334464541, 15536.344806259702]
[8751.79618218206, 15535.678088053532]
[8752.228137755981, 15533.26284070942]
[8752.641225911055, 15528.35863148221]
[8755.71258836556, 15520.336346598464]
[8756.080411880288, 15519.226251704711]
[8756.159208632685, 15517.395181129687]
[8757.268601073885, 15516.160104104792]
[8758.396479129899, 15513.89868108833]
[8760.155460113368, 15507.832637211726]
[8760.18011240687, 15507.567524648428]
[8761.103448615087, 15505.436223709068]
[8763.784601906338, 15497.054368700326]
[8764.176135109432, 15496.759121122772]
[8764.98038200941, 15496.360434613229]
[8765.035283327798, 15490.935854060806]
[8768.13223776718, 15484.737945350362]
[8770.57480889059, 15478.401766867142]
[8771.619671827471, 15472.79753462049]
[8773.217649380897, 15469.604950559691]
[8773.776916718833, 15467.812436450651]
[8774.739904793532, 15464.547473603014]
[8776.624058507752, 15459.274652858992]
[8779.461946282308, 15453.848973656577]
[8781.388739532576, 15451.570222924702]
[8781.748944708363, 15448.7920818094]
[8781.787189838755, 15445.985227604171]
[8783.02702382462, 15445.757363243996]
[8783.466902935157, 15445.528356347497]
[8784.761799097872, 15442.254462944118]
[8785.303468814847, 15440.11592891483]
[8787.201028140475, 15435.526770548227]
[8787.949809413289, 15433.557294120685]
[8788.112241935727, 15431.320268313579]
[8789.031288182907, 15428.828052923855]
[8791.890710374128, 15425.190782508265]
[8792.257949151686, 15424.765974259886]
[8793.516339314603, 15421.745809036898]
[8793.804545216948, 15419.021799074519]
[8795.334449657354, 15415.665246254439]
[8795.813319497813, 15415.648711581445]
[8796.673734494496, 15414.997324468153]
[8796.788635680845, 15413.9691825257]
[8797.424619771728, 15413.5487688955]
[8797.781111276026, 15412.196685810732]
[8798.041137535232, 15411.264321318553]
[8798.249098618084, 15409.05490923187]
[8798.781189894411, 15408.18152439032]
[8799.265235616795, 15406.971907900426]
[8800.482663027735, 15406.245616654413]
[8801.310291974474, 15402.826667167335]
[8802.091044305542, 15401.931954650336]
[8802.947523991914, 15401.262690020842]
[8803.746215267403, 15398.305229925914]
[8803.866899333676, 15397.890875306923]
[8804.372200035059, 15397.613454379805]
[8804.724516404189, 15396.252618087674]
[8806.649368728173, 15394.050425116051]
[8807.67937538406, 15390.17909652631]
[8807.815838327617, 15389.806385164931]
[8808.869465495502, 15387.782573511357]
[8809.088607894379, 15387.553481899891]
[8809.927353450134, 15385.765710371774]
[8811.628386536273, 15382.999018394701]
[8811.688282117737, 15382.191580388999]
[8812.436190600223, 15381.359665761178]
[8813.448785702412, 15379.412847910724]
[8814.340212834006, 15377.390943026196]
[8815.874340590446, 15376.255853905162]
[8816.037009002906, 15374.62270360943]
[8816.121703188466, 15374.208103202318]
[8816.2684764381, 15373.451666272704]
[8816.797989418708, 15373.418374283787]
[8817.051012550826, 15372.65290198737]
[8817.731507311517, 15371.084599539045]
[8818.648567775077, 15369.868581173403]
[8818.822624648568, 15369.120221657771]
[8819.44835039203, 15369.049889949785]
[8820.418652777222, 15368.306762336024]
[8820.740560086515, 15365.77867972715]
[8821.28346201893, 15365.150518243367]
[8821.550732602891, 15364.076241653132]
[8825.455535641211, 15359.08437067198]
[8826.744954694686, 15356.864991575672]
[8827.417220843738, 15354.689918518245]
[8827.679263106827, 15353.933579011287]
[8827.996105569779, 15352.891620702965]
[8832.68016243391, 15346.17442829049]
[8833.685677107867, 15343.307140883007]
[8834.99404958772, 15341.865824598333]
[8835.468071326293, 15340.499720196094]
[8837.265016292478, 15337.716956085567]
[8837.447796213759, 15337.081294939742]
[8838.609633102402, 15335.229465395505]
[8838.819726715103, 15334.852244496826]
[8841.707497294425, 15332.496057393337]
[8843.448466340162, 15330.455120073077]
[8843.776951917382, 15328.432955647448]
[8844.892017246126, 15325.475659845019]
[8846.268337721944, 15323.769616296599]
[8846.669278513133, 15323.03955411115]
[8847.177696580513, 15321.690598945055]
[8847.90307983504, 15321.22038099305]
[8848.10373711686, 15320.348251826506]
[8853.542697345838, 15316.178009232091]
[8854.420659301799, 15312.575198499473]
[8855.894661849228, 15309.914732640485]
[8856.47172493126, 15308.226745899856]
[8857.18580667004, 15306.72085384018]
[8858.41410232352, 15304.975302726958]
[8858.959922542508, 15304.204661376558]
[8859.302125951383, 15303.50688176536]
[8860.18497632684, 15302.78932800787]
[8860.42639596655, 15302.371866152956]
[8861.216618504459, 15300.93308214393]
[8863.088070471265, 15297.84319580945]
[8864.553408986067, 15295.920242532955]
[8865.721300577365, 15295.369051025005]
[8866.312112257669, 15294.71562678002]
[8868.61154284471, 15290.705777668189]
[8869.03868563595, 15290.39676856051]
[8869.295134496124, 15289.744507002562]
[8869.714270464097, 15288.78430876478]
[8872.080996107321, 15285.348913330154]
[8873.550945065443, 15283.622243710977]
[8874.4141792779, 15283.016834272808]
[8875.257508132456, 15281.91845178111]
[8875.842762525452, 15281.231351817574]
[8876.871126858277, 15281.221289365909]
[8877.056846872794, 15279.700429290546]
[8878.193643637878, 15279.34135807658]
[8878.332598798876, 15279.298837881279]
[8878.389122315426, 15279.102575275378]
[8880.219249783595, 15279.030731843548]
[8881.12423117662, 15277.838433984445]
[8882.777907650847, 15271.412850354634]
[8885.123272140856, 15270.387963834111]
[8885.982696591362, 15268.20131599372]
[8886.259047693486, 15267.502587517496]
[8887.557929698254, 15266.877148195907]
[8888.225355342232, 15265.36223617786]
[8889.034598892891, 15263.668954305022]
[8889.937069383941, 15263.234195530467]
[8890.716062711199, 15262.886015833641]
[8893.726838745097, 15259.886250945334]
[8895.010363224632, 15256.709005782555]
[8895.431673576599, 15256.279082382156]
[8896.087975578215, 15255.012876771187]
[8897.021934697663, 15254.970707498522]
[8897.124288327579, 15253.86861934605]
[8897.596021554802, 15253.497069754372]
[8897.705845547092, 15253.49017899895]
[8898.430298075811, 15253.263146442514]
[8899.455150741876, 15251.408709648706]
[8899.455150741878, 15251.408709648704]
[8900.00564658117, 15250.749035066938]
[8901.598311524323, 15249.321501702345]
[8903.23207040513, 15247.346844760968]
[8904.122108494726, 15247.228379635888]
[8904.646127990505, 15246.084165358521]
[8904.929458544775, 15246.073031064006]
[8907.2312675701, 15245.065677325698]
[8908.215894702975, 15242.174935233204]
[8909.2684297164, 15239.902551979723]
[8909.343371361607, 15239.88383917554]
[8909.812847622235, 15239.24659064711]
[8911.576162400937, 15238.269791430299]
[8913.066032300318, 15235.894466164184]
[8915.64690640294, 15232.981215640571]
[8916.24254830653, 15232.700955343264]
[8919.39439527287, 15228.962389852511]
[8921.249786123366, 15227.096122659976]
[8922.05881420387, 15226.18545456799]
[8922.86107492703, 15225.16009790929]
[8924.433576579586, 15223.224551315707]
[8924.717788417278, 15222.926766636872]
[8924.930066648833, 15222.901306887074]
[8925.242799106729, 15222.532799265005]
[8925.24279910673, 15222.532799265002]
[8926.278520907328, 15221.36710429669]
[8927.157503081353, 15220.430264331988]
[8927.649311678611, 15219.829444530547]
[8928.260965817759, 15219.448269532193]
[8929.62284680901, 15217.98179688466]
[8930.415762934615, 15217.491091431799]
[8931.490981926647, 15216.132975926317]
[8933.295179264163, 15215.049808736323]
[8934.02024812809, 15214.1724132225]
[8936.40105134046, 15212.595664595094]
[8937.78284123326, 15210.490796051003]
[8940.146495961731, 15207.321335527551]
[8944.249025402834, 15203.49338242952]
[8946.402038073664, 15201.29823507168]
[8947.546257550159, 15200.230197610663]
[8947.857975074072, 15200.048931942405]
[8948.40149967605, 15199.442787712549]
[8949.036200526438, 15198.754342512775]
[8949.516293751152, 15198.354292620306]
[8949.847076063415, 15198.21764400315]
[8950.202030881472, 15198.07738907113]
[8950.647110954254, 15197.363943889095]
[8950.965342731035, 15196.981122387633]
[8952.73735385518, 15195.314061973226]
[8952.90224785727, 15195.221106800276]
[8953.07719408404, 15195.144026090109]
[8954.607072740508, 15193.741444929907]
[8955.184573013315, 15193.500889515528]
[8956.79934687464, 15191.740711671204]
[8957.622992137254, 15190.971452226788]
[8959.331776132769, 15189.424083747055]
[8962.079387116923, 15186.961256544917]
[8964.129161035371, 15185.189441335275]
[8964.664899567031, 15184.713540616582]
[8966.029730299622, 15183.543405191189]
[8969.359357829799, 15180.652760253313]
[8970.813858960335, 15179.534969304234]
[8972.032701591059, 15178.416226110166]
[8973.173358976268, 15177.47800869242]
[8973.488629119389, 15177.261819521811]
[8975.03163710306, 15175.989177351792]
[8975.494304254218, 15175.590806167924]
[8976.10565478912, 15175.065186036338]
[8976.391660674162, 15174.89290025971]
[8976.988686713172, 15174.328039932649]
[8977.202815283845, 15174.183307640784]
[8977.396653137568, 15174.088356785021]
[8978.13385744837, 15173.396788695172]
[8978.294489389347, 15173.2725060024]
[8978.74830952244, 15172.916835788652]
[8979.000529515244, 15172.81180284401]
[8979.050449196227, 15172.683876839956]
[8979.740656678287, 15172.148937312008]
[8981.306213403699, 15171.436019770863]
[8985.193068738441, 15167.882875257494]
[8990.515775580736, 15163.640272334189]
[8994.164516929919, 15161.057999018196]
[8995.12602375228, 15160.419563878093]
[8995.694020561305, 15159.90186624681]
[8996.284811873524, 15159.84351669362]
[8997.19270597407, 15158.824470087768]
[8997.521189486264, 15158.804921711186]
[8999.073552474789, 15157.524788191058]
[8999.200388096115, 15157.400261623845]
[8999.267151117498, 15157.242633281434]
[8999.434282619735, 15157.076510211533]
[9000.792055592221, 15156.044399744253]
[9001.601815790254, 15155.884338774458]
[9002.18182319912, 15155.070078793553]
[9002.578439255614, 15154.684418350813]
[9002.874500995946, 15154.455629803744]
[9003.030126167863, 15154.380660838813]
[9003.791749627751, 15154.168074896788]
[9004.217892497993, 15153.518531790385]
[9005.410352848907, 15152.663348515136]
[9005.864136755528, 15152.359840617677]
[9006.092432442249, 15152.187534880772]
[9007.230239081668, 15151.409354249206]
[9007.866866648457, 15150.965107832328]
[9007.964242070273, 15150.943449812163]
[9010.25363552001, 15150.141423004228]
[9013.080504492174, 15147.41613710127]
[9013.136536456623, 15147.383576459464]
[9015.751067524014, 15146.37044995071]
[9017.094673818177, 15144.646109123967]
[9018.309166035619, 15143.818095309285]
[9019.70833088897, 15142.906765623437]
[9023.121384443833, 15141.221062873843]
[9025.402195029406, 15139.256154530029]
[9028.068004698915, 15138.104252700075]
[9028.194045299688, 15137.773311441993]
[9029.091632605494, 15136.980564732272]
[9029.119405267604, 15136.949021308918]
[9029.67623746771, 15136.748015787383]
[9030.311854004885, 15136.133649501648]
[9031.049392932291, 15135.597071613043]
[9031.548378088855, 15135.332819366413]
[9032.263514427481, 15134.89492409832]
[9032.481620312856, 15134.724905892526]
[9032.980599687491, 15134.459409424611]
[9033.699633868888, 15134.026275439375]
[9035.56686704291, 15132.912168744619]
[9036.59525980837, 15132.317548222101]
[9039.340531477745, 15130.732907654934]
[9040.383127945015, 15130.155468864084]
[9041.079515366866, 15129.89581106061]
[9042.480059913987, 15129.014393887486]
[9045.12798900862, 15127.207422251164]
[9046.391238979908, 15126.44074325328]
[9048.066341382, 15125.545964666442]
[9051.035876497595, 15123.922602821982]
[9051.90667272678, 15123.442403148194]
[9052.969677035357, 15122.887572297554]
[9054.036594355412, 15122.337341792481]
[9055.592687406404, 15121.684450822375]
[9056.188313424005, 15121.58718840536]
[9056.815113071536, 15120.656000049437]
[9057.767410977876, 15120.18821233125]
[9058.301754632395, 15119.844142539383]
[9059.047998794907, 15119.441784674675]
[9059.796191878811, 15119.041807507994]
[9060.509989581917, 15118.643995613746]
[9060.861487315411, 15118.48780016742]
[9061.679537383387, 15118.023980388678]
[9061.98451656438, 15117.859569589287]
[9062.808453428304, 15117.46570733936]
[9064.503278458915, 15116.499591663005]
[9064.76848557013, 15116.459932774304]
[9065.851897720016, 15115.927704262394]
[9068.03046105421, 15114.87704642975]
[9069.407973296686, 15114.086505001875]
[9069.847836380037, 15113.850561710653]
[9071.784811298803, 15112.804950856551]
[9073.308407447721, 15112.035766535448]
[9077.306584356269, 15110.356791268592]
[9077.925970007804, 15109.785351238235]
[9082.765726335292, 15108.272799226232]
[9085.452061982909, 15106.148320255365]
[9086.107693098089, 15105.852412571538]
[9086.119112045873, 15105.838871487582]
[9086.457837690943, 15105.673491753705]
[9086.625869374879, 15105.594838768928]
[9086.950652939435, 15105.455209570844]
[9087.129914059266, 15105.3536564175]
[9087.90921496706, 15104.989206967324]
[9088.029920611156, 15104.90722209757]
[9089.067118487905, 15104.546552622287]
[9090.258811218771, 15103.910141838604]
[9092.5366418972, 15102.852008570455]
[9102.850421352921, 15098.301924394484]
[9104.38673008681, 15097.660440871638]
[9106.582080780097, 15096.765569611034]
[9108.585504710181, 15095.912999502774]
[9109.219480315096, 15095.618783687876]
[9109.822849701375, 15095.356177613028]
[9110.50929878795, 15095.115843056881]
[9111.864146141057, 15094.439565178076]
[9115.70080041025, 15092.960536486718]
[9116.854104890936, 15092.504851090009]
[9119.476462675795, 15091.447282914867]
[9119.742643606125, 15091.318515763796]
[9119.810984983396, 15091.302776954119]
[9120.04176430118, 15091.239339687445]
[9120.212533438405, 15091.158996533713]
[9120.508592655218, 15091.0172165823]
[9121.033005606867, 15090.8045010151]
[9121.365796802393, 15090.676654516885]
[9122.51789252035, 15090.356370600539]
[9122.690555432493, 15090.282810791288]
[9122.863333315854, 15090.209389495296]
[9123.198698660608, 15090.047440038079]
[9123.65352181137, 15089.858047921198]
[9123.804980708825, 15089.793617299325]
[9123.958121085814, 15089.731123905109]
[9123.98314745494, 15089.709787523596]
[9124.001830169107, 15089.708870746466]
[9124.169881263457, 15089.682625116258]
[9124.251510354245, 15089.6246871469]
[9124.649711781294, 15089.432941219586]
[9125.712351007116, 15089.105704978589]
[9126.072999887187, 15088.848967926813]
[9127.02168636432, 15088.654356094972]
[9127.198370416503, 15088.585504084793]
[9129.208752950744, 15088.129258143363]
[9134.15817010001, 15086.245849542169]
[9136.687539326971, 15085.371936212663]
[9137.06211402821, 15084.778426626948]
[9138.696869647589, 15084.274870841633]
[9139.404199660697, 15084.000042045263]
[9139.75855449456, 15083.86345860055]
[9140.420342114012, 15083.605813816483]
[9140.734040932884, 15083.491945757838]
[9141.963302247768, 15083.235013817439]
[9143.045309255942, 15082.751967014661]
[9144.403129375985, 15082.325008612775]
[9145.640415814432, 15082.298212448446]
[9146.176855606094, 15082.068909568443]
[9148.18695996362, 15080.911097367903]
[9152.097110023427, 15080.165977609271]
[9152.620301641698, 15079.828841732367]
[9153.465125082901, 15079.262498768927]
[9154.512271132293, 15078.83225418929]
[9155.07200442726, 15078.557621748076]
[9155.845836004974, 15078.303260325152]
[9156.511657305651, 15078.124521102025]
[9156.884658243893, 15077.927559170868]
[9157.227302548468, 15077.874405608874]
[9157.40922441262, 15077.81165675413]
[9157.568101374964, 15077.758346068793]
[9158.175780889102, 15077.619553536668]
[9158.220424019706, 15077.564468095854]
[9159.027068016, 15077.47821315002]
[9159.315820740334, 15077.254727988726]
[9159.942142004522, 15077.054870570875]
[9160.617128396303, 15076.887169360962]
[9163.681919583807, 15076.316485627742]
[9165.211495695974, 15076.106388934078]
[9168.531966542147, 15075.134155958687]
[9168.900447669723, 15074.644159572541]
[9169.200486155565, 15074.638207965889]
[9171.223104131494, 15073.535342522115]
[9172.220619160662, 15073.504862872613]
[9172.856857062421, 15073.486802473699]
[9173.506133872948, 15072.78450558728]
[9174.351973888206, 15072.54639184832]
[9174.910420710892, 15072.372896968218]
[9175.096799594221, 15072.315342204047]
[9175.261907808315, 15072.270495619408]
[9175.76732132782, 15072.147572200876]
[9177.664566837864, 15071.675471782508]
[9178.935122510331, 15071.335113017682]
[9184.416229100008, 15069.919457977036]
[9188.932864960043, 15069.112176070066]
[9188.954215460406, 15068.653300366881]
[9189.505619784444, 15068.554468630102]
[9190.869384081108, 15067.826936434585]
[9192.364502365273, 15067.458683475395]
[9192.794537924296, 15067.343018912676]
[9192.985258855588, 15067.290516912135]
[9193.176094758095, 15067.238153300734]
[9193.979778100089, 15067.080939360145]
[9194.998120776976, 15066.813737190043]
[9195.139085978599, 15066.796648038746]
[9201.970210080593, 15065.199933556083]
[9206.018750208636, 15064.148276642949]
[9209.33432397088, 15063.303448252464]
[9211.647109904241, 15062.579728932613]
[9214.0836425364, 15062.14833118303]
[9221.983019172676, 15060.82515683933]
[9222.489476295768, 15060.167534017151]
[9226.546122718231, 15059.20413028527]
[9227.398078966064, 15059.09577957986]
[9227.554468951397, 15059.059441831167]
[9228.387562736483, 15059.030707334543]
[9228.609176971615, 15058.682826992357]
[9229.48656237799, 15058.61503946973]
[9234.983677609345, 15058.44349302024]
[9237.334660195462, 15056.924597256502]
[9239.18503010358, 15056.508420077158]
[9244.717638393444, 15055.441645795358]
[9244.902466530513, 15055.3951567157]
[9245.407061979902, 15055.270454362337]
[9245.673241921282, 15055.21607426758]
[9245.781648612809, 15055.18320254352]
[9246.952449822873, 15054.956818411938]
[9247.792967742993, 15054.793521255247]
[9248.30456763792, 15054.675334948432]
[9251.943970633585, 15053.981612345364]
[9256.321907099125, 15053.158365174664]
[9263.215001106555, 15051.92260770178]
[9263.218128572129, 15051.914266764998]
[9263.310595153102, 15051.903320348623]
[9263.406328289306, 15051.884194561926]
[9263.543900910405, 15051.85610375082]
[9263.640658842098, 15051.765587607026]
[9264.52217638363, 15051.682711720197]
[9264.739766174764, 15051.644403618298]
[9265.004047949964, 15051.601402363209]
[9265.044076717642, 15051.586182356856]
[9265.392961529664, 15051.529966849619]
[9265.479434444973, 15051.477071709432]
[9267.186456966057, 15051.294610228328]
[9268.690345307157, 15050.963281938355]
[9273.68361181535, 15050.129374879643]
[9278.053415389613, 15049.426357633172]
[9279.851880910206, 15049.19194840362]
[9280.043107703941, 15049.153945610726]
[9280.952414057676, 15048.98235374757]
[9281.377098831037, 15048.902651602402]
[9282.072519339548, 15048.795470912019]
[9282.811613940201, 15048.68626240204]
[9282.84851143365, 15048.677465344312]
[9283.292325970471, 15048.610480178237]
[9284.25217786183, 15048.542171646079]
[9284.640973869475, 15048.484001207962]
[9288.064941309032, 15048.080798706096]
[9291.2435246825, 15047.569107533907]
[9295.787425236833, 15046.795483118965]
[9296.901831448384, 15046.643525953565]
[9297.541554105062, 15046.559194546247]
[9299.191613305582, 15046.332174994222]
[9299.38989550364, 15046.302886042322]
[9300.132254212092, 15046.199620517176]
[9300.570699097576, 15046.144128141097]
[9300.657324109798, 15046.135393440114]
[9300.826733086584, 15046.113585493662]
[9300.883211620128, 15046.106326320101]
[9301.27868559954, 15046.055654090611]
[9301.391718100853, 15046.04122194851]
[9301.504768351397, 15046.026810089641]
[9302.351342679167, 15045.986970713491]
[9302.395634616934, 15045.983638956286]
[9302.466412106147, 15045.905128208658]
[9303.104451758125, 15045.896097431523]
[9304.537045073923, 15045.789533345103]
[9304.915221256608, 15045.579614354909]
[9305.482394403823, 15045.509672774964]
[9318.496049542007, 15043.923415797051]
[9319.56869621966, 15043.817262367691]
[9320.030288672431, 15043.778600719663]
[9320.087855449909, 15043.772553224308]
[9320.490947136866, 15043.730362619797]
[9320.836627352102, 15043.694396836561]
[9320.951889588972, 15043.682448773237]
[9321.00952736337, 15043.676482341083]
[9323.490791792407, 15043.405830520158]
[9338.358367137727, 15041.87542192029]
[9338.5690910685, 15041.861605078173]
[9338.780371357916, 15041.848433509691]
[9339.358933791087, 15041.817673396576]
[9339.45510434966, 15041.81672664991]
[9339.513750496459, 15041.811879378738]
[9339.572401080562, 15041.807037169514]
[9339.631056101976, 15041.802200022215]
[9339.689715560698, 15041.797367936828]
[9339.748379456725, 15041.792540913331]
[9339.80704779006, 15041.787718951711]
[9340.041765496477, 15041.768481723666]
[9340.335262468912, 15041.744549078847]
[9340.511413900062, 15041.730250232613]
[9340.628870374034, 15041.72074297679]
[9344.864457740072, 15041.34374697946]
[9350.892420230963, 15040.8572181051]
[9358.364173635517, 15040.224070883052]
[9358.580840253328, 15040.217657665615]
[9359.393331482941, 15040.202087855081]
[9359.453070310983, 15040.19845459356]
[9359.572561278987, 15040.191203241468]
[9359.811596462683, 15040.17676122057]
[9359.931140678375, 15040.16957055148]
[9360.050702643299, 15040.162400109772]
[9360.170282357447, 15040.155249895306]
[9360.828288052759, 15040.116285271379]
[9366.639484373674, 15039.736412940567]
[9370.244105244625, 15039.494179883704]
[9370.364790951939, 15039.48825767399]
[9371.451761033111, 15039.435867517179]
[9378.717693920464, 15038.947015706568]
[9379.915649024662, 15038.942738548338]
[9380.2199396903, 15038.930786390882]
[9381.255357729946, 15038.891093690301]
[9385.024443285258, 15038.689016665723]
[9385.635856159053, 15038.668254783797]
[9399.64747998446, 15038.052131139353]
[9401.22132776705, 15038.049532052428]
[9417.628877824474, 15037.635811594431]
[9420.585053646477, 15037.521575951896]
[9442.104974864242, 15037.379660886605]
values
[8691.44393523536, 15956.748461090276]
[8691.928465710076, 15888.647632724873]
[8692.799912658887, 15888.36544738661]
[8693.047730252258, 15870.286845007866]
[8694.316283564172, 15852.117594139547]
[8694.887965103178, 15845.637039856914]
[8695.30313125772, 15842.14605924166]
[8695.723689280789, 15838.662679609275]
[8696.976948291536, 15836.19607306937]
[8697.13172125239, 15821.077777011995]
[8697.985824639472, 15810.00584189258]
[8699.040878760477, 15808.760373729436]
[8699.055233669853, 15808.717782153239]
[8699.069638556326, 15808.675252881725]
[8699.09859826056, 15808.590381247188]
[8699.256978509033, 15806.044254150453]
[8699.654802873394, 15796.874965850364]
[8700.636214738677, 15790.098965387913]
[8701.474347345693, 15788.437731592312]
[8701.79006901793, 15787.473784494976]
[8702.431715314493, 15784.97994631038]
[8702.474865216947, 15775.986266354643]
[8702.507122513143, 15775.90207804391]
[8702.841953900665, 15775.725414617478]
[8703.482706613555, 15773.52610120143]
[8703.567832987314, 15762.295450724858]
[8704.51554546596, 15756.467405927706]
[8704.983480557097, 15752.844571303413]
[8705.923476491835, 15748.9447286366]
[8706.153862923355, 15746.499804163795]
[8706.387908645624, 15744.060489807798]
[8706.423263625391, 15743.976720563378]
[8706.44101608092, 15743.934929678127]
[8706.448077014025, 15743.451087998874]
[8706.76775045325, 15741.291486271644]
[8706.791034864198, 15740.628890286043]
[8706.825387647463, 15740.543415197302]
[8707.008632182235, 15738.861675519527]
[8707.293872950864, 15737.941316201372]
[8708.008683235596, 15733.312776167677]
[8709.056482248056, 15722.485996819583]
[8710.953686261775, 15712.567621316208]
[8711.289164308833, 15710.06488305957]
[8712.304426811972, 15709.483084574436]
[8713.65879769049, 15697.016332409556]
[8714.7235200876, 15689.499421457982]
[8715.136029444971, 15687.566391582453]
[8715.312017460577, 15686.872591660498]
[8716.392931542527, 15679.442955175326]
[8716.435942877897, 15678.737353585506]
[8716.548821672926, 15678.30420804038]
[8716.819662494092, 15676.299626243694]
[8717.300042713525, 15674.395768391596]
[8718.571854128599, 15668.545685454186]
[8719.071714815804, 15664.344338728168]
[8721.481429832107, 15661.27846704787]
[8721.65459816095, 15654.565289226]
[8721.756726741714, 15651.657603297803]
[8722.471598765605, 15647.130536746019]
[8722.762804135264, 15645.66483795955]
[8723.52686483129, 15642.847626401659]
[8726.558986406832, 15627.844024385897]
[8727.424839849034, 15624.24504443348]
[8727.446306612052, 15624.087224171157]
[8727.478991612616, 15622.767193178233]
[8727.894300101254, 15622.406887681564]
[8727.993989605502, 15622.247675486145]
[8728.398910829846, 15620.071728614688]
[8728.688255602297, 15617.994447264948]
[8728.712982369017, 15617.954111041787]
[8728.787462531753, 15617.833479487483]
[8728.925256396225, 15616.405366027375]
[8729.18968793101, 15615.634995466857]
[8729.216425488872, 15614.976040837135]
[8729.331801673228, 15613.078405081937]
[8730.108472043146, 15612.617943328314]
[8730.214217929128, 15612.312761342542]
[8730.485184110077, 15610.54413358065]
[8731.339291448196, 15607.713882832566]
[8731.48449809386, 15606.040602613772]
[8731.716950678916, 15604.502355428986]
[8731.894149921178, 15604.442480042615]
[8732.34537281816, 15603.258101500132]
[8732.397118586061, 15602.836396689763]
[8732.875508299887, 15601.960616110455]
[8733.25503754142, 15598.701350022882]
[8733.554868270397, 15598.050269698364]
[8733.617899614646, 15597.142313721184]
[8733.684026186516, 15596.543383094355]
[8734.162017305138, 15596.16441076524]
[8734.591978997045, 15594.898331031183]
[8734.681329896783, 15593.696167136675]
[8734.933580164394, 15593.12090950084]
[8735.240354122243, 15591.693382133171]
[8735.641070541209, 15587.800183826937]
[8735.995653438025, 15587.256424744523]
[8736.45153502517, 15586.803239220784]
[8736.547199038741, 15584.960855518833]
[8736.596744594763, 15583.70896682552]
[8737.692397238245, 15581.528551833631]
[8738.216662632492, 15578.521708895618]
[8738.591097503519, 15577.704037599484]
[8738.839930399707, 15576.239396595078]
[8739.168682613492, 15575.811502142978]
[8739.327830404383, 15574.881420433692]
[8739.9211942038, 15574.718988925031]
[8739.954364984844, 15573.162980861252]
[8740.271505749492, 15570.825886085222]
[8740.507146488248, 15568.705372507507]
[8741.243340150906, 15568.157046904127]
[8741.827736543224, 15567.087069599695]
[8741.897082404237, 15564.289797229054]
[8742.271939587068, 15564.174239056392]
[8742.6932077145, 15562.193227075997]
[8743.341787120433, 15559.943857037684]
[8743.775692351479, 15557.811484222908]
[8743.83315669571, 15557.524636712142]
[8743.94247321608, 15557.343886292987]
[8743.98542211089, 15555.974441158187]
[8744.006302981696, 15555.377557683825]
[8744.139494304784, 15554.948565415376]
[8744.198239343446, 15554.208696368556]
[8744.679717494713, 15554.108059902292]
[8745.173826194094, 15553.63035849067]
[8746.328233015507, 15553.01076541731]
[8746.525747052334, 15548.120156871064]
[8747.329246133222, 15546.107056078677]
[8747.53414819034, 15544.02913158803]
[8748.740174609535, 15542.878897075489]
[8748.807516731964, 15539.320183933538]
[8750.108190544326, 15538.433155362387]
[8750.813334464541, 15536.344806259702]
[8751.79618218206, 15535.678088053532]
[8752.228137755981, 15533.26284070942]
[8752.60683793929, 15526.37568628606]
[8753.458396397056, 15524.18053496497]
[8755.4524150644, 15517.827625404738]
[8755.82788563236, 15517.314014257958]
[8756.901595369916, 15513.828219847957]
[8757.42428161864, 15512.574889632104]
[8757.770255800837, 15510.230634292633]
[8760.155460113368, 15507.832637211726]
[8760.18011240687, 15507.567524648428]
[8760.28830832502, 15504.725184830755]
[8760.990749955989, 15502.369793998858]
[8762.673015724877, 15496.997801459609]
[8763.263574636521, 15494.59837964772]
[8765.035283327798, 15490.935854060806]
[8766.72043884338, 15485.246883995176]
[8766.940267761871, 15484.557655006789]
[8769.838935016272, 15477.115878428847]
[8771.05794986174, 15473.02432284193]
[8771.619671827471, 15472.79753462049]
[8773.217649380897, 15469.604950559691]
[8773.739978088362, 15465.950074183947]
[8774.739904793532, 15464.547473603014]
[8775.224288820682, 15463.419954263421]
[8775.497058254428, 15461.705635966435]
[8775.53860592131, 15460.98312792639]
[8776.624058507752, 15459.274652858992]
[8776.878656804198, 15457.322898383245]
[8778.244413421155, 15456.119730295355]
[8778.261980614503, 15454.708697292772]
[8779.185781091914, 15452.600718317299]
[8779.855963350672, 15452.39024487556]
[8780.113460201319, 15450.498347680626]
[8780.162407022095, 15449.123648117393]
[8781.100463188355, 15447.514038023151]
[8781.7023459809, 15447.037969871615]
[8781.787189838755, 15445.985227604171]
[8783.02702382462, 15445.757363243996]
[8783.256823623007, 15442.407453909469]
[8784.354473615665, 15440.5023123754]
[8785.303468814847, 15440.11592891483]
[8785.896086718201, 15436.375332182912]
[8787.201028140475, 15435.526770548227]
[8787.949809413289, 15433.557294120685]
[8788.112241935727, 15431.320268313579]
[8789.031288182907, 15428.828052923855]
[8789.19296394569, 15428.35780055572]
[8791.03414536521, 15424.345659308246]
[8791.30302867223, 15423.835701648602]
[8792.0591330072, 15423.36241949094]
[8792.335888844418, 15422.862200110681]
[8793.05507491905, 15419.888831843029]
[8793.804545216948, 15419.021799074519]
[8794.68975617508, 15416.864682479398]
[8795.334449657354, 15415.665246254439]
[8795.813319497813, 15415.648711581445]
[8796.084994479494, 15413.776791477889]
[8796.68821270873, 15412.603712415776]
[8796.756325280361, 15412.504655429244]
[8797.781111276026, 15412.196685810732]
[8798.013371121397, 15410.624660761374]
[8798.249098618084, 15409.05490923187]
[8798.781189894411, 15408.18152439032]
[8799.265235616795, 15406.971907900426]
[8800.05617716898, 15405.477302516008]
[8800.779507957202, 15403.73020950715]
[8801.310291974474, 15402.826667167335]
[8801.87257057449, 15401.328631188768]
[8802.947523991914, 15401.262690020842]
[8803.746215267403, 15398.305229925914]
[8803.866899333676, 15397.890875306923]
[8804.118699772065, 15397.420273906702]
[8804.724516404189, 15396.252618087674]
[8806.649368728173, 15394.050425116051]
[8807.67937538406, 15390.17909652631]
[8807.815838327617, 15389.806385164931]
[8808.056426718465, 15389.78055041646]
[8808.869465495502, 15387.782573511357]
[8809.088607894379, 15387.553481899891]
[8809.270874805285, 15387.467550200607]
[8809.927353450134, 15385.765710371774]
[8810.435993722225, 15385.579521581469]
[8811.628386536273, 15382.999018394701]
[8811.688282117737, 15382.191580388999]
[8812.436190600223, 15381.359665761178]
[8813.448785702412, 15379.412847910724]
[8813.481788998586, 15378.542649731244]
[8814.057760551223, 15377.595509801635]
[8814.340212834006, 15377.390943026196]
[8815.400334141948, 15375.566730738463]
[8815.979667667298, 15373.886496698566]
[8816.2684764381, 15373.451666272704]
[8816.560222785512, 15372.94775398635]
[8817.051012550826, 15372.65290198737]
[8817.731507311517, 15371.084599539043]
[8818.648567775077, 15369.868581173403]
[8818.822624648568, 15369.120221657771]
[8819.44835039203, 15369.049889949785]
[8819.668160351692, 15367.715874192434]
[8820.740560086515, 15365.77867972715]
[8821.175681694041, 15365.15613442356]
[8821.28346201893, 15365.150518243367]
[8821.550732602891, 15364.076241653132]
[8822.386452103536, 15362.888171601726]
[8825.455535641211, 15359.08437067198]
[8826.189263138618, 15355.592423000977]
[8826.788152519144, 15354.687364496234]
[8827.679263106827, 15353.933579011287]
[8827.996105569779, 15352.891620702965]
[8832.048314766836, 15345.89977037322]
[8832.213395926305, 15345.884277741521]
[8833.685677107867, 15343.307140883007]
[8834.99404958772, 15341.865824598333]
[8835.0950682806, 15340.463094640643]
[8835.420543255237, 15340.306304294112]
[8836.155695793777, 15338.985583040698]
[8837.265016292478, 15337.716956085567]
[8837.447796213759, 15337.081294939742]
[8838.593100947306, 15335.082024529927]
[8838.819726715103, 15334.852244496826]
[8838.823523491283, 15334.338450360672]
[8839.425812046078, 15333.473602982885]
[8840.063746478256, 15332.608159236835]
[8841.301314870156, 15331.05768291108]
[8842.032130591793, 15329.708913212462]
[8842.784289509022, 15328.292130821075]
[8843.67557656058, 15326.841246140673]
[8844.268083370145, 15325.705760489967]
[8844.601415104235, 15325.612073923783]
[8844.892017246126, 15325.475659845019]
[8845.354235813824, 15324.27652868667]
[8846.268337721944, 15323.769616296599]
[8846.669278513133, 15323.03955411115]
[8847.030649900622, 15321.580156687007]
[8847.90307983504, 15321.22038099305]
[8848.10373711686, 15320.348251826506]
[8848.717304971275, 15318.897005142462]
[8853.542697345838, 15316.178009232091]
[8854.420659301799, 15312.575198499473]
[8854.805102398544, 15309.9549318165]
[8855.894661849228, 15309.914732640485]
[8856.377073333768, 15308.13032842026]
[8857.18580667004, 15306.72085384018]
[8857.468630592546, 15306.045567896877]
[8857.900151690319, 15305.531752724244]
[8858.261124461142, 15304.708235065258]
[8858.959922542508, 15304.204661376558]
[8859.302125951383, 15303.50688176536]
[8859.411929793148, 15303.200032836668]
[8860.18497632684, 15302.78932800787]
[8860.23202685254, 15301.822651798051]
[8861.216618504459, 15300.93308214393]
[8863.088070471265, 15297.84319580945]
[8863.127656667826, 15297.759646611754]
[8864.440929781034, 15296.226186423357]
[8864.553408986067, 15295.920242532955]
[8864.664551722777, 15295.468787772432]
[8864.894267401194, 15295.18947591858]
[8865.322800354417, 15294.677150543452]
[8867.247108476036, 15292.260923932803]
[8868.057270515681, 15290.90844485828]
[8868.61154284471, 15290.705777668189]
[8869.03868563595, 15290.39676856051]
[8869.295134496124, 15289.744507002562]
[8869.614988256075, 15288.647874830527]
[8869.847119475335, 15288.371614851449]
[8870.437744784487, 15287.847347463612]
[8871.647209418845, 15285.848074474641]
[8872.080996107321, 15285.348913330154]
[8873.550945065443, 15283.622243710977]
[8874.4141792779, 15283.016834272808]
[8875.257508132456, 15281.91845178111]
[8875.842762525452, 15281.231351817574]
[8876.871126858277, 15281.221289365909]
[8877.056846872794, 15279.700429290546]
[8878.193643637878, 15279.34135807658]
[8878.332598798876, 15279.298837881279]
[8878.389122315426, 15279.102575275378]
[8879.386322243216, 15276.668861735587]
[8879.942068547123, 15275.028738224193]
[8881.788634943205, 15272.572036827256]
[8882.777907650847, 15271.412850354634]
[8885.123272140856, 15270.387963834111]
[8885.982696591362, 15268.20131599372]
[8886.259047693486, 15267.502587517496]
[8887.557929698254, 15266.877148195907]
[8887.561043937032, 15265.863465823708]
[8888.225355342232, 15265.36223617786]
[8889.034598892891, 15263.668954305022]
[8889.937069383941, 15263.234195530467]
[8890.716062711199, 15262.886015833641]
[8890.915467404873, 15261.698716264773]
[8892.18238703224, 15259.68753067176]
[8895.010363224632, 15256.709005782555]
[8895.431673576599, 15256.279082382156]
[8896.087975578215, 15255.012876771187]
[8897.021934697663, 15254.970707498522]
[8897.124288327579, 15253.86861934605]
[8897.596021554802, 15253.497069754372]
[8897.705845547092, 15253.49017899895]
[8898.430298075811, 15253.263146442514]
[8899.455150741876, 15251.408709648706]
[8899.455150741878, 15251.408709648704]
[8900.00564658117, 15250.749035066938]
[8901.598311524323, 15249.321501702345]
[8902.828465685943, 15247.195608155946]
[8904.646127990505, 15246.084165358521]
[8904.929458544775, 15246.073031064006]
[8907.2312675701, 15245.065677325698]
[8908.215894702975, 15242.174935233204]
[8909.2684297164, 15239.902551979723]
[8909.343371361607, 15239.88383917554]
[8909.812847622235, 15239.24659064711]
[8910.865409847704, 15238.136564285147]
[8913.066032300318, 15235.894466164184]
[8913.726870904318, 15235.097290571366]
[8915.64690640294, 15232.981215640571]
[8915.723107641983, 15232.855489812591]
[8916.24254830653, 15232.700955343264]
[8917.729585363497, 15230.62709312698]
[8918.700921417183, 15229.295510001835]
[8919.39439527287, 15228.962389852511]
[8921.249786123366, 15227.096122659976]
[8921.29017093921, 15226.98797545317]
[8922.05881420387, 15226.18545456799]
[8922.30370281679, 15225.471259538674]
[8922.86107492703, 15225.16009790929]
[8923.365184696106, 15224.406482034672]
[8924.433576579586, 15223.224551315707]
[8924.717788417278, 15222.926766636872]
[8924.930066648833, 15222.901306887074]
[8925.242799106729, 15222.532799265005]
[8925.24279910673, 15222.532799265002]
[8926.278520907328, 15221.36710429669]
[8927.157503081353, 15220.430264331988]
[8927.649311678611, 15219.829444530547]
[8928.260965817759, 15219.448269532193]
[8929.62284680901, 15217.98179688466]
[8929.962274276431, 15217.710935679183]
[8930.415762934615, 15217.491091431799]
[8931.490981926647, 15216.132975926317]
[8933.295179264163, 15215.049808736323]
[8934.02024812809, 15214.1724132225]
[8935.178411130753, 15212.164851794969]
[8936.248812663925, 15211.145518786372]
[8937.78284123326, 15210.490796051003]
[8940.146495961731, 15207.321335527551]
[8944.249025402834, 15203.49338242952]
[8946.402038073664, 15201.29823507168]
[8946.802711630871, 15201.09534115286]
[8947.380794185769, 15200.343702789694]
[8947.546257550159, 15200.230197610663]
[8947.857975074072, 15200.048931942405]
[8948.40149967605, 15199.442787712549]
[8948.436972564132, 15199.327990730442]
[8949.036200526438, 15198.754342512775]
[8949.516293751152, 15198.354292620306]
[8949.847076063415, 15198.21764400315]
[8950.202030881472, 15198.07738907113]
[8950.647110954254, 15197.363943889095]
[8950.965342731035, 15196.981122387633]
[8952.260934826656, 15195.805196316707]
[8952.73735385518, 15195.314061973226]
[8952.90224785727, 15195.221106800276]
[8953.07719408404, 15195.144026090109]
[8954.607072740508, 15193.741444929907]
[8955.184573013315, 15193.500889515528]
[8956.79934687464, 15191.740711671204]
[8957.622992137254, 15190.971452226788]
[8958.185600026209, 15190.394044032319]
[8959.331776132769, 15189.424083747055]
[8962.079387116923, 15186.961256544917]
[8964.129161035371, 15185.189441335275]
[8964.664899567031, 15184.713540616582]
[8966.029730299622, 15183.543405191189]
[8969.359357829799, 15180.652760253313]
[8970.813858960335, 15179.534969304234]
[8972.032701591059, 15178.416226110166]
[8972.114865801372, 15178.367084080752]
[8973.173358976268, 15177.47800869242]
[8973.488629119389, 15177.261819521811]
[8974.265795739393, 15176.672625304223]
[8975.03163710306, 15175.989177351792]
[8975.494304254218, 15175.590806167924]
[8976.10565478912, 15175.065186036338]
[8976.391660674162, 15174.89290025971]
[8976.988686713172, 15174.328039932649]
[8977.202815283845, 15174.183307640784]
[8977.396653137568, 15174.088356785021]
[8977.771732819392, 15173.720766240322]
[8978.13385744837, 15173.396788695172]
[8978.294489389347, 15173.2725060024]
[8978.74830952244, 15172.916835788652]
[8979.000529515244, 15172.81180284401]
[8979.050449196227, 15172.683876839956]
[8979.740656678287, 15172.148937312008]
[8980.123620845721, 15171.804115026735]
[8981.306213403699, 15171.436019770863]
[8985.193068738441, 15167.882875257494]
[8990.515775580736, 15163.640272334189]
[8994.164516929919, 15161.057999018196]
[8995.12602375228, 15160.419563878093]
[8995.694020561305, 15159.90186624681]
[8996.284811873524, 15159.84351669362]
[8997.19270597407, 15158.824470087768]
[8997.521189486264, 15158.804921711186]
[8999.073552474789, 15157.524788191058]
[8999.200388096115, 15157.400261623845]
[8999.267151117498, 15157.242633281434]
[8999.434282619735, 15157.076510211533]
[9000.792055592221, 15156.044399744253]
[9001.601815790254, 15155.884338774458]
[9002.18182319912, 15155.070078793553]
[9002.578439255614, 15154.684418350813]
[9002.874500995946, 15154.455629803744]
[9003.030126167863, 15154.380660838813]
[9003.623422580333, 15153.948728179023]
[9004.217892497993, 15153.518531790385]
[9004.81353592085, 15153.090071845205]
[9005.410352848907, 15152.663348515136]
[9005.864136755528, 15152.359840617677]
[9006.092432442249, 15152.187534880772]
[9007.230239081668, 15151.409354249206]
[9007.866866648457, 15150.965107832328]
[9007.964242070273, 15150.943449812163]
[9010.25363552001, 15150.141423004228]
[9013.080504492174, 15147.41613710127]
[9013.136536456623, 15147.383576459464]
[9015.751067524014, 15146.37044995071]
[9017.094673818177, 15144.646109123967]
[9017.701333174298, 15144.231233540238]
[9018.309166035619, 15143.818095309285]
[9019.70833088897, 15142.906765623437]
[9023.121384443833, 15141.221062873843]
[9025.402195029406, 15139.256154530029]
[9028.068004698915, 15138.104252700075]
[9028.194045299688, 15137.773311441993]
[9029.091632605494, 15136.980564732272]
[9029.119405267604, 15136.949021308918]
[9029.67623746771, 15136.748015787383]
[9030.311854004885, 15136.133649501648]
[9030.929529294275, 15135.73236542251]
[9031.049392932291, 15135.597071613043]
[9031.238807003414, 15135.532375131545]
[9031.41687508455, 15135.425130932477]
[9031.548378088855, 15135.332819366413]
[9032.168400388637, 15134.935011493779]
[9032.263514427481, 15134.89492409832]
[9032.481620312856, 15134.724905892526]
[9032.789596193614, 15134.538941964349]
[9032.980599687491, 15134.459409424611]
[9033.100634160548, 15134.34155912808]
[9033.411965503783, 15134.144610937221]
[9033.699633868888, 15134.026275439375]
[9035.56686704291, 15132.912168744619]
[9036.59525980837, 15132.317548222101]
[9039.340531477745, 15130.732907654934]
[9040.383127945015, 15130.155468864084]
[9041.079515366866, 15129.89581106061]
[9042.480059913987, 15129.014393887486]
[9043.86943305812, 15127.981056371991]
[9045.12798900862, 15127.207422251164]
[9046.391238979908, 15126.44074325328]
[9048.066341382, 15125.545964666442]
[9051.035876497595, 15123.922602821982]
[9051.90667272678, 15123.442403148194]
[9052.969677035357, 15122.887572297554]
[9054.036594355412, 15122.337341792481]
[9055.592687406404, 15121.684450822375]
[9056.188313424005, 15121.58718840536]
[9056.815113071536, 15120.656000049437]
[9057.767410977876, 15120.18821233125]
[9058.301754632395, 15119.844142539383]
[9058.407118133795, 15119.814128922484]
[9059.047998794907, 15119.441784674675]
[9059.690052961216, 15119.071179737592]
[9059.796191878811, 15119.041807507994]
[9060.011520108821, 15118.88652955719]
[9060.333280632725, 15118.702314260345]
[9060.509989581917, 15118.643995613746]
[9060.861487315411, 15118.48780016742]
[9061.623256491323, 15117.96980227848]
[9061.792851044145, 15117.90096210928]
[9061.98451656438, 15117.859569589287]
[9062.808453428304, 15117.46570733936]
[9064.503278458915, 15116.499591663005]
[9064.76848557013, 15116.459932774304]
[9065.851897720016, 15115.927704262394]
[9068.03046105421, 15114.87704642975]
[9069.407973296686, 15114.086505001875]
[9069.847836380037, 15113.850561710653]
[9071.784811298803, 15112.804950856551]
[9072.982312462382, 15112.214917322784]
[9073.308407447721, 15112.035766535448]
[9073.961477547296, 15111.678769808448]
[9077.306584356269, 15110.356791268592]
[9077.925970007804, 15109.785351238235]
[9082.765726335292, 15108.272799226232]
[9085.452061982909, 15106.148320255365]
[9086.107693098089, 15105.852412571538]
[9086.119112045873, 15105.838871487582]
[9086.457837690943, 15105.673491753705]
[9086.625869374879, 15105.594838768928]
[9086.950652939435, 15105.455209570844]
[9087.129914059266, 15105.3536564175]
[9087.246302439415, 15105.33433241382]
[9087.90921496706, 15104.989206967324]
[9088.029920611156, 15104.90722209757]
[9088.241111295329, 15104.817296798135]
[9088.573300999897, 15104.645821688096]
[9089.067118487905, 15104.546552622287]
[9089.445518860972, 15104.26277218104]
[9090.108394706018, 15103.917605980052]
[9090.258811218771, 15103.910141838604]
[9092.5366418972, 15102.852008570455]
[9102.315050370022, 15098.564521170305]
[9102.850421352921, 15098.301924394484]
[9104.38673008681, 15097.660440871638]
[9106.582080780097, 15096.765569611034]
[9108.585504710181, 15095.912999502774]
[9109.219480315096, 15095.618783687876]
[9109.822849701375, 15095.356177613028]
[9110.50929878795, 15095.115843056881]
[9111.864146141057, 15094.439565178076]
[9115.70080041025, 15092.960536486718]
[9116.854104890936, 15092.504851090009]
[9117.365293717565, 15092.182619593965]
[9117.78940772007, 15092.132447603637]
[9118.818144504678, 15091.657560153693]
[9119.476462675795, 15091.447282914867]
[9119.595405331927, 15091.400817623136]
[9119.742643606125, 15091.318515763796]
[9119.810984983396, 15091.302776954119]
[9120.04176430118, 15091.239339687445]
[9120.212533438405, 15091.158996533713]
[9120.508592655218, 15091.0172165823]
[9120.84872929916, 15090.935440103382]
[9121.033005606867, 15090.8045010151]
[9121.365796802393, 15090.676654516885]
[9121.707498876136, 15090.516578547367]
[9122.51789252035, 15090.356370600539]
[9122.690555432493, 15090.282810791288]
[9122.863333315854, 15090.209389495296]
[9123.198698660608, 15090.047440038079]
[9123.65352181137, 15089.858047921198]
[9123.804980708825, 15089.793617299325]
[9123.958121085814, 15089.731123905109]
[9123.98314745494, 15089.709787523596]
[9124.001830169107, 15089.708870746466]
[9124.169881263457, 15089.682625116258]
[9124.251510354245, 15089.6246871469]
[9124.649711781294, 15089.432941219586]
[9125.712351007116, 15089.105704978589]
[9126.072999887187, 15088.848967926813]
[9127.02168636432, 15088.654356094972]
[9127.198370416503, 15088.585504084793]
[9129.208752950744, 15088.129258143363]
[9134.15817010001, 15086.245849542169]
[9135.401804278488, 15085.3847273002]
[9136.687539326971, 15085.371936212663]
[9137.06211402821, 15084.778426626948]
[9138.468073779088, 15084.305965343417]
[9138.696869647589, 15084.274870841633]
[9139.404199660697, 15084.000042045263]
[9139.75855449456, 15083.86345860055]
[9140.420342114012, 15083.605813816483]
[9140.734040932884, 15083.491945757838]
[9141.963302247768, 15083.235013817439]
[9143.045309255942, 15082.751967014661]
[9144.403129375985, 15082.325008612775]
[9145.640415814432, 15082.298212448446]
[9146.176855606094, 15082.068909568443]
[9148.18695996362, 15080.911097367903]
[9149.669477444726, 15080.243792080157]
[9150.720711090207, 15079.909492276563]
[9152.301842714174, 15079.412717530668]
[9152.830028230364, 15079.248372539569]
[9153.098830120547, 15079.238736131676]
[9153.888111725035, 15078.921552345302]
[9154.512271132293, 15078.83225418929]
[9154.808832619176, 15078.68128331904]
[9154.948478502773, 15078.597225091333]
[9155.07200442726, 15078.557621748076]
[9155.343740353284, 15078.444348663726]
[9155.845836004974, 15078.303260325152]
[9156.511657305651, 15078.124521102025]
[9156.884658243893, 15077.927559170868]
[9157.227302548468, 15077.874405608874]
[9157.40922441262, 15077.81165675413]
[9157.568101374964, 15077.758346068793]
[9158.175780889102, 15077.619553536668]
[9158.220424019706, 15077.564468095854]
[9159.027068016, 15077.47821315002]
[9159.315820740334, 15077.254727988726]
[9159.942142004522, 15077.054870570875]
[9160.617128396303, 15076.887169360962]
[9163.681919583807, 15076.316485627742]
[9165.211495695974, 15076.106388934078]
[9167.849437877847, 15074.367594666679]
[9168.925883487276, 15074.060462693795]
[9171.085624555317, 15073.45367347038]
[9173.506133872948, 15072.78450558728]
[9174.351973888206, 15072.54639184832]
[9174.910420710892, 15072.372896968218]
[9175.096799594221, 15072.315342204047]
[9175.261907808315, 15072.270495619408]
[9175.76732132782, 15072.147572200876]
[9177.476478144503, 15071.745456102619]
[9177.664566837864, 15071.675471782508]
[9178.935122510331, 15071.335113017682]
[9179.633131723156, 15071.165354555762]
[9183.157781067512, 15069.786858416483]
[9184.252588791696, 15069.499399658182]
[9185.01167386402, 15069.331491287534]
[9186.200220191009, 15069.08110497789]
[9186.321012790138, 15069.02278726212]
[9186.44905408925, 15068.931952651068]
[9187.420911718964, 15068.740612829088]
[9187.550711662618, 15068.651964101111]
[9188.65465251905, 15068.37446531754]
[9189.760876658549, 15068.0994561469]
[9190.181335651392, 15068.006067995586]
[9190.869384081108, 15067.826936434585]
[9192.364502365273, 15067.458683475394]
[9192.794537924296, 15067.343018912676]
[9192.985258855588, 15067.290516912135]
[9193.176094758095, 15067.238153300734]
[9193.979778100089, 15067.080939360145]
[9194.998120776976, 15066.813737190043]
[9195.139085978599, 15066.796648038746]
[9197.424649456563, 15066.284127778195]
[9197.470939560173, 15066.272205437528]
[9201.970210080593, 15065.199933556083]
[9202.538902592174, 15064.673720348124]
[9206.018750208636, 15064.148276642949]
[9206.59519561624, 15063.683579518258]
[9207.159486616049, 15063.558076717722]
[9209.33432397088, 15063.303448252464]
[9211.647109904241, 15062.579728932613]
[9213.286047093921, 15062.27746857192]
[9213.332590279599, 15062.26597246903]
[9214.0836425364, 15062.14833118303]
[9220.431124062306, 15060.393913702119]
[9222.489476295768, 15060.167534017151]
[9226.546122718231, 15059.20413028527]
[9227.398078966064, 15059.09577957986]
[9227.554468951397, 15059.059441831167]
[9228.24086826071, 15058.740400676412]
[9228.609176971615, 15058.682826992357]
[9229.48656237799, 15058.61503946973]
[9234.983677609345, 15058.44349302024]
[9237.334660195462, 15056.924597256502]
[9239.18503010358, 15056.508420077158]
[9244.717638393444, 15055.441645795358]
[9244.902466530513, 15055.3951567157]
[9245.407061979902, 15055.270454362337]
[9245.673241921282, 15055.21607426758]
[9245.781648612809, 15055.18320254352]
[9246.952449822873, 15054.956818411938]
[9247.792967742993, 15054.793521255247]
[9248.30456763792, 15054.675334948432]
[9251.943970633585, 15053.981612345364]
[9256.321907099125, 15053.158365174664]
[9263.215001106555, 15051.92260770178]
[9263.218128572129, 15051.914266764998]
[9263.262780743622, 15051.912943829444]
[9263.3105951531, 15051.903320348623]
[9263.406328289306, 15051.884194561926]
[9263.543900910405, 15051.85610375082]
[9263.640658842098, 15051.765587607026]
[9264.316844924379, 15051.711315584611]
[9264.52217638363, 15051.682711720197]
[9264.739766174764, 15051.644403618298]
[9265.004047949964, 15051.601402363209]
[9265.044076717642, 15051.586182356856]
[9265.392961529664, 15051.529966849619]
[9265.479434444973, 15051.477071709432]
[9267.186456966057, 15051.294610228328]
[9268.690345307157, 15050.963281938355]
[9273.68361181535, 15050.129374879643]
[9278.053415389613, 15049.426357633172]
[9279.851880910206, 15049.19194840362]
[9280.043107703941, 15049.153945610726]
[9280.1389297353, 15049.135186463278]
[9280.952414057676, 15048.98235374757]
[9281.049607768386, 15048.96518670963]
[9281.098256782365, 15048.956663756027]
[9281.377098831037, 15048.902651602402]
[9282.072519339548, 15048.795470912019]
[9282.811613940201, 15048.68626240204]
[9282.84851143365, 15048.677465344312]
[9283.292325970471, 15048.610480178237]
[9284.25217786183, 15048.542171646079]
[9284.640973869475, 15048.484001207962]
[9286.96968921353, 15048.201782041893]
[9288.064941309032, 15048.080798706096]
[9291.2435246825, 15047.569107533907]
[9295.787425236833, 15046.795483118965]
[9296.901831448384, 15046.643525953565]
[9297.541554105062, 15046.559194546247]
[9299.092680841046, 15046.347061639111]
[9299.142129687107, 15046.339598135988]
[9299.191613305582, 15046.332174994222]
[9299.38989550364, 15046.302886042322]
[9300.132254212092, 15046.199620517176]
[9300.570699097576, 15046.144128141097]
[9300.657324109798, 15046.135393440114]
[9300.826733086584, 15046.113585493662]
[9300.883211620128, 15046.106326320101]
[9301.137314247197, 15046.076966787554]
[9301.188239089859, 15046.0712159739]
[9301.27868559954, 15046.055654090611]
[9301.391718100853, 15046.04122194851]
[9301.504768351397, 15046.026810089641]
[9302.351342679167, 15045.986970713491]
[9302.395634616934, 15045.983638956286]
[9302.466412106147, 15045.905128208658]
[9303.104451758125, 15045.896097431523]
[9304.360513836637, 15045.787324642992]
[9304.915221256608, 15045.579614354909]
[9305.482394403823, 15045.509672774964]
[9318.496049542007, 15043.923415797051]
[9319.56869621966, 15043.817262367691]
[9320.030288672431, 15043.778600719663]
[9320.087855449909, 15043.772553224308]
[9320.490947136866, 15043.730362619797]
[9320.836627352102, 15043.694396836561]
[9320.951889588972, 15043.682448773237]
[9321.00952736337, 15043.676482341083]
[9323.490791792407, 15043.405830520158]
[9338.25321380683, 15041.88257231813]
[9338.358367137727, 15041.87542192029]
[9338.5690910685, 15041.861605078173]
[9338.780371357916, 15041.848433509691]
[9339.25240878083, 15041.823233491748]
[9339.358933791087, 15041.817673396576]
[9339.45510434966, 15041.81672664991]
[9339.513750496459, 15041.811879378738]
[9339.572401080562, 15041.807037169514]
[9339.631056101976, 15041.802200022215]
[9339.689715560698, 15041.797367936828]
[9339.748379456725, 15041.792540913331]
[9339.80704779006, 15041.787718951711]
[9340.041765496477, 15041.768481723666]
[9340.335262468912, 15041.744549078847]
[9340.511413900062, 15041.730250232613]
[9340.628870374034, 15041.72074297679]
[9344.864457740072, 15041.34374697946]
[9350.892420230963, 15040.8572181051]
[9358.256048961097, 15040.227519358143]
[9358.364173635517, 15040.224070883052]
[9358.47243739959, 15040.220783652141]
[9358.580840253328, 15040.217657665615]
[9359.393331482941, 15040.202087855081]
[9359.453070310983, 15040.19845459356]
[9359.572561278987, 15040.191203241468]
[9359.811596462683, 15040.17676122057]
[9359.931140678375, 15040.16957055148]
[9360.050702643299, 15040.162400109772]
[9360.170282357447, 15040.155249895306]
[9360.828288052759, 15040.116285271379]
[9366.639484373674, 15039.736412940567]
[9370.244105244625, 15039.494179883704]
[9370.364790951939, 15039.48825767399]
[9371.451761033111, 15039.435867517179]
[9376.859905599964, 15038.961139957086]
[9378.662128525288, 15038.946870601134]
[9379.915649024662, 15038.942738548338]
[9380.2199396903, 15038.930786390882]
[9381.255357729946, 15038.891093690301]
[9385.024443285258, 15038.689016665723]
[9385.635856159053, 15038.668254783797]
[9399.64747998446, 15038.052131139353]
[9401.22132776705, 15038.049532052428]
[9417.628877824474, 15037.635811594431]
[9420.585053646477, 15037.521575951896]
[9442.104974864242, 15037.379660886605]
end_solutions
[27.51463041257204, -3.4867048036925135, -5.17568803222959, -3.4906586066246854, -23.756617621101185, -21.722179770762096, 32.695117697304624, 18.622457676033168, 2.1083048094221923, 9.779579125398016, -24.141990118671952, 13.919961070800898, -34.73328134387413, -7.536672188622779, -3.3272638606209104, -8.894539251807984, 42.40413024383949, -28.392747847184634, 17.14797125590041, 12.688565535301738]
[27.309461334925125, -3.741157744105659, -5.326606712301546, -3.648124326610735, -23.757371158588338, -21.779091122785672, 32.60469806853676, 18.779543396628085, 2.085712394879363, 9.357093128762711, -24.09199461278314, 13.734241389603666, -34.4252574848357, -7.524572903579919, -3.3050288744063048, -8.611416589446819, 42.36461403157077, -28.72201226398674, 17.11137603148348, 12.64458813684204]
[27.09819213731465, -3.9972040552481864, -5.4825181073693905, -3.801713616673724, -23.761739132196592, -21.8327284995555, 32.51624663084043, 18.93087385110171, 2.063075136956323, 8.92948555398892, -24.036960198112816, 13.552020159899888, -34.113298514907456, -7.506884395519073, -3.2877832116246886, -8.31863275909147, 42.33129896036047, -29.059857109893393, 17.08242489998025, 12.591332220058952]
[26.89098968634655, -4.252188119237792, -5.6351010257733085, -3.9578871933520867, -23.763697481724112, -21.888548526494496, 32.42648306576308, 19.086041149656193, 2.0404677746200908, 8.505292364640788, -23.9852850559635, 13.367466629200473, -33.80396295223909, -7.492922036136884, -3.2672113332210797, -8.03228970739891, 42.29384979511123, -29.391981669730352, 17.048377706534556, 12.544261982158124]
[26.725628342114163, -4.496742026049718, -5.753391493291295, -4.141379009150153, -23.74056162952556, -21.967241172405288, 32.322823300350684, 19.281559800712365, 2.0181138507100695, 8.11560355382545, -23.968473470898402, 13.158155592531333, -33.52117913782202, -7.517744157959769, -3.211935522890797, -7.812322475187477, 42.21324772063659, -29.66535443164525, 16.96116509526589, 12.561505141695724]
[26.591941238011565, -4.733521393566266, -5.84571070158316, -4.345728347529488, -23.69835563580277, -22.06334981186496, 32.20854765305578, 19.50783769406806, 1.9959386262592433, 7.751883157978758, -23.978127261615, 12.92991780238156, -33.25838855350659, -7.5720353892910826, -3.1302713196888248, -7.6426291158001955, 42.09982797203392, -29.89427611081235, 16.833527221030423, 12.627597501466099]
[26.334318838568695, -5.0583469181112735, -6.023945322069619, -4.58361907795749, -23.690553955959185, -22.142295910405544, 32.07471857482379, 19.72482885275143, 1.9630609107537524, 7.207285151126282, -23.928760127538318, 12.671136554099494, -32.86004386024061, -7.585498062720228, -3.0754591399594418, -7.300222619318223, 42.0375570134862, -30.31076456944596, 16.76943128425649, 12.591924358188969]
[26.174291229240865, -5.321024420705827, -6.1301786517463075, -4.816638518939504, -23.649421258005454, -22.241789649295125, 31.94510622943912, 19.965290388436248, 1.9364916968773433, 6.793588809110025, -23.933684178133902, 12.419492017525508, -32.55976841888899, -7.645695054059306, -2.985150791770474, -7.099460934952923, 41.92403218228357, -30.581685405494504, 16.641210229068424, 12.650279161750579]
[26.0305857384339, -5.565400074362806, -6.229153162276802, -5.025135290295596, -23.609580438259222, -22.33697979265552, 31.828504573542425, 20.191894742302395, 1.913310040394501, 6.41447817611831, -23.939087924522873, 12.187657547071966, -32.28544190350779, -7.697658098864325, -2.904700447134208, -6.916182144760794, 41.81401534751123, -30.825911480418135, 16.51776960526688, 12.709071317570537]
[25.854236010585204, -5.846379425894934, -6.342645311099684, -5.282677400903531, -23.56715586209799, -22.440777127074284, 31.68588153866977, 20.446213459805882, 1.8833532691245254, 5.966196125077511, -23.943532279325073, 11.916202944377538, -31.95921753618577, -7.766089036737462, -2.8045340953925386, -6.697937566222322, 41.696982519878304, -31.12352707759159, 16.384768118692286, 12.766988768873798]
[25.678620481260523, -6.092618305397936, -6.458425241374564, -5.491284882666702, -23.545057833260152, -22.51624974390446, 31.56990619582976, 20.64094619334779, 1.8570152335563717, 5.561545433968202, -23.92806627967086, 11.69645161844197, -31.66365962503346, -7.8050199111214535, -2.7363822572208716, -6.473703129160167, 41.621853826095304, -31.41312057622908, 16.30132793265199, 12.779952000473283]
[25.503004951935843, -6.338857184900939, -6.574205171649444, -5.699892364429872, -23.52295980442231, -22.59172236073464, 31.453930852989753, 20.8356789268897, 1.830677197988218, 5.156894742858892, -23.912600280016644, 11.476700292506402, -31.368101713881153, -7.843950785505445, -2.6682304190492045, -6.249468692098013, 41.546725132312304, -31.70271407486657, 16.217887746611694, 12.792915232072769]
[25.310844373093367, -6.60293163852975, -6.710637921618592, -5.89251558735231, -23.506771036536282, -22.667216278748967, 31.345077844215485, 21.0304124121792, 1.8058142010607026, 4.727220682760669, -23.883686917685566, 11.259416366852774, -31.055332258563897, -7.861242284120881, -2.6175070802453253, -5.992692795260726, 41.476366117586096, -32.01681486223502, 16.14333220145305, 12.789250571944402]
[25.107653761239032, -6.8788964749091, -6.860839218050585, -6.07448263771426, -23.494521775951462, -22.742724397552728, 31.24097305815171, 21.22514639863376, 1.781934563226946, 4.280864376669838, -23.845808646903244, 11.043777374720438, -30.731088440470014, -7.864107532223946, -2.5784027410199712, -5.714222591906683, 41.40918688889774, -32.34725384209079, 16.07469975021551, 12.774500650664134]
[24.913309833980072, -7.183391044211101, -7.060378125575789, -6.128195391669203, -23.488839752165433, -22.831874633531914, 31.198307404160175, 21.424840820504862, 1.776500984494442, 3.844404241879005, -23.77752107220045, 10.87248890580309, -30.423439538513946, -7.770779977514412, -2.622491509102244, -5.3905705984310766, 41.32820280893861, -32.66072880987291, 16.006611796361735, 12.746261226504625]
[24.718965906721113, -7.487885613513102, -7.259917033100993, -6.181908145624146, -23.483157728379403, -22.9210248695111, 31.15564175016864, 21.624535242375963, 1.7710674057619378, 3.407944107088172, -23.709233497497657, 10.701200436885742, -30.11579063655788, -7.677452422804877, -2.666580277184517, -5.06691860495547, 41.24721872897948, -32.97420377765503, 15.938523842507962, 12.718021802345117]
[24.485994286858777, -7.880959103932871, -7.523090849266465, -6.207230375170148, -23.47298557482609, -23.04376856476324, 31.121946240989388, 21.887426737320844, 1.771232757043299, 2.867982799407267, -23.61910515914481, 10.496228120985554, -29.73930955817346, -7.53168980054809, -2.746133001603151, -4.6555690679748825, 41.1302997219942, -33.35087388702144, 15.841130316985122, 12.691297667885667]
[24.39726252260671, -8.158429266104765, -7.7160688619531195, -6.088401673534734, -23.445383471787032, -23.16744845679765, 31.16405786124821, 22.110468227681963, 1.7957089041814025, 2.574707745444699, -23.56268735299551, 10.393163998762812, -29.55042379980635, -7.358314124775963, -2.8648227817767404, -4.410697710441989, 40.986199191138454, -33.50137158083386, 15.716475443534293, 12.732477446312638]
[24.231401082628974, -8.623577351831026, -8.041985622910016, -5.907942198914757, -23.405797990924412, -23.36527166968788, 31.22578874347315, 22.472001134624445, 1.8327105161506136, 2.0659937775838224, -23.462656100835392, 10.217531898757688, -29.21898876092179, -7.074638268477811, -3.0578220129100546, -3.9854387265377573, 40.760814718668016, -33.77900738272521, 15.52400941747849, 12.783294473131313]
[24.117983655396856, -8.96630872378194, -8.277581155931843, -5.775298420577082, -23.371497840556863, -23.51685637402942, 31.270890268014206, 22.747942293661264, 1.8608364170090446, 1.6976479950375891, -23.394886591625593, 10.084223479078403, -28.980262804061184, -6.869378242364127, -3.19641035438545, -3.683349969530364, 40.58457026195215, -33.97115522934616, 15.370545060060493, 12.833904893613465]
[23.98527432418949, -9.365890516702386, -8.55352185250938, -5.617571462575512, -23.332309940609115, -23.692979784590484, 31.325013578741782, 23.068150237641536, 1.8939526318050728, 1.268553223372468, -23.314588163609564, 9.930666494394126, -28.702291030207117, -6.627607284338245, -3.360241614301711, -3.3294108983350643, 40.38021799766346, -34.19566669572273, 15.193235181184097, 12.891021568093555]
[23.845225552528696, -9.7556308019612, -8.824684031726367, -5.47377340234144, -23.29850065041029, -23.858720406724224, 31.373090080482424, 23.37229632441654, 1.9239462632398578, 0.8398063693542068, -23.232391228919624, 9.779970005557459, -28.422332793449417, -6.394949898155806, -3.517394275904584, -2.9744595788371697, 40.1912257583613, -34.4302634927229, 15.031024999766373, 12.934836740976019]
[23.71797684244059, -9.932236188792569, -8.963355649043873, -5.457983840098306, -23.311598937174026, -23.896436965874983, 31.37200082048639, 23.457413095690242, 1.9250040815318665, 0.5866003132342585, -23.168365073488545, 9.712087502639836, -28.24470521123552, -6.300388609709298, -3.580116330487573, -2.7510498767296427, 40.16974463722275, -34.62979616310956, 15.025571172519975, 12.878948653653698]
[23.53428325049064, -10.32159018031215, -9.253222125130213, -5.323759302661627, -23.30149909452266, -24.034050631308713, 31.41646160500612, 23.71722307768735, 1.9493342127974984, 0.12344795152163249, -23.060168328047745, 9.575003062027184, -27.935377039343273, -6.057385315249786, -3.7477133633999458, -2.3444920099905375, 40.02954831902086, -34.92667365663423, 14.918021403525074, 12.861376819194696]
[23.290942076193737, -10.710981762319532, -9.546974292125217, -5.268499731937054, -23.312368164012163, -24.13981587733739, 31.42325867497059, 23.93833949065656, 1.957965174380896, -0.40237109969478385, -22.93726128826259, 9.420585027920687, -27.571580530554037, -5.848718957063218, -3.885342085055378, -1.8914997527887736, 39.94318007110438, -35.3127159830231, 14.86361877313063, 12.78555292870711]
[23.061916536818202, -11.108709036568964, -9.853706209818935, -5.162265729358396, -23.320683635350733, -24.25602658248745, 31.45440730383651, 24.169176396899605, 1.9748274359292788, -0.913446639412788, -22.80900209514873, 9.281435106355797, -27.222909434493495, -5.60668867250801, -4.05180937063685, -1.435183706458933, 39.841805834012376, -35.67638933093784, 14.798269265950362, 12.718025736939992]
[22.811814893788277, -11.582523389825656, -10.203958664089528, -5.0467732828511105, -23.31557324969826, -24.410491997906192, 31.48544895326956, 24.472171107886396, 1.9959033801696622, -1.5078705512551023, -22.674776143829966, 9.100067819151551, -26.819538491684078, -5.3356194798060335, -4.23389616129252, -0.9244366626412702, 39.692811869279126, -36.07813595495035, 14.687030811769082, 12.675542236025784]
[22.53702656337273, -12.093858754829752, -10.576862542570714, -4.944848074730742, -23.309004748186823, -24.576109655947764, 31.507804777707953, 24.801211716454777, 2.015390458680274, -2.1582235501031706, -22.533832894548183, 8.894160435954996, -26.376314005614514, -5.057877889159364, -4.417034287082635, -0.37543279730847934, 39.5333901779687, -36.51997558124741, 14.566159259387865, 12.631140563330597]
[22.404512198594404, -12.329081474439068, -10.749572994804863, -4.903722778396784, -23.30852751825023, -24.64881440774065, 31.515385247826337, 24.94786257987501, 2.02302919227709, -2.4632760367894697, -22.466758590082055, 8.798920193501937, -26.167342631808484, -4.931915593054844, -4.499772771664783, -0.11727288108438574, 39.466002781465804, -36.732217625588916, 14.516741850302903, 12.603859199236819]
[22.296684521201698, -12.526783182300981, -10.89963202282842, -4.849030243675909, -23.309508404172597, -24.71036691691071, 31.53165154293938, 25.06846754571366, 2.032256791603677, -2.7123994364700144, -22.406401583578944, 8.728220047041187, -25.998224801262605, -4.812625694895017, -4.5814599211124865, 0.10263021362457972, 39.4090431115401, -36.904366667645874, 14.47695753941788, 12.57849600692402]
[22.005687995498388, -12.86990611345598, -11.172231854189093, -4.875280659914913, -23.35052598830236, -24.760161535658867, 31.502403923656665, 25.20508544373984, 2.0229136785974915, -3.2500729523328613, -22.27088913808718, 8.584181002548732, -25.613380022752356, -4.653356867362952, -4.682012436214372, 0.5711254844350757, 39.40702164227517, -37.35739656163378, 14.505710155011151, 12.426758802171523]
end_values
[ 9442.10497486 15037.37966089]
[ 9399.64747998 15038.05213114]
[ 9358.25604896 15040.22751936]
[ 9318.49604954 15043.9234158 ]
[ 9282.07251934 15048.79547091]
[ 9248.30456764 15054.67533495]
[ 9202.53890259 15064.67372035]
[ 9167.84943788 15074.36759467]
[ 9137.06211403 15084.77842663]
[ 9102.85042135 15098.30192439]
[ 9073.96147755 15111.67876981]
[ 9046.39123898 15126.44074325]
[ 9018.30916604 15143.81809531]
[ 8990.51577558 15163.64027233]
[ 8962.07938712 15186.96125654]
[ 8935.17841113 15212.16485179]
[ 8902.82846569 15247.19560816]
[ 8881.78863494 15272.57203683]
[ 8848.71730497 15318.89700514]
[ 8826.18926314 15355.592423  ]
[ 8801.87257057 15401.32863119]
[ 8780.16240702 15449.12364812]
[ 8771.05794986 15473.02432284]
[ 8752.60683794 15526.37568629]
[ 8736.59674459 15583.70896683]
[ 8722.76280414 15645.66483796]
[ 8709.05648225 15722.48599682]
[ 8697.98582464 15810.00584189]
[ 8694.31628356 15852.11759414]
[ 8691.92846571 15888.64763272]
[ 8691.44393524 15956.74846109]
