values
[16174.974730272043, 38753.082738327575]
[16190.852503758557, 38643.07232019951]
[16199.857126053324, 38582.91575712872]
[16204.78329285118, 38550.725698895745]
[16207.524488592178, 38533.17990591011]
[16209.719725880514, 38519.47784410642]
[16218.520936922045, 38469.76027437006]
[16222.93369219637, 38448.45712239053]
[16236.220506286814, 38388.91135630495]
[16254.049379128643, 38309.560608020685]
[16272.007282325274, 38295.846450811965]
[16274.989761236036, 38269.46414244315]
[16290.569851053668, 38170.374335853296]
[16295.711313090924, 38162.40101123944]
[16300.642101341093, 38087.27436386284]
[16319.436044168808, 38051.69115783105]
[16328.187314426114, 37988.19265083811]
[16353.576426753058, 37895.857162823755]
[16374.919893736107, 37729.57597135648]
[16392.610442450503, 37700.283091185906]
[16408.98073183108, 37640.33681980664]
[16411.67089860828, 37627.03758572728]
[16413.020166104605, 37621.91014639265]
[16414.372223050712, 37618.19645994797]
[16418.02686180496, 37598.83592762879]
[16479.923827554085, 37544.26419165637]
[16523.305205736855, 37475.61929690423]
[16530.771613307796, 37401.215100211484]
[16573.062080034262, 37386.984594001944]
[16576.682338119463, 37379.14812465895]
[16580.320663685394, 37378.85842312739]
[16598.78257510712, 37357.258468648564]
[16629.060352015957, 37244.04575806448]
[16636.98507284424, 37195.09857757616]
[16639.759727078952, 37191.12787909074]
values
[15088.527422862471, 82683.09516142034]
[15089.049879065455, 81550.28656707461]
[15090.728244541211, 80961.48909067361]
[15093.131217324619, 80021.05780352514]
[15206.07729731277, 72545.55120344387]
[15387.514647135371, 61490.85932650439]
[15607.700199347504, 49042.341233155785]
[15637.25977337903, 47872.83299306734]
[15653.0716658865, 47166.90138217264]
[15695.407158338567, 45821.9476642835]
[15698.836844259404, 45726.80191709048]
[15724.904708492515, 44972.099529921055]
[15734.33204774292, 44673.40389889445]
[15756.403679109631, 44063.23562225198]
[15770.81746101122, 43688.23672202596]
[15774.4678668612, 43592.02708380486]
[15787.288973514704, 43332.15309230178]
[15797.179889273793, 43107.199220486655]
[15804.237531803721, 42977.7216158447]
[15820.806593471836, 42627.92249950023]
[15836.86042762186, 42334.35625352563]
[15844.788750423852, 42205.508808697996]
[15859.54907638717, 41918.28795409168]
[15868.532063147477, 41783.97891924363]
[15872.440017481282, 41719.62148932553]
[15888.07019522681, 41427.3188140526]
[15912.445892367092, 41066.59360621236]
[15921.317613811503, 40897.196090172605]
[15938.92761151848, 40707.52045122395]
[15949.309196552464, 40558.142280318425]
[15953.423041017804, 40498.784383676175]
[15957.547784954817, 40442.79346011471]
[15982.8853329219, 40220.54059121078]
[15995.367028102397, 39991.749888160666]
[16004.578732125807, 39928.483461583164]
[16010.744565339362, 39893.423084267466]
[16021.209458489908, 39804.96828002148]
[16023.135442023879, 39777.11896230817]
[16025.496059359935, 39755.67046284569]
[16029.793481741937, 39704.37785799951]
[16031.09312486924, 39689.863462571346]
[16038.273294307586, 39611.80682721522]
[16042.602047654353, 39577.981598979575]
[16069.06578321021, 39432.336554086476]
[16077.029594827109, 39337.10445436409]
[16083.422684998632, 39298.70282486588]
[16086.849245883132, 39291.83742725005]
[16087.6956216365, 39290.95878538489]
[16095.85772516136, 39282.899449311335]
[16106.132332646597, 39223.70140219707]
[16107.750905191802, 39211.38582285395]
[16118.089565890554, 39122.7170082888]
[16131.872557090275, 39002.602404149475]
[16145.497364564757, 38870.85050297746]
[16151.362168518119, 38839.48549996221]
[16166.137469133924, 38797.96111129133]
[16168.274308160399, 38778.1456883956]
[16169.921893411514, 38765.412704289374]
[16174.974730272043, 38753.082738327575]
[16183.892601046535, 38691.7295332239]
[16187.382699734697, 38667.07131869265]
[16190.852503758557, 38643.07232019951]
[16196.294333756323, 38599.992278575926]
[16199.857126053324, 38582.91575712872]
[16200.974421568071, 38565.88454484009]
[16202.853509586123, 38563.26686004104]
[16204.78329285118, 38550.725698895745]
[16207.524488592178, 38533.17990591011]
[16209.719725880514, 38519.47784410642]
[16215.216684829564, 38487.28498319043]
[16218.520936922045, 38469.76027437006]
[16222.521489755178, 38455.34784812974]
[16222.57846754745, 38451.7916329341]
[16222.93369219637, 38448.45712239053]
[16230.00920444464, 38417.1167252095]
[16234.55567457169, 38396.69527525239]
[16236.220506286814, 38388.91135630495]
[16243.756761654755, 38352.131085021785]
[16244.270019991684, 38349.63314011321]
[16248.2418859026, 38320.6174090691]
[16254.049379128643, 38309.560608020685]
[16262.746048398187, 38303.509235325204]
[16268.60072534177, 38267.454894316375]
[16290.569851053668, 38170.374335853296]
[16295.711313090924, 38162.40101123944]
[16300.642101341093, 38087.27436386284]
[16318.59766167876, 38063.6622192421]
[16319.436044168808, 38051.69115783105]
[16328.187314426114, 37988.19265083811]
[16346.697199616687, 37885.90697667005]
[16372.786745058958, 37710.25170084071]
[16392.610442450503, 37700.283091185906]
[16403.103618197612, 37642.463026912534]
[16403.157107231298, 37642.40671063243]
[16403.282515494793, 37642.14035173352]
[16403.407930536287, 37641.87470649836]
[16403.952380321196, 37640.861569910914]
[16403.999783638996, 37640.76623310544]
[16404.155725851568, 37640.53365119782]
[16404.4785858067, 37639.93892438348]
[16411.67089860828, 37627.03758572728]
[16412.682587720887, 37623.06943187227]
[16413.0201661046, 37621.91014639266]
[16413.020166104605, 37621.91014639265]
[16413.695845894392, 37619.86158667865]
[16413.933323512934, 37616.64640573099]
[16418.02686180496, 37598.83592762879]
[16419.855978937634, 37589.863466938536]
[16420.770986763764, 37585.563774420494]
[16422.024849379002, 37581.10803077069]
[16423.122389301912, 37577.443547894945]
[16423.279211964673, 37576.9372412607]
[16423.906580722796, 37574.953754905415]
[16424.220311964047, 37573.98662950484]
[16424.416409853904, 37573.390363018756]
[16424.847868165016, 37572.10042194926]
[16424.911462379834, 37571.66172791875]
[16425.161693122376, 37571.18087720585]
[16425.71096195948, 37569.608617573846]
[16425.985632249038, 37568.839823890106]
[16426.054029685372, 37568.15871637229]
[16426.70158860095, 37566.40348537713]
[16426.776367302038, 37563.67491982733]
[16428.147975049178, 37559.141418145664]
[16428.605343178057, 37557.701053737655]
[16429.520327733888, 37554.923902655835]
[16430.294694815555, 37549.77781521806]
[16431.32841661792, 37524.53001786059]
[16460.360739521424, 37517.22096278145]
[16523.305205736855, 37475.61929690423]
[16530.771613307796, 37401.215100211484]
[16532.627354320943, 37396.02144351504]
[16573.062080034262, 37386.984594001944]
[16576.682338119463, 37379.14812465895]
[16580.320663685394, 37378.85842312739]
[16598.78257510712, 37357.258468648564]
[16629.060352015957, 37244.04575806448]
[16631.47700537154, 37178.95948582341]
[16631.606537508178, 37178.72960758782]
[16631.645487648595, 37178.66172673309]
[16631.784305076537, 37178.4230641767]
[16631.884175111805, 37178.25508153073]
[16632.160543924612, 37177.810448226395]
[16632.249659932306, 37177.66981264266]
[16632.253966862627, 37177.66326588252]
[16632.438233202927, 37177.38630174726]
[16632.478895937827, 37177.32651058516]
[16632.595243354, 37177.158068321]
[16632.62682124316, 37177.11442649218]
[16632.669208282114, 37177.049894099364]
[16632.695773488922, 37177.016810362235]
[16632.71594800275, 37176.98775907609]
[16632.771109677604, 37176.9101830399]
[16632.809387119374, 37176.85820200708]
[16632.993688322462, 37176.614911445584]
[16633.071367791366, 37176.51429441439]
[16633.12957725343, 37176.443998503186]
[16633.246018271708, 37176.31077889383]
[16633.283323823925, 37176.25744100924]
[16633.288210049584, 37176.25704291959]
[16633.336060812955, 37176.193644587045]
[16633.362327104165, 37176.16191687119]
[16633.394625272354, 37176.12589622433]
[16633.44686710883, 37176.0810665244]
[16633.47898868071, 37176.07461986633]
[16633.498235583593, 37176.007477054794]
[16633.52469736936, 37175.97621385858]
[16633.5619469265, 37175.93458081982]
[16633.592649778984, 37175.90124287272]
[16633.595094669887, 37175.89801093478]
[16633.660604267003, 37175.82781767053]
[16633.771923243927, 37175.710229100514]
[16633.78561852324, 37175.69411805897]
[16633.822689797995, 37175.65707341415]
[16633.902014780775, 37175.576857930486]
[16633.989506705355, 37175.491880007015]
[16633.994576804314, 37175.48748404455]
[16634.09914835179, 37175.39409760911]
[16634.15012482705, 37175.37169094199]
[16634.17388107937, 37175.32063363072]
[16634.22443423934, 37175.27621847721]
[16634.34736575644, 37175.16737280527]
[16634.42650970607, 37175.15540528181]
[16634.443780770078, 37175.090726038245]
[16634.4457806275, 37175.08947930185]
[16634.52086191249, 37175.02420740843]
[16634.573242993316, 37174.98637290069]
[16634.607614294982, 37174.956412376676]
[16634.65682677848, 37174.92131890812]
[16634.68917975988, 37174.8999063983]
[16634.764576047946, 37174.86175083155]
[16634.78224986734, 37174.834437255944]
[16634.805127667205, 37174.819153663586]
[16634.82748514839, 37174.80956117548]
[16634.885556289082, 37174.763299917526]
[16634.921086714938, 37174.74415839188]
[16634.972323721122, 37174.70638515687]
[16635.03304499585, 37174.666731034085]
[16635.13953443331, 37174.60379009253]
[16635.21103307116, 37174.58213544578]
[16635.252862209505, 37174.57849398763]
[16635.258063663652, 37174.53887189494]
[16635.352535322716, 37174.49126723217]
[16635.43615646988, 37174.45052033903]
[16635.459046774242, 37174.441718652815]
[16635.54267306839, 37174.40434896398]
[16635.565565563367, 37174.39666635114]
[16635.64801702601, 37174.364190710694]
[16635.701281522477, 37174.34497027371]
[16635.75454785323, 37174.326881127694]
[16635.790538298468, 37174.32482845268]
[16635.812929311647, 37174.306369954844]
[16635.861761863718, 37174.30316327498]
[16635.875930096583, 37174.282849191186]
[16635.946495071224, 37174.272825544525]
[16635.97043197202, 37174.25645970531]
[16636.049186751596, 37174.23459455978]
[16636.127943830706, 37174.21478557829]
[16636.195384679722, 37174.209010274935]
[16636.224996807305, 37174.20287491628]
[16636.236544806277, 37174.19125564702]
[16636.241345431365, 37174.187136558794]
[16636.297733989046, 37174.18182863696]
[16636.315307674413, 37174.1763976948]
[16636.353908537643, 37174.17082683166]
[16636.40345275237, 37174.16634783044]
[16636.4412658003, 37174.16010827311]
[16636.453069055064, 37174.157767344805]
[16636.497974818496, 37174.15131474076]
[16636.502686251926, 37174.15001036891]
[16636.52212721327, 37174.14964778721]
[16636.53576487993, 37174.14529598325]
[16636.61134701044, 37174.13504762181]
[16636.644426552873, 37174.13144077522]
[16636.665678930316, 37174.12915175545]
[16636.677506492695, 37174.128197364495]
[16636.72472522531, 37174.12412952238]
[16636.734195622794, 37174.12318000744]
[16636.74117795112, 37174.11044742959]
values
[15088.527422862471, 82683.09516142034]
[15089.049879065455, 81550.28656707461]
[15090.728244541211, 80961.48909067361]
[15092.738907929675, 80474.58320462162]
[15093.061703014899, 80424.72192134401]
[15093.131217324619, 80021.05780352514]
[15206.07729731277, 72545.55120344387]
[15387.514647135371, 61490.85932650439]
[15607.700199347504, 49042.341233155785]
[15637.25977337903, 47872.83299306734]
[15640.510985397095, 47695.86502337475]
[15645.38608364818, 47468.5422771204]
[15653.0716658865, 47166.90138217264]
[15674.321598266579, 46468.99883241851]
[15695.407158338567, 45821.9476642835]
[15698.367901941834, 45753.82574521516]
[15698.836844259404, 45726.80191709048]
[15703.970992653158, 45545.036458893446]
[15709.381434239162, 45386.39530868499]
[15716.106721634967, 45214.99048282802]
[15724.904708492515, 44972.099529921055]
[15734.105631781833, 44675.47890751341]
[15734.332047742919, 44673.40389889445]
[15739.891396723377, 44437.435301478305]
[15756.403679109631, 44063.23562225198]
[15759.498275190977, 43963.0020782481]
[15765.402469279417, 43812.42135412046]
[15770.81746101122, 43688.23672202596]
[15771.110303945417, 43663.04487994207]
[15774.4678668612, 43592.02708380486]
[15776.849649614811, 43515.36208979277]
[15785.103806922223, 43423.06974568297]
[15787.288973514704, 43332.15309230178]
[15796.949953477142, 43108.09377671888]
[15797.17988927379, 43107.199220486655]
[15803.035772502155, 42967.7772961818]
[15810.14921304889, 42824.262485187326]
[15817.28686457116, 42709.325831754446]
[15820.806593471836, 42627.92249950023]
[15829.430198127384, 42479.38694027897]
[15835.6653470428, 42320.397648210645]
[15841.700174199406, 42187.08009628206]
[15850.172929660408, 42156.70973434267]
[15856.260387071785, 42012.24977427082]
[15859.54907638717, 41918.28795409168]
[15862.612507823309, 41839.513535061]
[15868.532063147477, 41783.97891924363]
[15872.440017481282, 41719.62148932553]
[15888.07019522681, 41427.3188140526]
[15889.993740483698, 41392.70097515303]
[15910.52330445954, 41079.55660789367]
[15912.445892367092, 41066.59360621236]
[15921.317613811503, 40897.196090172605]
[15924.424442196212, 40861.16344286829]
[15931.072934919555, 40798.927407998875]
[15938.92761151848, 40707.52045122395]
[15949.309196552464, 40558.142280318425]
[15952.100189414867, 40501.55051212255]
[15953.423041017804, 40498.784383676175]
[15957.547784954817, 40442.79346011471]
[15959.549792770742, 40419.156743415595]
[15966.10728176645, 40352.28241175747]
[15982.8853329219, 40220.54059121078]
[15988.695238864811, 40114.29485162511]
[15995.367028102397, 39991.749888160666]
[16004.578732125807, 39928.483461583164]
[16009.196785507207, 39911.921426839384]
[16010.744565339362, 39893.423084267466]
[16021.209458489908, 39804.96828002148]
[16023.135442023879, 39777.11896230817]
[16025.05674208598, 39768.23829650641]
[16025.496059359935, 39755.67046284569]
[16029.793481741937, 39704.37785799951]
[16031.09312486924, 39689.863462571346]
[16031.873321070681, 39681.16793946423]
[16031.873321070683, 39681.16793946422]
[16038.273294307586, 39611.80682721522]
[16038.720723547034, 39602.39443697026]
[16042.602047654353, 39577.981598979575]
[16069.06578321021, 39432.336554086476]
[16076.057328972856, 39333.664824010004]
[16083.422684998632, 39298.70282486588]
[16086.849245883132, 39291.83742725005]
[16087.6956216365, 39290.95878538489]
[16095.85772516136, 39282.899449311335]
[16099.592625959662, 39269.892384479106]
[16099.836952235573, 39269.591554462866]
[16106.132332646597, 39223.70140219707]
[16106.941466399363, 39217.59683170353]
[16107.750905191802, 39211.38582285395]
[16113.58974421442, 39162.26878619496]
[16114.0765961712, 39151.632604171034]
[16118.089565890554, 39122.7170082888]
[16121.242321757969, 39079.705110383096]
[16131.872557090275, 39002.602404149475]
[16137.386971526164, 38935.065839747585]
[16145.497364564757, 38870.85050297746]
[16151.362168518119, 38839.48549996221]
[16160.084136289179, 38803.87988160141]
[16166.137469133924, 38797.96111129133]
[16168.274308160399, 38778.1456883956]
[16169.921893411514, 38765.412704289374]
[16174.974730272043, 38753.082738327575]
[16183.892601046535, 38691.7295332239]
[16184.730415399486, 38685.777565315046]
[16187.382699734697, 38667.07131869265]
[16189.506807713282, 38666.85491467914]
[16190.852503758557, 38643.07232019951]
[16192.150986461304, 38624.36618061062]
[16196.294333756323, 38599.992278575926]
[16199.601933830472, 38565.34477679968]
[16202.853509586123, 38563.26686004104]
[16204.78329285118, 38550.725698895745]
[16207.524488592178, 38533.17990591011]
[16207.922004068365, 38517.72320212144]
[16215.216684829564, 38487.28498319043]
[16218.520936922045, 38469.76027437006]
[16222.521489755178, 38455.34784812974]
[16222.57846754745, 38451.7916329341]
[16222.93369219637, 38448.45712239053]
[16230.00920444464, 38417.1167252095]
[16234.55567457169, 38396.69527525239]
[16236.220506286814, 38388.91135630495]
[16239.792574390114, 38355.18229487377]
[16243.756761654755, 38352.131085021785]
[16244.270019991684, 38349.63314011321]
[16248.2418859026, 38320.6174090691]
[16254.049379128643, 38309.560608020685]
[16262.302841331913, 38287.66310891155]
[16268.60072534177, 38267.454894316375]
[16289.33156579375, 38186.75687256813]
[16290.569851053668, 38170.374335853296]
[16295.711313090924, 38162.40101123944]
[16300.642101341093, 38087.27436386284]
[16318.59766167876, 38063.6622192421]
[16319.436044168808, 38051.69115783105]
[16328.187314426114, 37988.19265083811]
[16340.719728672557, 37954.12680112892]
[16342.020888035462, 37894.643897141104]
[16342.020890552387, 37894.643891969696]
[16342.020893109097, 37894.64388671659]
[16342.02089310925, 37894.643886716265]
[16342.020893109253, 37894.64388671626]
[16344.268141502333, 37890.79400290085]
[16346.697199616687, 37885.90697667005]
[16370.26156384488, 37706.8754384662]
[16392.610442450503, 37700.283091185906]
[16398.77545018423, 37651.48075498404]
[16398.775450184236, 37651.480754984]
[16398.775450184243, 37651.48075498399]
[16398.775450184392, 37651.48075498363]
[16398.77545018486, 37651.4807549825]
[16398.775450304754, 37651.48075469075]
[16398.775450864276, 37651.480753329124]
[16398.7754553404, 37651.48074243632]
[16398.77546045598, 37651.48072998736]
[16398.775465571554, 37651.48071753848]
[16398.775468981938, 37651.48070923918]
[16398.775496265007, 37651.48064284496]
[16398.775550831146, 37651.4805100564]
[16398.775932794142, 37651.479580533414]
[16398.778988500373, 37651.472144155494]
[16398.796449755006, 37651.42964396878]
[16398.810418852034, 37651.395635769244]
[16399.284502179802, 37650.2258580728]
[16399.303589190982, 37650.184976260636]
[16400.87762251497, 37646.88299594731]
[16401.13563314805, 37646.33193239119]
[16401.3103938163, 37645.96048959626]
[16403.103618197612, 37642.463026912534]
[16403.157107231298, 37642.40671063243]
[16403.282515494793, 37642.14035173352]
[16403.407930536287, 37641.87470649836]
[16403.952380321196, 37640.861569910914]
[16403.999783638996, 37640.76623310544]
[16404.155725851568, 37640.53365119782]
[16404.4785858067, 37639.93892438348]
[16406.238229960927, 37608.361597600655]
[16418.02686180496, 37598.83592762879]
[16419.855978937634, 37589.863466938536]
[16420.770986763764, 37585.563774420494]
[16422.024849379002, 37581.10803077069]
[16423.122389301912, 37577.443547894945]
[16423.279211964673, 37576.9372412607]
[16423.906580722796, 37574.953754905415]
[16424.220311964047, 37573.98662950484]
[16424.38926414373, 37530.545020682875]
[16427.56166170647, 37519.70139871849]
[16427.561661706473, 37519.701398718484]
[16460.360739521424, 37517.22096278145]
[16523.305205736855, 37475.61929690423]
[16526.803462694774, 37404.87522992263]
[16527.06510185479, 37404.19071137292]
[16530.771613307796, 37401.215100211484]
[16532.627354320943, 37396.02144351504]
[16573.062080034262, 37386.984594001944]
[16576.682338119463, 37379.14812465895]
[16580.320663685394, 37378.85842312739]
[16598.78257510712, 37357.258468648564]
[16629.060352015957, 37244.04575806448]
[16631.3627863256, 37179.09030415361]
[16631.469159054963, 37178.90825386131]
[16631.47828893492, 37178.86487465171]
[16631.503425982908, 37178.820596938625]
[16631.514684129746, 37178.79962605338]
[16631.552568434377, 37178.748848834584]
[16631.573496303175, 37178.72951850188]
[16631.607981659807, 37178.69131073021]
[16631.645487648595, 37178.66172673309]
[16631.667063674213, 37178.54470064451]
[16631.674818729316, 37178.52487422594]
[16631.725658880845, 37178.437593882285]
[16631.74518200415, 37178.40417729017]
[16631.807474792597, 37178.31415388804]
[16631.836900379003, 37178.26154728467]
[16631.883561263072, 37178.18922089922]
[16631.88418559482, 37178.17497104475]
[16631.89034783354, 37178.172671647444]
[16631.894851105957, 37178.15796976954]
[16631.906661310946, 37178.13901823821]
[16631.978347969936, 37178.02375425972]
[16631.996609622547, 37178.018623700664]
[16631.996758046484, 37177.99376748731]
[16632.006364676326, 37177.9900778653]
[16632.044833997214, 37177.921121608626]
[16632.062406888934, 37177.900031198704]
[16632.075046924267, 37177.86938006423]
[16632.096457714048, 37177.84037614982]
[16632.145923970842, 37177.83529651029]
[16632.15935423517, 37177.73818312724]
[16632.16918866976, 37177.737080058934]
[16632.179145160728, 37177.728100211185]
[16632.206070992022, 37177.71674568359]
[16632.209941959853, 37177.71073997188]
[16632.231663265637, 37177.627538058885]
[16632.258288975878, 37177.58707091112]
[16632.264194859647, 37177.57827029479]
[16632.276006664124, 37177.560702274786]
[16632.28432544163, 37177.54699310508]
[16632.295749219185, 37177.54070587308]
[16632.297343783106, 37177.527037634696]
[16632.346382852793, 37177.458116634]
[16632.364616654744, 37177.43900390125]
[16632.37210528088, 37177.42245365672]
[16632.376476604386, 37177.41069799289]
[16632.427901202973, 37177.34418923479]
[16632.448517811456, 37177.32566944142]
[16632.465168944327, 37177.281780406134]
[16632.490183862257, 37177.24443042899]
[16632.535827085154, 37177.24128219313]
[16632.537740558564, 37177.18004506978]
[16632.550730221898, 37177.16651616747]
[16632.570895644967, 37177.1308972496]
[16632.59661979721, 37177.0970371117]
[16632.63519766431, 37177.04044985431]
[16632.64090713164, 37177.033388910844]
[16632.648245890545, 37177.02084828785]
[16632.675662311663, 37176.99161789172]
[16632.701537057106, 37176.94831428132]
[16632.71519165146, 37176.93571917651]
[16632.722663532808, 37176.93426055904]
[16632.729910363905, 37176.90637703449]
[16632.754965680535, 37176.87382618045]
[16632.780791649096, 37176.84095216376]
[16632.795230348045, 37176.825130148165]
[16632.805736958016, 37176.81346317864]
[16632.821154465182, 37176.7880753945]
[16632.847797516853, 37176.75093791277]
[16632.881788707797, 37176.70659081892]
[16632.8906334748, 37176.69240178225]
[16632.9360102818, 37176.64919938128]
[16632.949772349475, 37176.619019926606]
[16632.993688322462, 37176.614911445584]
[16633.015974794092, 37176.576154282775]
[16633.03124940038, 37176.54659605292]
[16633.040274712403, 37176.50100959251]
[16633.041705465817, 37176.49982570876]
[16633.052494691558, 37176.48708033357]
[16633.062052880734, 37176.475491919664]
[16633.073837548287, 37176.460016436344]
[16633.080824657416, 37176.45790570237]
[16633.082762540358, 37176.45365078016]
[16633.12855848902, 37176.39243980068]
[16633.145109210785, 37176.37574960408]
[16633.17149531133, 37176.34088514542]
[16633.17466101087, 37176.33513281022]
[16633.181621435637, 37176.32831022327]
[16633.19130809429, 37176.318809513126]
[16633.2200126651, 37176.28427505628]
[16633.225749930938, 37176.279372623154]
[16633.232464557277, 37176.27040440643]
[16633.252357598638, 37176.24201854656]
[16633.260617703974, 37176.23389589459]
[16633.27250110109, 37176.23246453632]
[16633.275895470066, 37176.22104648173]
[16633.293684655935, 37176.19339762032]
[16633.31865173299, 37176.17507908127]
[16633.351779481298, 37176.126938192734]
[16633.359350044735, 37176.12562117925]
[16633.36300784976, 37176.11648189091]
[16633.376326200465, 37176.09859423759]
[16633.38472428556, 37176.092647810736]
[16633.402018872977, 37176.068356998876]
[16633.440101893713, 37176.03190639735]
[16633.442851735457, 37176.02334085244]
[16633.44334817501, 37176.02176555944]
[16633.452291002835, 37176.01224495017]
[16633.498235583593, 37176.007477054794]
[16633.5055261776, 37175.95247808154]
[16633.51507640311, 37175.94223332275]
[16633.52796371821, 37175.93047606128]
[16633.592649778984, 37175.90124287272]
[16633.593409716446, 37175.86268866964]
[16633.621210936213, 37175.82735043053]
[16633.64954522625, 37175.79842521463]
[16633.65254944304, 37175.79566580137]
[16633.654875339165, 37175.79003039228]
[16633.67554188182, 37175.76838930984]
[16633.67706734084, 37175.767903566324]
[16633.678383659444, 37175.76636952157]
[16633.695025564255, 37175.74889103817]
[16633.69984073851, 37175.74360736113]
[16633.74666492771, 37175.69557061203]
[16633.76077863609, 37175.692331276485]
[16633.782760225673, 37175.66165412837]
[16633.81291087134, 37175.62860112883]
[16633.81899425899, 37175.62197202515]
[16633.82185470404, 37175.62013680831]
[16633.863375393983, 37175.57717094303]
[16633.86480555706, 37175.57625705325]
[16633.88556631576, 37175.55502775478]
[16633.935996249682, 37175.54346399012]
[16633.94176982772, 37175.50438063662]
[16633.947444953214, 37175.496833948804]
[16633.966978921286, 37175.48434079467]
[16633.969072045304, 37175.477271406846]
[16633.989929973766, 37175.45597240037]
[16634.02957514399, 37175.441898575984]
[16634.044886994903, 37175.40465091806]
[16634.051885168643, 37175.398505509926]
[16634.077847852768, 37175.375827632684]
[16634.078676299716, 37175.37398016507]
[16634.111248385576, 37175.34758660944]
[16634.116519224946, 37175.338953793325]
[16634.124473346237, 37175.33214579106]
[16634.13027251126, 37175.32811718111]
[16634.139776592972, 37175.32391708758]
[16634.140822441157, 37175.319141789005]
[16634.15797172569, 37175.30256731603]
[16634.18252563255, 37175.28076409185]
[16634.184968974332, 37175.27784963663]
[16634.200777465932, 37175.26618316139]
[16634.20088389118, 37175.264870620114]
[16634.209653686597, 37175.25721794739]
[16634.225231988927, 37175.24299141939]
[16634.244169804006, 37175.22704602104]
[16634.26270475027, 37175.211427751834]
[16634.26552180326, 37175.20855183398]
[16634.293135053653, 37175.18724092893]
[16634.302210736067, 37175.17791430698]
[16634.306253753683, 37175.17450133793]
[16634.34455834018, 37175.142431975306]
[16634.355167376485, 37175.1339302125]
[16634.371500165165, 37175.12100230706]
[16634.38123936548, 37175.11254964958]
[16634.43015749829, 37175.089946884254]
[16634.4457806275, 37175.08947930185]
[16634.446395616418, 37175.06037184079]
[16634.446852358647, 37175.06003039474]
[16634.44979957596, 37175.057383574]
[16634.458437014386, 37175.05048328096]
[16634.475033956853, 37175.03793396562]
[16634.481614725064, 37175.03294575625]
[16634.494132597058, 37175.02272349508]
[16634.4989347294, 37175.019496912064]
[16634.509402249598, 37175.01107309813]
[16634.55179826981, 37174.978669707605]
[16634.554915505145, 37174.97626566277]
[16634.565525092024, 37174.96846350956]
[16634.582937284496, 37174.95555559131]
[16634.584554839712, 37174.95455131415]
[16634.594307619624, 37174.95367576085]
[16634.60816602635, 37174.9366349033]
[16634.618177642104, 37174.929599535484]
[16634.65615422501, 37174.91404409712]
[16634.659590037834, 37174.8997087382]
[16634.68429134127, 37174.89801311489]
[16634.688705619563, 37174.87896127116]
[16634.689893871237, 37174.87776437303]
[16634.694080512756, 37174.87519173573]
[16634.69711575746, 37174.872577348266]
[16634.70439689141, 37174.8692325304]
[16634.72299270641, 37174.854398856965]
[16634.739914347218, 37174.84600189769]
[16634.753223213567, 37174.84253487722]
[16634.7555216104, 37174.83306137555]
[16634.777323778464, 37174.81809841212]
[16634.785071814502, 37174.81210426839]
[16634.78628850167, 37174.81148757757]
[16634.78638054832, 37174.81094766193]
[16634.79048519175, 37174.80814958813]
[16634.79360269516, 37174.805992989146]
[16634.796990758958, 37174.80392469342]
[16634.803610975847, 37174.799857651094]
[16634.822080298898, 37174.78705196858]
[16634.82306745731, 37174.7864254521]
[16634.82871217709, 37174.78319126845]
[16634.83028970074, 37174.78155872127]
[16634.83699411962, 37174.77903602556]
[16634.842516007157, 37174.773684876905]
[16634.84685786518, 37174.77057312571]
[16634.862023164605, 37174.76325645861]
[16634.86409251701, 37174.7595163043]
[16634.871017971785, 37174.75489785137]
[16634.871238569835, 37174.75488704877]
[16634.885282119358, 37174.74751217545]
[16634.89521431186, 37174.73968733983]
[16634.93296128588, 37174.72467494021]
[16634.93408078835, 37174.715946410324]
[16634.94603136891, 37174.70722861371]
[16634.951392382933, 37174.70433354575]
[16634.963446269645, 37174.70247160004]
[16634.96811206259, 37174.69375530296]
[16634.9699227918, 37174.69304405625]
[16634.981351752074, 37174.687936868]
[16634.990876020172, 37174.67983866279]
[16635.001182445725, 37174.673406315305]
[16635.026075119626, 37174.65840331852]
[16635.029644490576, 37174.658043728385]
[16635.03117435321, 37174.65675207821]
[16635.03583031322, 37174.65312203293]
[16635.061744626855, 37174.63801231654]
[16635.0661886484, 37174.63494562001]
[16635.07309917274, 37174.63080542114]
[16635.08063447227, 37174.62639999974]
[16635.083603643136, 37174.62486949607]
[16635.084414741843, 37174.624518415185]
[16635.086036943285, 37174.62381834521]
[16635.0914444531, 37174.62022346008]
[16635.12623776774, 37174.60188264968]
[16635.1263597917, 37174.60031097965]
[16635.138803170033, 37174.59413999707]
[16635.160632592215, 37174.58262358366]
[16635.16959944599, 37174.576235775145]
[16635.177862710265, 37174.5723146175]
[16635.213897236914, 37174.55265396106]
[16635.21662598567, 37174.55086961102]
[16635.22180130465, 37174.549714765584]
[16635.22286195508, 37174.547441688366]
[16635.225692635933, 37174.54606701941]
[16635.23008527681, 37174.5435363365]
[16635.242113992404, 37174.537312543085]
[16635.247086944244, 37174.53635338036]
[16635.262953410336, 37174.52671081356]
[16635.28273111125, 37174.516303649325]
[16635.289665373584, 37174.514882258]
[16635.290335865953, 37174.51246404934]
[16635.291552487284, 37174.511998709946]
[16635.302678651005, 37174.50817552581]
[16635.30713654913, 37174.50437325958]
[16635.312143990403, 37174.50134405666]
[16635.317555792135, 37174.50054897143]
[16635.31828008245, 37174.49873884436]
[16635.319367552936, 37174.49765303254]
[16635.345843880536, 37174.48450576073]
[16635.349455704047, 37174.48269842402]
[16635.36567949991, 37174.4765627377]
[16635.367338409247, 37174.47452839334]
[16635.38677628757, 37174.468447984385]
[16635.39695226629, 37174.460417188515]
[16635.400416896216, 37174.458460899514]
[16635.40865832318, 37174.45451897356]
[16635.409640180103, 37174.453971789524]
[16635.413458379026, 37174.45232522817]
[16635.43615646988, 37174.45052033903]
[16635.436156469885, 37174.450520339014]
[16635.447601533593, 37174.4460809761]
[16635.44849236348, 37174.43620868181]
[16635.457382658693, 37174.432947369714]
[16635.457551834123, 37174.43216075556]
[16635.46684871193, 37174.42986669333]
[16635.472788115283, 37174.42511893887]
[16635.474432974188, 37174.42466842011]
[16635.476777527703, 37174.423982354994]
[16635.492875742697, 37174.41720795268]
[16635.50032833287, 37174.413145249135]
[16635.50357261201, 37174.412078674526]
[16635.510061234796, 37174.40997893643]
[16635.52922471069, 37174.40028559951]
[16635.54564797214, 37174.39319002509]
[16635.5510126311, 37174.39145862416]
[16635.55188468157, 37174.39044078017]
[16635.553859643223, 37174.38967623319]
[16635.56192579715, 37174.38846294622]
[16635.571806381442, 37174.3830176296]
[16635.574938518148, 37174.38262712143]
[16635.60169812644, 37174.37066870186]
[16635.605138633044, 37174.36992088107]
[16635.60615446695, 37174.3694557396]
[16635.617419373983, 37174.364716537624]
[16635.622910251503, 37174.36128311288]
[16635.633953066445, 37174.35694879466]
[16635.634940583186, 37174.356593789395]
[16635.64123233874, 37174.35458590498]
[16635.643152534543, 37174.35332353745]
[16635.65400688451, 37174.35028158507]
[16635.662087674784, 37174.346888064276]
[16635.671823542027, 37174.34413619621]
[16635.672237257666, 37174.344030507615]
[16635.680767058395, 37174.3390111227]
[16635.706316797532, 37174.33082100195]
[16635.738685489832, 37174.317228782704]
[16635.755630159943, 37174.312106701174]
[16635.762108444338, 37174.31101993607]
[16635.76840552935, 37174.30832869895]
[16635.775698043108, 37174.30609905208]
[16635.77992511956, 37174.304447876515]
[16635.78265688361, 37174.30314648018]
[16635.796033868723, 37174.29817252403]
[16635.808542261682, 37174.296776192416]
[16635.811647157894, 37174.29415073874]
[16635.81368366429, 37174.29264901176]
[16635.822915656245, 37174.2889958678]
[16635.830985459266, 37174.28657028743]
[16635.84675829098, 37174.282756790024]
[16635.847479026706, 37174.280949212225]
[16635.850382702865, 37174.279947956085]
[16635.864462545935, 37174.27490680049]
[16635.884551352567, 37174.27084698547]
[16635.895470814983, 37174.26673063628]
[16635.916776541384, 37174.25905536069]
[16635.919261623974, 37174.257471761666]
[16635.929986661155, 37174.255348638166]
[16635.93993209964, 37174.25508371489]
[16635.969847859542, 37174.24575743939]
[16635.974741715352, 37174.242461596805]
[16635.98536466101, 37174.24053467379]
[16636.007578843855, 37174.23206332816]
[16636.014113923087, 37174.230757240555]
[16636.05476013757, 37174.221580733996]
[16636.055463926932, 37174.22033097744]
[16636.05668875563, 37174.22022940907]
[16636.060103654097, 37174.22015712064]
[16636.068261877204, 37174.21921970712]
[16636.07854566848, 37174.216340745515]
[16636.084550676816, 37174.21398163623]
[16636.096166263953, 37174.210868695474]
[16636.097874361105, 37174.20880379802]
[16636.113589721976, 37174.206281650826]
[16636.119327188662, 37174.20608250505]
[16636.126055251505, 37174.20404497939]
[16636.12725141203, 37174.2016489071]
[16636.147438117536, 37174.1990633572]
[16636.149413628937, 37174.19870348985]
[16636.155873511187, 37174.197340151855]
[16636.161148095995, 37174.196201128325]
[16636.16406902463, 37174.19432213397]
[16636.168812905493, 37174.19406151542]
[16636.184379871112, 37174.19058338975]
[16636.187185128387, 37174.188378567196]
[16636.19791204067, 37174.18732565148]
[16636.208658917807, 37174.18516497871]
[16636.214980711462, 37174.18414293383]
[16636.231891031865, 37174.1799036416]
[16636.247398977557, 37174.176554789985]
[16636.26941761248, 37174.17350625902]
[16636.270947604597, 37174.17192568162]
[16636.27649882806, 37174.170553398784]
[16636.280450037695, 37174.16999571305]
[16636.30472982282, 37174.165324733316]
[16636.31895495744, 37174.163658983096]
[16636.321156777525, 37174.16261439921]
[16636.34543792746, 37174.15882553423]
[16636.35508755081, 37174.155760482616]
[16636.367020388334, 37174.15400215302]
[16636.37547591104, 37174.152288665704]
[16636.39552862697, 37174.149175570885]
[16636.414277325413, 37174.14593709398]
[16636.42403711799, 37174.14460879739]
[16636.426151031537, 37174.14421716912]
[16636.43367820888, 37174.14294150477]
[16636.43565392381, 37174.14275910586]
[16636.453079209852, 37174.140065933316]
[16636.463096074225, 37174.139026211866]
[16636.46757150249, 37174.13884182216]
[16636.471551830535, 37174.13757411428]
[16636.478338465615, 37174.13723326011]
[16636.48408486954, 37174.13652062695]
[16636.48633000732, 37174.13565876746]
[16636.492341584384, 37174.13539267541]
[16636.49405569859, 37174.13526415289]
[16636.502570107383, 37174.13333100657]
[16636.50585980961, 37174.13319350264]
[16636.512270802228, 37174.132090933635]
[16636.520114514267, 37174.13137868697]
[16636.546510124845, 37174.1282515297]
[16636.55917466221, 37174.12698780884]
[16636.56462796691, 37174.12650878402]
[16636.56763065212, 37174.12579602988]
[16636.590865330836, 37174.12320310497]
[16636.6066913841, 37174.121992932676]
[16636.615147491015, 37174.12093040233]
[16636.62992634303, 37174.11968697493]
[16636.635201753732, 37174.11933975812]
[16636.66371237574, 37174.11694404143]
[16636.680191191714, 37174.116867815486]
[16636.698565486007, 37174.114180234894]
[16636.711230639892, 37174.11352251057]
[16636.73023814184, 37174.11235360773]
[16636.731952419388, 37174.11234984861]
[16636.74117795112, 37174.11044742959]
[16636.76825348222, 37174.11035767407]
[16636.792725064697, 37174.110010689576]
[16636.79953164327, 37174.10921675011]
[16636.806269271234, 37174.108816973705]
[16636.818934865798, 37174.10858693113]
[16636.831017364315, 37174.10811506907]
[16636.8442855089, 37174.10773078517]
[16636.866455425632, 37174.10748801674]
[16636.872797981567, 37174.107213979194]
[16636.87684828367, 37174.10703661289]
[16636.92031933013, 37174.10691902255]
values
[15088.527422862471, 82683.09516142034]
[15088.645867778052, 81637.35758696025]
[15089.049879065455, 81550.28656707461]
[15090.728244541211, 80961.48909067361]
[15092.738907929675, 80474.58320462162]
[15093.061703014899, 80424.72192134401]
[15093.131217324619, 80021.05780352514]
[15206.07729731277, 72545.55120344387]
[15387.514647135371, 61490.85932650439]
[15607.700199347504, 49042.341233155785]
[15637.25977337903, 47872.83299306734]
[15640.510985397095, 47695.86502337475]
[15645.38608364818, 47468.5422771204]
[15653.0716658865, 47166.90138217264]
[15655.862380196417, 47049.291414456224]
[15674.321598266579, 46468.99883241851]
[15679.58272644742, 46244.94151366113]
[15695.407158338567, 45821.9476642835]
[15698.367901941834, 45753.82574521516]
[15698.836844259404, 45726.80191709048]
[15703.970992653158, 45545.036458893446]
[15707.651564386937, 45460.54285294943]
[15709.381434239162, 45386.39530868499]
[15713.30275598183, 45290.30859560135]
[15716.106721634967, 45214.99048282802]
[15724.904708492515, 44972.099529921055]
[15734.105631781833, 44675.47890751341]
[15734.332047742919, 44673.40389889445]
[15739.891396723377, 44437.435301478305]
[15756.403679109631, 44063.23562225198]
[15759.498275190977, 43963.0020782481]
[15765.402469279417, 43812.42135412046]
[15767.044242252809, 43743.209663519105]
[15770.81746101122, 43688.23672202596]
[15771.110303945417, 43663.04487994207]
[15774.4678668612, 43592.02708380486]
[15776.849649614811, 43515.36208979277]
[15785.103806922223, 43423.06974568297]
[15787.288973514704, 43332.15309230178]
[15795.014799275108, 43161.251395856074]
[15796.949953477142, 43108.09377671888]
[15797.17988927379, 43107.199220486655]
[15803.035772502155, 42967.7772961818]
[15810.14921304889, 42824.262485187326]
[15817.28686457116, 42709.325831754446]
[15820.806593471836, 42627.92249950023]
[15823.227015104227, 42588.71726969884]
[15829.430198127384, 42479.38694027897]
[15835.6653470428, 42320.397648210645]
[15841.700174199406, 42187.08009628206]
[15850.172929660408, 42156.70973434267]
[15856.260387071785, 42012.24977427082]
[15859.54907638717, 41918.28795409168]
[15862.612507823309, 41839.513535061]
[15868.532063147477, 41783.97891924363]
[15872.440017481282, 41719.62148932553]
[15883.759451586886, 41520.651789653166]
[15888.07019522681, 41427.3188140526]
[15889.993740483698, 41392.70097515303]
[15910.52330445954, 41079.55660789367]
[15912.445892367092, 41066.59360621236]
[15921.317613811503, 40897.196090172605]
[15924.424442196212, 40861.16344286829]
[15931.072934919555, 40798.927407998875]
[15938.92761151848, 40707.52045122395]
[15949.309196552464, 40558.142280318425]
[15952.100189414867, 40501.55051212255]
[15953.423041017804, 40498.784383676175]
[15955.063017025353, 40464.911148877094]
[15957.547784954817, 40442.79346011471]
[15959.549792770742, 40419.156743415595]
[15964.044705095743, 40379.320501149545]
[15966.10728176645, 40352.28241175747]
[15982.8853329219, 40220.54059121078]
[15988.695238864811, 40114.29485162511]
[15995.367028102397, 39991.749888160666]
[16004.578732125807, 39928.483461583164]
[16009.196785507207, 39911.921426839384]
[16010.744565339362, 39893.423084267466]
[16021.209458489908, 39804.96828002148]
[16023.135442023879, 39777.11896230817]
[16025.05674208598, 39768.23829650641]
[16025.496059359935, 39755.67046284569]
[16027.238295541887, 39724.939711451254]
[16029.793481741937, 39704.37785799951]
[16031.09312486924, 39689.863462571346]
[16031.873321070681, 39681.16793946423]
[16031.873321070683, 39681.16793946422]
[16036.51639829947, 39638.00750216126]
[16038.273294307586, 39611.80682721522]
[16038.720723547034, 39602.39443697026]
[16042.602047654353, 39577.981598979575]
[16069.06578321021, 39432.336554086476]
[16076.057328972856, 39333.664824010004]
[16083.422684998632, 39298.70282486588]
[16086.849245883132, 39291.83742725005]
[16087.6956216365, 39290.95878538489]
[16095.85772516136, 39282.899449311335]
[16097.385729299973, 39269.387104658934]
[16102.159613050597, 39247.32769200809]
[16106.132332646597, 39223.70140219707]
[16106.941466399363, 39217.59683170353]
[16107.750905191802, 39211.38582285395]
[16113.58974421442, 39162.26878619496]
[16114.0765961712, 39151.632604171034]
[16118.089565890554, 39122.7170082888]
[16121.242321757969, 39079.705110383096]
[16131.872557090275, 39002.602404149475]
[16135.795851775883, 38943.98464910411]
[16137.386971526164, 38935.065839747585]
[16145.497364564757, 38870.85050297746]
[16151.362168518119, 38839.48549996221]
[16160.084136289179, 38803.87988160141]
[16166.137469133924, 38797.96111129133]
[16168.274308160399, 38778.1456883956]
[16169.877656804085, 38775.155518421554]
[16169.921893411514, 38765.412704289374]
[16174.883872795532, 38741.151889826724]
[16179.803204139456, 38714.15498756594]
[16183.892601046535, 38691.7295332239]
[16184.730415399486, 38685.777565315046]
[16187.382699734697, 38667.07131869265]
[16189.506807713282, 38666.85491467914]
[16189.773227785194, 38645.606119300886]
[16190.852503758557, 38643.07232019951]
[16192.150986461304, 38624.36618061062]
[16196.294333756323, 38599.992278575926]
[16199.601933830472, 38565.34477679968]
[16202.853509586123, 38563.26686004104]
[16204.78329285118, 38550.725698895745]
[16207.524488592178, 38533.17990591011]
[16207.922004068365, 38517.72320212144]
[16214.646686565686, 38479.54308075776]
[16218.520936922045, 38469.76027437006]
[16222.521489755178, 38455.34784812974]
[16222.57846754745, 38451.7916329341]
[16222.93369219637, 38448.45712239053]
[16230.00920444464, 38417.1167252095]
[16234.55567457169, 38396.69527525239]
[16236.220506286814, 38388.91135630495]
[16239.792574390114, 38355.18229487377]
[16243.756761654755, 38352.131085021785]
[16244.270019991684, 38349.63314011321]
[16248.2418859026, 38320.6174090691]
[16254.049379128643, 38309.560608020685]
[16260.144400581401, 38294.37494727808]
[16262.302841331913, 38287.66310891155]
[16262.543574647418, 38287.15774490042]
[16268.60072534177, 38267.454894316375]
[16275.992043480539, 38233.99196179594]
[16288.416769578787, 38222.43888359006]
[16289.33156579375, 38186.75687256813]
[16290.569851053668, 38170.374335853296]
[16295.711313090924, 38162.40101123944]
[16300.642101341093, 38087.27436386284]
[16318.59766167876, 38063.6622192421]
[16319.436044168808, 38051.69115783105]
[16328.187314426114, 37988.19265083811]
[16340.719728672557, 37954.12680112892]
[16342.020888035462, 37894.643897141104]
[16342.020890552387, 37894.643891969696]
[16342.020893109097, 37894.64388671659]
[16342.02089310925, 37894.643886716265]
[16342.020893109253, 37894.64388671626]
[16342.197064858501, 37894.60521520304]
[16344.268141502333, 37890.79400290085]
[16346.697199616687, 37885.90697667005]
[16370.26156384488, 37706.8754384662]
[16392.610442450503, 37700.283091185906]
[16398.596982992338, 37651.596064914826]
[16398.610710678677, 37651.58712343376]
[16398.624438458213, 37651.57819391966]
[16398.651894296887, 37651.56037073445]
[16398.77545018423, 37651.48075498404]
[16398.775450184236, 37651.480754984]
[16398.775450184243, 37651.48075498399]
[16398.775450184392, 37651.48075498363]
[16398.77545018486, 37651.4807549825]
[16398.775450304754, 37651.48075469075]
[16398.775450864276, 37651.480753329124]
[16398.7754553404, 37651.48074243632]
[16398.77546045598, 37651.48072998736]
[16398.775465571554, 37651.48071753848]
[16398.775468981938, 37651.48070923918]
[16398.775496265007, 37651.48064284496]
[16398.775550831146, 37651.4805100564]
[16398.775932794142, 37651.479580533414]
[16398.778988500373, 37651.472144155494]
[16398.796449755006, 37651.42964396878]
[16398.810418852034, 37651.395635769244]
[16399.284502179802, 37650.2258580728]
[16399.303589190982, 37650.184976260636]
[16400.87762251497, 37646.88299594731]
[16401.13563314805, 37646.33193239119]
[16401.3103938163, 37645.96048959626]
[16403.103618197612, 37642.463026912534]
[16403.157107231298, 37642.40671063243]
[16403.282515494793, 37642.14035173352]
[16403.407930536287, 37641.87470649836]
[16403.952380321196, 37640.861569910914]
[16403.999783638996, 37640.76623310544]
[16404.155725851568, 37640.53365119782]
[16404.4785858067, 37639.93892438348]
[16406.238229960927, 37608.361597600655]
[16410.06615083236, 37588.21096206376]
[16420.770986763764, 37585.563774420494]
[16422.024849379002, 37581.10803077069]
[16423.122389301912, 37577.443547894945]
[16423.279211964673, 37576.9372412607]
[16423.906580722796, 37574.953754905415]
[16424.220311964047, 37573.98662950484]
[16424.38926414373, 37530.545020682875]
[16427.202453559177, 37519.07455397026]
[16456.077099360456, 37515.51506394841]
[16523.305205736855, 37475.61929690423]
[16526.585658092856, 37405.37350738924]
[16526.803462694774, 37404.87522992263]
[16527.06510185479, 37404.19071137292]
[16530.771613307796, 37401.215100211484]
[16532.627354320943, 37396.02144351504]
[16573.062080034262, 37386.984594001944]
[16576.682338119463, 37379.14812465895]
[16580.320663685394, 37378.85842312739]
[16598.78257510712, 37357.258468648564]
[16629.060352015957, 37244.04575806448]
[16631.3627863256, 37179.09030415361]
[16631.469159054963, 37178.90825386131]
[16631.47828893492, 37178.86487465171]
[16631.493193533523, 37178.8324912521]
[16631.503425982908, 37178.820596938625]
[16631.514684129746, 37178.79962605338]
[16631.539553584473, 37178.74961903995]
[16631.551859605966, 37178.725427281955]
[16631.607981659807, 37178.69131073021]
[16631.645487648595, 37178.66172673309]
[16631.667063674213, 37178.54470064451]
[16631.674818729316, 37178.52487422594]
[16631.701846568954, 37178.468536725995]
[16631.706776799736, 37178.46444336846]
[16631.725658880845, 37178.437593882285]
[16631.74518200415, 37178.40417729017]
[16631.760359631007, 37178.37470899636]
[16631.765872266642, 37178.36165502876]
[16631.77195118305, 37178.35351067178]
[16631.80335838507, 37178.302268071246]
[16631.81129789001, 37178.284874564524]
[16631.81617781749, 37178.27660009516]
[16631.836900379003, 37178.26154728467]
[16631.842287115956, 37178.23467414541]
[16631.88113381324, 37178.17219078965]
[16631.893036929658, 37178.153391722575]
[16631.906661310946, 37178.13901823821]
[16631.968556111708, 37178.034495390806]
[16631.96917608771, 37178.030252807934]
[16631.978347969936, 37178.02375425972]
[16631.988110236834, 37178.00297340647]
[16631.996758046484, 37177.99376748731]
[16631.9970639618, 37177.984047846505]
[16632.033022434713, 37177.93145805369]
[16632.044833997214, 37177.921121608626]
[16632.053002884943, 37177.895720176544]
[16632.05980333192, 37177.88419501424]
[16632.06355182344, 37177.88127640983]
[16632.072429043204, 37177.86872036465]
[16632.080789040883, 37177.85131674469]
[16632.082386163234, 37177.848603657585]
[16632.096457714048, 37177.84037614982]
[16632.100971990752, 37177.82248541446]
[16632.1254332009, 37177.78699999717]
[16632.13737047456, 37177.76544038802]
[16632.15935423517, 37177.73818312724]
[16632.164195344973, 37177.72552423294]
[16632.206070992022, 37177.71674568359]
[16632.209941959853, 37177.71073997188]
[16632.231663265637, 37177.627538058885]
[16632.243704477136, 37177.605596592395]
[16632.2582102404, 37177.5829921399]
[16632.25885135461, 37177.57841394141]
[16632.264194859647, 37177.57827029479]
[16632.265463161253, 37177.5717164312]
[16632.272698510234, 37177.55711306005]
[16632.28432544163, 37177.54699310508]
[16632.295749219185, 37177.54070587308]
[16632.297343783106, 37177.527037634696]
[16632.30154367417, 37177.51457548212]
[16632.30833189346, 37177.503226303284]
[16632.328520822946, 37177.47331017829]
[16632.333969443458, 37177.46579642429]
[16632.346382852793, 37177.458116634]
[16632.360365222456, 37177.427190204515]
[16632.364832773826, 37177.42220357892]
[16632.376476604386, 37177.41069799289]
[16632.38172647401, 37177.39658739028]
[16632.394437096453, 37177.376776316014]
[16632.400212872548, 37177.369467473814]
[16632.415784231725, 37177.3457137344]
[16632.423555278026, 37177.33731684126]
[16632.43275657251, 37177.32219057746]
[16632.458319808964, 37177.28999382628]
[16632.465168944327, 37177.281780406134]
[16632.483681255635, 37177.25096359053]
[16632.490183862257, 37177.24443042899]
[16632.510148244066, 37177.20858260206]
[16632.510947021008, 37177.20734001467]
[16632.515616322016, 37177.201941188316]
[16632.534955050207, 37177.17412498838]
[16632.544723995234, 37177.1600444773]
[16632.551523569004, 37177.15315298839]
[16632.553294231075, 37177.150002257564]
[16632.555150485743, 37177.14786161151]
[16632.561187787138, 37177.137018997106]
[16632.564869310412, 37177.133851232975]
[16632.567149077324, 37177.13204839948]
[16632.569167151305, 37177.126593162335]
[16632.57269764365, 37177.12099519413]
[16632.585147366823, 37177.104815453364]
[16632.59661979721, 37177.0970371117]
[16632.619852606513, 37177.05397869125]
[16632.6232242166, 37177.05007619115]
[16632.625115804065, 37177.046608999844]
[16632.63519766431, 37177.04044985431]
[16632.639679961965, 37177.02932507059]
[16632.648245890545, 37177.02084828785]
[16632.649916143906, 37177.01505586584]
[16632.675439524188, 37176.977750446655]
[16632.701537057106, 37176.94831428132]
[16632.702265409414, 37176.94179631374]
[16632.709632910664, 37176.93337544642]
[16632.729910363905, 37176.90637703449]
[16632.73614067638, 37176.89781221739]
[16632.754965680535, 37176.87382618045]
[16632.777312920585, 37176.83907383376]
[16632.795230348045, 37176.825130148165]
[16632.80267552233, 37176.80515730709]
[16632.81110664869, 37176.79580714633]
[16632.820857262763, 37176.78130473744]
[16632.82405298941, 37176.77667151332]
[16632.825650859188, 37176.77435722796]
[16632.837615364566, 37176.76111047118]
[16632.843936367553, 37176.75115092828]
[16632.847797516853, 37176.75093791277]
[16632.87050583118, 37176.716746900056]
[16632.881788707797, 37176.70659081892]
[16632.8906334748, 37176.69240178225]
[16632.89431866824, 37176.6866792018]
[16632.9360102818, 37176.64919938128]
[16632.949772349475, 37176.619019926606]
[16632.957958541174, 37176.60182083619]
[16632.960532570167, 37176.599000423616]
[16632.962130574822, 37176.59676074549]
[16633.00322845013, 37176.54422365669]
[16633.0182903713, 37176.526309676025]
[16633.02014648361, 37176.52441073192]
[16633.040274712403, 37176.50100959251]
[16633.041705465817, 37176.49982570876]
[16633.05140957247, 37176.48439616939]
[16633.062052880734, 37176.475491919664]
[16633.073837548287, 37176.460016436344]
[16633.080824657416, 37176.45790570237]
[16633.082762540358, 37176.45365078016]
[16633.09701899204, 37176.42740907136]
[16633.12855848902, 37176.39243980068]
[16633.143283648795, 37176.37123506436]
[16633.150650933527, 37176.36376948996]
[16633.17149531133, 37176.34088514542]
[16633.17466101087, 37176.33513281022]
[16633.181621435637, 37176.32831022327]
[16633.191103883317, 37176.313000618036]
[16633.20701813804, 37176.2943632032]
[16633.21620658581, 37176.284119621116]
[16633.223465974243, 37176.27416053987]
[16633.22676591004, 37176.2692280223]
[16633.233530451205, 37176.263071875284]
[16633.252357598638, 37176.24201854656]
[16633.260617703974, 37176.23389589459]
[16633.27250110109, 37176.23246453632]
[16633.275895470066, 37176.22104648173]
[16633.293684655935, 37176.19339762032]
[16633.31865173299, 37176.17507908127]
[16633.320344586737, 37176.159539806795]
[16633.321274984424, 37176.157993759334]
[16633.339734181354, 37176.13871130026]
[16633.347301872658, 37176.12873575729]
[16633.351779481298, 37176.126938192734]
[16633.35482137035, 37176.1202374391]
[16633.361667461788, 37176.11157261971]
[16633.36326586971, 37176.10955713608]
[16633.373209181147, 37176.098504149224]
[16633.383191066805, 37176.08851910563]
[16633.386496305997, 37176.08355694381]
[16633.402018872977, 37176.068356998876]
[16633.440101893713, 37176.03190639735]
[16633.442851735457, 37176.02334085244]
[16633.44334817501, 37176.02176555944]
[16633.447465063044, 37176.01508402696]
[16633.452291002835, 37176.01224495017]
[16633.479830141816, 37175.97896814934]
[16633.5055261776, 37175.95247808154]
[16633.5071225885, 37175.94783381669]
[16633.51507640311, 37175.94223332275]
[16633.52389662273, 37175.930079701815]
[16633.52530878494, 37175.92814843448]
[16633.52765658419, 37175.92604367812]
[16633.544106729616, 37175.90761368069]
[16633.5480527325, 37175.903863150226]
[16633.592649778984, 37175.90124287272]
[16633.593409716446, 37175.86268866964]
[16633.621210936213, 37175.82735043053]
[16633.63291293086, 37175.81183685858]
[16633.63788499214, 37175.80673855103]
[16633.645460890144, 37175.79935854088]
[16633.64954522625, 37175.79842521463]
[16633.65254944304, 37175.79566580137]
[16633.654875339165, 37175.79003039228]
[16633.67554188182, 37175.76838930984]
[16633.67706734084, 37175.767903566324]
[16633.678383659444, 37175.76636952157]
[16633.678868934538, 37175.76350929366]
[16633.682074877896, 37175.76078504824]
[16633.68551319113, 37175.756691284485]
[16633.695025564255, 37175.74889103817]
[16633.69984073851, 37175.74360736113]
[16633.721664671244, 37175.71911050016]
[16633.74666492771, 37175.69557061203]
[16633.76077863609, 37175.692331276485]
[16633.782760225673, 37175.66165412837]
[16633.78891187614, 37175.65153816792]
[16633.794898565608, 37175.64479324327]
[16633.801543084002, 37175.63822732737]
[16633.81041936225, 37175.628990206766]
[16633.81134099466, 37175.6285029921]
[16633.815391692933, 37175.62417647708]
[16633.81899425899, 37175.62197202515]
[16633.82185470404, 37175.62013680831]
[16633.825527826677, 37175.614703300285]
[16633.843779249575, 37175.59631644633]
[16633.84833394099, 37175.59170175076]
[16633.863375393983, 37175.57717094303]
[16633.86480555706, 37175.57625705325]
[16633.878045523874, 37175.562230068164]
[16633.88556631576, 37175.55502775478]
[16633.89305192, 37175.54744475354]
[16633.8999764799, 37175.54062493673]
[16633.925483183135, 37175.51635122392]
[16633.938603518407, 37175.504424885774]
[16633.94176982772, 37175.50438063662]
[16633.947444953214, 37175.496833948804]
[16633.948018611678, 37175.495966500275]
[16633.951921291024, 37175.49100174021]
[16633.966978921286, 37175.48434079467]
[16633.969072045304, 37175.477271406846]
[16633.989929973766, 37175.45597240037]
[16633.995520831795, 37175.44963887807]
[16634.016646215176, 37175.43008271391]
[16634.028414619224, 37175.41915454399]
[16634.03651042999, 37175.41128197254]
[16634.03963028429, 37175.40852364832]
[16634.044886994903, 37175.40465091806]
[16634.04622789239, 37175.40234650689]
[16634.051885168643, 37175.398505509926]
[16634.0564754337, 37175.392878179206]
[16634.058128293625, 37175.39146842375]
[16634.077847852768, 37175.375827632684]
[16634.078676299716, 37175.37398016507]
[16634.082979297258, 37175.368581790775]
[16634.111248385576, 37175.34758660944]
[16634.116519224946, 37175.338953793325]
[16634.124473346237, 37175.33214579106]
[16634.13027251126, 37175.32811718111]
[16634.139776592972, 37175.32391708758]
[16634.140822441157, 37175.319141789005]
[16634.147732410245, 37175.310822339336]
[16634.15797172569, 37175.30256731603]
[16634.167911406184, 37175.2927618812]
[16634.171213847265, 37175.28991379338]
[16634.17744745671, 37175.28431889121]
[16634.18252563255, 37175.28076409185]
[16634.184968974332, 37175.27784963663]
[16634.200777465932, 37175.26618316139]
[16634.20088389118, 37175.264870620114]
[16634.209653686597, 37175.25721794739]
[16634.216654375898, 37175.249948200886]
[16634.225231988927, 37175.24299141939]
[16634.226453750016, 37175.241564084456]
[16634.244169804006, 37175.22704602104]
[16634.254373930147, 37175.21750402452]
[16634.25711733054, 37175.21513520309]
[16634.257647486498, 37175.21461503246]
[16634.258902917143, 37175.21365812114]
[16634.26270475027, 37175.211427751834]
[16634.26552180326, 37175.20855183398]
[16634.291210153704, 37175.186864080155]
[16634.298116248647, 37175.181153867146]
[16634.302210736067, 37175.17791430698]
[16634.306253753683, 37175.17450133793]
[16634.308465788778, 37175.172196335196]
[16634.3231702805, 37175.15982590276]
[16634.328448726843, 37175.155667394625]
[16634.34455834018, 37175.142431975306]
[16634.34578029201, 37175.14106967118]
[16634.355167376485, 37175.1339302125]
[16634.371500165165, 37175.12100230706]
[16634.37370175536, 37175.1181205807]
[16634.37548743798, 37175.11671381]
[16634.38123936548, 37175.11254964958]
[16634.39934558615, 37175.09730729111]
[16634.43015749829, 37175.089946884254]
[16634.437689976137, 37175.06705526855]
[16634.446153315293, 37175.06028695228]
[16634.446852358647, 37175.06003039474]
[16634.44979957596, 37175.057383574]
[16634.458437014386, 37175.05048328096]
[16634.473178025495, 37175.038780231356]
[16634.475033956853, 37175.03793396562]
[16634.476749558966, 37175.03608868488]
[16634.481614725064, 37175.03294575625]
[16634.494132597058, 37175.02272349508]
[16634.4989347294, 37175.019496912064]
[16634.509402249598, 37175.01107309813]
[16634.53075828548, 37174.99447896886]
[16634.55179826981, 37174.978669707605]
[16634.554915505145, 37174.97626566277]
[16634.563227376497, 37174.970089361086]
[16634.565525092024, 37174.96846350956]
[16634.570695714086, 37174.96434707643]
[16634.581540635707, 37174.95633277927]
[16634.582937284496, 37174.95555559131]
[16634.584554839712, 37174.95455131415]
[16634.594307619624, 37174.95367576085]
[16634.60816602635, 37174.9366349033]
[16634.609740789147, 37174.935375969304]
[16634.618177642104, 37174.929599535484]
[16634.625241938465, 37174.92422392977]
[16634.65615422501, 37174.91404409712]
[16634.659590037834, 37174.8997087382]
[16634.66802176806, 37174.89333473362]
[16634.686335741877, 37174.88021620224]
[16634.68729358422, 37174.87945286855]
[16634.688705619563, 37174.87896127116]
[16634.689893871237, 37174.87776437303]
[16634.694080512756, 37174.87519173573]
[16634.69711575746, 37174.872577348266]
[16634.70439689141, 37174.8692325304]
[16634.70637039336, 37174.86595961679]
[16634.708156350993, 37174.864754409915]
[16634.712962156245, 37174.861443095695]
[16634.715429924363, 37174.85963542772]
[16634.72299270641, 37174.854398856965]
[16634.739914347218, 37174.84600189769]
[16634.751668369492, 37174.83461284935]
[16634.7555216104, 37174.83306137555]
[16634.777323778464, 37174.81809841212]
[16634.785071814502, 37174.81210426839]
[16634.78628850167, 37174.81148757757]
[16634.78638054832, 37174.81094766193]
[16634.79048519175, 37174.80814958813]
[16634.79360269516, 37174.805992989146]
[16634.796990758958, 37174.80392469342]
[16634.801915268643, 37174.80046957946]
[16634.803610975847, 37174.799857651094]
[16634.803896438454, 37174.79906313828]
[16634.80568247676, 37174.79791718504]
[16634.822080298898, 37174.78705196858]
[16634.82306745731, 37174.7864254521]
[16634.82871217709, 37174.78319126845]
[16634.83028970074, 37174.78155872127]
[16634.83699411962, 37174.77903602556]
[16634.842516007157, 37174.773684876905]
[16634.843837867913, 37174.772546244756]
[16634.84685786518, 37174.77057312569]
[16634.862023164605, 37174.76325645861]
[16634.86409251701, 37174.7595163043]
[16634.871017971785, 37174.75489785137]
[16634.871238569835, 37174.75488704877]
[16634.885282119358, 37174.74751217545]
[16634.89521431186, 37174.73968733983]
[16634.93296128588, 37174.72467494021]
[16634.93408078835, 37174.715946410324]
[16634.94047577213, 37174.71062339627]
[16634.94603136891, 37174.70722861371]
[16634.949195225643, 37174.705285704345]
[16634.951392382933, 37174.70433354575]
[16634.95166314381, 37174.70366522118]
[16634.955917225085, 37174.70099208882]
[16634.966211574792, 37174.694614998065]
[16634.96811206259, 37174.69375530296]
[16634.9699227918, 37174.69304405625]
[16634.979526110918, 37174.68643284835]
[16634.99037276747, 37174.679897156515]
[16634.990876020172, 37174.67983866279]
[16635.001182445725, 37174.673406315305]
[16635.026075119626, 37174.65840331852]
[16635.029644490576, 37174.658043728385]
[16635.03117435321, 37174.65675207821]
[16635.03583031322, 37174.65312203293]
[16635.037117098724, 37174.65179156982]
[16635.046177762753, 37174.64646295513]
[16635.05647245152, 37174.640393171605]
[16635.061744626855, 37174.63801231654]
[16635.0661886484, 37174.63494562001]
[16635.07309917274, 37174.63080542114]
[16635.07706194362, 37174.62835860948]
[16635.08063447227, 37174.62639999974]
[16635.083603643136, 37174.62486949607]
[16635.084414741843, 37174.624518415185]
[16635.086036943285, 37174.62381834521]
[16635.0914444531, 37174.62022346008]
[16635.10973275638, 37174.60960797598]
[16635.12249570988, 37174.60226908187]
[16635.12623776774, 37174.60188264968]
[16635.1263597917, 37174.60031097965]
[16635.138803170033, 37174.59413999707]
[16635.160632592215, 37174.58262358366]
[16635.1612857882, 37174.5807549352]
[16635.16959944599, 37174.576235775145]
[16635.1737081076, 37174.57389291086]
[16635.177862710265, 37174.5723146175]
[16635.212761765717, 37174.55271304707]
[16635.213897236914, 37174.55265396106]
[16635.21662598567, 37174.55086961102]
[16635.22180130465, 37174.549714765584]
[16635.22286195508, 37174.547441688366]
[16635.225692635933, 37174.54606701941]
[16635.229097938372, 37174.5440267096]
[16635.23008527681, 37174.5435363365]
[16635.239117138037, 37174.53867168081]
[16635.242113992404, 37174.537312543085]
[16635.247086944244, 37174.53635338036]
[16635.251961709233, 37174.53201273368]
[16635.262953410336, 37174.52671081356]
[16635.266103153754, 37174.52474798718]
[16635.28273111125, 37174.516303649325]
[16635.289665373584, 37174.514882258]
[16635.290335865953, 37174.51246404934]
[16635.291552487284, 37174.511998709946]
[16635.302678651005, 37174.50817552581]
[16635.304817283748, 37174.50500939136]
[16635.30713654913, 37174.50437325958]
[16635.310305953903, 37174.50216048026]
[16635.312143990403, 37174.50134405666]
[16635.317555792135, 37174.50054897143]
[16635.31828008245, 37174.49873884436]
[16635.319367552936, 37174.497653032515]
[16635.342232061965, 37174.48631745631]
[16635.345843880536, 37174.48450576073]
[16635.349455704043, 37174.482698424006]
[16635.36567949991, 37174.4765627377]
[16635.367338409247, 37174.47452839334]
[16635.38677628757, 37174.468447984385]
[16635.39695226629, 37174.460417188515]
[16635.400416896216, 37174.458460899514]
[16635.40865832318, 37174.45451897356]
[16635.409640180103, 37174.453971789524]
[16635.413458379026, 37174.45232522817]
[16635.426935434152, 37174.445797823675]
[16635.44849236348, 37174.43620868181]
[16635.454280281745, 37174.43320043677]
[16635.457382658693, 37174.432947369714]
[16635.457551834123, 37174.43216075556]
[16635.46684871193, 37174.42986669333]
[16635.472788115283, 37174.42511893887]
[16635.474432974188, 37174.42466842011]
[16635.476777527703, 37174.423982354994]
[16635.492875742697, 37174.41720795268]
[16635.50032833287, 37174.413145249135]
[16635.50357261201, 37174.412078674526]
[16635.510061234796, 37174.40997893643]
[16635.514467105088, 37174.40655764142]
[16635.52901846436, 37174.400203883204]
[16635.54356989762, 37174.393919483526]
[16635.54564797214, 37174.39319002509]
[16635.5510126311, 37174.39145862416]
[16635.55188468157, 37174.39044078017]
[16635.553859643223, 37174.38967623319]
[16635.56192579715, 37174.38846294622]
[16635.571806381442, 37174.3830176296]
[16635.574938518148, 37174.38262712143]
[16635.60169812644, 37174.37066870186]
[16635.605138633044, 37174.36992088107]
[16635.60615446695, 37174.3694557396]
[16635.617419373983, 37174.364716537624]
[16635.617511350072, 37174.36341346898]
[16635.62204267177, 37174.36161703262]
[16635.622910251503, 37174.36128311288]
[16635.63384996289, 37174.35690935909]
[16635.634940583186, 37174.356593789395]
[16635.641125942784, 37174.35400860559]
[16635.643152534543, 37174.35332353745]
[16635.649389464434, 37174.35077504223]
[16635.65400688451, 37174.35028158507]
[16635.662087674784, 37174.346888064276]
[16635.671823542027, 37174.34413619621]
[16635.672237257666, 37174.344030507615]
[16635.67270072959, 37174.34180044678]
[16635.680767058395, 37174.3390111227]
[16635.706316797532, 37174.33082100195]
[16635.724133040534, 37174.32258266379]
[16635.738685489832, 37174.317228782704]
[16635.751384404233, 37174.313755841315]
[16635.755630159943, 37174.312106701174]
[16635.762108444338, 37174.31101993607]
[16635.762985101508, 37174.30862727471]
[16635.76840552935, 37174.30832869895]
[16635.775698043108, 37174.30609905208]
[16635.77992511956, 37174.304447876515]
[16635.78265688361, 37174.30314648018]
[16635.796033868723, 37174.29817252403]
[16635.808542261682, 37174.296776192416]
[16635.811647157894, 37174.29415073874]
[16635.81368366429, 37174.29264901176]
[16635.818358875902, 37174.290626381844]
[16635.822915656245, 37174.2889958678]
[16635.825366800807, 37174.287603356664]
[16635.830985459266, 37174.28657028743]
[16635.845276905795, 37174.28137364439]
[16635.847479026706, 37174.280949212225]
[16635.850382702865, 37174.279947956085]
[16635.864462545935, 37174.27490680049]
[16635.884551352567, 37174.27084698547]
[16635.895470814983, 37174.26673063628]
[16635.916776541384, 37174.25905536069]
[16635.919261623974, 37174.257471761666]
[16635.929986661155, 37174.255348638166]
[16635.93993209964, 37174.25508371489]
[16635.94530481769, 37174.25157281728]
[16635.969847859542, 37174.24575743939]
[16635.974741715352, 37174.242461596805]
[16635.98536466101, 37174.24053467379]
[16636.007578843855, 37174.23206332816]
[16636.00955420933, 37174.2316040117]
[16636.013159507904, 37174.230203831605]
[16636.01929218851, 37174.23006653353]
[16636.05476013757, 37174.221580733996]
[16636.055463926932, 37174.22033097744]
[16636.05668875563, 37174.22022940907]
[16636.060103654097, 37174.22015712064]
[16636.068261877204, 37174.21921970712]
[16636.07854566848, 37174.216340745515]
[16636.084550676816, 37174.21398163623]
[16636.096166263953, 37174.210868695474]
[16636.097874361105, 37174.20880379802]
[16636.09886208363, 37174.208604175576]
[16636.10712700115, 37174.206611230155]
[16636.113589721976, 37174.206281650826]
[16636.119327188662, 37174.20608250505]
[16636.126055251505, 37174.20404497939]
[16636.12725141203, 37174.2016489071]
[16636.147438117536, 37174.1990633572]
[16636.149413628937, 37174.19870348985]
[16636.155873511187, 37174.197340151855]
[16636.161148095995, 37174.196201128325]
[16636.16406902463, 37174.19432213397]
[16636.164857161653, 37174.19324094337]
[16636.184379871112, 37174.19058338975]
[16636.187185128387, 37174.18837856719]
[16636.188172890394, 37174.18820877287]
[16636.19643807982, 37174.186456703654]
[16636.20371552512, 37174.18489118034]
[16636.214980711462, 37174.18414293383]
[16636.231841611683, 37174.17914125915]
[16636.247398977557, 37174.176554789985]
[16636.26941761248, 37174.17350625902]
[16636.270947604597, 37174.17192568162]
[16636.27649882806, 37174.170553398784]
[16636.277486629537, 37174.17041341057]
[16636.280450037695, 37174.16999571305]
[16636.281091978773, 37174.16927892184]
[16636.285685144932, 37174.16801579071]
[16636.29882771116, 37174.1665028287]
[16636.30472982282, 37174.165324733316]
[16636.31895495744, 37174.163658983096]
[16636.321156777525, 37174.16261439921]
[16636.32115677753, 37174.1626143992]
[16636.34543792746, 37174.15882553423]
[16636.35508755081, 37174.155760482616]
[16636.367020388334, 37174.15400215302]
[16636.375001889654, 37174.153020406695]
[16636.37547591104, 37174.152288665704]
[16636.379595127622, 37174.15188574759]
[16636.379832143146, 37174.151522472515]
[16636.39552862697, 37174.149175570885]
[16636.399746653922, 37174.148938252394]
[16636.414277325413, 37174.14593709398]
[16636.42403711799, 37174.14460879739]
[16636.426151031537, 37174.14421716912]
[16636.43367820888, 37174.14294150477]
[16636.43565392381, 37174.14275910586]
[16636.44539435889, 37174.142677002055]
[16636.453079209852, 37174.140065933316]
[16636.463096074225, 37174.139026211866]
[16636.46757150249, 37174.13884182216]
[16636.471551830535, 37174.13757411428]
[16636.478338465615, 37174.13723326011]
[16636.48408486954, 37174.13652062695]
[16636.48633000732, 37174.13565876746]
[16636.487525182187, 37174.135284679636]
[16636.49405569859, 37174.13526415289]
[16636.500668868874, 37174.13462124339]
[16636.502570107383, 37174.13333100657]
[16636.50585980961, 37174.13319350264]
[16636.507677409463, 37174.133022765076]
[16636.512270802228, 37174.132090933635]
[16636.520114514267, 37174.13137868697]
[16636.527592834143, 37174.13124856853]
[16636.534601415777, 37174.12971182345]
[16636.546510124845, 37174.1282515297]
[16636.55917466221, 37174.12698780884]
[16636.56462796691, 37174.12650878402]
[16636.56763065212, 37174.12579602988]
[16636.586034898584, 37174.12436341588]
[16636.586271852237, 37174.124017944225]
[16636.590865330836, 37174.12320310497]
[16636.6066913841, 37174.121992932676]
[16636.615147491015, 37174.12093040233]
[16636.62992634303, 37174.11968697493]
[16636.635201753732, 37174.11933975812]
[16636.640121416985, 37174.11896811387]
[16636.66371237574, 37174.11694404143]
[16636.680191191714, 37174.116867815486]
[16636.693971889257, 37174.114835371984]
[16636.698565486007, 37174.114180234894]
[16636.711230639892, 37174.11352251057]
[16636.73023814184, 37174.11235360773]
[16636.731952419388, 37174.11234984861]
[16636.74117795112, 37174.11044742959]
[16636.76825348222, 37174.11035767407]
[16636.77716460026, 37174.10992142458]
[16636.797318758585, 37174.10949641448]
[16636.79949715674, 37174.10940415273]
[16636.79953164327, 37174.10921675011]
[16636.806269271234, 37174.108816973705]
[16636.818934865798, 37174.10858693113]
[16636.831017364315, 37174.10811506907]
[16636.834188608467, 37174.10794097088]
[16636.8442855089, 37174.10773078517]
[16636.860122525104, 37174.107502769264]
[16636.86329379597, 37174.10735790545]
[16636.863293795974, 37174.10735790544]
[16636.872797981567, 37174.107213979194]
[16636.87684828367, 37174.10703661289]
[16636.92031933013, 37174.10691902255]
end_solutions
[-0.6954784807331391, -6.7074684642157685, -37.767631820249484, -30.29781699771226, -17.067192537937608, 28.314299203852933, 11.992139750753122, 0.5589549167995355, -11.836502509480479, 22.803067840435663, 8.866906150042219, -33.61326525676168, -10.921402192004116, -11.689232736931086, -18.95212370582576, -10.345304363355426, -38.63310207769771, 5.75985750210527, 35.65999926944177, -10.624350650230184]
[-0.695750995064132, -6.70701799750797, -37.767164956468434, -30.298322623226518, -17.066712375163437, 28.313852376428475, 11.99212006452911, 0.559152557986111, -11.836445949233342, 22.802976734464195, 8.867152037291309, -33.61329572074376, -10.921059995780103, -11.689237073782724, -18.952031059473065, -10.34599980477575, -38.63275987763075, 5.76011490691511, 35.65957431089262, -10.624510124269918]
[-0.6960074581713558, -6.706592690485205, -37.766723305462946, -30.29879848769504, -17.066242837680647, 28.31342871068119, 11.992100673047357, 0.5593500408040294, -11.836388367360342, 22.80288985351489, 8.867395770705938, -33.61333042379762, -10.920738758974057, -11.689244559116627, -18.951946498688045, -10.346656232227723, -38.63243727467541, 5.760357781727871, 35.659169993075864, -10.624655580211208]
[-0.6962639212785797, -6.706167383462439, -37.76628165445746, -30.299274352163565, -17.06577330019786, 28.313005044933906, 11.992081281565605, 0.5595475236219478, -11.836330785487345, 22.802802972565587, 8.867639504120568, -33.61336512685148, -10.920417522168009, -11.68925204445053, -18.951861937903026, -10.347312659679696, -38.632114671720075, 5.760600656540632, 35.6587656752591, -10.6248010361525]
[-0.696638093463601, -6.705546644973539, -37.76563691903932, -30.299968627938313, -17.065085327221794, 28.31238640487964, 11.99205284638026, 0.5598375517656629, -11.836246052482338, 22.80267602633101, 8.867997151036672, -33.6134167593168, -10.919948980518184, -11.689263530485054, -18.95173900261998, -10.348270691567226, -38.63164391067812, 5.760955108609831, 35.65817505858016, -10.62501248423839]
[-0.6969866116977637, -6.704962194840238, -37.76502648999853, -30.300615840730174, -17.064366197423336, 28.311796219470736, 11.992022747661878, 0.5601587246736666, -11.836147446162434, 22.80255260561832, 8.868384926375022, -33.61349193639446, -10.919515846465776, -11.689289406253085, -18.951635891937613, -10.34917183372595, -38.63120310448607, 5.761288548392342, 35.65760518300323, -10.625188939725934]
[-0.6974225760596365, -6.704220445861507, -37.76424610711959, -30.301426380718553, -17.06333365199059, 28.311034251912268, 11.991978974099265, 0.5606471246023694, -11.835990662471756, 22.80238942028537, 8.868962778471015, -33.61363197633918, -10.918979595645935, -11.689347546121416, -18.951526244169607, -10.350314019443477, -38.6306477631251, 5.761711261157796, 35.6568587706757, -10.625374873813488]
[-0.6978328864706509, -6.703514985238376, -37.76350003061798, -30.302189857724045, -17.06226994973545, 28.310300738999167, 11.991933537003616, 0.561166669295361, -11.835820005466182, 22.802229760474304, 8.869570758989255, -33.613795560896236, -10.91847875242351, -11.689420075723255, -18.951436421002285, -10.351399315432197, -38.63012237661404, 5.76211296163656, 35.65613309945017, -10.625525815302696]
[-0.6982473583215489, -6.702801787610692, -37.76274539627917, -30.302961068738156, -17.061187879809605, 28.309558429872606, 11.991887258797712, 0.5616964088197427, -11.83564576409824, 22.802067996199412, 8.870190199988514, -33.61396338153888, -10.917973186117313, -11.6894947990042, -18.95134682598389, -10.352496448598005, -38.62959141537759, 5.762518987367662, 35.655398195424624, -10.625676301419947]
[-0.698695600942246, -6.702031070481537, -37.761930243596154, -30.303795097763462, -17.060025155149077, 28.308756968409874, 11.99183755429194, 0.5622644232470054, -11.83545920617588, 22.801893539512506, 8.87085486181444, -33.61414228571413, -10.91742609883815, -11.689574154821628, -18.95124882893993, -10.353682149888412, -38.629017441943844, 5.762957806997614, 35.65460531666578, -10.625841012880258]
[-0.6992319899375994, -6.701109534867959, -37.76095600377643, -30.304793111780615, -17.058643168949793, 28.30779955107325, 11.991778486689956, 0.5629380278213423, -11.835238333094843, 22.801685386051616, 8.871643660107193, -33.614353116780066, -10.916771025995786, -11.689667290217184, -18.951130194828153, -10.35509999339525, -38.628330925743086, 5.763482549161013, 35.65365893127458, -10.626040565653367]
[-0.6997683789329527, -6.70018799925438, -37.75998176395671, -30.305791125797768, -17.057261182750505, 28.306842133736623, 11.991719419087973, 0.563611632395679, -11.835017460013805, 22.801477232590727, 8.872432458399944, -33.614563947845994, -10.916115953153422, -11.689760425612738, -18.951011560716374, -10.356517836902086, -38.62764440954232, 5.764007291324413, 35.65271254588338, -10.626240118426477]
[-0.700396633753121, -6.699108625425632, -37.75884064572407, -30.30696006477064, -17.055642310310407, 28.305720685492645, 11.991650191043231, 0.5644007300069616, -11.834758748001455, 22.801233416611908, 8.873356477559682, -33.61481092386177, -10.915348711617067, -11.689869538823338, -18.950872657532877, -10.358178544530285, -38.62684033830075, 5.764621893807584, 35.6516040840607, -10.626473790467536]
[-0.7010248885732893, -6.698029251596885, -37.75769952749144, -30.30812900374351, -17.054023437870306, 28.304599237248663, 11.99158096299849, 0.5651898276182439, -11.834500035989103, 22.800989600633088, 8.87428049671942, -33.615057899877534, -10.914581470080716, -11.689978652033936, -18.95073375434938, -10.359839252158482, -38.62603626705918, 5.765236496290756, 35.650495622238026, -10.626707462508596]
[-0.7017463687811042, -6.696787257830548, -37.75638585557987, -30.309472145640274, -17.052136411046952, 28.30330642997331, 11.991500413240987, 0.5661143283953589, -11.834195493273764, 22.800707614176556, 8.87536105122284, -33.61535154758485, -10.913701214330825, -11.690109452557593, -18.950577995468677, -10.361749731026396, -38.62511228172012, 5.765944061700003, 35.64921534874388, -10.626968519553294]
[-0.70267997063359, -6.69518062462412, -37.75468691885189, -30.311210260732146, -17.04970169263554, 28.301634807997218, 11.991396576418998, 0.5673060336119224, -11.833803089501881, 22.80034315861336, 8.87675432617418, -33.61572916544805, -10.91256177583104, -11.690277354844676, -18.95037533025267, -10.364221151172522, -38.623916887745274, 5.76685949922612, 35.64756037043533, -10.62730819728608]
[-0.7037067978737224, -6.693411371480103, -37.752815428444976, -30.313122578747908, -17.046998819840876, 28.299791826989754, 11.991281417884245, 0.5686331419943186, -11.83336485502701, 22.79994053257245, 8.8783041364692, -33.6161534550028, -10.911309323117719, -11.690466944444818, -18.950155809339456, -10.366942342558367, -38.622601579672946, 5.767867899678313, 35.645733580455314, -10.627675260022503]
[-0.7049426627963029, -6.691284275421816, -37.750566121502075, -30.315423575635926, -17.04377273246199, 28.29757845506136, 11.991143876803843, 0.5702127221601483, -11.832844527136643, 22.799457842279416, 8.88015064927163, -33.61665448963755, -10.909801031672073, -11.69068982820708, -18.94988790862987, -10.370214305401937, -38.62101912378654, 5.769079986898175, 35.64354193434798, -10.628124104586105]
[-0.7061315473549358, -6.689236736682103, -37.7484006352575, -30.31763752047059, -17.04065457416314, 28.29544661948592, 11.991011025529737, 0.5717419023362245, -11.832340038897442, 22.798992446093617, 8.881937192834789, -33.617141774618304, -10.908350499940752, -11.69090713791232, -18.949632153940634, -10.373363655525603, -38.61949651581007, 5.770246954324981, 35.64142972497902, -10.62855205013602]
[-1.3470135846532654, -5.602120956093085, -36.736361889436424, -31.63985406270468, -15.840750166323652, 27.11166787198279, 11.799254893761644, 1.1021364084105136, -11.797204077647592, 22.54249146343039, 9.418881032772862, -33.624831194435856, -10.106134654190644, -11.6696223582639, -18.778007315941085, -12.144521360443585, -38.045182985544855, 6.427907326522943, 34.89128392715425, -10.95541688866414]
[-1.3470135846532656, -5.602120956093085, -36.736361889436424, -31.63985406270468, -15.840750166323652, 27.11166787198279, 11.799254893761645, 1.1021364084105139, -11.797204077647592, 22.54249146343039, 9.418881032772862, -33.624831194435856, -10.106134654190644, -11.6696223582639, -18.778007315941082, -12.144521360443587, -38.045182985544855, 6.427907326522943, 34.89128392715425, -10.95541688866414]
[-1.3470135846532654, -5.602120956093085, -36.736361889436424, -31.63985406270468, -15.840750166323652, 27.11166787198279, 11.799254893761644, 1.1021364084105136, -11.797204077647592, 22.54249146343039, 9.418881032772862, -33.624831194435856, -10.106134654190644, -11.6696223582639, -18.778007315941085, -12.144521360443585, -38.045182985544855, 6.427907326522943, 34.89128392715425, -10.95541688866414]
[-1.3470135846532656, -5.602120956093085, -36.736361889436424, -31.63985406270468, -15.840750166323652, 27.11166787198279, 11.799254893761645, 1.1021364084105139, -11.797204077647592, 22.54249146343039, 9.418881032772862, -33.624831194435856, -10.106134654190644, -11.6696223582639, -18.778007315941082, -12.144521360443587, -38.045182985544855, 6.427907326522943, 34.89128392715425, -10.95541688866414]
[-1.3470135846532658, -5.602120956093085, -36.736361889436424, -31.63985406270468, -15.840750166323652, 27.11166787198279, 11.799254893761645, 1.102136408410514, -11.797204077647592, 22.54249146343039, 9.418881032772862, -33.624831194435856, -10.106134654190644, -11.6696223582639, -18.778007315941082, -12.144521360443587, -38.045182985544855, 6.427907326522943, 34.89128392715425, -10.95541688866414]
[-1.4899130022593234, -5.403169329560297, -36.4982884403699, -31.859875011165713, -15.822438061405816, 26.910336659359547, 11.770951361332601, 1.0445296798822676, -11.870093713995566, 22.52133171751128, 9.386496119083565, -33.52273238877507, -9.947247183871937, -11.616845296607465, -18.72512171725121, -12.470750744107189, -37.86365982386718, 6.502197667894494, 34.76643326989124, -11.096824882228745]
[-1.7975235569937877, -4.755477674638201, -36.317680208660676, -32.73695688582983, -17.91070597319993, 27.837137916901412, 13.491271702925516, -0.32706619559945815, -10.613534484130039, 22.530437792124843, 8.342493069047958, -34.16375455306908, -8.661052724255695, -11.644832291296591, -17.24301748636706, -12.497866335976127, -36.36695776203488, 7.7089175554887355, 32.294017737695924, -12.233165593183447]
[-1.9988769221060187, -4.472640118449167, -35.98277367134851, -33.050819467645766, -17.87368939397635, 27.55219733429101, 13.453356595492098, -0.40014142305820755, -10.709630527332038, 22.498914203294238, 8.304547345358678, -34.02699598891664, -8.43501856785521, -11.57348684243528, -17.167566210423068, -12.959859971722313, -36.11163058498706, 7.818467176838351, 32.111891080951935, -12.4297687563371]
[-2.4536595712408236, -3.834779975316037, -35.22078036818211, -33.753931565943404, -17.77057049394159, 26.903967583617014, 13.362906338655055, -0.5537221906218606, -10.927745258321892, 22.427945319377667, 8.232670048734288, -33.719773704296514, -7.929438270334215, -11.414789206829331, -17.004026303234202, -14.003860186793538, -35.533139255287516, 8.059794148526882, 31.700938237654825, -12.868266244819443]
[-2.6810508958082258, -3.515849903749472, -34.839783716598916, -34.10548761509222, -17.719011043924212, 26.579852708280015, 13.317681210236533, -0.630512574403687, -11.036802623816818, 22.39246087741938, 8.196731400422093, -33.56616256198645, -7.6766481215737175, -11.335440389026356, -16.922256349639767, -14.525860294329151, -35.24389359043774, 8.180457634371146, 31.49546181600627, -13.087514989060615]
[-3.3168657170161673, -2.623823347813879, -33.77185130186247, -35.086725471420564, -17.561774630544644, 25.670889263430944, 13.189401004736453, -0.8371010106409754, -11.34032083514394, 22.29285232854442, 8.105427669950208, -33.13957937682889, -6.971651366529567, -11.115686594875918, -16.69677895519726, -15.986387684441992, -34.43435837380865, 8.516236370902275, 30.919290814271267, -13.697001461616898]
[-8.046583278280796, 4.0096334452313815, -25.849775520058124, -42.40081449069152, -16.502412744859733, 18.93202857703779, 12.25054774992228, -2.4424607286603646, -13.61012342760466, 21.555168941311596, 7.348721997828441, -29.94154953006331, -1.7118043364166327, -9.46312335035865, -14.992810119626784, -26.842990184683806, -28.418844375417137, 11.027636795278521, 26.647034127362808, -18.260914806667795]
end_values
[16636.92031933 37174.10691902]
[16636.80626927 37174.10881697]
[16636.69856549 37174.11418023]
[16636.59086533 37174.1232031 ]
[16636.43367821 37174.1429415 ]
[16636.28568514 37174.16801579]
[16636.09787436 37174.2088038 ]
[16635.91926162 37174.25747176]
[16635.73868549 37174.31722878]
[16635.5435699  37174.39391948]
[16635.31030595 37174.50216048]
[16635.07706194 37174.62835861]
[16634.80389644 37174.79906314]
[16634.53075829 37174.99447897]
[16634.21665438 37175.2499482 ]
[16633.81041936 37175.62899021]
[16633.36326587 37176.10955714]
[16632.82565086 37176.77435723]
[16632.30833189 37177.5032263 ]
[16427.20245356 37519.07455397]
[16427.20245356 37519.07455397]
[16427.20245356 37519.07455397]
[16427.20245356 37519.07455397]
[16427.20245356 37519.07455397]
[16370.26156384 37706.87543847]
[16214.64668657 38479.54308076]
[16145.49736456 38870.85050298]
[15995.3670281  39991.74988816]
[15924.4244422  40861.16344287]
[15739.89139672 44437.43530148]
[15088.52742286 82683.09516142]
