values
[5615625.414426681, 18838796.25205643]
[5640477.662727275, 17312351.761000004]
[5653998.293244401, 16904920.85039546]
[5684856.830587976, 16350226.709658114]
[5687868.186451031, 16220744.8914356]
[5706921.237157557, 15947890.1362751]
[5733783.598001762, 15817185.525733838]
[5736875.430704823, 15573561.378501154]
[5762256.8573018, 15327787.545817375]
[5782365.11518545, 15307845.388722403]
[5790748.695274558, 15086683.229530465]
[5812936.561900467, 14958679.068219077]
[5820248.455651996, 14834243.366040362]
[5831872.731563626, 14788380.623833932]
[5832988.913513938, 14743154.851285385]
[5847785.885084832, 14662530.294390844]
[5851337.610524771, 14619370.186231913]
[5888473.1927751005, 14389462.697053658]
[5891031.566347108, 14375299.297751678]
[5897058.181104701, 14342886.665022923]
[5909035.848656298, 14279968.89808482]
[5914285.958631896, 14245215.31667953]
[5935500.786134807, 14136312.867422957]
[5959447.530053592, 14018579.553706598]
[5969295.246459882, 13980690.637267541]
[5978293.0957619315, 13942247.504732242]
[5980566.802715072, 13915257.829753535]
[5983403.7890385715, 13901564.887648318]
[5989986.925511985, 13876089.382002568]
[6006660.973056555, 13828025.588539602]
[6007005.573364209, 13810658.561897269]
[6017951.737050989, 13761706.333652899]
[6030242.161113268, 13698985.594295101]
[6047827.022483223, 13678308.582176372]
[6080207.059009409, 13503877.172500798]
[6084840.278629463, 13487486.478933688]
[6094996.493327947, 13450292.109660838]
[6134349.518822569, 13312363.614186622]
[6192885.498620851, 13124458.207630817]
[6207343.520410041, 13083202.03233563]
[6218947.021459184, 13047818.101763222]
[6223866.349067491, 13031859.08491135]
[6243997.169567369, 12989359.577582626]
[6246817.89612064, 12970784.914667113]
[6256022.490034266, 12940160.302759793]
[6302348.526941991, 12825156.850327164]
[6318921.066718058, 12774311.930902852]
[6330396.118959492, 12764812.79477045]
[6344241.411766593, 12709820.115384324]
[6354282.543456099, 12685749.373599615]
[6389178.016000415, 12602970.184548477]
[6396859.848076916, 12582334.926717618]
[6474890.195334799, 12408809.059798772]
[6502061.728250632, 12351768.947554223]
[6541693.27093264, 12278781.128797201]
[6603220.412221177, 12157496.559300585]
[6641821.0325258905, 12082758.621666236]
[6694870.800712549, 11986953.696946053]
[6723299.303294216, 11960822.923574757]
[6726484.52867693, 11938849.70835771]
[6759676.826017183, 11900608.981102506]
[6768862.957855309, 11872599.298354736]
[6852222.092685366, 11740831.854974987]
[6986918.88896829, 11548192.9379594]
[8769962.212910507, 9779212.965695929]
[9463065.768623175, 8292929.614011793]
[10035131.02063432, 6599169.208690463]
[10191993.069329124, 5973078.361596114]
[10224949.564396061, 5940063.110806808]
[10247308.233231394, 5889918.016162516]
[10249699.54860073, 5866986.123065339]
[10271446.69414278, 5841458.486747031]
[10306936.109458998, 5802734.905746248]
[10318074.662390627, 5791242.679148266]
[10348911.659563472, 5760878.412765655]
[10364957.562231181, 5745850.098539321]
[10373139.345693503, 5738374.439762034]
[10381427.749560423, 5730924.462765535]
[10398326.564551672, 5716101.599843447]
[10433426.765700523, 5686764.514787483]
[10499112.763092114, 5636415.862874239]
[10508946.468736673, 5629326.2157935975]
[10570352.064269658, 5587328.853889503]
[10609297.417950664, 5573029.816307254]
[10620513.78240842, 5557093.970500631]
[10729489.130205346, 5555097.470966884]
[10730079.640049677, 5508744.53822438]
[10738026.526943894, 5498169.026021555]
[10870088.564647123, 5465385.766969841]
[10934365.861903388, 5417299.528720102]
[11023184.275460143, 5377963.048855198]
[11283767.475580564, 5291736.214827527]
[11571973.786482934, 5208121.189064942]
[11739480.485056082, 5127041.637554942]
[12293004.983215101, 5036366.347169352]
[12387344.940513194, 4919606.13047875]
[12848665.725823853, 4797995.089488543]
[14060373.778352328, 4578435.8260404235]
[14728705.827347679, 4481477.248151191]
[15681976.210000074, 4476026.696597913]
[16263784.141695853, 4421660.085734955]
[16375696.061513094, 4421625.047784162]
[16708044.947522555, 4393811.250051701]
values
[5042415.625732279, 31310010.66880482]
[5125304.76960669, 30022811.950668443]
[5185299.862038777, 28112154.633469366]
[5201224.119640452, 27005104.74197834]
[5211798.156801417, 24496086.781224202]
[5237859.523911728, 21430769.071055118]
[5282233.08316599, 18767505.220165856]
[5289165.112588624, 18568019.88431936]
[5301699.501674335, 18268523.734608077]
[5308431.703850024, 18101960.284669805]
[5308886.264255749, 18090899.516118847]
[5319094.03891626, 18010462.330017086]
[5329029.356041539, 17749299.98584574]
[5340237.906521329, 17148608.652401473]
[5364386.324265762, 16760904.234668165]
[5397351.378437151, 16492627.546869561]
[5405938.071808735, 16075640.119237304]
[5419214.603903551, 15901298.208704159]
[5430542.585044116, 15659005.60343194]
[5448695.627022117, 15538281.137080528]
[5496549.933922061, 15083604.771876015]
[5508376.183317402, 14989919.609794501]
[5525546.563926246, 14848971.952659074]
[5533774.27056256, 14804245.09974688]
[5554480.743441572, 14666475.267523836]
[5558275.567459876, 14618225.053926732]
[5565704.348863623, 14513011.439940447]
[5591260.288707214, 14321841.831795953]
[5613001.925762363, 14302649.895830702]
[5626374.160080408, 14260829.666208984]
[5648315.869668087, 14154601.29081103]
[5649708.382991102, 14138203.281929674]
[5671544.844719229, 14049190.863718621]
[5677798.348668685, 13994266.1466237]
[5705064.363648099, 13800217.505480876]
[5729839.717903632, 13777956.70832037]
[5738101.114972436, 13614744.461767983]
[5792698.545275881, 13543931.540021343]
[5808849.646157993, 13477292.66918764]
[5829961.074715101, 13430882.780493222]
[5850909.148633241, 13266113.449870333]
[5916284.740767311, 13248364.937685458]
[5917643.296681771, 13202949.015332948]
[5937220.224944357, 13121234.147614669]
[5944808.254020976, 13026274.745767381]
[5971333.105927328, 13021788.847658161]
[5982359.987241253, 12971949.256165504]
[5995241.083413147, 12905134.001110269]
[6029754.911342081, 12849223.143261041]
[6039129.321959672, 12837276.107533613]
[6079652.976364585, 12742342.906725189]
[6106493.422961227, 12667811.065365845]
[6129697.5917695295, 12638817.068794193]
[6136822.875406167, 12612262.356396459]
[6155496.053102431, 12611455.268234769]
[6167871.702619682, 12556933.182219107]
[6193286.950314731, 12551598.049060797]
[6210831.078859104, 12514926.713940555]
[6228748.80938039, 12478500.505792163]
[6234462.500637995, 12469447.264167326]
[6238306.496604929, 12435884.806060635]
[6254993.24935217, 12393656.932400754]
[6272903.735885208, 12379458.986156864]
[6288559.041646948, 12338730.038655661]
[6297005.921789287, 12336478.696838297]
[6304241.72001411, 12335252.197112467]
[6309857.217790272, 12317463.645890772]
[6346029.825709091, 12261460.969088065]
[6355018.835185346, 12233336.079311134]
[6386041.580498399, 12195928.979945619]
[6393624.045160733, 12182136.43463228]
[6415205.299489248, 12176650.67516662]
[6531152.691570749, 11986044.932297101]
[6723299.303294216, 11960822.923574757]
[6726484.52867693, 11938849.70835771]
[6742575.526639567, 11906093.83152393]
[6759676.826017183, 11900608.981102506]
[6768862.957855309, 11872599.298354736]
[6791625.9053084655, 11826130.219254728]
[6852222.092685366, 11740831.854974987]
[6986918.88896829, 11548192.9379594]
[8769962.212910507, 9779212.965695929]
[9463065.768623175, 8292929.614011793]
[10035131.02063432, 6599169.208690463]
[10124692.050153004, 6043268.074961275]
[10153689.769612331, 5981542.092943009]
[10156604.640024435, 5978493.606000521]
[10158091.448484411, 5908334.087355136]
[10172190.25178845, 5862185.620488847]
[10180533.861505773, 5848810.650692191]
[10194373.990552424, 5829226.323748929]
[10197634.423047688, 5825014.1674666535]
[10203431.141774472, 5814639.020845643]
[10205740.0770496, 5814334.522270462]
[10212643.112006892, 5800123.2945593875]
[10220260.461117579, 5789131.795697804]
[10233244.803492809, 5779565.7012012545]
[10235930.807561575, 5775824.125414438]
[10246494.890286433, 5763116.081778483]
[10247601.829935217, 5752314.041807994]
[10266184.699247334, 5728738.571989443]
[10288783.302906271, 5710838.346119486]
[10295805.775377411, 5709236.367529989]
[10307661.554663833, 5680204.568398836]
[10318361.548728777, 5674269.708209264]
[10325327.764623424, 5669745.047816356]
[10328618.25186852, 5657276.724730836]
[10350365.338867871, 5634559.7193196835]
[10374196.33399997, 5623386.541486506]
[10374544.797735605, 5615214.251845495]
[10392807.43508697, 5589610.195194248]
[10422897.028383879, 5565726.2000504425]
[10460277.53216883, 5555206.002755962]
[10461273.895813521, 5544831.758853046]
[10479400.440434538, 5514405.651005148]
[10503001.412443, 5501324.997394064]
[10540072.020535002, 5464195.585036273]
[10585180.892907813, 5431998.438631955]
[10629029.35463736, 5398128.918121339]
[10651651.929669885, 5381392.552082316]
[10686464.771333985, 5356536.091083639]
[10735708.946576316, 5339945.736234123]
[10788056.274731101, 5325850.4843273545]
[10790266.132629333, 5310235.565044679]
[10800620.43789502, 5302691.316419145]
[10829660.632745653, 5289882.5122087095]
[10915264.082715387, 5264163.367478001]
[10966656.766514724, 5233868.462753603]
[10967184.838633578, 5224032.068559269]
[10987580.85010571, 5210526.335976771]
[11001613.169420585, 5207435.851919881]
[11036722.998491798, 5191038.147464938]
[11067132.084589917, 5189254.112392367]
[11126610.084050084, 5175234.5240740385]
[11151446.977443365, 5173001.652254172]
[11196346.171571368, 5123463.767779051]
[11229697.567829624, 5116228.878400397]
[11250812.8765789, 5105289.783238144]
[11268865.434157012, 5100857.398713382]
[11324240.344035655, 5099992.203517355]
[11374662.040342757, 5084145.425120927]
[11415445.950342307, 5064750.154257693]
[11417253.982317373, 5049250.638629865]
[11498366.765704622, 5017187.041116393]
[11507362.995620951, 5016895.789653515]
[11583400.422387384, 5009166.756578075]
[11604638.647773333, 4999187.257364778]
[11611036.34369653, 4998637.710171957]
[11634418.715090053, 4976914.421921901]
[11733016.03104694, 4947804.830900576]
[11766498.31247002, 4938268.629987717]
[11805349.921472432, 4937471.014409267]
[11906766.951951982, 4915495.541094348]
[11911202.554559115, 4906514.04103841]
[11914180.85288632, 4893585.429961052]
[11972096.710730746, 4891070.755535632]
[11990291.076468218, 4890735.981620275]
[12067797.830227118, 4850688.914313059]
[12251521.54150711, 4824769.175181142]
[12282157.29971391, 4815417.567437977]
[12318658.287443139, 4807755.585382219]
[12341418.289627802, 4797267.599957145]
[12451682.767188324, 4793986.034482709]
[12451923.263991019, 4775794.521589405]
[12526601.305967456, 4763500.484128838]
[12539161.193382602, 4756447.950499804]
[12570292.225194992, 4747623.589854178]
[12627302.081683073, 4742660.440730097]
[12674050.580830945, 4736246.006827255]
[12720407.054117633, 4734414.601782493]
[12736660.759031203, 4714629.993466026]
[12807209.664478399, 4701304.172654291]
[12852152.062537976, 4692215.325522783]
[12922477.787754245, 4691964.517965103]
[12957872.830880946, 4675320.444521689]
[13009692.781130437, 4668748.876550101]
[13062697.880718216, 4667606.72338036]
[13094824.01718635, 4645711.324040695]
[13177300.903325552, 4634543.6457408285]
[13228273.271742113, 4628910.123266539]
[13366709.21383348, 4604061.33852524]
[13492032.482730335, 4589235.619633801]
[13646443.046447981, 4559558.914836589]
[13750329.052545961, 4555411.871089269]
[13804061.799500609, 4544382.280099934]
[13853209.805924933, 4541507.1589640295]
[13933596.852701595, 4530848.878655062]
[14029908.16275604, 4510145.117713321]
[14144556.201064581, 4506824.467939864]
[14249075.958951462, 4494646.4702791665]
[14349447.781843381, 4484680.67637842]
[14417591.948741488, 4467973.606452098]
[14503258.288847417, 4467894.073285965]
[14520993.655418064, 4465500.37894218]
[14538874.013918933, 4461254.9915653225]
[14617803.416626288, 4460534.5326225925]
[14629734.234871801, 4454180.340330329]
[14689582.160526067, 4449443.4110246785]
[14696185.568849621, 4447657.117551325]
[14769700.36706772, 4436357.992613826]
[15025255.144987322, 4425889.994680716]
[15050041.51599752, 4420674.590024815]
[15117035.7859203, 4410403.460277632]
[15203029.78605097, 4408857.897620708]
[15304432.070544545, 4401637.444218184]
[15319525.552156214, 4400737.3607973335]
[15398902.801808503, 4391994.53622436]
[15405565.838933038, 4390515.352085297]
[15553461.688498033, 4387845.32366161]
[15599442.580394557, 4383019.934991346]
[15664362.293632522, 4377726.591922359]
[15691901.340941085, 4375639.529303794]
[15829087.713002458, 4375614.607998051]
[15894908.017254652, 4372615.856178819]
[16180618.408893023, 4363812.39362298]
[16194396.442062752, 4358683.013778127]
[16212635.1514802, 4357763.87606257]
[16354679.368987838, 4357635.109725952]
[16358576.446519515, 4355677.513535409]
[16445149.10144055, 4355570.129695888]
[16547933.393182956, 4354557.460994329]
values
[4257963.241722114, 46698393.62587417]
[4258219.118366588, 46221629.30777206]
[4272719.791296512, 45569679.497844]
[4464327.215886478, 39588228.42734741]
[4515860.495781988, 39518386.41447496]
[4655819.3557320805, 27079154.624308314]
[4697598.842821171, 26010343.740175433]
[4711148.23499333, 25569589.550621737]
[4732747.875164561, 24992521.12496521]
[4741630.890634318, 24836064.004742537]
[4746654.358834704, 24711335.659519337]
[4752581.792892144, 24558092.65379765]
[4764696.862711739, 24362911.22495914]
[4787240.170988722, 23949284.936912317]
[4802761.473384823, 23676252.140882492]
[4806698.692597414, 23608333.86477649]
[4818638.426005369, 23405395.307719056]
[4824747.350444344, 23251988.930609636]
[4829554.458217414, 23156370.99588284]
[4834836.514649082, 23136716.564654917]
[4852260.882064069, 22723484.014771067]
[4882471.547879802, 22203770.186757926]
[5237859.523911728, 21430769.071055118]
[5264611.145451243, 18507996.981499232]
[5292452.988895862, 18258652.572317183]
[5294138.593644154, 17991842.383317266]
[5298978.077710031, 17635796.84890247]
[5309414.181136226, 17457761.433811966]
[5318486.209127054, 17407211.153875593]
[5333392.055726457, 16998999.1238472]
[5364077.68272127, 15819208.622084098]
[5402008.531032942, 15366574.118257023]
[5435712.963790578, 15078222.164626617]
[5437209.369520185, 15055565.231629362]
[5447242.593829846, 14979758.082520656]
[5471917.754484347, 14828278.746311389]
[5472812.931534941, 14788030.456132704]
[5492234.831036235, 14706225.374826018]
[5498104.262379861, 14618509.006997667]
[5503434.632409759, 14608282.75339155]
[5524953.467783503, 14460420.520295568]
[5533331.881517611, 14414620.198274333]
[5538815.0101745445, 14396436.112041814]
[5544190.158828464, 14350210.322129507]
[5546409.9571831385, 14339854.503034687]
[5562313.349224505, 14257283.46044325]
[5567101.762877575, 14232078.594584944]
[5571964.007331718, 14206925.599548547]
[5575410.180086067, 14193333.809201462]
[5587736.242322301, 14139641.903996332]
[5601207.843190899, 14138630.887478942]
[5603134.915800777, 14066266.473811954]
[5608191.159006407, 14050081.29238112]
[5613649.118439786, 14032835.40379159]
[5628490.004058177, 14010742.986872246]
[5631509.638634691, 13966835.091370735]
[5639685.60705953, 13932832.245733636]
[5641403.923409206, 13904612.814162258]
[5647346.907036959, 13880065.853001233]
[5653379.766144935, 13855570.914116986]
[5657521.867920691, 13842205.579720477]
[5659503.6640924, 13831128.000028316]
[5668848.348453954, 13797392.26833516]
[5671840.379460024, 13764509.025304232]
[5678823.063916221, 13762414.839750027]
[5685387.4829474185, 13759200.638858391]
[5695189.118211904, 13729401.096182505]
[5698052.273637602, 13690999.005512813]
[5708349.801114516, 13680351.588957323]
[5712407.475944739, 13673128.82274083]
[5714496.824066853, 13639142.462337099]
[5719466.648510589, 13621657.366703656]
[5731407.328126178, 13607358.143270157]
[5737744.560604942, 13548154.048829969]
[5752452.279476516, 13513445.363086864]
[5758148.954473007, 13499646.859296404]
[5763533.184198185, 13482337.446958456]
[5764318.469054706, 13479688.146145158]
[5773878.881827474, 13461436.384831805]
[5779071.773950784, 13444563.456587533]
[5779695.923157897, 13422450.099952511]
[5787649.702181072, 13408631.228637295]
[5801985.849441507, 13378517.392718693]
[5803579.379174864, 13369672.392606413]
[5804868.418906865, 13364427.78097458]
[5807530.959696915, 13352211.124762]
[5813442.946977473, 13344230.223744223]
[5814064.35471595, 13343579.057407118]
[5824233.461863402, 13336391.34120951]
[5825201.977396917, 13306355.641659562]
[5826788.819320314, 13288220.02833732]
[5837246.425056984, 13276843.476451682]
[5850894.650485285, 13237288.55528886]
[5856402.362964252, 13224959.462483607]
[5861077.504769119, 13206436.836075658]
[5865502.738673492, 13194927.587096658]
[5873516.968950517, 13158456.816996476]
[5878917.677494996, 13157842.662952678]
[5882422.00827366, 13149353.43198012]
[5882911.645176522, 13145242.950192317]
[5889066.3495860025, 13139539.575817121]
[5896774.186965467, 13118935.649249965]
[5897700.272662233, 13109513.607199308]
[5902841.188375893, 13101865.993513418]
[5905192.473308767, 13079765.002384879]
[5909068.837519339, 13072302.772365732]
[5915824.741553446, 13064657.79783035]
[5918455.492062698, 13058176.488985658]
[5919781.064466012, 13054947.835205657]
[5922452.701137293, 13048514.540411057]
[5926848.149927316, 13040028.612677252]
[5928254.895310334, 13033230.986708123]
[5932024.876570457, 13025865.550944796]
[5936781.177153111, 13016638.112422196]
[5942239.714624238, 12994141.116464943]
[5955402.789777717, 12974780.854641417]
[5957476.08920525, 12963315.434096621]
[5959276.863235117, 12956138.17891865]
[5965969.246904477, 12952016.65625972]
[5966348.216247491, 12943847.997942636]
[5973760.0710481135, 12926449.902536133]
[5974174.028354298, 12925100.00271065]
[5978540.068956581, 12914884.749876104]
[5979906.209329178, 12911248.60347307]
[5981300.574099114, 12908032.681323804]
[5982702.026277863, 12904824.76808946]
[5984110.584940268, 12901624.865862347]
[5985526.269221196, 12898432.976332342]
[5987782.088646521, 12892599.350120507]
[5988379.091477111, 12892073.238699691]
[5991040.233585861, 12884890.866162173]
[5994309.992166813, 12877187.83717491]
[6008232.825651266, 12844846.19657889]
[6017218.402239184, 12827086.099461682]
[6024534.995593021, 12797130.614141153]
[6035271.566419547, 12794159.176531516]
[6042198.150616402, 12774010.44752686]
[6042643.916750352, 12772501.007628536]
[6044062.150554608, 12768865.49069517]
[6046095.78815069, 12761653.387959566]
[6047724.737933057, 12761056.228363441]
[6048449.132748399, 12759255.586924903]
[6049926.15215828, 12756068.317895897]
[6050414.015865856, 12754791.640700972]
[6052902.339966983, 12749717.838408582]
[6053860.274209835, 12747137.861170277]
[6054601.118399121, 12745544.43340449]
[6058943.833137891, 12737113.106787182]
[6061535.793365438, 12730258.455327267]
[6070495.400331232, 12711005.171457931]
[6078654.571680566, 12705995.651383655]
[6083897.791864652, 12705279.00208038]
[6084213.35370747, 12693918.301390707]
[6095293.581169383, 12663461.333254825]
[6103905.7613328975, 12644909.900172153]
[6107186.992129254, 12640152.975044396]
[6109311.3296998795, 12634237.60116039]
[6110848.58221453, 12631434.958499331]
[6113864.722063814, 12625008.736032221]
[6115351.51823827, 12621394.325612191]
[6116470.992735206, 12620078.767295599]
[6116880.426534651, 12618203.54757483]
[6121512.700818498, 12608679.351022072]
[6133056.724221213, 12584678.057312377]
[6140447.534731838, 12569539.42177324]
[6154480.0608700225, 12526702.04693771]
[6167012.046422148, 12519836.132599339]
[6171240.576332991, 12516180.550264625]
[6173001.50327543, 12469935.510224586]
[6197492.700913572, 12462658.720416652]
[6200766.16606105, 12456390.431696588]
[6204205.233870598, 12449536.617958343]
[6216700.140668072, 12425434.493971223]
[6220329.726319396, 12423081.161346795]
[6229170.514383308, 12406711.665440766]
[6242140.86467368, 12392577.039355265]
[6253726.376153746, 12389994.300448107]
[6258377.00121031, 12354173.4329625]
[6271131.3908230625, 12330557.979047071]
[6299157.623549691, 12261024.111557998]
[6355018.835185346, 12233336.079311134]
[6363224.0662936615, 12173945.032533724]
[6443303.015517673, 12062113.64309999]
[6485095.852688913, 12002411.676514333]
[6531152.691570749, 11986044.932297101]
[6592083.493078502, 11971934.246794632]
[6601763.264177069, 11960065.611132436]
[6623162.197920148, 11935901.507693117]
[6653581.482501215, 11896902.380555445]
[6734822.648818685, 11797099.924744677]
[6813242.965959002, 11704101.849095745]
[6986918.88896829, 11548192.9379594]
[8769962.212910507, 9779212.965695929]
[9316064.653081315, 8197020.680552742]
[9338972.63007617, 8177007.348635248]
[10035131.02063432, 6599169.208690463]
[10124692.050153004, 6043268.074961275]
[10153689.769612331, 5981542.092943009]
[10156604.640024435, 5978493.606000521]
[10158091.448484411, 5908334.087355136]
[10172190.25178845, 5862185.620488847]
[10175140.923796626, 5620059.878871074]
[10188398.58189189, 5599052.737641341]
[10199497.807752805, 5584507.723853725]
[10200856.779314155, 5583019.893445122]
[10202284.192382514, 5580800.043580226]
[10208604.431566194, 5569599.505747926]
[10213707.72027345, 5566805.599373639]
[10214103.276191337, 5566544.347729221]
[10216019.853509817, 5565875.668583818]
[10216565.250218485, 5557686.912633294]
[10220860.007766297, 5554366.785317713]
[10225392.009993987, 5547449.044401457]
[10225885.273525447, 5541857.191327817]
[10229980.259092964, 5540554.564201725]
[10237113.386934511, 5533933.309070924]
[10241951.003789332, 5526027.686773488]
[10245344.40555119, 5525873.697513085]
[10245764.559773875, 5525339.004526725]
[10249855.132583298, 5522218.269923587]
[10250289.246229967, 5519372.2930437485]
[10251700.248400677, 5519005.549215951]
[10252286.866008993, 5516880.200721229]
[10254118.171306008, 5512541.025598827]
[10263538.548133325, 5511959.163796845]
[10264939.759691685, 5509282.850630351]
[10267008.58369457, 5507106.951888105]
[10268926.776042772, 5494802.937447514]
[10272043.830321463, 5493205.317454708]
[10274186.866678756, 5489602.414024101]
[10279583.64095903, 5484851.149365046]
[10289226.001649765, 5484545.543234621]
[10298068.381824585, 5475641.187697505]
[10299668.4341175, 5474819.220797249]
[10299832.777871652, 5473514.326367328]
[10304768.121917885, 5469523.536254252]
[10306053.13165702, 5468546.924250925]
[10308038.218642902, 5466061.407977253]
[10312797.920124575, 5456506.165152742]
[10318137.525491092, 5455977.900964031]
[10319717.3357665, 5449483.013404509]
[10327579.520287879, 5448073.4608670855]
[10331688.500881976, 5445520.273898166]
[10334270.007448955, 5443811.022583719]
[10336347.537176594, 5441922.400245261]
[10341472.801218582, 5438972.610228492]
[10341673.466631671, 5435687.301181847]
[10342397.223277235, 5435272.372219893]
[10346359.882457484, 5429759.206515072]
[10352193.15486641, 5423117.324196087]
[10361641.593544122, 5413214.174461144]
[10362619.115111874, 5410155.192449768]
[10372360.069646185, 5401590.7586478805]
[10380147.743311355, 5393571.062158574]
[10384412.827861236, 5392612.399980101]
[10389723.21809146, 5386928.056073451]
[10403258.091176057, 5385200.816394545]
[10404285.906728579, 5385188.618034482]
[10407729.76705317, 5379677.897788076]
[10415684.201879114, 5379483.306439199]
[10426243.372127831, 5378888.013481396]
[10427916.643249044, 5366090.530032323]
[10440428.089364363, 5350635.780142353]
[10457588.494147487, 5344145.085475115]
[10460566.181023516, 5342924.14113974]
[10461941.441244252, 5335293.934288473]
[10465617.64422443, 5330682.91320716]
[10476176.139946971, 5325323.261410243]
[10487740.685797252, 5316105.567667148]
[10501577.448806714, 5314514.9750070935]
[10518259.306838764, 5304297.958236851]
[10528630.713994794, 5288045.889115787]
[10539574.836771145, 5283465.22083923]
[10549513.06563482, 5283205.087727489]
[10556299.033765703, 5275770.325064957]
[10560901.789142648, 5273735.965202211]
[10569611.970940195, 5265446.524462229]
[10581453.298699593, 5264099.696755911]
[10584294.76591569, 5262371.249762534]
[10595739.266855022, 5255473.545698859]
[10601508.748569464, 5252034.34384715]
[10606659.420465313, 5251856.134879177]
[10626732.496424928, 5233845.744972957]
[10627730.186699012, 5229882.436337642]
[10650711.930758003, 5217362.145412233]
[10656659.995793125, 5215537.717007706]
[10673766.829682153, 5209037.748812262]
[10674158.30813478, 5204935.5576378945]
[10687678.495862419, 5198151.512651582]
[10705262.875733027, 5188279.677714637]
[10713721.992450988, 5186156.738354121]
[10718805.913936738, 5182520.995267369]
[10744295.203982014, 5178718.115924647]
[10749117.707309177, 5173337.624656442]
[10761642.868069692, 5163238.438781799]
[10772607.616902273, 5156165.509917654]
[10794867.065938227, 5145355.919968227]
[10821980.010639902, 5139102.85916419]
[10836608.920119224, 5136307.689642862]
[10840456.34492471, 5123952.250034416]
[10855053.163390364, 5121054.453919282]
[10881733.932752231, 5114545.423838778]
[10903994.726837942, 5100413.068476692]
[10938892.199096138, 5082782.673031516]
[10966889.319559814, 5076466.732524115]
[10970540.717375532, 5071494.802363008]
[11004161.279660426, 5068623.848700846]
[11016510.014523823, 5068056.41872217]
[11046510.081985572, 5057215.6773900725]
[11072905.4415645, 5036808.80073191]
[11086174.70231069, 5033306.748677504]
[11141741.265566917, 5013985.885608828]
[11150131.129568435, 5003127.87847964]
[11184798.631990792, 4998390.9966914775]
[11201780.814456007, 4993668.088303468]
[11273310.769881502, 4988550.673043827]
[11309070.725106843, 4984701.851081067]
[11385010.891832704, 4964050.446900261]
[11387583.841399455, 4929214.067903558]
[11418059.157226434, 4922800.653835803]
[11486783.458603296, 4912497.929432693]
[11545428.344881201, 4898966.569797538]
[11561996.334426789, 4884807.971892066]
[11639575.962569973, 4857798.683297098]
[11680448.169991856, 4854215.726484368]
[11753749.993631454, 4836116.798133582]
[11828506.249013184, 4818363.6687868005]
[11919599.883462742, 4793430.8100452935]
[12228245.095541725, 4732605.6283815885]
[12305654.196546827, 4719361.868615264]
[12497064.33007091, 4680285.328992082]
[12848984.096259953, 4624941.384953134]
[13168070.913675908, 4621787.796622102]
[13326756.071359083, 4558247.239785579]
[13426982.858686728, 4545408.870713387]
[13439582.500539998, 4541816.27402096]
[13534415.618826084, 4538121.118614386]
[13591008.402528495, 4531446.401933562]
[13933596.852701595, 4530848.878655062]
[14025114.683049295, 4480652.815944601]
[14325384.776478797, 4446337.092375111]
[14462127.251322716, 4437956.790004635]
[14627312.020957643, 4429953.965770472]
[14717736.06617714, 4410855.328195538]
[14810499.67030823, 4410601.875272511]
[14866253.162775004, 4408570.009392794]
[14896431.362813342, 4404532.717494966]
[14902686.820499131, 4400763.999050316]
[14920669.124331823, 4395583.265229716]
[15154942.617537651, 4391638.215202669]
[15167067.693609944, 4390311.333346048]
[15204901.749520738, 4382818.0466428315]
[15370255.458524333, 4382017.769050841]
[15372218.612827819, 4366571.597459606]
[15384253.49632115, 4356080.00161508]
[15554322.109007744, 4353227.977085248]
[15678046.635561887, 4345689.33197837]
[15821763.48494222, 4341874.18734452]
[15962995.513576236, 4338976.95186026]
[16236977.189670386, 4335877.29588397]
values
[4226994.301261914, 46428480.94750741]
[4258219.118366588, 46221629.30777206]
[4264399.131057965, 45701890.55845532]
[4272719.791296512, 45569679.497844]
[4464327.215886478, 39588228.42734741]
[4515860.495781988, 39518386.41447496]
[4617160.878613317, 27438707.890728783]
[4655819.3557320805, 27079154.624308314]
[4697598.842821171, 26010343.740175433]
[4711148.23499333, 25569589.550621737]
[4732747.875164561, 24992521.12496521]
[4741630.890634318, 24836064.004742537]
[4746654.358834704, 24711335.659519337]
[4752581.792892144, 24558092.65379765]
[4764696.862711739, 24362911.22495914]
[4783107.768600453, 23315771.431989126]
[4799557.290791867, 22813996.645837665]
[4851864.851678963, 22747375.2977541]
[4852260.882064069, 22723484.014771067]
[4882471.547879802, 22203770.186757926]
[5237859.523911728, 21430769.071055118]
[5264611.145451243, 18507996.981499232]
[5292452.988895862, 18258652.572317183]
[5294138.593644154, 17991842.383317266]
[5298978.077710031, 17635796.84890247]
[5309414.181136226, 17457761.433811966]
[5318486.209127054, 17407211.153875593]
[5333392.055726457, 16998999.1238472]
[5348647.026413761, 15999367.927848998]
[5364077.68272127, 15819208.622084098]
[5372861.951934713, 15721007.391300537]
[5402008.531032942, 15366574.118257023]
[5435712.963790578, 15078222.164626617]
[5437209.369520185, 15055565.231629362]
[5447242.593829846, 14979758.082520656]
[5464715.646326214, 14815278.033971593]
[5472812.931534941, 14788030.456132704]
[5474076.199515292, 14776133.856524251]
[5488393.72227953, 14648124.237055523]
[5498104.262379861, 14618509.006997667]
[5501960.677427955, 14592648.905401137]
[5502933.8248648485, 14586191.952169225]
[5503421.766685224, 14582964.68649208]
[5514226.374818986, 14517995.305798966]
[5524953.467783503, 14460420.520295568]
[5527320.64664039, 14441378.452476751]
[5530586.975938924, 14423500.172094272]
[5533331.881517611, 14414620.198274333]
[5535011.339336311, 14398549.182259195]
[5535556.939565307, 14395364.457897792]
[5537199.992256696, 14385815.138049666]
[5544190.158828464, 14350210.322129507]
[5544274.6618988495, 14310817.593330301]
[5552615.363364703, 14304189.961434953]
[5562313.349224505, 14257283.46044325]
[5567101.762877575, 14232078.594584944]
[5569523.584438122, 14219495.611222778]
[5571352.149864026, 14210066.886127127]
[5571964.007331718, 14206925.599548547]
[5572270.375267616, 14205355.260385463]
[5575410.180086067, 14193333.809201462]
[5581756.453736906, 14147240.027416054]
[5585374.287280133, 14143534.205057634]
[5585692.784723849, 14141971.073267907]
[5587736.242322301, 14139641.903996332]
[5589828.9451343315, 14101159.219771203]
[5602472.565725529, 14032650.217722485]
[5605736.886033696, 14015637.86163854]
[5609043.570379467, 13998671.444997856]
[5612393.12565821, 13981750.942743942]
[5614084.139522678, 13973307.903556198]
[5627569.401993488, 13958288.082851134]
[5633706.833106411, 13931784.672002401]
[5633887.64413916, 13931014.947562672]
[5641403.923409206, 13904612.814162258]
[5647346.907036959, 13880065.853001233]
[5653379.766144935, 13855570.914116986]
[5656430.262558428, 13843342.954271462]
[5657196.45990738, 13840287.99648402]
[5659503.6640924, 13831128.000028316]
[5668848.348453954, 13797392.26833516]
[5671840.379460024, 13764509.025304232]
[5678823.063916221, 13762414.839750027]
[5680572.200702337, 13752213.896048862]
[5681379.736222138, 13749178.065094728]
[5687054.457486012, 13693682.773043329]
[5698052.273637602, 13690999.005512813]
[5705946.359373239, 13661592.053254532]
[5707604.193158514, 13658994.701073844]
[5714496.824066853, 13639142.462337099]
[5719466.648510589, 13621657.366703656]
[5728679.08658841, 13573471.838872327]
[5737744.560604942, 13548154.048829969]
[5748785.0819786955, 13524438.309390904]
[5752452.279476516, 13513445.363086864]
[5758148.954473007, 13499646.859296404]
[5760732.052221267, 13488999.78436694]
[5761680.586224102, 13486030.140272506]
[5762630.803942385, 13483061.304434149]
[5763533.184198185, 13482337.446958456]
[5764318.469054706, 13479688.146145158]
[5773878.881827474, 13461436.384831805]
[5775487.269607843, 13411746.61926963]
[5780484.961664133, 13395824.653132347]
[5790660.573358874, 13364117.3788854]
[5798452.247045746, 13340456.599676562]
[5819234.563750664, 13321138.522211988]
[5819510.792984908, 13279127.848228032]
[5836706.009306521, 13253232.749440959]
[5838594.810389979, 13244076.030723326]
[5850894.650485285, 13237288.55528886]
[5854391.931643326, 13220586.243764188]
[5854660.085819773, 13210470.70673255]
[5855614.400422075, 13179874.900321223]
[5873516.968950517, 13158456.816996476]
[5876231.497533443, 13132901.76918594]
[5879850.380295793, 13129388.521258127]
[5881368.062404306, 13117498.781736765]
[5889368.299869297, 13092441.841375982]
[5900550.043237938, 13082069.78647166]
[5904346.576850137, 13065091.562543998]
[5906643.170484252, 13054267.47446798]
[5914061.503884629, 13020141.497060942]
[5915340.379348159, 13016867.856447715]
[5917904.0587856965, 13010322.687890278]
[5923055.167512734, 12997240.801896304]
[5928238.010206553, 12984170.184951596]
[5935032.728703307, 12975452.89960847]
[5947086.716963226, 12951761.978036297]
[5949288.299712538, 12932000.431132048]
[5958003.486721413, 12906975.564662715]
[5960158.595722531, 12901387.706843965]
[5963110.091151048, 12901263.055222098]
[5964270.116279832, 12891534.681923185]
[5976768.092554687, 12862112.132386139]
[5985237.483822149, 12842610.891359545]
[5989402.380287347, 12832906.45996969]
[5990794.756937925, 12829673.060312383]
[5995532.314500366, 12825539.032391675]
[6000819.565972878, 12813657.7281136]
[6007662.723143043, 12790927.296483772]
[6011480.794062833, 12789924.125648236]
[6018286.1374042425, 12784486.7019101]
[6030979.398026529, 12759261.685224654]
[6033210.156684202, 12751095.737746743]
[6043402.747668077, 12712443.233388593]
[6052113.26789301, 12698013.182201158]
[6057725.7361301705, 12676832.903109493]
[6062241.12807129, 12667146.015332941]
[6066737.075888199, 12657556.172825912]
[6069744.799906738, 12651166.478151487]
[6079978.655075107, 12635974.174070507]
[6092690.922117607, 12628510.331767706]
[6094107.52180316, 12600150.710488433]
[6113317.444761354, 12561361.893803937]
[6126256.656959107, 12532426.07663783]
[6128904.368691645, 12530135.054284908]
[6131894.074518827, 12524312.525188271]
[6134891.216615123, 12518492.419372251]
[6145206.759700469, 12493750.585521461]
[6148426.704024906, 12487433.162102379]
[6153030.371906607, 12483622.676183933]
[6154852.990487104, 12474549.551127596]
[6173001.50327543, 12469935.510224586]
[6175946.482073625, 12459278.144940497]
[6176159.722004724, 12458509.561275993]
[6187726.1753486665, 12411844.825477796]
[6228194.426828561, 12360753.652129032]
[6245986.2349539315, 12328316.195461828]
[6253917.640546469, 12287496.85475249]
[6260277.7754772445, 12275689.274844078]
[6281782.814675151, 12265186.469309215]
[6285881.4953136025, 12229236.952954823]
[6329310.940840767, 12153174.611318337]
[6336666.838520018, 12140848.657919595]
[6350769.385434191, 12115281.945923014]
[6443303.015517673, 12062113.64309999]
[6485095.852688913, 12002411.676514333]
[6531152.691570749, 11986044.932297101]
[6592083.493078502, 11971934.246794632]
[6601763.264177069, 11960065.611132436]
[6616948.766728767, 11936492.035189709]
[6623162.197920148, 11935901.507693117]
[6653581.482501215, 11896902.380555445]
[6656957.341114284, 11648919.641930904]
[6871286.540388733, 11639002.780902382]
[6986918.88896829, 11548192.9379594]
[8769962.212910507, 9779212.965695929]
[9316064.653081315, 8197020.680552742]
[9338972.63007617, 8177007.348635248]
[10035131.02063432, 6599169.208690463]
[10124692.050153004, 6043268.074961275]
[10153689.769612331, 5981542.092943009]
[10156604.640024435, 5978493.606000521]
[10158091.448484411, 5908334.087355136]
[10172190.25178845, 5862185.620488847]
[10175140.923796626, 5620059.878871074]
[10188398.58189189, 5599052.737641341]
[10199497.807752805, 5584507.723853725]
[10200856.779314155, 5583019.893445122]
[10202284.192382514, 5580800.043580226]
[10208604.431566194, 5569599.505747926]
[10211095.754632628, 5562204.202197699]
[10213645.545420092, 5558182.505909826]
[10214526.393631179, 5556780.318679501]
[10216220.161181524, 5554177.728572778]
[10218016.673335172, 5546068.404444449]
[10221467.021779733, 5542041.635027732]
[10221545.124337627, 5541606.546840914]
[10223203.030760732, 5540030.842440782]
[10224946.280180916, 5538021.777909381]
[10225105.478917418, 5537154.102130933]
[10228454.551785562, 5534008.832932096]
[10228697.888241045, 5532711.071357951]
[10234146.933661772, 5526064.178741924]
[10235558.542884758, 5526003.678686496]
[10237714.101211572, 5522500.671973288]
[10239154.46416551, 5522011.469004196]
[10241313.242886545, 5518948.805756364]
[10242779.802222542, 5518026.170627095]
[10245982.927103175, 5517691.233748384]
[10246303.928027265, 5515629.588253779]
[10246589.54062584, 5513883.048097708]
[10248428.691666963, 5511896.595014568]
[10248460.986562356, 5511861.154528863]
[10249240.776877472, 5511021.6978907995]
[10249958.21638556, 5510955.609671602]
[10250119.121886754, 5510076.306634025]
[10253641.12158544, 5507752.658372883]
[10253961.833330236, 5507411.799657265]
[10253990.691183677, 5505947.601374472]
[10255037.269241987, 5504755.0171057265]
[10255952.00897476, 5503874.723211624]
[10256029.758691357, 5503099.046600636]
[10257577.278914616, 5502154.084057215]
[10258351.377700347, 5499169.250410327]
[10260060.865506526, 5498695.096069327]
[10261351.160150459, 5498203.337320597]
[10261671.049904821, 5497876.265081086]
[10263343.219232671, 5496137.570433603]
[10265155.03530026, 5494259.499695681]
[10265898.994321851, 5492134.420740552]
[10272699.1558475, 5487624.443771695]
[10272733.117251577, 5487589.362324617]
[10274634.900815623, 5487198.400228997]
[10276270.519129245, 5482607.249461758]
[10278867.160733806, 5481066.655660634]
[10281004.968728824, 5478229.137831682]
[10282880.977676164, 5477814.390038988]
[10284790.515772188, 5475201.22672905]
[10284918.967406979, 5474539.63814181]
[10284962.762970626, 5474320.433844371]
[10286878.711461062, 5473157.767475873]
[10289202.723837292, 5469478.70152375]
[10293445.952821555, 5467508.71123798]
[10294406.416868575, 5466582.139812159]
[10294780.170555986, 5465494.782822574]
[10296676.768273626, 5462957.464162682]
[10300205.752563756, 5462724.962896829]
[10300621.908716705, 5461409.038904563]
[10302170.803682933, 5460348.1880118335]
[10302732.181912944, 5458659.478133241]
[10306784.838477248, 5456019.277395971]
[10306976.768792013, 5454306.907248798]
[10309002.244872946, 5452787.110541691]
[10318295.694383165, 5445522.146345994]
[10319352.12940601, 5444810.460654165]
[10326118.264424616, 5438709.384054053]
[10326819.77141837, 5438034.966984764]
[10329105.336764455, 5436192.63319923]
[10330202.41617527, 5435057.131748363]
[10333739.958633471, 5432223.335924166]
[10335049.419189176, 5430779.976368427]
[10336608.014111064, 5428634.218696419]
[10342192.529772017, 5424668.105307062]
[10345317.539596593, 5423322.34725302]
[10348042.41536424, 5417980.501721395]
[10350392.457625162, 5417683.658676349]
[10358121.84434651, 5411307.838247874]
[10358256.479811966, 5411249.121213972]
[10360221.023198463, 5409166.122607511]
[10361803.729714762, 5408792.0079023605]
[10363159.80896412, 5406763.399502068]
[10372360.069646185, 5401590.7586478805]
[10380147.743311355, 5393571.062158574]
[10384412.827861236, 5392612.399980101]
[10384748.829623196, 5389458.697737216]
[10386551.750247609, 5388830.000792804]
[10389723.21809146, 5386928.056073451]
[10395197.271272562, 5380912.744888989]
[10397864.7521087, 5379269.981895865]
[10403268.959056502, 5374689.348147501]
[10404085.013661472, 5374076.160021543]
[10413841.495141624, 5367220.800069683]
[10414243.988724004, 5366647.993364368]
[10415907.473753903, 5364280.657002889]
[10420845.237091372, 5361566.992365793]
[10420941.92700845, 5361388.509305258]
[10421324.770418074, 5361191.304777034]
[10421359.870120829, 5361084.092472644]
[10422196.466632057, 5360475.420353323]
[10430574.037412906, 5354317.687910418]
[10436793.489925396, 5349547.072188915]
[10445979.812145475, 5342970.334173712]
[10447059.73149017, 5342216.69573589]
[10460072.518648904, 5333073.475653009]
[10464314.760126036, 5331363.342487007]
[10464457.145002237, 5330035.667358072]
[10464641.009100892, 5329993.831384354]
[10465341.092546413, 5329437.087532085]
[10468399.113866366, 5327416.537538553]
[10471213.908376355, 5326554.552124493]
[10476176.139946971, 5325323.261410243]
[10480757.69666254, 5318677.438847897]
[10481658.956756005, 5318082.390812029]
[10482661.208367506, 5317866.510093802]
[10485095.181486156, 5316220.192169765]
[10486711.155855903, 5315597.265000562]
[10490681.70105538, 5312059.129867727]
[10495758.163093973, 5309171.2089088615]
[10497868.375410164, 5307700.505403166]
[10498832.68714408, 5306877.37539599]
[10501643.073762156, 5304874.469408765]
[10510875.14438717, 5298895.0391335115]
[10519813.44921632, 5293657.516642118]
[10522088.658862455, 5291763.250655976]
[10526961.602718906, 5289641.142151733]
[10528071.191438489, 5287719.234788403]
[10538053.825770274, 5281503.715816694]
[10556299.033765703, 5275770.325064957]
[10556356.098394072, 5271886.953406388]
[10558827.371534029, 5268849.403923933]
[10560910.16364826, 5268097.588089344]
[10562972.227751656, 5266471.505407317]
[10569611.970940195, 5265446.524462229]
[10570186.363281798, 5263238.504934808]
[10576570.487268955, 5258341.486370994]
[10576910.888558697, 5257852.459599441]
[10581550.784195824, 5255426.7324915305]
[10587402.684889203, 5251741.069650478]
[10588159.585175527, 5251311.682994405]
[10588917.041308545, 5250882.417517192]
[10593529.303229457, 5248690.2080881]
[10605730.22784739, 5241762.710897825]
[10608379.670607584, 5240756.323922688]
[10621145.383961743, 5233816.84385193]
[10622823.96040341, 5232713.2550660055]
[10625016.287767747, 5230985.552848587]
[10625800.454207648, 5230562.127854239]
[10627730.186699012, 5229882.436337642]
[10634120.878404109, 5225542.427204196]
[10650711.930758003, 5217362.145412233]
[10656659.995793125, 5215537.717007706]
[10660848.020358969, 5211012.069829827]
[10673766.829682153, 5209037.748812262]
[10674158.30813478, 5204935.5576378945]
[10687678.495862419, 5198151.512651582]
[10695140.582088746, 5192876.038977869]
[10699862.984594597, 5191519.93086838]
[10703459.259654006, 5189358.443812282]
[10705262.875733027, 5188279.677714637]
[10713721.992450988, 5186156.738354121]
[10718805.913936738, 5182520.995267369]
[10744295.203982014, 5178718.115924647]
[10749117.707309177, 5173337.624656442]
[10761642.868069692, 5163238.438781799]
[10765373.537191259, 5159461.00079094]
[10772607.616902273, 5156165.509917654]
[10773302.317560386, 5154263.929911698]
[10787436.362578945, 5147722.666007266]
[10794867.065938227, 5145355.919968227]
[10813680.35922559, 5135447.465517562]
[10840456.34492471, 5123952.250034416]
[10855053.163390364, 5121054.453919282]
[10869901.698537843, 5118254.796911967]
[10878892.1403603, 5107915.897646615]
[10882441.479127513, 5105177.254393444]
[10890433.114889156, 5103634.221176769]
[10903994.726837942, 5100413.068476692]
[10935265.600208066, 5083395.83646486]
[10938892.199096138, 5082782.673031516]
[10947437.668502964, 5078343.469929174]
[10962893.936480023, 5072259.888659239]
[10970540.717375532, 5071494.802363008]
[10976602.735619903, 5066390.860409839]
[10988775.819086505, 5062220.545657697]
[11018237.181369048, 5050991.920745873]
[11039697.790006755, 5041847.636572236]
[11072905.4415645, 5036808.80073191]
[11086174.70231069, 5033306.748677504]
[11094374.01073269, 5022383.084306655]
[11141741.265566917, 5013985.885608828]
[11148509.913639462, 5002681.820542942]
[11184798.631990792, 4998390.9966914775]
[11193814.124472631, 4988047.075253188]
[11264270.861805879, 4965045.111659556]
[11383108.779430827, 4927880.511875438]
[11418059.157226434, 4922800.653835803]
[11486783.458603296, 4912497.929432693]
[11545428.344881201, 4898966.569797538]
[11561996.334426789, 4884807.971892066]
[11639575.962569973, 4857798.683297098]
[11680448.169991856, 4854215.726484368]
[11753749.993631454, 4836116.798133582]
[11828506.249013184, 4818363.6687868005]
[11919599.883462742, 4793430.8100452935]
[12127825.775874842, 4790145.901666102]
[12228245.095541725, 4732605.6283815885]
[12305654.196546827, 4719361.868615264]
[12497064.33007091, 4680285.328992082]
[12848984.096259953, 4624941.384953134]
[13168070.913675908, 4621787.796622102]
[13326756.071359083, 4558247.239785579]
[13426982.858686728, 4545408.870713387]
[13439582.500539998, 4541816.27402096]
[13534415.618826084, 4538121.118614386]
[13591008.402528495, 4531446.401933562]
[13933596.852701595, 4530848.878655062]
[14025114.683049295, 4480652.815944601]
[14325384.776478797, 4446337.092375111]
[14392821.823605398, 4369890.416489824]
[14592528.688591342, 4350741.591553969]
[14652763.713055234, 4345437.933938299]
[14753405.858931337, 4337050.8671628125]
[14901882.163566696, 4335441.947563624]
[14914877.838256335, 4324810.020562177]
[14935084.333051981, 4323382.002044202]
[14995715.213592945, 4319234.371625409]
[15157342.108793754, 4309257.487362291]
[15177525.428008633, 4308122.761724374]
[15238029.291435175, 4304867.908089518]
[15278318.647584997, 4302822.489901519]
[15318563.13193112, 4300876.72457842]
[15338666.496069837, 4299941.231417469]
[15358756.178312505, 4299030.67436712]
[15398891.200659618, 4297284.391550239]
[15478960.749992039, 4294091.214136533]
[15676416.464122485, 4293783.980308573]
[15873576.504357187, 4283570.134880356]
end_solutions
[-29.070716161378044, 28.494595479268085, 22.71340059354914, 14.843830572299401, 17.20853764050532, -7.956040424331317, 11.059125490952514, -1.5377622451521935, -4.4418980880801415, -32.39300619178549, 7.030059114836192, 2.335804996492422, 1.9845578132227781, -11.588387954276493, 8.218486670505417, 14.136157478178006, 2.211481634127941, 14.372870697015152, 2.23061944417691, 0.3690653747207062]
[-28.79093429068327, 27.981004953721282, 22.48136439672203, 15.153171525739157, 17.40064760357922, -7.931988275153756, 10.823549164059417, -1.297806015418763, -4.689627525240942, -32.74983276217248, 6.630435330742927, 1.8703718992535943, 2.2351835857350757, -12.260426894136412, 9.005355792707608, 13.52851665216209, 2.5436226025182815, 14.24756820321592, 2.4203917943839364, 0.8556456435160578]
[-28.39923967171059, 27.261978217955757, 22.156513721164075, 15.586248860554814, 17.669601551882682, -7.898315266305172, 10.493742306409079, -0.9618672937919603, -5.0364487372660625, -33.249389960714275, 6.0709620330123535, 1.2187655631192356, 2.586059667252292, -13.201281409940295, 10.106972563790677, 12.677819495739804, 3.008619958264758, 14.072144711896993, 2.6860730846737737, 1.5368580198295496]
[-28.035523239807382, 26.594310534744913, 21.854866665288835, 15.988392100026498, 17.919344503878754, -7.867047472374342, 10.187493081448054, -0.6499241951385006, -5.358497005575103, -33.71326450221737, 5.551451113691109, 0.6137025367087597, 2.9118731715182786, -14.074932031758188, 11.129902422653526, 11.887886421919113, 3.440403217172201, 13.909251469957992, 2.932777139942908, 2.169412369263507]
[-28.035523239807382, 26.594310534744913, 21.854866665288835, 15.988392100026498, 17.919344503878754, -7.867047472374342, 10.187493081448054, -0.6499241951385006, -5.358497005575103, -33.71326450221737, 5.551451113691109, 0.6137025367087597, 2.9118731715182786, -14.074932031758188, 11.129902422653526, 11.887886421919113, 3.440403217172201, 13.909251469957992, 2.932777139942908, 2.169412369263507]
[-25.869779701483687, 23.427293486309544, 20.27077591063345, 17.79434329057253, 18.850978092610504, -7.969067691357033, 8.701137625022504, 0.8351641672728214, -7.051735895186786, -36.3926785058359, 3.072740959904118, -2.0232448573044, 4.697661991909829, -18.237972294880876, 16.13831160849209, 8.429457321628718, 5.588566717781095, 12.671589116448848, 4.134711184764043, 5.153137714181998]
[-25.493961019509122, 23.11271899976221, 19.94415653712576, 17.963742021939407, 18.907203982530433, -8.085030007493488, 8.53933396655396, 1.0771839229230382, -7.329202193530057, -36.97950650263805, 2.8437115252745766, -2.180081366454136, 4.93099678275691, -18.641639624295223, 16.711559910490386, 8.183272725162997, 5.87262604135993, 12.30542346176766, 4.228965285241232, 5.332168096741677]
[-25.12489551121232, 22.78894528211436, 19.681240984970643, 18.12616552605015, 18.942135362338448, -8.185718477408583, 8.375265297338167, 1.2713075459519314, -7.579202032632297, -37.47785513758991, 2.5952810840438154, -2.3627551090750614, 5.180244289233306, -19.066264478016315, 17.284170224160995, 7.922958725749043, 6.140731423545715, 11.990827980307916, 4.34641687299641, 5.582929319521842]
[-24.571297248767117, 22.303284705642582, 19.28686765673797, 18.369800782216274, 18.994532432050477, -8.336751182281226, 8.129162293514476, 1.5624929804952712, -7.954201791285657, -38.22537809001771, 2.2226354221976745, -2.63676572300645, 5.554115548947899, -19.70320175859795, 18.143085694666908, 7.532487726628111, 6.54288949682439, 11.5189347581183, 4.522594254629176, 5.959071153692089]
[-24.285839773319566, 22.049648788839, 19.096012367993005, 18.49457925866337, 19.017166583869667, -8.411779020308867, 8.001143813991519, 1.70322831035331, -8.142708133847833, -38.593987463825876, 2.0254019098399096, -2.7842496987883463, 5.751243848445277, -20.037729250959263, 18.588065336807453, 7.327135447551689, 6.747913482134086, 11.285331158904272, 4.6188179373325005, 6.169222946603153]
[-23.90530209843208, 21.718902455582008, 18.81288493231235, 18.662869955828207, 19.057406293187498, -8.518343078407517, 7.833051921642634, 1.9124512678941232, -8.405158794202663, -39.12405039714295, 1.7741445399249631, -2.9666365962791454, 6.004053726382874, -20.469680654956374, 19.176463385835522, 7.062591919850209, 7.026611288570666, 10.951591117149707, 4.734738897275458, 6.412177195117389]
[-23.659376956485872, 21.508153012793844, 18.618238522886564, 18.772422482490118, 19.08750563046945, -8.589873127106124, 7.725465370325017, 2.0564526116260566, -8.579306842981715, -39.48233753133614, 1.6165142531483054, -3.078721610087079, 6.163375791376826, -20.743138168817254, 19.554769411321885, 6.8953735637754425, 7.208911579071819, 10.726828432947514, 4.804629617061254, 6.554060657485314]
[-23.415897799563893, 21.29933069152036, 18.42618619569472, 18.880840658694613, 19.11707477849975, -8.660541640055058, 7.618890021398117, 2.1985261733885304, -8.75146699227377, -39.83617428218753, 1.4601841648387113, -3.1900178991368127, 6.32134201744221, -21.014196881762597, 19.929422740563854, 6.7296072489232355, 7.389275239891092, 10.504813210444615, 4.874108443740205, 6.695385793076347]
[-23.207232801017835, 21.12659944335267, 18.240996488812304, 18.97443946679099, 19.148497046563143, -8.726155881811074, 7.529873798550186, 2.33568182671269, -8.906562723539423, -40.16696253969825, 1.3356267609994805, -3.2733186383302826, 6.450167626332497, -21.234797765870866, 20.246118241027112, 6.596377352407843, 7.5470435985547555, 10.29793351569084, 4.9244822146527065, 6.788132390312865]
[-22.998567802471776, 20.95386819518498, 18.05580678192989, 19.068038274887364, 19.179919314626535, -8.791770123567092, 7.440857575702255, 2.4728374800368496, -9.061658454805075, -40.497750797208965, 1.2110693571602498, -3.356619377523752, 6.578993235222786, -21.455398649979138, 20.562813741490373, 6.46314745589245, 7.704811957218419, 10.091053820937063, 4.974855985565208, 6.880878987549383]
[-22.679494601842322, 20.71282449637775, 17.696404367189857, 19.21367452142195, 19.250448149333714, -8.910798443552299, 7.313337631464766, 2.7395390298877915, -9.326756061877331, -41.105494434620255, 1.0554859837420811, -3.439248334533355, 6.751742646710202, -21.749392058927526, 21.030822383192813, 6.29216004857925, 7.957865139246432, 9.713233292099922, 5.017940696799302, 6.917675729148852]
[-22.58640787031106, 20.626858454238906, 17.643175890553643, 19.25446921210234, 19.25581268640876, -8.932857563970181, 7.270307418815037, 2.778762065932444, -9.385180099947021, -41.213768627221455, 0.9864615873570355, -3.4936818581745777, 6.818550231742417, -21.864527350165872, 21.17838001317423, 6.220079069622342, 8.02370270403134, 9.64464994999781, 5.053501558778221, 6.999557828824956]
[-22.523335573747303, 20.558875761126274, 17.639246916401962, 19.281053559108983, 19.24997395968675, -8.939920304591038, 7.237525692919791, 2.7813181666112747, -9.412989155373143, -41.24415861381987, 0.9249840137179082, -3.54943666948662, 6.874034049807451, -21.960813535256783, 21.285216851383318, 6.157429473083299, 8.063336616186405, 9.624101296208774, 5.091907725192497, 7.0993224908439405]
[-22.523335573747303, 20.558875761126274, 17.639246916401962, 19.281053559108983, 19.24997395968675, -8.939920304591038, 7.237525692919791, 2.7813181666112747, -9.412989155373143, -41.24415861381987, 0.9249840137179082, -3.54943666948662, 6.874034049807451, -21.960813535256783, 21.285216851383318, 6.157429473083299, 8.063336616186405, 9.624101296208774, 5.091907725192497, 7.0993224908439405]
[-8.908052451669333, 10.554135760801993, 16.681684872370397, 22.231041694796353, 17.86093857456047, -12.44640284461942, 1.7397653604998413, 2.307162170682592, -15.91993384139704, -51.495365279308324, -9.29121129610012, -12.7536268795315, 13.496657890679725, -37.456266806280176, 37.10107100429533, -3.309730090309933, 15.241334315157214, 3.1948899702258378, 10.638349972501167, 24.628237525547277]
[-8.37850528440491, 10.140143416784582, 16.547673674215197, 22.38697461619256, 17.803418837161576, -12.584338602563657, 1.5302295746761114, 2.3128804374654157, -16.18395607903447, -51.86983761390999, -9.712790243051863, -13.029688002369912, 13.90862248290701, -38.13902273357358, 37.80395471297156, -3.6539665976855096, 15.586537715567067, 2.8815381361564745, 10.88949937975893, 25.2266653178415]
[-7.969092082712713, 9.86597066739729, 16.50302387756036, 22.465556596047985, 17.72145179489308, -12.702346460695018, 1.3860017491447314, 2.254293351653075, -16.36364203490752, -52.106579203938985, -10.021245545887371, -13.216646714359225, 14.206926206697183, -38.626695706022446, 38.27010973256243, -3.8685157267996932, 15.822679280967257, 2.6574848608614983, 11.08076646996222, 25.705769201669003]
[-7.397832438656488, 9.347160900115163, 16.26461048876263, 22.700086323079745, 17.718864590561935, -12.833405218324206, 1.1320095871136115, 2.360292262445485, -16.68733905483909, -52.59467597499101, -10.503428793094578, -13.5557740866711, 14.683136629866894, -39.42653070086716, 39.15015788502062, -4.321062522886277, 16.243887495362095, 2.2900778570754143, 11.35605628958737, 26.32444466672446]
[-6.832457563291673, 8.950407879464993, 16.089022926043285, 22.851776339684896, 17.66678832501056, -13.00287509307595, 0.9266304575346254, 2.345566903232346, -16.983225881004177, -53.01655667568524, -10.941927347185041, -13.800142927446421, 15.114270687891398, -40.148994817425375, 39.84395311659591, -4.6522274634386305, 16.632817329376888, 1.914777123562462, 11.613635191121887, 26.907679333774638]
[-6.171544538770343, 8.799990122238356, 16.30094215212826, 22.738061758472917, 17.342162458829208, -13.276800727580369, 0.807725303657982, 1.8923788161825525, -17.156011030415016, -53.13834109627953, -11.333545654764059, -13.90891749431487, 15.477920195999166, -40.71245424764328, 40.124264268480765, -4.68426176410868, 16.868664548651836, 1.609828949307645, 11.895630007409345, 27.712672452949423]
[-5.4989322146344435, 8.649649557990292, 16.52166788715239, 22.619371865868175, 17.0087561488891, -13.5560675738689, 0.6877614970178203, 1.4267417868040333, -17.329746606521507, -53.25791001237033, -11.730929766791267, -14.018445442384031, 15.846588892718879, -41.28287537495462, 40.40459401369184, -4.713517293282824, 17.105965587665644, 1.3015625400876925, 12.182553852977474, 28.534089664549327]
[-4.8497184897276835, 8.499154607785076, 16.72478060429821, 22.510632596048957, 16.6929107264665, -13.824651996589205, 0.569914995904695, 0.9860026420829628, -17.501581329236696, -53.38190993746812, -12.11678226992209, -14.126466628051768, 16.2052192122147, -41.839373108079094, 40.68488657225047, -4.748330365448778, 17.340358987201736, 0.9999326007980107, 12.45961963998426, 29.322658691298997]
[-3.5044938414558846, 8.198473479288952, 17.16623207434647, 22.273252810839473, 16.026098106586282, -14.383185689166268, 0.3299873826243718, 0.054728583325927005, -17.849052481449675, -53.62104776964972, -12.91155049397651, -14.345522524190091, 16.942556605654126, -42.98021536270178, 41.24554606267262, -4.806841423797067, 17.814961065229348, 0.3833997823581061, 13.03346733112052, 30.965493114498805]
[6.626088808256206, 5.356574530963301, 19.030656147895854, 21.23504892838588, 11.86589209407445, -18.53273777265661, -1.6935443632865084, -5.8935146222050445, -21.083391593802475, -56.62068501016214, -19.207235858373874, -16.14603112936304, 22.86786548231149, -52.42572160593882, 46.59303483253592, -6.050152873965448, 22.222172885882998, -4.949806127396608, 17.361949542535605, 42.60456023590831]
[12.688599319701531, 3.710037017449805, 20.285150278267587, 20.54288745964473, 9.294460066667128, -21.021072872050464, -2.884197293438673, -9.553642826709584, -22.960214087442957, -58.30207250905804, -22.945388904165178, -17.20982397285254, 26.378503777107795, -57.997144721430914, 49.687255241957956, -6.71847066430676, 24.78027653499168, -8.075490461138758, 19.95164738731467, 49.6397955215878]
[30.226917129130747, -1.0790805728854664, 23.845519952236963, 18.575142323240502, 1.896009406867753, -28.217493747511725, -6.33830958278204, -20.09328829550213, -28.418846845649213, -63.22223508064796, -33.773995538408265, -20.293181317653314, 36.55178834200089, -74.15491633478274, 58.689623911665436, -8.688610963164741, 32.22019408278162, -17.150913523075527, 27.44367513464508, 69.9569323518766]
end_values
[15873576.50435719  4283570.13488036]
[15478960.74999204  4294091.21413653]
[14914877.83825633  4324810.02056218]
[14392821.8236054   4369890.41648982]
[14392821.8236054   4369890.41648982]
[11919599.88346274  4793430.81004529]
[11639575.96256997  4857798.6832971 ]
[11383108.77943083  4927880.51187544]
[11039697.79000675  5041847.63657224]
[10882441.47912751  5105177.25439344]
[10695140.58208875  5192876.03897787]
[10587402.6848892   5251741.06965048]
[10490681.70105538  5312059.12986773]
[10415907.4737539   5364280.65700289]
[10348042.41536424  5417980.5017214 ]
[10258351.37770035  5499169.25041033]
[10234146.93366177  5526064.17874192]
[10218016.67333517  5546068.40444445]
[10218016.67333517  5546068.40444445]
[ 6350769.38543419 12115281.94592301]
[ 6145206.75970047 12493750.58552146]
[ 6016438.75920294 12769198.08611801]
[ 5834786.05167861 13233576.81885128]
[ 5698557.3662165  13648700.64389461]
[ 5614084.13952268 13973307.9035562 ]
[ 5544274.66189885 14310817.5933303 ]
[ 5488393.72227953 14648124.23705552]
[ 5402008.53103294 15366574.11825703]
[ 4819696.07718419 22320775.49245689]
[ 4617160.87861332 27438707.89072878]
[ 4226994.30126191 46428480.94750741]
