values
[3591.3737497541065, 1352980.9114430365]
[3616.2562784022857, 1295046.777643381]
values
[3207.281184378861, 1535097.9833092175]
[3235.506762758847, 1382578.2178484192]
[3243.7611974974348, 1377369.9126114459]
[3283.400341032002, 1307093.0585660802]
[3295.851846058036, 1300378.9534782192]
[3310.697856524912, 1279575.36816652]
[3325.927401927233, 1269067.9306245456]
[3330.518716195271, 1264148.0468059096]
[3339.294261034401, 1263091.0803721724]
[3342.859820896127, 1251567.3094781088]
[3344.3670354706765, 1251522.7610362207]
[3345.7978249429502, 1251198.5643004614]
[3348.6852856353494, 1250222.1531123335]
[3353.0884469323546, 1249321.0452046331]
values
[3186.948154102794, 1545464.9424789676]
[3187.4936098146163, 1544795.6978069893]
[3187.619973659606, 1544641.5615126113]
[3187.8309879428816, 1544384.921688131]
[3187.9578412378237, 1544231.0901980973]
[3188.0688472014767, 1543690.6163092076]
[3188.5879469348106, 1543679.1255612157]
[3188.9792751717223, 1543004.5536819503]
[3188.9792751717227, 1543004.55368195]
[3189.322363549438, 1542597.3342600593]
[3189.5805363701425, 1542292.4533509836]
[3189.6667571270273, 1542190.9280389333]
[3190.230859919567, 1541926.0621248658]
[3190.359459881829, 1541380.4817078332]
[3192.709599018944, 1539756.521831244]
[3195.732081792472, 1537623.3295132676]
[3198.983480551726, 1535985.6749362461]
[3201.5259406873133, 1535180.9989423454]
[3204.2896229486973, 1534406.1923540072]
[3204.4884018022703, 1534372.8361013404]
[3235.506762758847, 1382578.2178484192]
[3243.7611974974348, 1377369.9126114459]
[3283.400341032002, 1307093.0585660802]
[3295.851846058036, 1300378.9534782192]
[3310.697856524912, 1279575.36816652]
[3325.927401927233, 1269067.9306245456]
[3330.518716195271, 1264148.0468059096]
[3333.87309574278, 1249072.7019634636]
[3334.5258015933764, 1249051.257349994]
[3334.860607465692, 1248977.2927643321]
[3335.3884440102565, 1248963.3844165383]
[3335.52165305322, 1248960.6190713036]
[3335.7407429149266, 1248954.423308247]
[3336.540094576099, 1248934.8800245677]
[3338.2159716467418, 1248898.4436896]
[3338.909472080496, 1248891.8370068527]
[3339.637566664231, 1248871.646908147]
[3339.8369014823465, 1248868.1849846595]
[3340.016658751438, 1248865.3837816103]
[3340.0828857789675, 1248864.0462662508]
[3340.350321972787, 1248859.6626308183]
[3340.5484832727066, 1248856.9417128393]
[3340.57125384815, 1248856.4710512252]
[3340.8857449916204, 1248851.2930258687]
[3341.0643824812173, 1248848.6209797172]
[3341.600784399957, 1248840.9582899238]
[3342.0059381984256, 1248836.2452588668]
[3342.4964190977007, 1248829.3652284835]
[3342.7052140699716, 1248827.2171950913]
[3342.8873089871954, 1248825.7375766684]
[3343.8846892506267, 1248819.3304267062]
[3343.933676513682, 1248813.8790334396]
[3344.3385601577784, 1248813.6146576467]
[3344.3538097172996, 1248811.9727407082]
[3344.61144929093, 1248810.7341998615]
[3344.6542630214844, 1248807.5493405934]
[3344.744428106826, 1248806.824377417]
[3344.9778632706802, 1248806.3872109205]
[3345.015045725339, 1248804.7378161312]
[3345.195559439753, 1248803.4203809197]
[3345.376154729161, 1248802.1618291019]
[3345.5281220883503, 1248801.7306459837]
[3345.5560153439324, 1248801.4977156282]
[3345.779524649713, 1248801.2249007416]
[3345.8920161266637, 1248797.2103185735]
[3346.2364587074503, 1248795.6338157535]
[3346.642605854793, 1248795.0006235766]
[3346.7250479930944, 1248794.2713056868]
[3346.823853744137, 1248794.2131059659]
[3346.8754840099637, 1248793.801981731]
[3346.896458119882, 1248793.4205463694]
[3347.056028597856, 1248793.4152050465]
[3347.116907994347, 1248792.7133172483]
[3347.146980370971, 1248792.1039757757]
[3347.316371743398, 1248790.9424446984]
[3347.3429367063986, 1248790.467002285]
[3347.4425081050263, 1248790.2044290325]
[3347.784289959809, 1248789.392911074]
[3347.8736638264213, 1248789.1366946816]
[3348.1127733995995, 1248789.0438691755]
[3348.1393157808347, 1248788.6710289253]
[3348.3110547340552, 1248788.3766961421]
[3348.363225653575, 1248788.2922812675]
[3348.3848993852716, 1248788.2877547224]
[3348.4562579301687, 1248788.2675883458]
[3348.4602841264277, 1248788.2651096717]
[3348.464310402134, 1248788.2626849264]
[3348.4643104021343, 1248788.2626849262]
[3348.4978809564145, 1248788.2596856176]
[3348.498157622859, 1248788.253283735]
[3348.5054882707, 1248788.1714165448]
[3348.5143844383488, 1248788.167504591]
[3348.5260970087334, 1248788.1591964194]
[3348.529025211813, 1248788.1571605208]
[3348.5314801170894, 1248788.1554633682]
[3348.531953439086, 1248788.1551410793]
[3348.532707576083, 1248788.1546191312]
[3348.533935039313, 1248788.1537777872]
[3348.5348816905516, 1248788.153138095]
[3348.5359166505286, 1248788.1524220405]
[3348.5363458253573, 1248788.152142776]
[3348.5375039665814, 1248788.1511066696]
[3348.538255071272, 1248788.1506188232]
[3348.5396020838584, 1248788.149866962]
[3348.5398799059258, 1248788.14973318]
[3348.5407382660637, 1248788.1491815008]
[3348.541394209746, 1248788.1485889563]
[3348.541861550107, 1248788.148400066]
[3348.5419498573674, 1248788.1483230728]
[3348.5433605796848, 1248788.1471798855]
[3348.543843205277, 1248788.1470744964]
[3348.5441116972333, 1248788.1467004563]
[3348.5449784862503, 1248788.1460527529]
[3348.5460897954345, 1248788.1455277067]
[3348.5489112719015, 1248788.143272029]
[3348.5504135312012, 1248788.1423296786]
[3348.551163200218, 1248788.1419215458]
[3348.554369812296, 1248788.1400363653]
[3348.554768067756, 1248788.1394738012]
[3348.5556319629873, 1248788.1391874913]
[3348.555821228005, 1248788.1228567904]
[3348.5660003465287, 1248788.1094720094]
[3348.5662973447074, 1248788.1093008874]
[3348.57061349392, 1248788.1065760448]
[3348.575253759366, 1248788.095935971]
[3348.584489283102, 1248788.08784942]
[3348.586944430152, 1248788.0863909067]
[3348.5891207742006, 1248788.080296101]
[3348.5965147438637, 1248788.0759879313]
[3348.598984122328, 1248788.0688656045]
[3348.603573158055, 1248788.0673772295]
[3348.606531819532, 1248788.0613400587]
[3348.6208392483513, 1248788.0579313573]
[3348.623943707462, 1248788.043790655]
[3348.6263990097927, 1248788.0424990482]
[3348.628854329071, 1248788.0412190133]
[3348.6359703709913, 1248788.033852029]
[3348.6383972730123, 1248788.0326168155]
[3348.645169395965, 1248788.0292830232]
[3348.647997375618, 1248788.0243881787]
[3348.6482911235885, 1248788.0217634472]
[3348.6504988668758, 1248788.0200885898]
[3348.663248437592, 1248788.0165140643]
[3348.6659691371547, 1248788.0127073112]
[3348.6714124194596, 1248788.0029790539]
[3348.672026293086, 1248788.0027057596]
[3348.679411122119, 1248788.0022544088]
[3348.6808469862754, 1248788.0010995448]
[3348.692875262105, 1248787.99340017]
[3348.7040597798796, 1248787.984081297]
[3348.711473432736, 1248787.9780752228]
[3348.7167329087483, 1248787.9609761774]
[3348.7488611801887, 1248787.9588075606]
[3348.7583912207715, 1248787.926067574]
[3348.883872315772, 1248787.9013968573]
[3348.9540348756127, 1248787.8486094656]
[3349.1229216137367, 1248787.7995082822]
values
[3186.677373836693, 1545686.5262884784]
[3186.948154102794, 1545464.9424789676]
[3187.4846349586696, 1544603.9317296902]
[3187.5785325779166, 1544601.9942125177]
[3187.746521048327, 1544487.5395173482]
[3187.8309879428816, 1544384.921688131]
[3187.848015489537, 1544223.674912679]
[3188.0688472014767, 1543690.6163092076]
[3188.29978029193, 1543526.3120640318]
[3188.5522501369023, 1543514.7213723096]
[3188.8943281768707, 1542800.6830629725]
[3189.1733661652975, 1542662.0399126152]
[3189.3122694932117, 1542553.3822223758]
[3189.4223905435747, 1542092.303832807]
[3189.4445698788177, 1542013.120262098]
[3190.230859919567, 1541926.0621248658]
[3190.359459881829, 1541380.4817078332]
[3192.709599018944, 1539756.521831244]
[3195.732081792472, 1537623.3295132676]
[3198.983480551726, 1535985.6749362461]
[3201.5259406873133, 1535180.9989423454]
[3204.2896229486973, 1534406.1923540072]
[3204.4884018022703, 1534372.8361013404]
[3235.506762758847, 1382578.2178484192]
[3243.7611974974348, 1377369.9126114459]
[3283.400341032002, 1307093.0585660802]
[3295.851846058036, 1300378.9534782192]
[3310.697856524912, 1279575.36816652]
[3325.927401927233, 1269067.9306245456]
[3330.518716195271, 1264148.0468059096]
[3333.87309574278, 1249072.7019634636]
[3334.357965324403, 1248990.8010952775]
[3334.860607465692, 1248977.2927643321]
[3335.3884440102565, 1248963.3844165383]
[3335.488178534339, 1248960.3456820166]
[3335.7407429149266, 1248954.423308247]
[3335.7999830185795, 1248952.9706226888]
[3336.0051812277848, 1248947.8658074078]
[3336.106539740774, 1248944.8951801558]
[3336.540094576099, 1248934.8800245677]
[3336.7259003885715, 1248930.200597851]
[3337.241653543802, 1248919.054243238]
[3337.862998368429, 1248905.015903481]
[3338.2159716467418, 1248898.4436896]
[3338.909472080496, 1248891.8370068527]
[3339.108332076008, 1248880.473689962]
[3339.318382982441, 1248876.930848375]
[3339.415098298249, 1248875.5853203638]
[3339.637566664231, 1248871.646908147]
[3339.8369014823465, 1248868.1849846595]
[3340.016658751438, 1248865.3837816103]
[3340.0828857789675, 1248864.0462662508]
[3340.2523148257874, 1248860.4057451119]
[3340.3296933091883, 1248859.047550649]
[3340.3576635490354, 1248858.8349613438]
[3340.5484832727066, 1248856.9417128393]
[3340.57125384815, 1248856.4710512252]
[3340.6129976190637, 1248854.8982726447]
[3340.8650981469173, 1248850.738929144]
[3340.9963462868477, 1248849.2236228543]
[3341.0643824812173, 1248848.6209797172]
[3341.399568257592, 1248842.7888779056]
[3341.600784399957, 1248840.9582899238]
[3341.911792107074, 1248836.0003414517]
[3342.2723192318776, 1248832.1254429966]
[3342.4440971081085, 1248828.7922862924]
[3342.6561279064135, 1248826.4784851368]
[3342.8873089871954, 1248825.7375766684]
[3343.350514683056, 1248818.6276118297]
[3343.916685320684, 1248813.0702839545]
[3344.023678449038, 1248813.0362940878]
[3344.342764887667, 1248809.7012355542]
[3344.4050357458345, 1248809.2526804172]
[3344.6542630214844, 1248807.5493405934]
[3344.744428106826, 1248806.824377417]
[3344.967674991891, 1248803.9233475619]
[3345.195559439753, 1248803.4203809197]
[3345.3109574578775, 1248801.4702658493]
[3345.779524649713, 1248801.2249007416]
[3345.8920161266637, 1248797.2103185735]
[3346.2354605819555, 1248795.8412932253]
[3346.2364587074503, 1248795.6338157535]
[3346.3922438166887, 1248794.9129316334]
[3346.579838408692, 1248794.1731716543]
[3346.7099208463146, 1248793.4376011635]
[3346.7635546759666, 1248793.2481388522]
[3346.968858317989, 1248792.8666619128]
[3347.116907994347, 1248792.7133172483]
[3347.146980370971, 1248792.1039757757]
[3347.2227765858106, 1248791.63470418]
[3347.2520216517014, 1248791.2733251348]
[3347.316371743398, 1248790.9424446984]
[3347.3429367063986, 1248790.467002285]
[3347.4425081050263, 1248790.2044290325]
[3347.664451097237, 1248790.0994821729]
[3347.784289959809, 1248789.392911074]
[3347.8736638264213, 1248789.1366946816]
[3348.094170584796, 1248789.1021115803]
[3348.1127733995995, 1248789.0438691755]
[3348.1393157808347, 1248788.6710289253]
[3348.3110547340552, 1248788.3766961421]
[3348.363225653575, 1248788.2922812675]
[3348.3848993852716, 1248788.2877547224]
[3348.4450613781432, 1248788.2839280188]
[3348.447743367866, 1248788.2828787647]
[3348.448394693541, 1248788.2786226491]
[3348.4535122566463, 1248788.270215912]
[3348.4562579301687, 1248788.2675883458]
[3348.4602841264277, 1248788.2651096717]
[3348.461899324864, 1248788.2589028764]
[3348.4709162928916, 1248788.2431655196]
[3348.4742063270537, 1248788.2380799681]
[3348.476638331848, 1248788.2326097235]
[3348.4805327188155, 1248788.228168234]
[3348.4823054957824, 1248788.226810144]
[3348.4826883516607, 1248788.223035774]
[3348.4907759861258, 1248788.212223854]
[3348.4908292973614, 1248788.2113286736]
[3348.4938672632375, 1248788.2088167134]
[3348.5014752614593, 1248788.1958034977]
[3348.5048090298747, 1248788.1911717574]
[3348.5054882707, 1248788.1714165448]
[3348.5143844383488, 1248788.167504591]
[3348.5230494768857, 1248788.1641283727]
[3348.5256461238478, 1248788.1606387817]
[3348.5260970087334, 1248788.1591964194]
[3348.529025211813, 1248788.1571605208]
[3348.5314801170894, 1248788.1554633682]
[3348.531953439086, 1248788.1551410793]
[3348.532178902312, 1248788.1512613692]
[3348.532792108792, 1248788.1497593925]
[3348.536308524455, 1248788.1448029946]
[3348.539037864615, 1248788.141135756]
[3348.5406280352777, 1248788.1405120953]
[3348.5423804361685, 1248788.1388676357]
[3348.5429755158198, 1248788.1364365392]
[3348.5432570436915, 1248788.1364010202]
[3348.543403792222, 1248788.1354554733]
[3348.545046710348, 1248788.1352926225]
[3348.5457423893795, 1248788.1326020835]
[3348.546697918184, 1248788.1325522095]
[3348.550287864308, 1248788.1308185407]
[3348.553366219228, 1248788.1244496633]
[3348.553922309786, 1248788.1224111686]
[3348.557298736722, 1248788.1201615762]
[3348.56020960169, 1248788.1135514686]
[3348.560868800061, 1248788.1135380603]
[3348.562343515247, 1248788.1119668467]
[3348.5623435152474, 1248788.1119668463]
[3348.5660003465287, 1248788.1094720094]
[3348.5662973447074, 1248788.1093008874]
[3348.5684137486005, 1248788.1045779441]
[3348.568937840273, 1248788.1039627742]
[3348.5705882990987, 1248788.1027543526]
[3348.573140858869, 1248788.1022932015]
[3348.574527233074, 1248788.0967552457]
[3348.575253759366, 1248788.095935971]
[3348.5770161816376, 1248788.092923424]
[3348.578509818214, 1248788.091809679]
[3348.5791013072994, 1248788.0914598363]
[3348.580346149422, 1248788.0895142911]
[3348.58311921379, 1248788.0879738696]
[3348.5841880868547, 1248788.0864629427]
[3348.5844719542456, 1248788.0849602192]
[3348.5864115414756, 1248788.0829649784]
[3348.588131767496, 1248788.082081018]
[3348.588762805063, 1248788.0803729757]
[3348.5891207742006, 1248788.080296101]
[3348.5891476705874, 1248788.0797207162]
[3348.5894576343594, 1248788.0794342053]
[3348.5901308754414, 1248788.0787602244]
[3348.59095403392, 1248788.0777356464]
[3348.5924763647877, 1248788.0753707176]
[3348.594781818933, 1248788.0732406669]
[3348.5949960064436, 1248788.0728533056]
[3348.5952399307153, 1248788.0727857994]
[3348.596201554392, 1248788.0720937767]
[3348.598984122328, 1248788.0688656045]
[3348.599814254021, 1248788.0678930352]
[3348.6003058678616, 1248788.0674289858]
[3348.601929498228, 1248788.067421971]
[3348.603419451933, 1248788.0670176393]
[3348.604025340214, 1248788.063450652]
[3348.60500857761, 1248788.0625357565]
[3348.606531819532, 1248788.0613400587]
[3348.607744849197, 1248788.059531773]
[3348.609646440177, 1248788.0571380667]
[3348.6104811432533, 1248788.0565668514]
[3348.6110794926185, 1248788.0562488358]
[3348.6135367827437, 1248788.0553422363]
[3348.61381580996, 1248788.0533214328]
[3348.6154487434383, 1248788.0511359663]
[3348.6196768831237, 1248788.0471840794]
[3348.6228887386196, 1248788.0465665257]
[3348.623943707462, 1248788.043790655]
[3348.62399145265, 1248788.043059572]
[3348.6249963494915, 1248788.042013586]
[3348.6271021726334, 1248788.0395482327]
[3348.628624426513, 1248788.0393251025]
[3348.6314309020527, 1248788.0359238714]
[3348.6323074879783, 1248788.0350044158]
[3348.6326708047895, 1248788.0346797635]
[3348.6327991373746, 1248788.0345904594]
[3348.633569018398, 1248788.0335943813]
[3348.6342524081674, 1248788.0332969597]
[3348.6347657402325, 1248788.032940649]
[3348.6355356248696, 1248788.0319529336]
[3348.638355953809, 1248788.0310130983]
[3348.6389240273456, 1248788.028987088]
[3348.642343698286, 1248788.0257535367]
[3348.6428373244007, 1248788.0253014124]
[3348.645069597362, 1248788.0240524618]
[3348.6457118732346, 1248788.022696863]
[3348.646595327629, 1248788.0218517832]
[3348.648105354032, 1248788.0213815111]
[3348.6485749864128, 1248788.0200211285]
[3348.6498694179904, 1248788.0190271991]
[3348.653434861449, 1248788.0157183856]
[3348.654399794186, 1248788.0153763455]
[3348.6558436408513, 1248788.0138812545]
[3348.6575451018907, 1248788.0126365845]
[3348.657598435401, 1248788.0125803994]
[3348.660465442174, 1248788.0117612006]
[3348.6605917896077, 1248788.010095101]
[3348.660737760508, 1248788.0098684307]
[3348.6634351856737, 1248788.0078527394]
[3348.6645220032524, 1248788.006830537]
[3348.664856880372, 1248788.0066774308]
[3348.6653146618833, 1248788.0060738563]
[3348.6676726272167, 1248788.004441851]
[3348.667903629312, 1248788.0042378444]
[3348.6699987247166, 1248788.0027194922]
[3348.6720168083234, 1248788.001131746]
[3348.675472292075, 1248787.9984446056]
[3348.6789999990992, 1248787.9958097695]
[3348.68263843244, 1248787.993244669]
[3348.6827844223453, 1248787.9930619055]
[3348.685290280697, 1248787.991257903]
[3348.6864228897243, 1248787.9905490568]
[3348.687507596317, 1248787.9895589107]
[3348.688537311689, 1248787.9892866209]
[3348.6896346589833, 1248787.988261912]
[3348.6900966967173, 1248787.9879159834]
[3348.6914121947916, 1248787.9872099373]
[3348.6932603560226, 1248787.9858444815]
[3348.6937352306823, 1248787.9855069122]
[3348.696242883964, 1248787.9837089286]
[3348.6983235562575, 1248787.982486151]
[3348.69924765736, 1248787.981841496]
[3348.701047715743, 1248787.9807015455]
[3348.7016131755654, 1248787.9804202716]
[3348.702360066442, 1248787.9799002972]
[3348.7046863478454, 1248787.9784422987]
[3348.704832356756, 1248787.9783034418]
[3348.7072533461683, 1248787.97676684]
[3348.708142140994, 1248787.9762702878]
[3348.708617035037, 1248787.975965071]
[3348.709951813132, 1248787.9754250133]
[3348.711049247618, 1248787.9745750385]
[3348.7119990435936, 1248787.9739774866]
[3348.7167329087483, 1248787.9609761774]
[3348.7370186267235, 1248787.960421401]
[3348.7376069663555, 1248787.960181717]
[3348.7387361246283, 1248787.9596985339]
[3348.7392728137465, 1248787.9594500063]
[3348.740276987695, 1248787.958895967]
[3348.7404230259413, 1248787.9588258327]
[3348.7424224628735, 1248787.9578229124]
[3348.7426754566413, 1248787.9577597938]
[3348.742821497797, 1248787.9576957833]
[3348.743033362433, 1248787.9576385214]
[3348.7433820807637, 1248787.9574646975]
[3348.7441778036805, 1248787.9573370537]
[3348.7460807219295, 1248787.9563040123]
[3348.74662951375, 1248787.9560281788]
[3348.7485593262236, 1248787.955097778]
[3348.7487053723953, 1248787.955045396]
[3348.7491594909748, 1248787.954827215]
[3348.7513533400524, 1248787.9539234692]
[3348.7513754619613, 1248787.9538584012]
[3348.7514484859275, 1248787.9538344694]
[3348.7515215100802, 1248787.9538108574]
[3348.7515945344185, 1248787.9537875634]
[3348.7521683520185, 1248787.9535411997]
[3348.7543623657693, 1248787.9274452664]
[3348.7583912207715, 1248787.926067574]
[3348.841446665499, 1248787.8773464633]
[3348.9540348756127, 1248787.8486094656]
[3349.1229216137367, 1248787.7995082822]
end_solutions
[-2.3681458794044072, -35.84704689161675, 20.53411734090052, -13.937416051217975, 20.364109820834333, 18.953889905850517, -2.9460675382943036, 3.7327884906109547, 2.804000019629427, 1.1454100910798088]
[-2.368196843164676, -35.84677393460993, 20.53406386440807, -13.937360512880005, 20.364169606955517, 18.954068151462778, -2.946128179655665, 3.732960211768075, 2.803910793530866, 1.1453496462224189]
[-2.3682405263877637, -35.846539971461226, 20.53401802741454, -13.937312908590318, 20.364220852202244, 18.954220933416146, -2.9461801579654034, 3.7331074013313215, 2.8038343140178146, 1.145297836344656]
[-2.3682914901480325, -35.8462670144544, 20.533964550922093, -13.937257370252349, 20.36428063832343, 18.954399179028407, -2.9462407993267643, 3.733279122488442, 2.8037450879192543, 1.1452373914872662]
[-2.368346094176892, -35.84597456051852, 20.53390725468018, -13.937197864890239, 20.36434469488184, 18.95459015647012, -2.946305772213937, 3.7334631094425, 2.803649488527939, 1.1451726291400628]
[-2.3684006982057513, -35.84568210658264, 20.53384995843827, -13.937138359528129, 20.36440875144025, 18.954781133911826, -2.94637074510111, 3.733647096396558, 2.803553889136624, 1.1451078667928591]
[-2.3684589425032017, -35.84537015571771, 20.5337888424469, -13.937074887141879, 20.36447707843589, 18.954984843182984, -2.9464400495140946, 3.7338433491475524, 2.803451916452554, 1.1450387869558418]
[-2.3685183693416283, -35.84499338682258, 20.533732535913398, -13.936988621767252, 20.364553373578456, 18.95522740560785, -2.9465317620391245, 3.7340854115298745, 2.8033291108364846, 1.1449517428843028]
[-2.3685777961800545, -35.84461661792744, 20.533676229379896, -13.936902356392626, 20.364629668721022, 18.955469968032713, -2.946623474564154, 3.734327473912197, 2.8032063052204155, 1.144864698812764]
[-2.3686385721326335, -35.84419484086831, 20.53362281119094, -13.936800212699254, 20.364711706715468, 18.955739708441683, -2.94673017089956, 3.734601680095162, 2.8030690449799307, 1.1447656133539565]
[-2.3687097762581124, -35.8437875788058, 20.533550198631946, -13.936713847142936, 20.364798284527154, 18.956004073399207, -2.946824471804863, 3.7348592789614874, 2.8029360320784633, 1.1446734517512054]
[-2.3687655322236223, -35.8433192647082, 20.533510514842867, -13.936589040047684, 20.364882494396355, 18.956299910650024, -2.9469511445459924, 3.7351703528640963, 2.802784068171984, 1.1445600965408884]
[-2.368832521407538, -35.84286536735507, 20.533450361939884, -13.936480675453986, 20.36497171300936, 18.95659068734235, -2.947064863998852, 3.7354645272599836, 2.8026362943319914, 1.1444539073556417]
[-2.3689254226493213, -35.842109134522055, 20.53338139743071, -13.936282032928476, 20.365109396419655, 18.957069294172157, -2.9472674496936815, 3.7359651084577212, 2.8023907893538773, 1.144271622133199]
[-2.3689619914599684, -35.84181918495255, 20.533353486636532, -13.936206636464648, 20.365162715277524, 18.95725310449053, -2.9473444022464523, 3.7361566780214286, 2.80229663248464, 1.1442020801079713]
[-2.369060316257215, -35.84087995477276, 20.533296514725038, -13.935943184696042, 20.365323678548155, 18.957842205714456, -2.9476078838386783, 3.736788199530138, 2.801992369665245, 1.143970913650542]
[-2.3691299526982603, -35.84041911048547, 20.533232636993738, -13.935834853719658, 20.36541523488033, 18.95813793272734, -2.947722251421899, 3.737085831398594, 2.8018422667068927, 1.1438635027465416]
[-2.3692729171187468, -35.838999986455235, 20.533156022057426, -13.93543122986144, 20.365655134588337, 18.95902628898432, -2.948124229594653, 3.738043320254551, 2.8013827600586194, 1.1435126913101443]
[-2.3694431643597493, -35.83762253007835, 20.533027229908683, -13.935072301381693, 20.365906860265603, 18.959898265083876, -2.9484932047962635, 3.7389524134777297, 2.800935436500199, 1.143180010848623]
[-2.36959626396818, -35.83658950564431, 20.532884607396433, -13.934832361723206, 20.366111361144164, 18.96055987595778, -2.94875379042269, 3.7396147672749533, 2.8005987589615495, 1.1429354826221831]
[-2.3698636584529025, -35.83481699411557, 20.532634083568844, -13.93442254030608, 20.3664645348016, 18.96169673023509, -2.949196644705361, 3.7407516259818667, 2.8000210436881554, 1.1425185912759541]
[-2.3704074008689204, -35.831581780273766, 20.532076532974173, -13.933737857957393, 20.36714345892063, 18.963788582632077, -2.949969356245058, 3.742784900689904, 2.798963985159297, 1.1417689134386577]
[-2.378534273192263, -35.81539173656696, 20.51866056841302, -13.937618318743805, 20.374076798506977, 18.97582284123536, -2.95080492538563, 3.7476098914828544, 2.7933567567731736, 1.1385282915046115]
[-2.380533430088959, -35.81281008303942, 20.51532582836886, -13.938943841227863, 20.375599229869223, 18.977960304433438, -2.9504546307817723, 3.7479564524835434, 2.7924348057539623, 1.1381999723881846]
[-2.386117403099588, -35.802436906701956, 20.50580215444654, -13.942183461878905, 20.380331213974298, 18.985765247441655, -2.9508677829865047, 3.7504016075677677, 2.788806586915909, 1.1360373474078618]
[-2.389638915088286, -35.79651321193979, 20.499778804190854, -13.944392861625477, 20.383235103967316, 18.99032419148424, -2.950884082135494, 3.751569870934593, 2.7867201135442015, 1.1348790104694007]
[-2.400806861109544, -35.77576685926486, 20.480731456346213, -13.950872102927562, 20.392699072177464, 19.005934077500676, -2.9517103865449585, 3.7564601811030416, 2.779463675868094, 1.130553760508755]
[-2.4154963191195002, -35.74909681182777, 20.45566075824589, -13.95956074397622, 20.405066930380627, 19.026102907559697, -2.9525529901034124, 3.762518754638315, 2.7701207648202795, 1.1250701736096484]
[-2.4436684150290864, -35.701707253730426, 20.4074739562004, -13.977235941948809, 20.428298050324784, 19.062574459900365, -2.9526833832953248, 3.7718648615729213, 2.753428977846622, 1.1158034781019592]
[-2.5215147554811934, -35.56627783972124, 20.274447385899595, -14.024871004016951, 20.49307348612998, 19.16598708228489, -2.954814237873367, 3.8003997691222144, 2.7058438016358695, 1.0887076151062036]
[-2.5738101411975114, -27.012583408080708, 21.044002067436836, -11.256581559186962, 21.54156196165252, 24.195602177314953, -6.149847870274981, 9.455159393425802, -0.012069447996909788, -1.4516085517461086]
end_values
[   3348.87152558 1248787.92930283]
[   3348.85993345 1248787.92937794]
[   3348.84999759 1248787.92983032]
[   3348.83840607 1248787.93081075]
[   3348.82598693 1248787.93240216]
[   3348.81356818 1248787.93455319]
[   3348.80032192 1248787.93746443]
[   3348.78458519 1248787.94172327]
[   3348.76884908 1248787.94694395]
[   3348.75137546 1248787.9538584 ]
[   3348.73419469 1248787.96183955]
[   3348.71508377 1248787.97214465]
[   3348.69624288 1248787.98370893]
[   3348.66531466 1248788.00607386]
[   3348.65343486 1248788.01571839]
[   3348.61544874 1248788.05113597]
[   3348.59628357 1248788.07074531]
[   3348.53903786 1248788.14113576]
[   3348.48268835 1248788.22303577]
[   3348.43977298 1248788.29281473]
[   3348.36605257 1248788.42926186]
[   3348.23008879 1248788.73097951]
[   3347.40146153 1248790.8408423 ]
[   3347.25202165 1248791.27332513]
[   3346.70992085 1248793.43760116]
[   3346.39224382 1248794.91293163]
[   3345.31095746 1248801.47026585]
[   3343.91668532 1248813.07028395]
[   3341.39956826 1248842.78887791]
[   3334.35796532 1248990.80109528]
[   3186.67737384 1545686.52628848]
