values
[394.4854278477151, 2049.7068483793228]
[394.4860550701477, 2046.3929066653975]
[394.48722411822314, 2045.3969156708088]
[394.4880507117945, 2034.8904615084234]
[401.94307183330744, 1468.9025795920159]
[402.0401984260146, 1463.4177826945938]
[402.1509965364209, 1458.4284223848476]
[402.60818370881276, 1442.6863629411755]
[402.760214660814, 1438.3634512323072]
[403.1404718318638, 1427.44465012925]
[403.4517842262984, 1420.7963693694312]
[422.8419763839518, 1008.008675602066]
[423.4180694799319, 1001.0648473244698]
[423.7229674631252, 997.70162646658]
[424.0390997364542, 994.4108677959623]
[424.06705086585555, 988.5434271850588]
[424.11124422680865, 988.0767439455959]
[424.98780755303324, 974.6534607028659]
[425.1426388344872, 972.3020272506387]
[425.3160334608592, 970.0462665574771]
[425.3276834682821, 969.9236486101198]
[425.4946708807319, 968.000612930204]
[425.96948444104646, 961.6156726650983]
[426.1960397181356, 959.5729845918023]
[426.25005348195936, 959.4522232418014]
[426.3732810793878, 957.2322536198047]
[426.6801262075347, 954.3996426682614]
[426.90832249375745, 952.5066129079588]
[427.0476319489114, 951.3062201379174]
[427.05748835854087, 951.1648916053497]
[427.1925574146686, 950.1344776305787]
[427.2521000839405, 949.6738027011999]
[427.4766180356127, 948.2159255541625]
[427.4992563779932, 948.1527165250644]
[427.60222925430236, 947.4979303890912]
[427.66102987556053, 947.3506709109049]
[427.730810765227, 946.7956697732517]
[427.8284193837312, 946.577275559448]
[428.02249102114655, 945.3898031007891]
[428.06458182007606, 945.1519420876689]
[428.3269871830189, 944.5641879729459]
[428.3292069974931, 944.0623882360981]
[428.36043494060476, 943.8210083261187]
[428.6509586942666, 942.8134251791786]
[428.7190400920373, 942.528403749773]
[428.85008838891576, 941.9854799645962]
[429.05396122927965, 941.1832212340875]
[429.2751787189092, 940.5833372115605]
[429.4076343775613, 940.1024908539677]
[429.6183811061077, 939.7372968422864]
[429.6321791109156, 939.4753887891574]
[429.67370839122293, 939.3398159423797]
[429.7248632309321, 939.2060483172946]
[429.93133910932397, 938.6308497065081]
[430.3133323625501, 937.6554877730408]
[430.5095089497495, 937.1952848135419]
[430.61763413210184, 936.9579522799121]
[430.6327201465209, 936.918270115331]
[430.84656975344194, 936.4320095563005]
[430.96115608306485, 936.2290620795837]
[431.0658408728624, 936.0233901700444]
[431.0735008966624, 936.0140816408552]
[431.10469096143504, 935.9549715102806]
[431.11232345493846, 935.9172999166016]
[431.1920092875141, 935.7832099938782]
[431.28237439402477, 935.6217181764714]
[431.42713124328566, 935.3687086029754]
[431.4892204389778, 935.2682878550486]
[431.5734855181565, 935.151518568408]
[431.6092809238794, 935.0954853112836]
[431.64517241387205, 935.0399592056631]
[431.66123831870016, 935.0037046047348]
[431.73082917183496, 934.9117787025879]
[431.7939076560291, 934.8354164746333]
[431.88310326821033, 934.6952077267059]
[431.94949244978466, 934.6056151895443]
[432.05774591785286, 934.4388966801249]
[432.0800637358378, 934.4178487548883]
[432.1251541493263, 934.3722417832711]
[432.18545658861785, 934.3143923268254]
[432.20231099777635, 934.2581946072066]
[432.26051475146437, 934.206723050183]
[432.30297879709144, 934.1502985081519]
[432.40049307223825, 934.0889421345265]
[432.44128519578766, 933.9795718004434]
[432.48732659982437, 933.9480907711469]
[432.66511693729217, 933.740702351376]
[432.89214326390754, 933.4931136034888]
[432.92141988089145, 933.4558765057241]
[432.9853681560375, 933.4049128795193]
[433.05062709750956, 933.3329518474305]
[433.1808706264162, 933.2154948578662]
[433.31215046761133, 933.1035055370312]
[433.3781790053171, 933.0495612523871]
[433.4192052615225, 933.0181440732089]
[433.50687090353756, 932.9805412693022]
[433.5475265352358, 932.9501739683345]
[433.5778190868672, 932.8959299015486]
[433.63534919900667, 932.8581636652856]
[433.7278837557165, 932.8095471993241]
[433.7284481287792, 932.7761303055383]
[433.72856104998345, 932.7694469568479]
[433.7286175164095, 932.7661052862611]
[433.80899659082155, 932.7601652513483]
[433.84763295527694, 932.7102249409827]
[433.9497330828814, 932.6436755611945]
[434.0133300785717, 932.6286109566186]
[434.07577447262236, 932.581172928324]
[434.13298404436273, 932.58028658328]
[434.1380654818912, 932.5120736464733]
[434.1380783563383, 932.5112354569263]
[434.28661339344126, 932.4579709561553]
[434.3595576870575, 932.4118290742704]
[434.4998738600134, 932.3474992619051]
[434.5568724482995, 932.3163373290823]
[434.6630626174365, 932.2785307225037]
[434.6896554891676, 932.2661169281515]
[434.7629499037655, 932.2309880303264]
[434.78303046923594, 932.2250119909363]
[434.8232524665577, 932.2133825240907]
[434.86355561905384, 932.2021832064911]
[434.8770137223497, 932.1990019723344]
[434.90393992672443, 932.1914140381376]
[434.98496856896475, 932.1725338952264]
[435.14797267909074, 932.1377875481753]
[435.20258316862555, 932.1266278224823]
[435.25734758067676, 932.1170632409388]
[435.31223796165744, 932.1066047070206]
values
[394.4854278477151, 2049.7068483793228]
[394.4860550701477, 2046.3929066653975]
[394.48722411822314, 2045.3969156708088]
[394.4880507117945, 2034.8904615084234]
[394.5013231618715, 2030.873700419702]
[394.5469076229958, 2027.8094991862824]
[401.94307183330744, 1468.9025795920159]
[402.0401984260146, 1463.4177826945938]
[402.1194242810667, 1462.2002433747152]
[402.1509965364209, 1458.4284223848476]
[402.43974040714716, 1448.177279092296]
[402.44361385939, 1448.0400030145584]
[402.5640253454762, 1444.1161893646845]
[402.60818370881276, 1442.6863629411755]
[402.64591653255854, 1441.2596717644074]
[402.760214660814, 1438.3634512323072]
[402.845243325133, 1435.1359693439936]
[403.04538077709026, 1429.8398185340534]
[403.07269489061366, 1429.161015310102]
[403.11703682522005, 1428.1005220437619]
[403.1404718318638, 1427.44465012925]
[403.377839417738, 1422.3017591781168]
[403.4517842262984, 1420.7963693694312]
[411.6698251199553, 1207.3905836953795]
[422.8419763839518, 1008.008675602066]
[423.4180694799319, 1001.0648473244698]
[423.7229674631252, 997.70162646658]
[424.0390997364542, 994.4108677959623]
[424.06705086585555, 988.5434271850588]
[424.11124422680865, 988.0767439455959]
[424.570740474353, 981.0258194293325]
[424.9018599569907, 976.0764092849715]
[424.9352653511085, 975.4964027952979]
[424.98780755303324, 974.6534607028659]
[425.1426388344872, 972.3020272506387]
[425.30589694153053, 970.1363824742573]
[425.3160334608592, 970.0462665574771]
[425.3276834682821, 969.9236486101198]
[425.3441931741642, 969.6658846475895]
[425.37813709077204, 969.2564000925021]
[425.42296622513635, 968.7363421204793]
[425.4946708807319, 968.000612930204]
[425.60968823092884, 966.6947142863011]
[425.69422221215154, 964.2575302904388]
[425.7613770036109, 963.9013706803929]
[425.9615081598003, 960.696190942591]
[426.10165837011687, 959.0788575097803]
[426.14828997967436, 958.5797465276943]
[426.1821616676588, 958.2184642198594]
[426.26236629712275, 957.3987808471921]
[426.3732810793878, 957.2322536198047]
[426.4269549817243, 955.8238497185953]
[426.6009708138896, 954.2987581219896]
[426.64037517391114, 953.9668401169871]
[426.7373731821011, 953.1933899586925]
[426.7918001064844, 952.7775388315837]
[426.8508266882728, 952.3434393213519]
[426.8863311265494, 952.0653524209827]
[426.9392973218919, 951.6862182078909]
[426.94976679617173, 951.6225969248578]
[426.99298748742797, 951.3108819002441]
[427.0476319489114, 951.3062201379174]
[427.05748835854087, 951.1648916053497]
[427.08379385117775, 950.6725213556257]
[427.1925574146686, 950.1344776305787]
[427.1961937443972, 949.9399248487457]
[427.2521000839405, 949.6738027011999]
[427.39679740409196, 948.6785650028484]
[427.4088271489303, 948.6188073292386]
[427.41322125578586, 948.5993791963917]
[427.4258691699491, 948.5405649040123]
[427.4565417340823, 948.3309491315437]
[427.4766180356127, 948.2159255541625]
[427.48735874284836, 948.1490844310676]
[427.50469288406873, 948.0454163955363]
[427.5696855734279, 947.685158762662]
[427.60222925430236, 947.4979303890912]
[427.6108242596438, 947.4372914681495]
[427.66102987556053, 947.3506709109049]
[427.72845325590873, 946.8045675966291]
[427.730810765227, 946.7956697732517]
[427.7355299011146, 946.7778941661109]
[427.8284193837312, 946.577275559448]
[427.9713021753647, 945.5791410631008]
[427.98549422443284, 945.5282189236664]
[428.02249102114655, 945.3898031007891]
[428.03763508875375, 945.2662297552974]
[428.06458182007606, 945.1519420876689]
[428.08134620326774, 945.0695124821699]
[428.0939893516318, 944.9944473544581]
[428.2165015971787, 944.430227492082]
[428.2555731102609, 944.3087491909396]
[428.28516524942455, 944.1337419366133]
[428.3292069974931, 944.0623882360981]
[428.36043494060476, 943.8210083261187]
[428.39570466391393, 943.6787556349797]
[428.4711281665566, 943.3509507117666]
[428.6144043174619, 942.7694964849455]
[428.68941184976376, 942.4833016066126]
[428.7351818834983, 942.3226204668906]
[428.74081549116636, 942.2888300628824]
[428.74363435362596, 942.2719448806853]
[428.7464545885026, 942.2556797884596]
[428.75209917550706, 942.2426002889083]
[428.7744934081247, 942.1691011458121]
[428.79396181272443, 942.1160728894243]
[428.80819467503136, 942.0265933073971]
[428.8350259660058, 941.9384653566393]
[428.8836829106237, 941.752452569901]
[428.89782566872555, 941.73987187602]
[428.93343555868057, 941.6094950222777]
[428.9590193794768, 941.4864047080971]
[429.02038994406433, 941.2788836400416]
[429.0262617765968, 941.2466672757134]
[429.05396122927965, 941.1832212340875]
[429.1623886513494, 940.8014780943995]
[429.20925342757545, 940.6764379591287]
[429.2751787189092, 940.5833372115605]
[429.30985152525045, 940.3211114432441]
[429.3190104354691, 940.2844666060682]
[429.36222491588205, 940.1977941462741]
[429.40705341891936, 940.024017314313]
[429.4246876661036, 939.9906555712352]
[429.4819242856521, 939.8507530620323]
[429.48756726777833, 939.7857497185324]
[429.50726654429764, 939.7581892023302]
[429.5160483632256, 939.7136191187991]
[429.54255037148926, 939.6715880008559]
[429.5935582324276, 939.4817050687038]
[429.61968241539375, 939.4233061143902]
[429.67087925955605, 939.2951434858315]
[429.7248632309321, 939.2060483172946]
[429.7960778057021, 938.9319155911223]
[429.8113896312517, 938.8823084971582]
[429.90269787577876, 938.6428394112222]
[429.93133910932397, 938.6308497065081]
[430.0342381313416, 938.3092917977391]
[430.0876752576431, 938.1325922652153]
[430.1078397773658, 938.1087402734763]
[430.1272884255221, 938.063505105238]
[430.14644343155237, 938.0378932902308]
[430.1690400346447, 937.9242113310065]
[430.1780602919108, 937.9046537089353]
[430.216539059097, 937.8924587545989]
[430.30443338847886, 937.665757394703]
[430.3133323625501, 937.6554877730408]
[430.3714072506635, 937.4511775673025]
[430.5095089497495, 937.1952848135419]
[430.56823947432224, 937.0161121658051]
[430.5775896387722, 936.99830868829]
[430.60647995141983, 936.9140344946005]
[430.635452468572, 936.8703889064686]
[430.64485959014587, 936.8485456838093]
[430.65407516277173, 936.82239837774]
[430.6666314510784, 936.8019231758653]
[430.7823222485345, 936.5876113241702]
[430.82591090277094, 936.4737528465154]
[430.84656975344194, 936.4320095563005]
[430.96115608306485, 936.2290620795837]
[430.98841089287237, 936.1496125978653]
[431.0422554923531, 936.0584394961279]
[431.0517651816441, 936.0338841689269]
[431.06150221040184, 936.0137950908237]
[431.0825671701647, 935.9741985583327]
[431.10469096143504, 935.9549715102806]
[431.11232345493846, 935.9172999166016]
[431.16611665260433, 935.8196105310359]
[431.1834644419126, 935.7882122647876]
[431.1920092875141, 935.7832099938782]
[431.28024983945176, 935.6157455100386]
[431.42713124328566, 935.3687086029754]
[431.46945867800935, 935.2948077858337]
[431.4826713102311, 935.2744907774022]
[431.4892204389778, 935.2682878550486]
[431.4927382461728, 935.2570717568246]
[431.5028126405916, 935.2431143049184]
[431.5160589079529, 935.2203571937304]
[431.52461797898366, 935.2087152635225]
[431.5464592371529, 935.1745061213189]
[431.55835690643346, 935.1552776605313]
[431.5734855181565, 935.151518568408]
[431.5759481305944, 935.1258811721153]
[431.58030191423353, 935.1218915873834]
[431.6092809238794, 935.0954853112836]
[431.64517241387205, 935.0399592056631]
[431.66123831870016, 935.0037046047348]
[431.70871191779986, 934.9230287951683]
[431.73082917183496, 934.9117787025879]
[431.77357758901195, 934.8321735693759]
[431.83012050264233, 934.7513807530432]
[431.86075151523085, 934.6996708394148]
[431.8755348697202, 934.6790304504101]
[431.87918358174255, 934.6745949829685]
[431.8894170602379, 934.655600485734]
[431.8973450102295, 934.6481651590622]
[431.904134392365, 934.6403276613337]
[431.91804604805674, 934.6136202082203]
[431.9364554524664, 934.597575637289]
[431.9385676974586, 934.5951533626607]
[431.9476514124924, 934.5816947915318]
[431.96436007629006, 934.5526132011968]
[431.9767419603997, 934.5466791454126]
[431.9912343984515, 934.5198415100979]
[432.05774591785286, 934.4388966801249]
[432.0800637358378, 934.4178487548883]
[432.10232633164827, 934.3722537922266]
[432.1251541493263, 934.3722417832711]
[432.13057132655456, 934.3287065119164]
[432.18545658861785, 934.3143923268254]
[432.20231099777635, 934.2581946072066]
[432.2327275271637, 934.2043304634482]
[432.2586858368686, 934.1717037025307]
[432.26970626652593, 934.1544689603579]
[432.27763576709145, 934.1493676383831]
[432.30247849685924, 934.1097281697128]
[432.3062360186506, 934.1044271850681]
[432.3482014618803, 934.0561169057298]
[432.36289537071525, 934.0346066144587]
[432.39108096625785, 934.0016541242467]
[432.3930769255163, 934.000069619185]
[432.43014958185194, 933.9722137802255]
[432.47641074532663, 933.9014396360816]
[432.53607345366964, 933.8524020945672]
[432.55256584335126, 933.8151837906269]
[432.59078684684863, 933.7728125099385]
[432.6485247978489, 933.7086863777205]
[432.6562122736622, 933.6990004032288]
[432.67866468041746, 933.6745075243148]
[432.68251529806037, 933.6710351671613]
[432.6946915035779, 933.6579924001009]
[432.7024015265935, 933.6499560439357]
[432.7137393472507, 933.6391888716782]
[432.7219141186698, 933.6305933803973]
[432.7828444215951, 933.5732643668007]
[432.7985324237593, 933.5518784570746]
[432.83812648767196, 933.5101149273497]
[432.8765974372147, 933.4720848623391]
[432.91607958195704, 933.4323180987813]
[432.95504659154363, 933.3943206193696]
[432.9944152215357, 933.3565389823168]
[432.99920959017146, 933.3543914398001]
[433.0064280056836, 933.345097876469]
[433.0142888413249, 933.3390853676767]
[433.0182206505417, 933.336153403074]
[433.03387988674615, 933.3201907228166]
[433.0668508652946, 933.3179707106015]
[433.0735941783065, 933.2851359191857]
[433.1130973228223, 933.2490162176408]
[433.1808706264162, 933.2154948578662]
[433.192390520824, 933.1782900986291]
[433.23264374107447, 933.1460594944383]
[433.2398415576152, 933.1406392233863]
[433.25187973357623, 933.125716691467]
[433.2720662641193, 933.1095816917212]
[433.31204759025206, 933.0759841303064]
[433.3164673975439, 933.0719340770614]
[433.31866104729386, 933.0699083061105]
[433.32867479475215, 933.0626811659603]
[433.35212455270823, 933.0428909969175]
[433.3675561819339, 933.0373903261352]
[433.4007147693502, 933.006394262338]
[433.41265224190784, 932.9953948081551]
[433.4325653865907, 932.9782180142176]
[433.440849295282, 932.9719739834397]
[433.4962411957784, 932.9392695258875]
[433.50629487512276, 932.9268114993687]
[433.51338876576676, 932.916574302527]
[433.5223358304132, 932.9105876738339]
[433.57117001145417, 932.8741621107342]
[433.57449146809586, 932.8711018402081]
[433.6151903654514, 932.8412896682863]
[433.623337581796, 932.8369319852549]
[433.6246596097653, 932.8364527791388]
[433.6448212084419, 932.8205837254865]
[433.67712264509663, 932.8011528920758]
[433.6898278369157, 932.7913191013673]
[433.6989731601644, 932.782411079443]
[433.70022515666113, 932.7815508842966]
[433.7284481287792, 932.7761303055383]
[433.72856104998345, 932.7694469568479]
[433.7286175164095, 932.7661052862611]
[433.76066588288063, 932.7526768398096]
[433.7681709034361, 932.737705771322]
[433.8098432571274, 932.7131788235785]
[433.81668110965023, 932.7033078457968]
[433.8468628254757, 932.6859327514936]
[433.8505693618475, 932.6833623401817]
[433.88058526342184, 932.6632264586075]
[433.88892687587065, 932.6577880316652]
[433.8919120455382, 932.6569472666505]
[433.90870294307166, 932.6532371731521]
[433.9497330828814, 932.6436755611945]
[433.951684272366, 932.6184029869993]
[433.972301532383, 932.6065174472263]
[434.02364052843865, 932.6011794878908]
[434.0258567273653, 932.5975536198123]
[434.0441893914814, 932.5748657947936]
[434.0518956209773, 932.5595026606741]
[434.1318385650907, 932.514443076702]
[434.1370867776303, 932.5140917321191]
[434.1380654818912, 932.5120736464733]
[434.1380783563383, 932.5112354569263]
[434.1677478866741, 932.4952776425298]
[434.1702801166916, 932.4941048239288]
[434.17065417931525, 932.4938261277301]
[434.17194085796706, 932.4928677771105]
[434.21213036472324, 932.4717525550732]
[434.2257553989537, 932.466944482217]
[434.2383202017894, 932.4600538684998]
[434.27122635054684, 932.4436836273125]
[434.27730353538755, 932.4404572015294]
[434.292771019875, 932.430902343661]
[434.32320951932445, 932.4182016864158]
[434.34010659769353, 932.4089346722958]
[434.35692609275833, 932.4003740458844]
[434.3990969866891, 932.3792045834563]
[434.4063356924907, 932.3783926213451]
[434.41084643446027, 932.374117237365]
[434.42288382340223, 932.3688485068664]
[434.4294326614644, 932.3675321812902]
[434.4297445435735, 932.3669028672069]
[434.4424459653427, 932.3607341435071]
[434.4551558255016, 932.3546100570614]
[434.4636147699673, 932.3505896877346]
[434.48978165977076, 932.34544060762]
[434.49889188774705, 932.3358397815728]
[434.51588757000616, 932.330709272618]
[434.5453383047369, 932.3154522821336]
[434.59189693463463, 932.2956573963261]
[434.6229983617374, 932.2827900355828]
[434.63594557517354, 932.2785359218581]
[434.63856777744013, 932.2764551241498]
[434.64878361587614, 932.2730890881755]
[434.6616300949685, 932.2676868917471]
[434.6853508331535, 932.2581212053987]
[434.68734836832215, 932.2574328820231]
[434.73224610177465, 932.2410870058335]
[434.74790279418346, 932.2355406312298]
[434.75291722932786, 932.2340163765134]
[434.7629499037655, 932.2309880303264]
[434.77861991426823, 932.2238619779255]
[434.8232524665577, 932.2133825240907]
[434.82340922194516, 932.208224260123]
[434.84435849375365, 932.2018436461703]
[434.8499752047993, 932.201094191558]
[434.86167924172025, 932.1955180174795]
[434.86830013223306, 932.193169255046]
[434.87031625141555, 932.1925324884801]
[434.8725999603458, 932.1919555091093]
[434.87950762095045, 932.189590952399]
[434.8926451108182, 932.1862401537719]
[434.8953242828191, 932.1846375530774]
[434.9170674820244, 932.1800682438038]
[434.93520446877017, 932.1718216713193]
[434.9456380097185, 932.1686816713681]
[434.9494526145302, 932.1677699030244]
[434.9624373797641, 932.1635115107928]
[435.0001055344423, 932.1557536880024]
[435.00999240765873, 932.1498930075555]
[435.045711277458, 932.1394592072578]
[435.0564437669642, 932.1364262885261]
[435.05701820576684, 932.1361944526797]
[435.0635289413688, 932.1346787957024]
[435.06833143579485, 932.1331334659362]
[435.06942272047536, 932.1328914714916]
[435.0804267585248, 932.1301443426954]
[435.0887164695744, 932.1289191472022]
[435.12740384225515, 932.1221814284575]
[435.1520426102412, 932.1112180807066]
[435.1651268023983, 932.1085855776196]
[435.17956874987897, 932.1044551990209]
[435.23313998720937, 932.0926747655097]
[435.23499774376927, 932.0915937798538]
[435.2360979235678, 932.0912889177175]
[435.2431308225134, 932.0898046841742]
[435.2454566962074, 932.0891136353623]
[435.24970082402825, 932.0880835783043]
[435.26486424452713, 932.0850808948699]
[435.26581407207425, 932.084852986981]
[435.30137819398703, 932.0779516866896]
[435.30688941491667, 932.0761908792407]
[435.33462310264866, 932.0705230387388]
[435.3610313146463, 932.0656375176337]
[435.3902014827097, 932.0597730843926]
[435.4046165834204, 932.0572030692449]
[435.4123313908669, 932.0556969151788]
[435.4194242187953, 932.0545286950659]
[435.42165390099353, 932.0541191125856]
[435.42362550898196, 932.0538162913948]
[435.4342423102331, 932.0519094939943]
[435.43772818700415, 932.0513021412895]
[435.48234238033467, 932.0439134734572]
[435.50456947382224, 932.0403500890595]
[435.52887199941637, 932.0366660056485]
[435.55659245914484, 932.032668673359]
[435.57823066014043, 932.029593887998]
[435.5878113722664, 932.0283027931328]
[435.5889400329213, 932.0281934553133]
[435.5942942051204, 932.0274544022726]
[435.60924513818634, 932.0255811561748]
[435.62636104903584, 932.0234013473536]
[435.63069052870503, 932.0228757975271]
[435.66845562731896, 932.0183764513896]
[435.6736458357825, 932.0178055310444]
[435.7210348992627, 932.0127598865738]
[435.74789252338627, 932.0101384424019]
[435.7586868824059, 932.0091863162528]
[435.75981455409766, 932.0090268013288]
[435.7640834957956, 932.0086712271908]
[435.7683532796044, 932.0083200935143]
[435.81612585642324, 932.004319113149]
[435.8549001840041, 932.0015366866892]
[435.8638277501037, 932.0009239841946]
[435.8654692137449, 932.0008461713692]
[435.8712344852817, 932.0004722249942]
[435.887717800719, 931.999432734157]
[435.92003620344406, 931.997640709414]
[435.9297694345402, 931.9971542908925]
[435.93835984847897, 931.9967026651876]
[435.93950697385446, 931.996690601906]
[435.95240219322847, 931.9960997548067]
[436.00489432872604, 931.9941207055787]
[436.02444008932025, 931.993566244722]
[436.0693213138995, 931.9925482828978]
[436.1120013604179, 931.9921347914243]
[436.15591104804673, 931.9920999664005]
values
[394.4854278477151, 2049.7068483793228]
[394.4860550701477, 2046.3929066653975]
[394.48722411822314, 2045.3969156708088]
[394.4880507117945, 2034.8904615084234]
[394.5013231618715, 2030.873700419702]
[394.5469076229958, 2027.8094991862824]
[394.57716401319425, 2023.288354831136]
[396.2792568637884, 1744.3543006567463]
[396.3698911274826, 1735.3335900197587]
[396.4675828402753, 1727.9565434000592]
[401.94307183330744, 1468.9025795920159]
[402.0401984260146, 1463.4177826945938]
[402.1194242810667, 1462.2002433747152]
[402.1509965364209, 1458.4284223848476]
[402.43974040714716, 1448.177279092296]
[402.44361385939, 1448.0400030145584]
[402.5640253454762, 1444.1161893646845]
[402.60818370881276, 1442.6863629411755]
[402.6129983381987, 1442.3801135483984]
[402.62933603138055, 1441.8192597871275]
[402.64591653255854, 1441.2596717644074]
[402.760214660814, 1438.3634512323072]
[402.845243325133, 1435.1359693439936]
[403.04538077709026, 1429.8398185340534]
[403.07269489061366, 1429.161015310102]
[403.09474445391885, 1428.6301358076564]
[403.11703682522005, 1428.1005220437619]
[403.1404718318638, 1427.44465012925]
[403.18662662117254, 1426.4734999824718]
[403.377839417738, 1422.3017591781168]
[403.4517842262984, 1420.7963693694312]
[411.6698251199553, 1207.3905836953795]
[412.07656450081305, 1199.3045530130291]
[412.35523269574765, 1192.4677098653453]
[412.6940662070649, 1185.9486173768312]
[413.6184093022882, 1171.2451262111244]
[422.8419763839518, 1008.008675602066]
[423.4180694799319, 1001.0648473244698]
[423.7229674631252, 997.70162646658]
[424.0390997364542, 994.4108677959623]
[424.06705086585555, 988.5434271850588]
[424.11124422680865, 988.0767439455959]
[424.570740474353, 981.0258194293325]
[424.9018599569907, 976.0764092849715]
[424.9352653511085, 975.4964027952979]
[424.98780755303324, 974.6534607028659]
[425.1426388344872, 972.3020272506387]
[425.30589694153053, 970.1363824742573]
[425.3160334608592, 970.0462665574771]
[425.3276834682821, 969.9236486101198]
[425.3441931741642, 969.6658846475895]
[425.37813709077204, 969.2564000925021]
[425.4181038019392, 968.9509965651151]
[425.42296622513635, 968.7363421204793]
[425.4820351542465, 967.7372688685674]
[425.4978283388336, 967.4482369332258]
[425.60968823092884, 966.6947142863011]
[425.69422221215154, 964.2575302904388]
[425.7613770036109, 963.9013706803929]
[425.9187408583757, 961.2155720341741]
[425.94000310508994, 960.9552486191072]
[425.9615081598003, 960.696190942591]
[426.03050593874656, 959.8818146749321]
[426.10165837011687, 959.0788575097803]
[426.14828997967436, 958.5797465276943]
[426.1821616676588, 958.2184642198594]
[426.21937783306174, 957.8304238545729]
[426.26236629712275, 957.3987808471921]
[426.3212444081458, 956.8169925772316]
[426.4269549817243, 955.8238497185953]
[426.6009708138896, 954.2987581219896]
[426.62569005329385, 954.0966140862821]
[426.64037517391114, 953.9668401169871]
[426.6455767125784, 953.9296273863283]
[426.64990812436434, 953.8984292574371]
[426.7337447566804, 953.2167012960186]
[426.7373731821011, 953.1933899586925]
[426.76265102758435, 952.9964871945258]
[426.7918001064844, 952.7775388315837]
[426.8508266882728, 952.3434393213519]
[426.88356934108464, 952.0836354214282]
[426.8863311265494, 952.0653524209827]
[426.90485861283423, 951.9240986100176]
[426.9392973218919, 951.6862182078909]
[426.94976679617173, 951.6225969248578]
[426.977493228109, 951.4011511137796]
[426.9817038753089, 951.3765489778199]
[426.99298748742797, 951.3108819002441]
[427.0020799280828, 951.2420367110902]
[427.0083316530793, 951.1910720670353]
[427.05748835854087, 951.1648916053497]
[427.08379385117775, 950.6725213556257]
[427.13194090847776, 950.3465815772536]
[427.1925574146686, 950.1344776305787]
[427.1961937443972, 949.9399248487457]
[427.2521000839405, 949.6738027011999]
[427.2642229634056, 949.4937324709898]
[427.28742455260607, 949.3443524839354]
[427.3318054903049, 949.0749160748721]
[427.37131153235725, 948.8339407761549]
[427.3950228265437, 948.6872677249135]
[427.39679740409196, 948.6785650028484]
[427.4003490168277, 948.6611717834309]
[427.4088271489303, 948.6188073292386]
[427.41322125578586, 948.5993791963917]
[427.4258691699491, 948.5405649040123]
[427.44815480769375, 948.3698616978653]
[427.4565417340823, 948.3309491315437]
[427.46846616088, 948.27478516442]
[427.4766180356127, 948.2159255541625]
[427.48735874284836, 948.1490844310676]
[427.5002064833774, 948.0643727094459]
[427.50469288406873, 948.0454163955363]
[427.53482462440456, 947.8741328667786]
[427.5696855734279, 947.685158762662]
[427.60222925430236, 947.4979303890912]
[427.6108242596438, 947.4372914681495]
[427.66102987556053, 947.3506709109049]
[427.67281509528243, 947.1056938644076]
[427.6784704207598, 947.0812864273486]
[427.68276096928986, 947.0791875002761]
[427.7035843274113, 946.9420632646504]
[427.72845325590873, 946.8045675966291]
[427.730810765227, 946.7956697732517]
[427.734526409963, 946.7793426953019]
[427.7355299011146, 946.7778941661109]
[427.7459953658676, 946.7164475070666]
[427.7574864650047, 946.6536708083612]
[427.8259602156095, 946.3087284066235]
[427.9450316887419, 945.7122230108761]
[427.9713021753647, 945.5791410631008]
[427.98549422443284, 945.5282189236664]
[428.02249102114655, 945.3898031007891]
[428.03763508875375, 945.2662297552974]
[428.0483264444443, 945.2101831244646]
[428.06458182007606, 945.1519420876689]
[428.06648975270923, 945.1283223274609]
[428.08134620326774, 945.0695124821699]
[428.0939893516318, 944.9944473544581]
[428.12631171314746, 944.8462972905047]
[428.13247180079185, 944.8244776212879]
[428.1569603804861, 944.7069269170955]
[428.171197057948, 944.6557736266684]
[428.20525798147423, 944.4874835612209]
[428.2165015971787, 944.430227492082]
[428.25130835155403, 944.2810950932164]
[428.28516524942455, 944.1337419366133]
[428.3102117790862, 944.019160336729]
[428.3230060298781, 943.9683240297493]
[428.36043494060476, 943.8210083261187]
[428.36603351699847, 943.785072416682]
[428.39570466391393, 943.6787556349797]
[428.44786278419605, 943.441475001427]
[428.4711281665566, 943.3509507117666]
[428.5436028559792, 943.0479253549975]
[428.57919263014344, 942.9146880947008]
[428.6144043174619, 942.7694964849455]
[428.6183659837109, 942.7513340027875]
[428.6210691672733, 942.750264583571]
[428.6406178117835, 942.661116775345]
[428.64730819395743, 942.6420167148044]
[428.6626926555291, 942.5967631710745]
[428.68941184976376, 942.4833016066126]
[428.7351818834983, 942.3226204668906]
[428.74081549116636, 942.2888300628824]
[428.74363435362596, 942.2719448806853]
[428.7464545885026, 942.2556797884596]
[428.75209917550706, 942.2426002889083]
[428.7744934081247, 942.1691011458121]
[428.78478984922214, 942.1178063871688]
[428.79396181272443, 942.1160728894243]
[428.79848384289966, 942.0716683883087]
[428.80819467503136, 942.0265933073971]
[428.8115868258737, 942.0128837060892]
[428.8350259660058, 941.9384653566393]
[428.8481856886403, 941.8796318484438]
[428.86199461531317, 941.8340955568801]
[428.87142411453766, 941.7995694952948]
[428.8836829106237, 941.752452569901]
[428.89782566872555, 941.73987187602]
[428.9120904061113, 941.6528038706023]
[428.93343555868057, 941.6094950222777]
[428.9590193794768, 941.4864047080971]
[428.9866616936682, 941.3873584700165]
[429.02038994406433, 941.2788836400416]
[429.0262617765968, 941.2466672757134]
[429.05396122927965, 941.1832212340875]
[429.08277598773975, 941.0755143515262]
[429.0991603651497, 941.0011602623796]
[429.1134191632654, 940.9579731248758]
[429.1370929082258, 940.8752914477302]
[429.1623886513494, 940.8014780943995]
[429.1650568495372, 940.7794613359627]
[429.20925342757545, 940.6764379591287]
[429.2751787189092, 940.5833372115605]
[429.29437626914483, 940.3639832962755]
[429.30985152525045, 940.3211114432441]
[429.3190104354691, 940.2844666060682]
[429.3579309580091, 940.1638046902183]
[429.40705341891936, 940.024017314313]
[429.4114106985262, 939.9966623422515]
[429.4246876661036, 939.9906555712352]
[429.42581920931315, 939.9493903692556]
[429.4396164468743, 939.9208620311532]
[429.47930376692193, 939.7988371463421]
[429.48756726777833, 939.7857497185324]
[429.49421633867007, 939.7472347997435]
[429.50477196120687, 939.7139301831111]
[429.5160483632256, 939.7136191187991]
[429.54255037148926, 939.6715880008559]
[429.5618816499731, 939.5659674880299]
[429.5935582324276, 939.4817050687038]
[429.61968241539375, 939.4233061143902]
[429.67087925955605, 939.2951434858315]
[429.694377485439, 939.1636821788588]
[429.75237213925755, 939.018629149536]
[429.7960778057021, 938.9319155911223]
[429.8047353674671, 938.8773216840546]
[429.8874951897316, 938.6342070211163]
[429.9144683052218, 938.5763019122802]
[429.9433594695797, 938.5110126907699]
[429.97933956515146, 938.3969553332344]
[429.98599326896414, 938.3763509575521]
[429.99272954438527, 938.3652875543822]
[430.0273000264709, 938.2740965741809]
[430.0687695480992, 938.1781003404304]
[430.0841733508903, 938.1436916187271]
[430.0876752576431, 938.1325922652153]
[430.1078397773658, 938.1087402734763]
[430.1272884255221, 938.063505105238]
[430.1413516511729, 938.0149149491001]
[430.1690400346447, 937.9242113310065]
[430.1780602919108, 937.9046537089353]
[430.216539059097, 937.8924587545989]
[430.30443338847886, 937.665757394703]
[430.3133323625501, 937.6554877730408]
[430.3714072506635, 937.4511775673025]
[430.5095089497495, 937.1952848135419]
[430.56823947432224, 937.0161121658051]
[430.5775896387722, 936.99830868829]
[430.60647995141983, 936.9140344946005]
[430.635452468572, 936.8703889064686]
[430.64485959014587, 936.8485456838093]
[430.65407516277173, 936.82239837774]
[430.6666314510784, 936.8019231758653]
[430.7823222485345, 936.5876113241702]
[430.82591090277094, 936.4737528465154]
[430.84656975344194, 936.4320095563005]
[430.96115608306485, 936.2290620795837]
[430.98841089287237, 936.1496125978653]
[431.0314099685785, 936.0743751402294]
[431.0422554923531, 936.0584394961279]
[431.0517651816441, 936.0338841689269]
[431.06150221040184, 936.0137950908237]
[431.07124669763687, 935.9937459163572]
[431.0807767831101, 935.9709463200452]
[431.10469096143504, 935.9549715102806]
[431.11232345493846, 935.9172999166016]
[431.16611665260433, 935.8196105310359]
[431.1834644419126, 935.7882122647876]
[431.1920092875141, 935.7832099938782]
[431.2168435417685, 935.7290266665364]
[431.2305625975474, 935.7112170383715]
[431.27034412786344, 935.6349375640453]
[431.28024983945176, 935.6157455100386]
[431.3109841481153, 935.581214002616]
[431.42713124328566, 935.3687086029754]
[431.45227594590125, 935.3288193840343]
[431.4694413855431, 935.3128693284389]
[431.46945867800935, 935.2948077858337]
[431.4826713102311, 935.2744907774022]
[431.4892204389778, 935.2682878550486]
[431.4927382461728, 935.2570717568246]
[431.5028126405916, 935.2431143049184]
[431.5160589079529, 935.2203571937304]
[431.52461797898366, 935.2087152635225]
[431.54391404404237, 935.1777169484988]
[431.5464592371529, 935.1745061213189]
[431.55835690643346, 935.1552776605313]
[431.5734855181565, 935.151518568408]
[431.5759481305944, 935.1258811721153]
[431.58030191423353, 935.1218915873834]
[431.6092809238794, 935.0954853112836]
[431.64517241387205, 935.0399592056631]
[431.66123831870016, 935.0037046047348]
[431.67780446634504, 934.9665866143887]
[431.69528121883667, 934.9522430450597]
[431.70871191779986, 934.9230287951683]
[431.73082917183496, 934.9117787025879]
[431.76104464715627, 934.8514076816685]
[431.77357758901195, 934.8321735693759]
[431.83012050264233, 934.7513807530432]
[431.86075151523085, 934.6996708394148]
[431.8755348697202, 934.6790304504101]
[431.87918358174255, 934.6745949829685]
[431.8894170602379, 934.655600485734]
[431.8973450102295, 934.6481651590622]
[431.904134392365, 934.6403276613337]
[431.9145482616987, 934.6284119209391]
[431.91804604805674, 934.6136202082203]
[431.92493622422023, 934.611781646372]
[431.9364554524664, 934.597575637289]
[431.9385676974586, 934.5951533626607]
[431.9476514124924, 934.5816947915318]
[431.9570193201327, 934.5641410830916]
[431.96068923441265, 934.5583746626922]
[431.96436007629006, 934.5526132011968]
[431.9767419603997, 934.5466791454126]
[431.9813611454084, 934.5331238653382]
[431.9839402524407, 934.5249192164044]
[431.9912343984515, 934.5198415100979]
[432.05774591785286, 934.4388966801249]
[432.0800637358378, 934.4178487548883]
[432.0874111091692, 934.3830304181332]
[432.10232633164827, 934.3722537922266]
[432.1251541493263, 934.3722417832711]
[432.13057132655456, 934.3287065119164]
[432.14083994742697, 934.3155847433062]
[432.1584064016938, 934.291485132376]
[432.1731561455657, 934.2790317695697]
[432.20231099777635, 934.2581946072066]
[432.2088240418085, 934.2351441522537]
[432.2327275271637, 934.2043304634482]
[432.2586858368686, 934.1717037025307]
[432.2625477053083, 934.1592140027192]
[432.26970626652593, 934.1544689603579]
[432.27763576709145, 934.1493676383831]
[432.2806233716494, 934.1344518268199]
[432.2820611287851, 934.1335748717861]
[432.30247849685924, 934.1097281697128]
[432.3062360186506, 934.1044271850681]
[432.31286168553015, 934.0990237552963]
[432.32628418991106, 934.0792061419667]
[432.3482014618803, 934.0561169057298]
[432.35586538538575, 934.0543608332059]
[432.36289537071525, 934.0346066144587]
[432.3849664230747, 934.0077745519372]
[432.39108096625785, 934.0016541242467]
[432.3930769255163, 934.000069619185]
[432.43014958185194, 933.9722137802255]
[432.47641074532663, 933.9014396360816]
[432.49071181603324, 933.8895382960419]
[432.5090697679242, 933.865209475814]
[432.53607345366964, 933.8524020945672]
[432.55256584335126, 933.8151837906269]
[432.5821281505549, 933.7804310139817]
[432.59078684684863, 933.7728125099385]
[432.60954166702624, 933.7500415078003]
[432.611216561417, 933.749607092527]
[432.61878977912374, 933.7417819327316]
[432.6280456858536, 933.7316307620054]
[432.6485247978489, 933.7086863777205]
[432.6562122736622, 933.6990004032288]
[432.66005740296504, 933.6947662601978]
[432.6747732302009, 933.6820088651386]
[432.6772474507578, 933.6785647525525]
[432.67866468041746, 933.6745075243148]
[432.68251529806037, 933.6710351671613]
[432.6946915035779, 933.6579924001009]
[432.701338538928, 933.6516021366137]
[432.7024015265935, 933.6499560439357]
[432.7078529615153, 933.644976616127]
[432.7116571983414, 933.6445297524994]
[432.7137393472507, 933.6391888716782]
[432.7219141186698, 933.6305933803973]
[432.7299786412812, 933.6240358205459]
[432.75077255803785, 933.5994675661707]
[432.7828444215951, 933.5732643668007]
[432.7985324237593, 933.5518784570746]
[432.8096323592273, 933.5386132767129]
[432.83812648767196, 933.5101149273497]
[432.8757108262722, 933.476159513991]
[432.8765974372147, 933.4720848623391]
[432.8903680242149, 933.4601085536582]
[432.91607958195704, 933.4323180987813]
[432.9359006934818, 933.4139495754212]
[432.9473670622248, 933.402237585476]
[432.95504659154363, 933.3943206193696]
[432.96524383685386, 933.3846969324594]
[432.9684807679811, 933.3817455296335]
[432.97610730920746, 933.3749221628827]
[432.99333171827516, 933.3580784982033]
[432.9944152215357, 933.3565389823168]
[432.99920959017146, 933.3543914398001]
[433.0064280056836, 933.345097876469]
[433.0105746168765, 933.3413322113855]
[433.0142888413249, 933.3390853676767]
[433.0182206505417, 933.336153403074]
[433.03387988674615, 933.3201907228166]
[433.03963991209395, 933.3146739770832]
[433.0436843380592, 933.3107904184941]
[433.0460809505151, 933.3107543387542]
[433.0652443746104, 933.2920830286496]
[433.0735941783065, 933.2851359191857]
[433.1130973228223, 933.2490162176408]
[433.12168663190243, 933.2402579684161]
[433.1286947871571, 933.2329848361032]
[433.15004533398974, 933.2139997008659]
[433.1894219165037, 933.1825724785236]
[433.192390520824, 933.1782900986291]
[433.21753907722047, 933.1587424669689]
[433.22751327052487, 933.1476882733198]
[433.23264374107447, 933.1460594944383]
[433.2398415576152, 933.1406392233863]
[433.2436885191716, 933.1326082742955]
[433.25187973357623, 933.125716691467]
[433.2720662641193, 933.1095816917212]
[433.28174382564015, 933.1010332206401]
[433.29070892389444, 933.0929616351432]
[433.3082673348156, 933.078693173263]
[433.31204759025206, 933.0759841303064]
[433.3164673975439, 933.0719340770614]
[433.31866104729386, 933.0699083061105]
[433.32867479475215, 933.0626811659603]
[433.3480182101964, 933.0484316543832]
[433.35212455270823, 933.0428909969175]
[433.3587790789642, 933.0408586655399]
[433.3630540846376, 933.0367933378127]
[433.3864744985918, 933.0154695495143]
[433.4007147693502, 933.006394262338]
[433.41265224190784, 932.9953948081551]
[433.4325653865907, 932.9782180142176]
[433.440849295282, 932.9719739834397]
[433.45027230890497, 932.9648516837159]
[433.4708272403581, 932.950834278589]
[433.490356037441, 932.9362322117657]
[433.49764966961396, 932.9292552480438]
[433.50629487512276, 932.9268114993687]
[433.50812288900045, 932.9222484620517]
[433.51001162845176, 932.919094817419]
[433.51338876576676, 932.916574302527]
[433.5223358304132, 932.9105876738339]
[433.52913685640755, 932.904979582269]
[433.5469441117701, 932.8912084575176]
[433.57117001145417, 932.8741621107342]
[433.57449146809586, 932.8711018402081]
[433.5756147220784, 932.8698701062342]
[433.59347015578584, 932.857304638966]
[433.60076282409915, 932.851805418984]
[433.60220782822347, 932.8508908872082]
[433.6151903654514, 932.8412896682863]
[433.623337581796, 932.8369319852549]
[433.62356291675025, 932.8351588886362]
[433.6412421464259, 932.8236740346388]
[433.6448212084419, 932.8205837254865]
[433.6456599769183, 932.8200057672032]
[433.65550832556306, 932.8126695214493]
[433.67712264509663, 932.8011528920758]
[433.68176966394753, 932.7947454501609]
[433.6898278369157, 932.7913191013673]
[433.6989731601644, 932.782411079443]
[433.70022515666113, 932.7815508842966]
[433.71985693035765, 932.7678346017061]
[433.7286175164095, 932.7661052862611]
[433.72865799758904, 932.7617555310956]
[433.7330601794847, 932.7587507825937]
[433.7374634602337, 932.7558079461743]
[433.76066588288063, 932.7526768398096]
[433.7681709034361, 932.737705771322]
[433.7716678322256, 932.7332772394934]
[433.7860274960293, 932.7243872660309]
[433.79486153301775, 932.7186467340955]
[433.8098432571274, 932.7131788235785]
[433.81256923600847, 932.706146285808]
[433.81668110965023, 932.7033078457968]
[433.83976343257405, 932.6887295312675]
[433.8468628254757, 932.6859327514936]
[433.8505693618475, 932.6833623401817]
[433.85426723624465, 932.6792968276245]
[433.8574894750421, 932.6772253912906]
[433.86026110275986, 932.6751257014092]
[433.86529201142844, 932.672093541975]
[433.8786038751399, 932.6635569728073]
[433.88058526342184, 932.6632264586075]
[433.8830433607504, 932.66072305472]
[433.88748394521417, 932.6579661807408]
[433.88892687587065, 932.6577880316652]
[433.8919120455382, 932.6569472666505]
[433.8919256285313, 932.6552260602972]
[433.90081229172546, 932.649763226863]
[433.9147481904382, 932.641027701254]
[433.9169722672602, 932.6396747190696]
[433.9191966187954, 932.6383231875064]
[433.9208648027584, 932.6373632448087]
[433.92435925047874, 932.6354549959342]
[433.9253507842067, 932.6346537970181]
[433.9264279107187, 932.6342681106562]
[433.92809677206975, 932.6329315674644]
[433.9297657926859, 932.6318116264476]
[433.93183507709847, 932.6304629483298]
[433.93517398405413, 932.629010797389]
[433.9359268018244, 932.6279794435499]
[433.951684272366, 932.6184029869993]
[433.972301532383, 932.6065174472263]
[433.99956507450923, 932.5897249563335]
[434.0113189894234, 932.5827950882012]
[434.01299582079486, 932.58210768859]
[434.02813467935357, 932.5731295870185]
[434.0387708115624, 932.5668068846031]
[434.04324979859433, 932.5642636776511]
[434.04772988447957, 932.5617262731832]
[434.0494101203061, 932.560858128172]
[434.0510905153977, 932.560189405222]
[434.0518956209773, 932.5595026606741]
[434.0544517833762, 932.5588544469691]
[434.06457923823507, 932.5520397775479]
[434.0769558044227, 932.5452099264323]
[434.0814441632915, 932.5426339842588]
[434.11234276962466, 932.5251594039397]
[434.13150215658754, 932.5146850051605]
[434.1318385650907, 932.514443076702]
[434.1360038584008, 932.5121795031482]
[434.1380654818912, 932.5120736464733]
[434.1380783563383, 932.5112354569263]
[434.1421984033875, 932.5088063344591]
[434.1517911522162, 932.5035217236913]
[434.1591348106014, 932.4996168396051]
[434.16364325745474, 932.4971469442889]
[434.16646151138957, 932.4959074061285]
[434.1677478866741, 932.4952776425298]
[434.1681528031614, 932.4946884336584]
[434.1698442541983, 932.4940720846524]
[434.17065417931525, 932.4938261277301]
[434.17194085796706, 932.4928677771105]
[434.1732276340674, 932.49285303869]
[434.1761347742381, 932.4904629130324]
[434.1787090306219, 932.4904370749784]
[434.1805993724614, 932.4882221820723]
[434.18511305465984, 932.485779916725]
[434.19132405927843, 932.4823328843939]
[434.1939302940675, 932.4810742726542]
[434.20208887745923, 932.4769590914935]
[434.21213036472324, 932.4717525550732]
[434.22452016578, 932.4650923342775]
[434.2383202017894, 932.4600538684998]
[434.2411193291046, 932.4574115338778]
[434.25247513002375, 932.4507423768758]
[434.26550805869044, 932.4439122347931]
[434.27122635054684, 932.4436836273125]
[434.27730353538755, 932.4404572015294]
[434.2848265225872, 932.4343140658539]
[434.28936552811524, 932.4320054773332]
[434.292771019875, 932.430902343661]
[434.3079058845864, 932.4228423211586]
[434.3198578569036, 932.4170159717238]
[434.34010659769353, 932.4089346722958]
[434.35236283753903, 932.4012768669495]
[434.35692609275833, 932.4003740458844]
[434.3651199633798, 932.3953735975804]
[434.37423790973196, 932.3909672033475]
[434.37992153098503, 932.3879821996381]
[434.38963725480005, 932.3834855777772]
[434.3990969866891, 932.3792045834563]
[434.39935797424164, 932.3790153028176]
[434.4063356924907, 932.3783926213451]
[434.4075310381962, 932.3751146647522]
[434.4096543371484, 932.374216520626]
[434.41084643446027, 932.374117237365]
[434.4113680593411, 932.3734955579654]
[434.4130819407988, 932.3730023618824]
[434.4165101815095, 932.3720184573633]
[434.4186344925626, 932.3709605568624]
[434.4207590398602, 932.3699039066967]
[434.42288382340223, 932.3688485068664]
[434.4263138649577, 932.3678740286053]
[434.4294326614644, 932.3675321812902]
[434.4297445435735, 932.3669028672069]
[434.4424459653427, 932.3607341435071]
[434.4551558255016, 932.3546100570614]
[434.4636147699673, 932.3505896877346]
[434.46477588157836, 932.3494612432669]
[434.4730543364192, 932.3454084867615]
[434.4842993318557, 932.3406749219702]
[434.49503156910004, 932.3357367178421]
[434.51588757000616, 932.330709272618]
[434.530710681298, 932.3206657056121]
[434.53416039683896, 932.3191530933539]
[434.5453383047369, 932.3154522821336]
[434.5477433836122, 932.3133355628194]
[434.5689689402651, 932.3043025140998]
[434.59021783774574, 932.2958191504375]
[434.59189693463463, 932.2956573963261]
[434.60582952486607, 932.2896248695037]
[434.6229983617374, 932.2827900355828]
[434.63594557517354, 932.2785359218581]
[434.63856777744013, 932.2764551241498]
[434.64878361587614, 932.2730890881755]
[434.65038433018356, 932.2719214138641]
[434.6540120510654, 932.2702004987532]
[434.65600638799543, 932.2693545380755]
[434.6616300949685, 932.2676868917471]
[434.6753543179803, 932.2619102044496]
[434.6853508331535, 932.2581212053987]
[434.68734836832215, 932.2574328820231]
[434.69671992572285, 932.2540430070466]
[434.6990517843971, 932.2532377769724]
[434.72734134279125, 932.2422727702905]
[434.73224610177465, 932.2410870058335]
[434.74713172412737, 932.2351730457899]
[434.75291722932786, 932.2340163765134]
[434.7629499037655, 932.2309880303264]
[434.77629019618695, 932.2248430287334]
[434.77861991426823, 932.2238619779255]
[434.78232327778255, 932.222597522941]
[434.79205129136005, 932.2194374312049]
[434.80513115324845, 932.2149708294402]
[434.8061501650047, 932.214608416366]
[434.8232524665577, 932.2133825240907]
[434.82340922194516, 932.208224260123]
[434.84435849375365, 932.2018436461703]
[434.8499752047993, 932.201094191558]
[434.86167924172025, 932.1955180174795]
[434.8622407467332, 932.195229430144]
[434.86830013223306, 932.193169255046]
[434.87031625141555, 932.1925324884801]
[434.8725999603458, 932.1919555091093]
[434.8760534901577, 932.1907716470732]
[434.87807039158963, 932.1901856569922]
[434.87950762095045, 932.189590952399]
[434.8838098586332, 932.1884365940525]
[434.8926451108182, 932.1862401537719]
[434.8953242828191, 932.1846375530774]
[434.89860711351963, 932.1836161837574]
[434.8999932109534, 932.1833782673249]
[434.9006548178129, 932.1829424183534]
[434.9170674820244, 932.1800682438038]
[434.93520446877017, 932.1718216713193]
[434.9456380097185, 932.1686816713681]
[434.9494526145302, 932.1677699030244]
[434.9624373797641, 932.1635115107928]
[434.96446299421007, 932.1629044597993]
[434.97022728100455, 932.1612864573455]
[434.9776565730408, 932.1590380275056]
[434.97868445229904, 932.158722385874]
[434.98257861695, 932.1577902742561]
[434.98648063856103, 932.1565976372682]
[434.99288727794686, 932.1546924355467]
[434.99494464585945, 932.1540696449567]
[435.00999240765873, 932.1498930075555]
[435.045711277458, 932.1394592072578]
[435.04919477176134, 932.1385432999526]
[435.0564437669642, 932.1364262885261]
[435.05701820576684, 932.1361944526797]
[435.0635289413688, 932.1346787957024]
[435.0648446503231, 932.1341419537579]
[435.06833143579485, 932.1331334659362]
[435.06942272047536, 932.1328914714916]
[435.0733415685595, 932.1317875842313]
[435.07977581291453, 932.1300280210384]
[435.08184204832907, 932.1294520018909]
[435.0887164695744, 932.1289191472022]
[435.0893125126533, 932.1274207941302]
[435.0903460896319, 932.1271352067363]
[435.12740384225515, 932.1221814284575]
[435.1520426102412, 932.1112180807066]
[435.1651268023983, 932.1085855776196]
[435.1670378502731, 932.1075544951552]
[435.1691129531896, 932.1070635723443]
[435.17765346696353, 932.105014498942]
[435.17956874987897, 932.1044551990209]
[435.23313998720937, 932.0926747655097]
[435.23499774376927, 932.0915937798538]
[435.2360979235678, 932.0912889177175]
[435.2396140725502, 932.0905452172649]
[435.2431308225134, 932.0898046841742]
[435.24423143469863, 932.08950210762]
[435.2454566962074, 932.0891136353623]
[435.24714235715913, 932.0888751997969]
[435.24818393572895, 932.0886509794617]
[435.24970082402825, 932.0880835783043]
[435.25126711171976, 932.0880325205865]
[435.2546733900225, 932.0872196802129]
[435.25675736044093, 932.0867755288444]
[435.258841541387, 932.0863324875913]
[435.2646679228323, 932.085102595009]
[435.26486424452713, 932.0850808948699]
[435.2653343466861, 932.0849188654131]
[435.26581407207425, 932.084852986981]
[435.30137819398703, 932.0779516866896]
[435.30688941491667, 932.0761908792407]
[435.32755903725, 932.0718429308432]
[435.33462310264866, 932.0705230387388]
[435.3361653728999, 932.0701411030109]
[435.33721143785266, 932.0699405459258]
[435.34139622398277, 932.0691410928737]
[435.3447752700831, 932.0684580623646]
[435.3610313146463, 932.0656375176337]
[435.3902014827097, 932.0597730843926]
[435.4046165834204, 932.0572030692449]
[435.40535430871563, 932.0569650811674]
[435.4112218835636, 932.0559524635437]
[435.4123313908669, 932.0556969151788]
[435.4158775043407, 932.0551112214414]
[435.4194242187953, 932.0545286950659]
[435.41997918136104, 932.0544020251095]
[435.4200780831256, 932.0543950674972]
[435.42165390099353, 932.0541191125856]
[435.42362550898196, 932.0538162913948]
[435.42384109050784, 932.0535025924088]
[435.4264059854824, 932.0532852407854]
[435.42767196646867, 932.0530711220749]
[435.4342423102331, 932.0519094939943]
[435.43772818700415, 932.0513021412895]
[435.48234238033467, 932.0439134734572]
[435.49589375476313, 932.041685884136]
[435.4969478213071, 932.0415275316625]
[435.50011033673053, 932.0410541394151]
[435.50456947382224, 932.0403500890595]
[435.508787787611, 932.0397274780004]
[435.52887199941637, 932.0366660056485]
[435.55659245914484, 932.032668673359]
[435.5762141241673, 932.0298650910945]
[435.57823066014043, 932.029593887998]
[435.57833031147834, 932.0295908682881]
[435.58386430650137, 932.0288381630842]
[435.5842461535155, 932.028832829873]
[435.5849227541644, 932.0287029188031]
[435.5878113722664, 932.0283027931328]
[435.5889400329213, 932.0281934553133]
[435.58949944304607, 932.0280902994516]
[435.5900588677294, 932.0279872207199]
[435.59363494569465, 932.0275595336976]
[435.5942942051204, 932.0274544022726]
[435.59965479182847, 932.0268214301699]
[435.60924513818634, 932.0255811561748]
[435.62636104903584, 932.0234013473536]
[435.63069052870503, 932.0228757975271]
[435.65683861255314, 932.0196488423171]
[435.6655801534882, 932.0186602928106]
[435.6677052083012, 932.0184328414467]
[435.66845562731896, 932.0183764513896]
[435.6719559495103, 932.017981269065]
[435.6736458357825, 932.0178055310444]
[435.7210348992627, 932.0127598865738]
[435.73776721992067, 932.0110371378037]
[435.7461968041802, 932.0102834160517]
[435.7465416717937, 932.0102222110822]
[435.746760308704, 932.0102019071579]
[435.74789252338627, 932.0101384424019]
[435.7527227731796, 932.0096897754594]
[435.7535708720875, 932.0096185506732]
[435.7586868824059, 932.0091863162528]
[435.7592507109725, 932.0091065202258]
[435.75981455409766, 932.0090268013288]
[435.76341902044044, 932.0087488092357]
[435.7640834957956, 932.0086712271908]
[435.7683532796044, 932.0083200935143]
[435.81612585642324, 932.004319113149]
[435.8189999462699, 932.0040299775543]
[435.8278073090809, 932.0033886736178]
[435.8320896355996, 932.003103699452]
[435.8549001840041, 932.0015366866892]
[435.8638277501037, 932.0009239841946]
[435.8654692137449, 932.0008461713692]
[435.8712344852817, 932.0004722249942]
[435.887717800719, 931.999432734157]
[435.8983888084525, 931.998733876044]
[435.90053679160087, 931.9986273615689]
[435.90688081375777, 931.9983094128216]
[435.9093770653498, 931.9981596804174]
[435.9117464230424, 931.9980473030225]
[435.9126007336778, 931.9980088404174]
[435.914124128024, 931.9979171364405]
[435.9177542062573, 931.9977742012235]
[435.9183221437815, 931.9977161292944]
[435.9188900958643, 931.9976581344952]
[435.92003620344406, 931.997640709414]
[435.9248998333141, 931.9973953409251]
[435.9297694345402, 931.9971542908925]
[435.93835984847897, 931.9967026651876]
[435.93950697385446, 931.996690601906]
[435.95240219322847, 931.9960997548067]
[435.9912509406004, 931.9945352314811]
[435.9934080017784, 931.9944765985639]
[436.00489432872604, 931.9941207055787]
[436.02444008932025, 931.993566244722]
[436.0645228392078, 931.9926357623903]
[436.06874950342495, 931.9925858783164]
[436.0693213138995, 931.9925482828978]
[436.07451143990136, 931.9925069738915]
[436.0753720620803, 931.9925017997348]
[436.079702776062, 931.9924720459395]
[436.0802748665615, 931.992435930748]
[436.0851787491609, 931.9923757498101]
[436.1120013604179, 931.9921347914243]
[436.15591104804673, 931.9920999664005]
values
[394.4854278477151, 2049.7068483793228]
[394.4860550701477, 2046.3929066653975]
[394.48722411822314, 2045.3969156708088]
[394.4880507117945, 2034.8904615084234]
[394.5013231618715, 2030.873700419702]
[394.53590441355277, 2029.7344413048265]
[394.5469076229958, 2027.8094991862824]
[394.57716401319425, 2023.288354831136]
[396.2792568637884, 1744.3543006567463]
[396.3698911274826, 1735.3335900197587]
[396.4675828402753, 1727.9565434000592]
[401.94307183330744, 1468.9025795920159]
[402.0401984260146, 1463.4177826945938]
[402.1194242810667, 1462.2002433747152]
[402.1509965364209, 1458.4284223848476]
[402.43974040714716, 1448.177279092296]
[402.44361385939, 1448.0400030145584]
[402.5640253454762, 1444.1161893646845]
[402.60818370881276, 1442.6863629411755]
[402.6129983381987, 1442.3801135483984]
[402.62933603138055, 1441.8192597871275]
[402.64591653255854, 1441.2596717644074]
[402.6653320332827, 1440.615974822559]
[402.760214660814, 1438.3634512323072]
[402.845243325133, 1435.1359693439936]
[403.04538077709026, 1429.8398185340534]
[403.07269489061366, 1429.161015310102]
[403.09474445391885, 1428.6301358076564]
[403.11703682522005, 1428.1005220437619]
[403.1404718318638, 1427.44465012925]
[403.18662662117254, 1426.4734999824718]
[403.377839417738, 1422.3017591781168]
[403.4517842262984, 1420.7963693694312]
[411.6698251199553, 1207.3905836953795]
[412.07656450081305, 1199.3045530130291]
[412.35523269574765, 1192.4677098653453]
[412.6940662070649, 1185.9486173768312]
[412.9866647943879, 1181.2820193466282]
[413.6184093022882, 1171.2451262111244]
[422.8419763839518, 1008.008675602066]
[423.4180694799319, 1001.0648473244698]
[423.7229674631252, 997.70162646658]
[424.0390997364542, 994.4108677959623]
[424.06705086585555, 988.5434271850588]
[424.11124422680865, 988.0767439455959]
[424.570740474353, 981.0258194293325]
[424.9018599569907, 976.0764092849715]
[424.9352653511085, 975.4964027952979]
[424.98780755303324, 974.6534607028659]
[425.1426388344872, 972.3020272506387]
[425.3034419313748, 971.3944643534934]
[425.30589694153053, 970.1363824742573]
[425.3160334608592, 970.0462665574771]
[425.3276834682821, 969.9236486101198]
[425.3441931741642, 969.6658846475895]
[425.37813709077204, 969.2564000925021]
[425.4181038019392, 968.9509965651151]
[425.42296622513635, 968.7363421204793]
[425.4820351542465, 967.7372688685674]
[425.4978283388336, 967.4482369332258]
[425.60968823092884, 966.6947142863011]
[425.69422221215154, 964.2575302904388]
[425.7613770036109, 963.9013706803929]
[425.9187408583757, 961.2155720341741]
[425.94000310508994, 960.9552486191072]
[425.9615081598003, 960.696190942591]
[426.03050593874656, 959.8818146749321]
[426.10165837011687, 959.0788575097803]
[426.14828997967436, 958.5797465276943]
[426.1821616676588, 958.2184642198594]
[426.21937783306174, 957.8304238545729]
[426.26236629712275, 957.3987808471921]
[426.3212444081458, 956.8169925772316]
[426.4269549817243, 955.8238497185953]
[426.58544483050326, 954.4272524832368]
[426.6009708138896, 954.2987581219896]
[426.62569005329385, 954.0966140862821]
[426.64037517391114, 953.9668401169871]
[426.6455767125784, 953.9296273863283]
[426.6468089146486, 953.9215516974787]
[426.64990812436434, 953.8984292574371]
[426.6900646454265, 953.566491874447]
[426.7337447566804, 953.2167012960186]
[426.7373731821011, 953.1933899586925]
[426.76265102758435, 952.9964871945258]
[426.7918001064844, 952.7775388315837]
[426.8508266882728, 952.3434393213519]
[426.8822329946347, 952.0911853065794]
[426.88356934108464, 952.0836354214282]
[426.8863311265494, 952.0653524209827]
[426.90485861283423, 951.9240986100176]
[426.9276114505469, 951.7576862839658]
[426.9392973218919, 951.6862182078909]
[426.94976679617173, 951.6225969248578]
[426.977493228109, 951.4011511137796]
[426.9817038753089, 951.3765489778199]
[426.99298748742797, 951.3108819002441]
[427.0020799280828, 951.2420367110902]
[427.0048900473273, 951.2124260453427]
[427.0083316530793, 951.1910720670353]
[427.0523128090434, 950.8794483327575]
[427.08379385117775, 950.6725213556257]
[427.13194090847776, 950.3465815772536]
[427.1925574146686, 950.1344776305787]
[427.1961937443972, 949.9399248487457]
[427.2521000839405, 949.6738027011999]
[427.26273162374287, 949.5004997241709]
[427.2642229634056, 949.4937324709898]
[427.28742455260607, 949.3443524839354]
[427.3318054903049, 949.0749160748721]
[427.34618526918837, 948.9877986228157]
[427.37131153235725, 948.8339407761549]
[427.3950228265437, 948.6872677249135]
[427.39656501503936, 948.6807573000038]
[427.39679740409196, 948.6785650028484]
[427.4003490168277, 948.6611717834309]
[427.4088271489303, 948.6188073292386]
[427.41322125578586, 948.5993791963917]
[427.4258691699491, 948.5405649040123]
[427.44815480769375, 948.3698616978653]
[427.4565417340823, 948.3309491315437]
[427.4606063862266, 948.2974762024077]
[427.46846616088, 948.27478516442]
[427.4766180356127, 948.2159255541625]
[427.48735874284836, 948.1490844310676]
[427.5002064833774, 948.0643727094459]
[427.50469288406873, 948.0454163955363]
[427.53482462440456, 947.8741328667786]
[427.5696855734279, 947.685158762662]
[427.60222925430236, 947.4979303890912]
[427.6108242596438, 947.4372914681495]
[427.66102987556053, 947.3506709109049]
[427.67281509528243, 947.1056938644076]
[427.6768240878844, 947.0872710485597]
[427.6784704207598, 947.0812864273486]
[427.68276096928986, 947.0791875002761]
[427.7035843274113, 946.9420632646504]
[427.72845325590873, 946.8045675966291]
[427.7304717864514, 946.7975298512508]
[427.730810765227, 946.7956697732517]
[427.734526409963, 946.7793426953019]
[427.7355299011146, 946.7778941661109]
[427.7459953658676, 946.7164475070666]
[427.7574864650047, 946.6536708083612]
[427.811897480651, 946.3679758341113]
[427.82183381778475, 946.3265454614623]
[427.8259602156095, 946.3087284066235]
[427.9450316887419, 945.7122230108761]
[427.9713021753647, 945.5791410631008]
[427.98549422443284, 945.5282189236664]
[428.02249102114655, 945.3898031007891]
[428.02770495792754, 945.3039774567125]
[428.03763508875375, 945.2662297552974]
[428.0483264444443, 945.2101831244646]
[428.06458182007606, 945.1519420876689]
[428.06648975270923, 945.1283223274609]
[428.08134620326774, 945.0695124821699]
[428.0939893516318, 944.9944473544581]
[428.1132632781209, 944.9035706189472]
[428.1237592038834, 944.8577375082219]
[428.12631171314746, 944.8462972905047]
[428.13247180079185, 944.8244776212879]
[428.1569603804861, 944.7069269170955]
[428.171197057948, 944.6557736266684]
[428.20525798147423, 944.4874835612209]
[428.2165015971787, 944.430227492082]
[428.25130835155403, 944.2810950932164]
[428.28069645556354, 944.1497905297178]
[428.28516524942455, 944.1337419366133]
[428.3102117790862, 944.019160336729]
[428.32106059041337, 943.9824209457338]
[428.3230060298781, 943.9683240297493]
[428.33985432212216, 943.8910829908067]
[428.3527060394117, 943.8386690609185]
[428.36043494060476, 943.8210083261187]
[428.36603351699847, 943.785072416682]
[428.36962408467133, 943.767659950558]
[428.39570466391393, 943.6787556349797]
[428.4413735613582, 943.4616465348166]
[428.44786278419605, 943.441475001427]
[428.4711281665566, 943.3509507117666]
[428.5436028559792, 943.0479253549975]
[428.57919263014344, 942.9146880947008]
[428.60500692848086, 942.801554020251]
[428.6144043174619, 942.7694964849455]
[428.6183659837109, 942.7513340027875]
[428.6210691672733, 942.750264583571]
[428.6358997940015, 942.684071034443]
[428.6406178117835, 942.661116775345]
[428.64730819395743, 942.6420167148044]
[428.6626926555291, 942.5967631710745]
[428.68941184976376, 942.4833016066126]
[428.7351818834983, 942.3226204668906]
[428.74081549116636, 942.2888300628824]
[428.74363435362596, 942.2719448806853]
[428.7464545885026, 942.2556797884596]
[428.75209917550706, 942.2426002889083]
[428.7744934081247, 942.1691011458121]
[428.78478984922214, 942.1178063871688]
[428.79396181272443, 942.1160728894243]
[428.79848384289966, 942.0716683883087]
[428.80819467503136, 942.0265933073971]
[428.8115868258737, 942.0128837060892]
[428.8350259660058, 941.9384653566393]
[428.8481856886403, 941.8796318484438]
[428.86199461531317, 941.8340955568801]
[428.87142411453766, 941.7995694952948]
[428.8800744376192, 941.7643468019697]
[428.8836829106237, 941.752452569901]
[428.89782566872555, 941.73987187602]
[428.9120904061113, 941.6528038706023]
[428.93343555868057, 941.6094950222777]
[428.9590193794768, 941.4864047080971]
[428.9866616936682, 941.3873584700165]
[429.02038994406433, 941.2788836400416]
[429.0262617765968, 941.2466672757134]
[429.05396122927965, 941.1832212340875]
[429.0543097942826, 941.1576546719356]
[429.08277598773975, 941.0755143515262]
[429.0991603651497, 941.0011602623796]
[429.1134191632654, 940.9579731248758]
[429.1370929082258, 940.8752914477302]
[429.1623886513494, 940.8014780943995]
[429.1650568495372, 940.7794613359627]
[429.20925342757545, 940.6764379591287]
[429.2751787189092, 940.5833372115605]
[429.29437626914483, 940.3639832962755]
[429.30985152525045, 940.3211114432441]
[429.3190104354691, 940.2844666060682]
[429.3579309580091, 940.1638046902183]
[429.3726396275676, 940.1229667067744]
[429.3918114739045, 940.0562603444821]
[429.40705341891936, 940.024017314313]
[429.4114106985262, 939.9966623422515]
[429.4246876661036, 939.9906555712352]
[429.42581920931315, 939.9493903692556]
[429.4396164468743, 939.9208620311532]
[429.47930376692193, 939.7988371463421]
[429.48756726777833, 939.7857497185324]
[429.49421633867007, 939.7472347997435]
[429.50477196120687, 939.7139301831111]
[429.5160483632256, 939.7136191187991]
[429.5330933003939, 939.6520677632849]
[429.5618816499731, 939.5659674880299]
[429.5935582324276, 939.4817050687038]
[429.61968241539375, 939.4233061143902]
[429.67087925955605, 939.2951434858315]
[429.694377485439, 939.1636821788588]
[429.7494039385215, 939.01590885331]
[429.7960778057021, 938.9319155911223]
[429.8047353674671, 938.8773216840546]
[429.8874951897316, 938.6342070211163]
[429.9144683052218, 938.5763019122802]
[429.9433594695797, 938.5110126907699]
[429.97933956515146, 938.3969553332344]
[429.98599326896414, 938.3763509575521]
[429.99272954438527, 938.3652875543822]
[430.0273000264709, 938.2740965741809]
[430.0687695480992, 938.1781003404304]
[430.0841733508903, 938.1436916187271]
[430.0876752576431, 938.1325922652153]
[430.1078397773658, 938.1087402734763]
[430.1272884255221, 938.063505105238]
[430.1413516511729, 938.0149149491001]
[430.1690400346447, 937.9242113310065]
[430.1780602919108, 937.9046537089353]
[430.19170631470706, 937.8743453851084]
[430.30443338847886, 937.665757394703]
[430.3133323625501, 937.6554877730408]
[430.3714072506635, 937.4511775673025]
[430.5095089497495, 937.1952848135419]
[430.56823947432224, 937.0161121658051]
[430.5775896387722, 936.99830868829]
[430.60647995141983, 936.9140344946005]
[430.635452468572, 936.8703889064686]
[430.64485959014587, 936.8485456838093]
[430.65407516277173, 936.82239837774]
[430.6666314510784, 936.8019231758653]
[430.7823222485345, 936.5876113241702]
[430.82591090277094, 936.4737528465154]
[430.84656975344194, 936.4320095563005]
[430.96115608306485, 936.2290620795837]
[430.98841089287237, 936.1496125978653]
[431.02559996262175, 936.0855965805799]
[431.0314099685785, 936.0743751402294]
[431.03705967350334, 936.0636610825092]
[431.0422554923531, 936.0584394961279]
[431.0517651816441, 936.0338841689269]
[431.06150221040184, 936.0137950908237]
[431.07124669763687, 935.9937459163572]
[431.0807767831101, 935.9709463200452]
[431.10469096143504, 935.9549715102806]
[431.11232345493846, 935.9172999166016]
[431.16611665260433, 935.8196105310359]
[431.1834644419126, 935.7882122647876]
[431.1920092875141, 935.7832099938782]
[431.2168435417685, 935.7290266665364]
[431.2305625975474, 935.7112170383715]
[431.27034412786344, 935.6349375640453]
[431.28024983945176, 935.6157455100386]
[431.3109841481153, 935.581214002616]
[431.42713124328566, 935.3687086029754]
[431.45227594590125, 935.3288193840343]
[431.4694413855431, 935.3128693284389]
[431.46945867800935, 935.2948077858337]
[431.4775206509071, 935.2832138473867]
[431.4826713102311, 935.2744907774022]
[431.4892204389778, 935.2682878550486]
[431.4927382461728, 935.2570717568246]
[431.5028126405916, 935.2431143049184]
[431.5160589079529, 935.2203571937304]
[431.52461797898366, 935.2087152635225]
[431.54391404404237, 935.1777169484988]
[431.5464592371529, 935.1745061213189]
[431.55835690643346, 935.1552776605313]
[431.5734855181565, 935.151518568408]
[431.5759481305944, 935.1258811721153]
[431.58030191423353, 935.1218915873834]
[431.6092809238794, 935.0954853112836]
[431.64517241387205, 935.0399592056631]
[431.66123831870016, 935.0037046047348]
[431.6635883115945, 934.9937390434868]
[431.6657616548409, 934.985439269248]
[431.67780446634504, 934.9665866143887]
[431.69528121883667, 934.9522430450597]
[431.7034738977439, 934.9305423058869]
[431.70871191779986, 934.9230287951683]
[431.73082917183496, 934.9117787025879]
[431.76104464715627, 934.8514076816685]
[431.77357758901195, 934.8321735693759]
[431.83012050264233, 934.7513807530432]
[431.86075151523085, 934.6996708394148]
[431.8755348697202, 934.6790304504101]
[431.87918358174255, 934.6745949829685]
[431.8811012857658, 934.6658638110443]
[431.8894170602379, 934.655600485734]
[431.8949034898357, 934.6506860237786]
[431.8973450102295, 934.6481651590622]
[431.904134392365, 934.6403276613337]
[431.90714815887884, 934.633874736509]
[431.9145482616987, 934.6284119209391]
[431.91804604805674, 934.6136202082203]
[431.92493622422023, 934.611781646372]
[431.9364554524664, 934.597575637289]
[431.9385676974586, 934.5951533626607]
[431.9476514124924, 934.5816947915318]
[431.9570193201327, 934.5641410830916]
[431.96068923441265, 934.5583746626922]
[431.96436007629006, 934.5526132011968]
[431.9767419603997, 934.5466791454126]
[431.9813611454084, 934.5331238653382]
[431.9839402524407, 934.5249192164044]
[431.9912343984515, 934.5198415100979]
[432.05774591785286, 934.4388966801249]
[432.0626186240978, 934.4150524248146]
[432.0750095265756, 934.3990131692194]
[432.0874111091692, 934.3830304181332]
[432.10232633164827, 934.3722537922266]
[432.11383542399653, 934.3531115967849]
[432.13057132655456, 934.3287065119164]
[432.14083994742697, 934.3155847433062]
[432.1584064016938, 934.291485132376]
[432.1731561455657, 934.2790317695697]
[432.20231099777635, 934.2581946072066]
[432.2088240418085, 934.2351441522537]
[432.22825475707157, 934.1997295771783]
[432.2464741446967, 934.1766458310827]
[432.2586858368686, 934.1717037025307]
[432.2625477053083, 934.1592140027192]
[432.26970626652593, 934.1544689603579]
[432.27158268039454, 934.1462937725969]
[432.2806233716494, 934.1344518268199]
[432.2820611287851, 934.1335748717861]
[432.30247849685924, 934.1097281697128]
[432.3062360186506, 934.1044271850681]
[432.3081515858586, 934.1017074085835]
[432.31286168553015, 934.0990237552963]
[432.32628418991106, 934.0792061419667]
[432.3482014618803, 934.0561169057298]
[432.35586538538575, 934.0543608332059]
[432.36289537071525, 934.0346066144587]
[432.3849664230747, 934.0077745519372]
[432.39108096625785, 934.0016541242467]
[432.3930769255163, 934.000069619185]
[432.43014958185194, 933.9722137802255]
[432.43961185310513, 933.9431534086515]
[432.45809243388675, 933.9218956422875]
[432.47082074722243, 933.9076393439058]
[432.47641074532663, 933.9014396360816]
[432.49071181603324, 933.8895382960419]
[432.5090697679242, 933.865209475814]
[432.51988235771154, 933.8551747784344]
[432.53607345366964, 933.8524020945672]
[432.55256584335126, 933.8151837906269]
[432.5821281505549, 933.7804310139817]
[432.59078684684863, 933.7728125099385]
[432.59669710988203, 933.7636837571305]
[432.60954166702624, 933.7500415078003]
[432.611216561417, 933.749607092527]
[432.61878977912374, 933.7417819327316]
[432.6280456858536, 933.7316307620054]
[432.62822969709674, 933.7298789622909]
[432.6485247978489, 933.7086863777205]
[432.6562122736622, 933.6990004032288]
[432.66005740296504, 933.6947662601978]
[432.67272372705946, 933.6830498831459]
[432.6747732302009, 933.6820088651386]
[432.6772474507578, 933.6785647525525]
[432.67866468041746, 933.6745075243148]
[432.68251529806037, 933.6710351671613]
[432.6946915035779, 933.6579924001009]
[432.6985498049361, 933.6564897571226]
[432.701338538928, 933.6516021366137]
[432.7024015265935, 933.6499560439357]
[432.7078529615153, 933.644976616127]
[432.7116571983414, 933.6445297524994]
[432.7137393472507, 933.6391888716782]
[432.7219141186698, 933.6305933803973]
[432.7299786412812, 933.6240358205459]
[432.75077255803785, 933.5994675661707]
[432.78231159236384, 933.5663941616813]
[432.7985324237593, 933.5518784570746]
[432.80026760151725, 933.5478907453884]
[432.8096323592273, 933.5386132767129]
[432.8322145366229, 933.5162744707023]
[432.83812648767196, 933.5101149273497]
[432.8452540300063, 933.5036624147564]
[432.8642258957119, 933.484998731486]
[432.8757108262722, 933.476159513991]
[432.8765974372147, 933.4720848623391]
[432.8903680242149, 933.4601085536582]
[432.91607958195704, 933.4323180987813]
[432.9359006934818, 933.4139495754212]
[432.93791973118954, 933.4109626063688]
[432.9473670622248, 933.402237585476]
[432.95504659154363, 933.3943206193696]
[432.96524383685386, 933.3846969324594]
[432.9684807679811, 933.3817455296335]
[432.97610730920746, 933.3749221628827]
[432.99333171827516, 933.3580784982033]
[432.9944152215357, 933.3565389823168]
[432.99920959017146, 933.3543914398001]
[433.0064280056836, 933.345097876469]
[433.0105746168765, 933.3413322113855]
[433.0142888413249, 933.3390853676767]
[433.0182206505417, 933.336153403074]
[433.0196849741636, 933.334303409461]
[433.03387988674615, 933.3201907228166]
[433.03886428915814, 933.3167349470451]
[433.03963991209395, 933.3146739770832]
[433.0436843380592, 933.3107904184941]
[433.0460809505151, 933.3107543387542]
[433.05806624663126, 933.2992860950532]
[433.0652443746104, 933.2920830286496]
[433.0735941783065, 933.2851359191857]
[433.1130973228223, 933.2490162176408]
[433.12168663190243, 933.2402579684161]
[433.1237744020155, 933.2384851881606]
[433.1286947871571, 933.2329848361032]
[433.131694413742, 933.2304196907131]
[433.1326539239953, 933.2299630831085]
[433.14593808344114, 933.2186436626329]
[433.15004533398974, 933.2139997008659]
[433.1643048434547, 933.2023074247658]
[433.18269211691063, 933.1860793955473]
[433.1894219165037, 933.1825724785236]
[433.192390520824, 933.1782900986291]
[433.2154033238148, 933.1584996256985]
[433.22751327052487, 933.1476882733198]
[433.23264374107447, 933.1460594944383]
[433.2346322334894, 933.1416343036803]
[433.2398415576152, 933.1406392233863]
[433.2436885191716, 933.1326082742955]
[433.25187973357623, 933.125716691467]
[433.26227958652623, 933.1170976502773]
[433.2720662641193, 933.1095816917212]
[433.28174382564015, 933.1010332206401]
[433.29070892389444, 933.0929616351432]
[433.3082673348156, 933.078693173263]
[433.31204759025206, 933.0759841303064]
[433.3164673975439, 933.0719340770614]
[433.31866104729386, 933.0699083061105]
[433.3277851620417, 933.0623242945929]
[433.32972629906794, 933.0613020750752]
[433.3480182101964, 933.0484316543832]
[433.35212455270823, 933.0428909969175]
[433.3587790789642, 933.0408586655399]
[433.3607818688702, 933.0360245526109]
[433.37601540502686, 933.0245100335721]
[433.3864744985918, 933.0154695495143]
[433.4007147693502, 933.006394262338]
[433.41265224190784, 932.9953948081551]
[433.4325653865907, 932.9782180142176]
[433.440849295282, 932.9719739834397]
[433.4484003025093, 932.9658811636996]
[433.45027230890497, 932.9648516837159]
[433.4699544820627, 932.9493504923221]
[433.4805876536604, 932.9417200777871]
[433.490356037441, 932.9362322117657]
[433.49764966961396, 932.9292552480438]
[433.5032284063823, 932.9243955869631]
[433.50742563130416, 932.920933763679]
[433.51001162845176, 932.919094817419]
[433.51338876576676, 932.916574302527]
[433.5219900774901, 932.9101427755417]
[433.52913685640755, 932.904979582269]
[433.54077226204026, 932.8959981727688]
[433.5427370664798, 932.8953301099888]
[433.5469441117701, 932.8912084575176]
[433.560558374207, 932.8816331626481]
[433.57117001145417, 932.8741621107342]
[433.57449146809586, 932.8711018402081]
[433.5756147220784, 932.8698701062342]
[433.57997850140595, 932.8666365586796]
[433.59347015578584, 932.857304638966]
[433.60076282409915, 932.851805418984]
[433.60220782822347, 932.8508908872082]
[433.6151903654514, 932.8412896682863]
[433.623337581796, 932.8369319852549]
[433.62356291675025, 932.8351588886362]
[433.6293188691493, 932.8311848426827]
[433.63318583644303, 932.8282785827795]
[433.6412421464259, 932.8236740346388]
[433.6448212084419, 932.8205837254865]
[433.6456599769183, 932.8200057672032]
[433.65110068144133, 932.8159049980568]
[433.65550832556306, 932.8126695214493]
[433.67002345488805, 932.8026842426339]
[433.67712264509663, 932.8011528920758]
[433.68176966394753, 932.7947454501609]
[433.6898278369157, 932.7913191013673]
[433.6989731601644, 932.782411079443]
[433.70022515666113, 932.7815508842966]
[433.7089221100597, 932.7755128693221]
[433.71985693035765, 932.7678346017061]
[433.7226632964209, 932.7660002560208]
[433.72865799758904, 932.7617555310956]
[433.7330601794847, 932.7587507825937]
[433.7374634602337, 932.7558079461743]
[433.75207157111396, 932.7459715779659]
[433.75787174047906, 932.7422862221716]
[433.7681709034361, 932.737705771322]
[433.7716678322256, 932.7332772394934]
[433.7740064563767, 932.7314992444796]
[433.7860274960293, 932.7243872660309]
[433.79486153301775, 932.7186467340955]
[433.79596860437005, 932.7171706772315]
[433.8048076537074, 932.7112920667291]
[433.81256923600847, 932.706146285808]
[433.81504780647913, 932.7047752177342]
[433.81668110965023, 932.7033078457968]
[433.83414752203055, 932.6924879668856]
[433.83976343257405, 932.6887295312675]
[433.8468628254757, 932.6859327514936]
[433.84860537817, 932.6826106582714]
[433.85426723624465, 932.6792968276245]
[433.8574894750421, 932.6772253912906]
[433.86026110275986, 932.6751257014092]
[433.86529201142844, 932.672093541975]
[433.8786038751399, 932.6635569728073]
[433.88058526342184, 932.6632264586075]
[433.8830433607504, 932.66072305472]
[433.88748394521417, 932.6579661807408]
[433.88892687587065, 932.6577880316652]
[433.8919120455382, 932.6569472666505]
[433.8919256285313, 932.6552260602972]
[433.89484842241353, 932.6533496258494]
[433.90081229172546, 932.649763226863]
[433.9022159288053, 932.6488202866084]
[433.9147481904382, 932.641027701254]
[433.9169600291656, 932.6398095302054]
[433.9169722672602, 932.6396747190696]
[433.9191966187954, 932.6383231875064]
[433.9208648027584, 932.6373632448087]
[433.9214090103025, 932.6370257271452]
[433.92435925047874, 932.6354549959342]
[433.9253507842067, 932.6346537970181]
[433.9264279107187, 932.6342681106562]
[433.92644703672903, 932.6337677175285]
[433.9266237501384, 932.6336591899673]
[433.92809677206975, 932.6329315674644]
[433.9297657926859, 932.6318116264476]
[433.93183507709847, 932.6304629483298]
[433.93517398405413, 932.629010797389]
[433.9359268018244, 932.6279794435499]
[433.94202940009023, 932.6247308012032]
[433.951684272366, 932.6184029869993]
[433.95833139434336, 932.614826519174]
[433.972301532383, 932.6065174472263]
[433.9800736037245, 932.6012720213498]
[433.99956507450923, 932.5897249563335]
[434.00524368675326, 932.5863775761317]
[434.01110161614133, 932.5829354081009]
[434.0113189894234, 932.5827950882012]
[434.0116342488527, 932.5826229780574]
[434.01299582079486, 932.58210768859]
[434.0184279334544, 932.5786466451399]
[434.0239270720297, 932.5755564893494]
[434.02813467935357, 932.5731295870185]
[434.0387708115624, 932.5668068846031]
[434.04324979859433, 932.5642636776511]
[434.04772988447957, 932.5617262731832]
[434.0494101203061, 932.560858128172]
[434.0510905153977, 932.560189405222]
[434.0518956209773, 932.5595026606741]
[434.0544517833762, 932.5588544469691]
[434.06181198535234, 932.5535799157373]
[434.0620790419737, 932.5534276069968]
[434.06368146366833, 932.5525141870864]
[434.06457923823507, 932.5520397775479]
[434.0672429038429, 932.5504870197605]
[434.0769558044227, 932.5452099264323]
[434.0814441632915, 932.5426339842588]
[434.1078468525832, 932.5276495216896]
[434.11234276962466, 932.5251594039397]
[434.13106449248284, 932.5148253084666]
[434.13150215658754, 932.5146850051605]
[434.1318385650907, 932.514443076702]
[434.13556608537147, 932.5123730685256]
[434.1360038584008, 932.5121795031482]
[434.1380654818912, 932.5120736464733]
[434.1380688064569, 932.5110053059191]
[434.1421984033875, 932.5088063344591]
[434.14285303121824, 932.5084057041124]
[434.14892879742, 932.5050737887437]
[434.15107552188334, 932.5039095202553]
[434.1517016969067, 932.5035701902519]
[434.1517911522162, 932.5035217236913]
[434.1591348106014, 932.4996168396051]
[434.16324501234186, 932.4973368980498]
[434.16333452359686, 932.4972887267097]
[434.16364325745474, 932.4971469442889]
[434.16467724446346, 932.4965664312335]
[434.16646151138957, 932.4959074061285]
[434.1677478866741, 932.4952776425298]
[434.1681528031614, 932.4946884336584]
[434.1698442541983, 932.4940720846524]
[434.17065417931525, 932.4938261277301]
[434.17194085796706, 932.4928677771105]
[434.1732276340674, 932.49285303869]
[434.1748403282855, 932.4911177509633]
[434.17488511193994, 932.4910938131898]
[434.174974679574, 932.4910459393589]
[434.1752433850784, 932.4909023315976]
[434.1754225242497, 932.4908066045326]
[434.1761347742381, 932.4904629130324]
[434.17613909828253, 932.4904237878143]
[434.1805993724614, 932.4882221820723]
[434.1833063651838, 932.4866036762638]
[434.18511305465984, 932.485779916725]
[434.19132405927843, 932.4823328843939]
[434.1920900497439, 932.4819440001908]
[434.1939302940675, 932.4810742726542]
[434.19584035002515, 932.4799837643006]
[434.20208887745923, 932.4769590914935]
[434.21213036472324, 932.4717525550732]
[434.22452016578, 932.4650923342775]
[434.2258170305605, 932.4642695235593]
[434.2383202017894, 932.4600538684998]
[434.2411193291046, 932.4574115338778]
[434.24473375270287, 932.4545416908788]
[434.25247513002375, 932.4507423768758]
[434.26550805869044, 932.4439122347931]
[434.27122635054684, 932.4436836273125]
[434.27703227115853, 932.4380986509286]
[434.2848265225872, 932.4343140658539]
[434.28865370552626, 932.4322775842915]
[434.2887438223543, 932.4322326084985]
[434.28892405731153, 932.4321426637781]
[434.28928453243014, 932.4319628017996]
[434.29000550348434, 932.4316031876924]
[434.2914475288604, 932.4308843988761]
[434.294331912683, 932.429448578836]
[434.30587388891416, 932.4237287332435]
[434.3079058845864, 932.4228423211586]
[434.3170128357974, 932.4182397079021]
[434.3198578569036, 932.4170159717238]
[434.3232904590129, 932.4151751692734]
[434.3239224516638, 932.4148665383558]
[434.34010659769353, 932.4089346722958]
[434.35236283753903, 932.4012768669495]
[434.35692609275833, 932.4003740458844]
[434.3651199633798, 932.3953735975804]
[434.37069257490145, 932.3923939869914]
[434.37423790973196, 932.3909672033475]
[434.37992153098503, 932.3879821996381]
[434.38963725480005, 932.3834855777772]
[434.391334876076, 932.3826208240611]
[434.3914254857189, 932.3825784487967]
[434.3915160957955, 932.3825360758209]
[434.3990969866891, 932.3792045834563]
[434.39935797424164, 932.3790153028176]
[434.4031177661113, 932.3771312290424]
[434.40320843213334, 932.3770891512874]
[434.4075310381962, 932.3751146647522]
[434.4089212658336, 932.374442866394]
[434.4096543371484, 932.374216520626]
[434.41084643446027, 932.374117237365]
[434.4113680593411, 932.3734955579654]
[434.4130819407988, 932.3730023618824]
[434.4165101815095, 932.3720184573633]
[434.4186344925626, 932.3709605568624]
[434.42053359440723, 932.3690942625786]
[434.42125960086804, 932.3687612198016]
[434.4263138649577, 932.3678740286053]
[434.4294326614644, 932.3675321812902]
[434.4297445435735, 932.3669028672069]
[434.43796541008993, 932.3611416605595]
[434.4424459653427, 932.3607341435071]
[434.4551558255016, 932.3546100570614]
[434.4636147699673, 932.3505896877346]
[434.46477588157836, 932.3494612432669]
[434.4668359448927, 932.348534118537]
[434.4730543364192, 932.3454084867615]
[434.4842993318557, 932.3406749219702]
[434.49503156910004, 932.3357367178421]
[434.50669648625296, 932.3306617201118]
[434.5183685089111, 932.3256242176905]
[434.530710681298, 932.3206657056121]
[434.53416039683896, 932.3191530933539]
[434.53588986572066, 932.3181382677623]
[434.5453383047369, 932.3154522821336]
[434.5477433836122, 932.3133355628194]
[434.54935909835945, 932.3126331223344]
[434.550393661251, 932.312193464441]
[434.553427209917, 932.310739724574]
[434.5689689402651, 932.3043025140998]
[434.5803996207404, 932.29991428915]
[434.58247213606813, 932.2990528604691]
[434.59021783774574, 932.2958191504375]
[434.59189693463463, 932.2956573963261]
[434.5921164211052, 932.2951170182974]
[434.60582952486607, 932.2896248695037]
[434.6225734425308, 932.2824631521064]
[434.6343158175314, 932.2777968914621]
[434.63856777744013, 932.2764551241498]
[434.64878361587614, 932.2730890881755]
[434.65038433018356, 932.2719214138641]
[434.65194270285457, 932.2708678041996]
[434.6540120510654, 932.2702004987532]
[434.65600638799543, 932.2693545380755]
[434.6616300949685, 932.2676868917471]
[434.66549290516076, 932.265777486631]
[434.6753543179803, 932.2619102044496]
[434.67905251948434, 932.2607523543636]
[434.68113560036704, 932.2599466688097]
[434.6853508331535, 932.2581212053987]
[434.68734836832215, 932.2574328820231]
[434.6891783973369, 932.2570418557684]
[434.69671992572285, 932.2540430070466]
[434.6990517843971, 932.2532377769724]
[434.70096099467963, 932.2525918060035]
[434.72734134279125, 932.2422727702905]
[434.73224610177465, 932.2410870058335]
[434.74713172412737, 932.2351730457899]
[434.750959691972, 932.2336452372473]
[434.76277952482025, 932.2293877136889]
[434.7663778313796, 932.2284414992374]
[434.77629019618695, 932.2248430287334]
[434.77820691440826, 932.2242367307041]
[434.77861991426823, 932.2238619779255]
[434.7803005608459, 932.2234867882771]
[434.78232327778255, 932.222597522941]
[434.79205129136005, 932.2194374312049]
[434.8002263547266, 932.2166618811008]
[434.80513115324845, 932.2149708294402]
[434.8061501650047, 932.214608416366]
[434.8232524665577, 932.2133825240907]
[434.82340922194516, 932.208224260123]
[434.84435849375365, 932.2018436461703]
[434.8499752047993, 932.201094191558]
[434.8504781772694, 932.1990689814219]
[434.86167924172025, 932.1955180174795]
[434.8622407467332, 932.195229430144]
[434.8652171398353, 932.1943160311987]
[434.86830013223306, 932.193169255046]
[434.87031625141555, 932.1925324884801]
[434.8725999603458, 932.1919555091093]
[434.8760534901577, 932.1907716470732]
[434.8778628055121, 932.1903674181714]
[434.87807039158963, 932.1901856569922]
[434.87950762095045, 932.189590952399]
[434.8838098586332, 932.1884365940525]
[434.8925969639726, 932.185532681253]
[434.894702734136, 932.1848467013469]
[434.8953242828191, 932.1846375530774]
[434.89860711351963, 932.1836161837574]
[434.8999932109534, 932.1833782673249]
[434.9006548178129, 932.1829424183534]
[434.9170674820244, 932.1800682438038]
[434.93520446877017, 932.1718216713193]
[434.9456380097185, 932.1686816713681]
[434.9494526145302, 932.1677699030244]
[434.95049815874677, 932.1671390367233]
[434.9624373797641, 932.1635115107928]
[434.96446299421007, 932.1629044597993]
[434.97022728100455, 932.1612864573455]
[434.97270912577915, 932.1605040282516]
[434.9776565730408, 932.1590380275056]
[434.97868445229904, 932.158722385874]
[434.98257861695, 932.1577902742561]
[434.98648063856103, 932.1565976372682]
[434.99282831014114, 932.1546998817358]
[434.99288727794686, 932.1546924355467]
[434.99494464585945, 932.1540696449567]
[435.00999240765873, 932.1498930075555]
[435.045711277458, 932.1394592072578]
[435.04919477176134, 932.1385432999526]
[435.051019636404, 932.1378554031515]
[435.0564437669642, 932.1364262885261]
[435.05701820576684, 932.1361944526797]
[435.0635289413688, 932.1346787957024]
[435.0648446503231, 932.1341419537579]
[435.06833143579485, 932.1331334659362]
[435.06942272047536, 932.1328914714916]
[435.07121700510663, 932.1323744153143]
[435.0733415685595, 932.1317875842313]
[435.07977581291453, 932.1300280210384]
[435.08184204832907, 932.1294520018909]
[435.0887164695744, 932.1289191472022]
[435.0893125126533, 932.1274207941302]
[435.0903460896319, 932.1271352067363]
[435.09459944585825, 932.1259838543536]
[435.12740384225515, 932.1221814284575]
[435.1520426102412, 932.1112180807066]
[435.1648440318775, 932.1080951542401]
[435.16697838123565, 932.1075787761926]
[435.1670378502731, 932.1075544951552]
[435.1691129531896, 932.1070635723443]
[435.17765346696353, 932.105014498942]
[435.17956874987897, 932.1044551990209]
[435.1819250594255, 932.1039970074355]
[435.23313998720937, 932.0926747655097]
[435.23499774376927, 932.0915937798538]
[435.2360979235678, 932.0912889177175]
[435.2396140725502, 932.0905452172649]
[435.2431308225134, 932.0898046841742]
[435.24389855894793, 932.089595749965]
[435.24423143469863, 932.08950210762]
[435.2454566962074, 932.0891136353623]
[435.24714235715913, 932.0888751997969]
[435.24818393572895, 932.0886509794617]
[435.24970082402825, 932.0880835783043]
[435.25126711171976, 932.0880325205865]
[435.25139855262876, 932.0879454838569]
[435.2546733900225, 932.0872196802129]
[435.25675736044093, 932.0867755288444]
[435.258841541387, 932.0863324875913]
[435.2646679228323, 932.085102595009]
[435.26486424452713, 932.0850808948699]
[435.2653343466861, 932.0849188654131]
[435.26581407207425, 932.084852986981]
[435.2696241753836, 932.0839975788922]
[435.30137819398703, 932.0779516866896]
[435.30688941491667, 932.0761908792407]
[435.3254080098271, 932.0722713232991]
[435.32755903725, 932.0718429308432]
[435.33462310264866, 932.0705230387388]
[435.3361653728999, 932.0701411030109]
[435.33721143785266, 932.0699405459258]
[435.338317513302, 932.0697185815507]
[435.33939366697643, 932.0695077611451]
[435.3404698762999, 932.0692972342895]
[435.34139622398277, 932.0691410928737]
[435.3426224618936, 932.0688770612275]
[435.3447752700831, 932.0684580623646]
[435.3610313146463, 932.0656375176337]
[435.3902014827097, 932.0597730843926]
[435.4046165834204, 932.0572030692449]
[435.40535430871563, 932.0569650811674]
[435.4112218835636, 932.0559524635437]
[435.4123313908669, 932.0556969151788]
[435.41479740374587, 932.0553012196481]
[435.4158775043407, 932.0551112214414]
[435.4194242187953, 932.0545286950659]
[435.41997918136104, 932.0544020251095]
[435.4200780831256, 932.0543950674972]
[435.42165390099353, 932.0541191125856]
[435.42362550898196, 932.0538162913948]
[435.42384109050784, 932.0535025924088]
[435.4264059854824, 932.0532852407854]
[435.42668157098166, 932.0532273846125]
[435.42767196646867, 932.0530711220749]
[435.4342423102331, 932.0519094939943]
[435.43772818700415, 932.0513021412895]
[435.48234238033467, 932.0439134734572]
[435.49480954030105, 932.0418541794945]
[435.49589375476313, 932.041685884136]
[435.4969478213071, 932.0415275316625]
[435.49914673204313, 932.0411827593589]
[435.50011033673053, 932.0410541394151]
[435.500231169101, 932.0410156381995]
[435.5024002101637, 932.04068227653]
[435.50456947382224, 932.0403500890595]
[435.508787787611, 932.0397274780004]
[435.52887199941637, 932.0366660056485]
[435.55659245914484, 932.032668673359]
[435.56642117256575, 932.0311949914806]
[435.56750905570345, 932.0310460505718]
[435.57512579583795, 932.0300116836049]
[435.5762141241673, 932.0298650910945]
[435.57823066014043, 932.029593887998]
[435.57833031147834, 932.0295908682881]
[435.58386430650137, 932.0288381630842]
[435.5842461535155, 932.028832829873]
[435.5849227541644, 932.0287029188031]
[435.5871004681532, 932.0284153112281]
[435.5878113722664, 932.0283027931328]
[435.5889400329213, 932.0281934553133]
[435.58949944304607, 932.0280902994516]
[435.5900588677294, 932.0279872207199]
[435.59363494569465, 932.0275595336976]
[435.5942942051204, 932.0274544022726]
[435.59965479182847, 932.0268214301699]
[435.60924513818634, 932.0255811561748]
[435.62636104903584, 932.0234013473536]
[435.63069052870503, 932.0228757975271]
[435.6513769580598, 932.0202762261264]
[435.6524691776606, 932.020150162265]
[435.65465378380895, 932.0198989151914]
[435.65574617035657, 932.0197737319794]
[435.65683861255314, 932.0196488423171]
[435.6655801534882, 932.0186602928106]
[435.6677052083012, 932.0184328414467]
[435.66845562731896, 932.0183764513896]
[435.6719559495103, 932.017981269065]
[435.6736458357825, 932.0178055310444]
[435.7210348992627, 932.0127598865738]
[435.73776721992067, 932.0110371378037]
[435.7399604989952, 932.0108316448246]
[435.74215400066555, 932.0106273260446]
[435.7461968041802, 932.0102834160517]
[435.7465416717937, 932.0102222110822]
[435.746760308704, 932.0102019071579]
[435.74789252338627, 932.0101384424019]
[435.7527227731796, 932.0096897754594]
[435.7535708720875, 932.0096185506732]
[435.7586868824059, 932.0091863162528]
[435.7592507109725, 932.0091065202258]
[435.75981455409766, 932.0090268013288]
[435.76341902044044, 932.0087488092357]
[435.7640834957956, 932.0086712271908]
[435.7683532796044, 932.0083200935143]
[435.81612585642324, 932.004319113149]
[435.8189999462699, 932.0040299775543]
[435.82340318248373, 932.0037069771878]
[435.8256051344844, 932.0035472383032]
[435.8278073090809, 932.0033886736178]
[435.8320896355996, 932.003103699452]
[435.8549001840041, 932.0015366866892]
[435.8638277501037, 932.0009239841946]
[435.8654692137449, 932.0008461713692]
[435.8712344852817, 932.0004722249942]
[435.887717800719, 931.999432734157]
[435.8983888084525, 931.998733876044]
[435.89943200780255, 931.9986871426869]
[435.90053679160087, 931.9986273615689]
[435.90688081375777, 931.9983094128216]
[435.9093770653498, 931.9981596804174]
[435.9117464230424, 931.9980473030225]
[435.9126007336778, 931.9980088404174]
[435.914124128024, 931.9979171364405]
[435.9177542062573, 931.9977742012235]
[435.9183221437815, 931.9977161292944]
[435.9188900958643, 931.9976581344952]
[435.92003620344406, 931.997640709414]
[435.9248998333141, 931.9973953409251]
[435.9297694345402, 931.9971542908925]
[435.93835984847897, 931.9967026651876]
[435.93950697385446, 931.996690601906]
[435.95240219322847, 931.9960997548067]
[435.9823777559135, 931.9948292898475]
[435.9912509406004, 931.9945352314811]
[435.9934080017784, 931.9944765985639]
[436.00489432872604, 931.9941207055787]
[436.02444008932025, 931.993566244722]
[436.0645228392078, 931.9926357623903]
[436.06874950342495, 931.9925858783164]
[436.0689754418286, 931.9925731962012]
[436.0693213138995, 931.9925482828978]
[436.07451143990136, 931.9925069738915]
[436.0753720620803, 931.9925017997348]
[436.079702776062, 931.9924720459395]
[436.0802748665615, 931.992435930748]
[436.0851787491609, 931.9923757498101]
[436.1120013604179, 931.9921347914243]
[436.15591104804673, 931.9920999664005]
end_solutions
[1.3400357676246553, 0.8824903716537287]
[1.316100403170593, 0.8926362542866528]
[1.294622188927927, 0.90174027356361]
[1.271915399579563, 0.9113652245185506]
[1.2485943226783496, 0.921250641312483]
[1.2237375268950137, 0.9317872227038948]
[1.1988807311116778, 0.9423238040953066]
[1.1697209689678767, 0.9546810137960471]
[1.1405612068240756, 0.9670382234967875]
[1.1061950022929508, 0.9816017267474867]
[1.0718355769836845, 0.9961623572201261]
[1.033991631639152, 1.0121995956155243]
[0.9899200816564176, 1.0308750924142713]
[0.9458485316736833, 1.0495505892130181]
[0.8949792542032826, 1.0711098964111256]
[0.8382129627840526, 1.0951696258255614]
[0.7814466713648226, 1.1192293552399972]
[0.7142245539979855, 1.147707644423642]
[0.6470024366311484, 1.1761859336072868]
[0.5755221781154375, 1.2064610159021218]
[0.4950615573544539, 1.2404673783468874]
[0.4029127254308154, 1.2797458114447733]
[0.26515219414917046, 1.337981559418994]
[0.15019751254652874, 1.3867386499550474]
[0.020539457118661508, 1.4416803847481061]
[-0.18129931293575213, 1.5271853090661973]
[-0.3772484073160661, 1.6099813582647808]
[-0.6159714686724754, 1.7109713084743854]
[-0.9354300380506503, 1.8461632284112266]
[-2.0003767144934685, -0.708027224141578]
[-3.9369222572180247, -2.9532003456510623]
end_values
[436.15591105 931.99209997]
[435.98237776 931.99482929]
[435.82780731 932.00338867]
[435.66558015 932.01866029]
[435.50023117 932.04101564]
[435.32540801 932.07227132]
[435.15204261 932.11121808]
[434.95049816 932.16713904]
[434.75095969 932.23364524]
[434.51836851 932.32562422]
[434.28860865 932.43230007]
[434.03877081 932.56680688]
[433.75207157 932.74597158]
[433.46995448 932.94935049]
[433.15004533 933.2139997 ]
[432.8002676  933.54789075]
[432.45809243 933.92189564]
[432.06261862 934.41505242]
[431.67780447 934.96658661]
[431.28024984 935.61574551]
[430.84656975 936.43200956]
[430.37140725 937.45117757]
[429.69437749 939.16368218]
[429.16505685 940.77946134]
[428.60500693 942.80155402]
[427.81189748 946.36797583]
[427.13194091 950.34658158]
[426.42695498 955.82384972]
[425.69422221 964.25753029]
[ 402.84524333 1435.13596934]
[ 394.48542785 2049.70684838]
