values
[9009.068927347378, 19186.171011333045]
[9014.57254975928, 18993.897286697356]
[9022.773349657418, 18803.721415808926]
[9082.539588022839, 18064.53183568318]
[9161.709785336938, 17524.83321077001]
[9185.19769555807, 17361.09221866348]
[9245.750943283438, 17048.140911357976]
[9324.243881573315, 16754.52042902121]
[9386.408610060342, 16569.480508017394]
[9533.887098852907, 16224.988962703666]
[9831.010129911183, 15974.930223946429]
[10159.155809505717, 14971.971714262854]
[10595.328381403455, 14111.919529171877]
[10669.834748896408, 13667.77398476808]
[10754.411796430155, 13571.016391444038]
[10842.488651993244, 13478.94200228677]
[11028.960416308768, 13308.902012981629]
[11112.374205392218, 13155.35481782663]
[11279.279291450024, 13000.144453236666]
[11344.731024745717, 12916.807978518593]
[11664.680913280614, 12820.500568299338]
[11665.81414299689, 12817.437893264143]
[11666.949895400783, 12814.382922810013]
[12323.151457275755, 12645.483255638836]
[12689.983048323797, 12384.890959963837]
values
[8969.946496666604, 18398.48494194183]
[8973.332523652598, 18383.726805125792]
[8975.125290685864, 18294.61739774472]
[8980.839684976354, 18090.07341867425]
[8986.853801604977, 17966.22347949204]
[8986.998353984725, 17915.711541334524]
[8999.131408993886, 17788.88621549219]
[9011.534942536658, 17722.758169379234]
[9018.342748401858, 17548.282282928234]
[9020.13271278449, 17499.473586322787]
[9024.82295125726, 17495.01689238374]
[9033.096342095712, 17466.97742530102]
[9039.065462133784, 17400.09125358412]
[9054.417261201283, 17358.408375903706]
[9061.045962164966, 17301.020760470357]
[9071.494032410985, 17221.52804596882]
[9071.619684540261, 17162.5788020449]
[9072.255250477092, 17145.424291727148]
[9094.30881689952, 17004.285279350883]
[9098.452687127616, 16940.010050414727]
[9125.794896810301, 16770.108809067366]
[9135.278950663473, 16666.015428172814]
[9172.746273351348, 16615.213060335227]
[9172.88827614945, 16530.54736877031]
[9184.82808545046, 16519.575899072195]
[9194.211449686698, 16508.983952267547]
[9199.069603415563, 16397.642451912423]
[9223.411559372867, 16362.30730475606]
[9233.184406579754, 16291.529958057305]
[9239.633275983359, 16207.631080942452]
[9267.31762373611, 16061.312105588635]
[9280.223738709132, 16059.982841035458]
[9294.469097144873, 16021.197349688633]
[9353.422146589086, 15861.85976996777]
[9365.60736081116, 15700.7900127041]
[9383.88194609164, 15663.069867700964]
[9394.431565854495, 15653.74651824676]
[9396.280890334154, 15653.072866451625]
[9401.954864513496, 15652.161226610662]
[9423.621313935497, 15557.69101657092]
[9436.279816602975, 15441.611972028948]
[9498.519759618288, 15321.60791211239]
[9513.137397813842, 15269.524051402399]
[9535.18170173337, 15251.764022202664]
[9568.573136174991, 15231.838765438943]
[9585.007813950131, 15081.613450179682]
[9591.631574114455, 15076.587472283023]
[9627.372351180726, 14972.099628980866]
[9658.18154211502, 14924.713106973802]
[9661.621676224358, 14899.676898470432]
[9688.992346425433, 14794.073210515859]
[9720.797134923141, 14741.492015747826]
[9778.821564104364, 14725.220970530316]
[9788.008171455576, 14680.352098191182]
[9805.634127298732, 14570.332222755414]
[9821.84464652768, 14521.038870614826]
[9895.472519609624, 14359.142342385163]
[9950.26256252278, 14330.566976087299]
[10009.836648956372, 14157.123943888493]
[10048.871872796884, 14118.604478491334]
[10049.92305194929, 14104.208862317182]
[10067.075519728009, 14067.792515344165]
[10094.885741929376, 13946.68836722318]
[10152.449403199871, 13923.152220979047]
[10173.912303102341, 13881.398620890877]
[10243.729505447704, 13879.863602397254]
[10256.676537400712, 13805.932293309841]
[10292.46642306986, 13754.44343920726]
[10308.552158929711, 13734.849777320296]
[10315.57972905241, 13694.70108451382]
[10332.633289626348, 13683.302927886092]
[10401.908828022768, 13670.614757775218]
[10405.742254023815, 13613.265975993807]
[10419.68602748214, 13576.384686429015]
[10466.13107088446, 13521.337925222373]
[10549.39735047514, 13390.974635975394]
[10584.306691460792, 13388.214540187508]
[10614.627319131392, 13297.681532798095]
[10667.892422395224, 13206.006120461423]
[10687.216966111555, 13197.851450232241]
[10765.904208168984, 13170.356001856033]
[10793.806954450181, 13150.974181234267]
[10836.208714136252, 13095.701103531379]
[10841.347737519302, 13031.945905822486]
[10863.909008400922, 12997.648439993594]
[10951.607905789784, 12966.471400166127]
[10953.560219795632, 12935.69580567353]
[10961.533681191653, 12912.39923863552]
[11039.106278184358, 12854.546214257565]
[11059.055760182446, 12825.620056662248]
[11072.554015379475, 12813.63885453008]
[11086.139986960045, 12801.81332995855]
[11129.295161600838, 12792.327543294943]
[11148.703034989476, 12785.834487653625]
[11155.202702650682, 12783.711137910714]
[11168.247492344533, 12779.525874849032]
[11181.246015241139, 12769.905822213868]
[11207.744167290448, 12767.460769968471]
[11207.810192169314, 12742.588586877495]
[11227.716938468191, 12728.585498678873]
[11234.579681150888, 12715.771632307578]
[11261.553475393997, 12689.456407230215]
[11342.035432981102, 12672.555602962388]
[11370.63337042928, 12612.543006492184]
[11426.357264514128, 12572.586769542888]
[11454.48699217569, 12553.246694675734]
[11511.13483992298, 12519.592796683844]
[11620.241456268312, 12516.874796604337]
[11711.252812558503, 12437.149513061122]
[12264.058949824299, 12427.767725300042]
[12319.185062051805, 12414.748847855935]
[12374.897994269979, 12403.03201793658]
[12431.1927717511, 12392.61414134837]
[12488.064430139424, 12383.491826639354]
[12587.802902400854, 12373.570315919182]
[12618.109254871299, 12367.683971920998]
[12662.091241734073, 12363.859987110285]
[12721.221051933546, 12359.880241601426]
[12750.993365870103, 12358.368553514552]
[12841.132641412321, 12355.738689278702]
values
[8939.060059438978, 18504.571548827553]
[8940.302196450315, 18306.0998468873]
[8941.263973188405, 18262.236301782825]
[8941.297464303872, 18231.589783624306]
[8942.115714226995, 18191.966836126783]
[8944.65061885013, 18107.762293818658]
[8947.831815395175, 17997.90776478951]
[8950.39563373985, 17913.629973856492]
[8953.31352414106, 17865.736659691767]
[8953.571723642699, 17850.199224364726]
[8960.142053490259, 17734.91459113114]
[8965.370199883017, 17691.533025122848]
[8967.69853983432, 17659.020968896148]
[8968.17600493059, 17615.751260544934]
[8970.108224467158, 17605.883731084035]
[8972.503510675591, 17581.92559528536]
[8975.23074559732, 17574.572847804182]
[8977.091416031908, 17481.354505721763]
[8978.265151847223, 17474.842794944412]
[8982.334564237177, 17462.814418990474]
[8987.449139359205, 17348.44227182618]
[8992.298233802907, 17321.28495562168]
[8993.021515284036, 17308.887126187004]
[8998.386053550174, 17273.667327283518]
[9005.22566926779, 17193.96793086263]
[9010.344609953474, 17160.05194392494]
[9013.958847456195, 17111.222072650344]
[9023.753779131175, 17040.42255191732]
[9026.39044063024, 17020.3575608741]
[9035.911867086168, 16950.97915293432]
[9036.05853729034, 16933.82093296889]
[9039.607508106636, 16901.393932898907]
[9060.984324238016, 16759.39334959669]
[9062.091840984882, 16722.105888408107]
[9070.532586065436, 16720.013024920234]
[9076.514011937563, 16659.307270960468]
[9078.728221315298, 16619.017494535437]
[9082.183872942815, 16575.238453948914]
[9100.035332936146, 16522.595650365045]
[9102.684248439278, 16453.0969483885]
[9113.512432361385, 16395.456249307415]
[9124.671638758104, 16338.178124552114]
[9147.980695101964, 16224.713712230001]
[9170.472027753673, 16134.955744719664]
[9182.147086647836, 16126.667135237773]
[9186.492172685452, 16093.634141859744]
[9193.302927176052, 16065.662191436704]
[9205.188030927247, 16050.17283839526]
[9225.437130960505, 15990.658489225312]
[9229.34603735283, 15859.193671360723]
[9247.411473076429, 15845.659351427612]
[9262.098356941357, 15794.85620240659]
[9285.234028080025, 15702.881562048364]
[9302.623647400973, 15698.292784621613]
[9304.259521412067, 15631.459828568286]
[9324.764460681987, 15609.253385107428]
[9326.61727105629, 15589.794309884997]
[9357.917266866549, 15483.052395958117]
[9361.708042799988, 15376.767593423423]
[9369.807718077669, 15334.784665848309]
[9400.489629224698, 15331.510437550727]
[9407.93478006181, 15230.84915131857]
[9427.6768177312, 15202.497849077274]
[9442.770586174196, 15190.682640694195]
[9447.476118131743, 15128.625094003362]
[9479.551675804803, 15076.913695744259]
[9492.56601004335, 15038.726615758218]
[9517.18923029767, 15033.115692979212]
[9518.179141027898, 15009.336177866759]
[9519.026713995298, 14998.50143284481]
[9519.216925141689, 14951.614367766833]
[9527.163979836543, 14919.852881361414]
[9535.222295645171, 14888.252716778585]
[9547.075968573668, 14879.49151640177]
[9556.011632302158, 14847.929534064178]
[9563.897522831297, 14843.371135244166]
[9578.582463544499, 14842.294847325129]
[9584.815010619044, 14777.073446978944]
[9588.979426868684, 14772.58404871092]
[9594.11486205435, 14746.034410199274]
[9602.796877392071, 14715.325419987881]
[9626.838359710991, 14677.570126899334]
[9633.517041626985, 14645.941631797752]
[9674.208287655423, 14547.66361098131]
[9674.208287655425, 14547.663610981308]
[9700.196391609477, 14505.509934384098]
[9724.959586895793, 14486.872718421773]
[9741.321814605863, 14415.12091414431]
[9777.237626357266, 14392.837887093434]
[9780.350336329913, 14369.45373556804]
[9792.833125468194, 14292.196282801575]
[9810.090490099872, 14290.21049724485]
[9832.052112843514, 14276.495062758158]
[9836.407925367135, 14247.921038936112]
[9849.656329529078, 14172.938506313967]
[9876.63912581962, 14170.996388195894]
[9881.10561730659, 14122.544027146]
[9890.702030629602, 14110.837872784372]
[9908.511728106381, 14056.830730435522]
[9937.141855544494, 14046.286154839632]
[9944.837753514934, 13996.767731779722]
[9998.127517133966, 13930.983723349931]
[10010.422149183447, 13913.029512324214]
[10012.795011886214, 13885.332280940507]
[10026.711496425256, 13845.187003575295]
[10044.869353063386, 13828.172013944031]
[10068.234593289435, 13784.392092832604]
[10096.674456274593, 13746.739478965972]
[10101.572814162186, 13735.699677421073]
[10134.864293000019, 13733.97612090569]
[10139.989424275524, 13709.696788816707]
[10155.939607942259, 13668.981021317117]
[10165.15560053225, 13654.704768174632]
[10176.848183723392, 13618.90891719072]
[10204.489204167305, 13589.444183755144]
[10244.87171304039, 13524.304767680529]
[10295.544826701967, 13487.73083923693]
[10316.450103789539, 13422.73969056866]
[10325.443719840097, 13422.085325111495]
[10333.071606466312, 13397.307309517179]
[10344.602932241069, 13385.891703912037]
[10352.990435231914, 13373.317395373148]
[10371.371141851216, 13367.648525910765]
[10386.133932072858, 13344.123214866993]
[10399.11002798571, 13324.221695382043]
[10435.187739614481, 13269.861846325837]
[10446.275087404138, 13268.882996583032]
[10471.375335174753, 13241.185281928674]
[10474.28329758639, 13223.803429501213]
[10493.781373431531, 13220.536924894159]
[10521.29279354339, 13171.282703889028]
[10538.579841034873, 13157.906844835072]
[10559.27698765037, 13144.550478873809]
[10561.52998853435, 13128.428366941069]
[10598.13334761196, 13092.73680838155]
[10607.259152903995, 13076.127809984502]
[10617.689719360684, 13070.325215080511]
[10631.321337369365, 13056.659141181824]
[10631.321337369367, 13056.659141181823]
[10660.051544890392, 13035.509181309417]
[10694.309212603785, 13000.484742845876]
[10695.44601786905, 12985.318855367757]
[10712.62120928445, 12973.397544068017]
[10756.328670570732, 12937.213641538765]
[10763.674353616225, 12933.74755825743]
[10766.20635239104, 12926.473843874066]
[10767.832401721458, 12915.010717979858]
[10781.537153392763, 12906.308806504714]
[10802.465743404235, 12896.838176281499]
[10820.089754627752, 12871.956826521206]
[10825.184527658716, 12870.436870092395]
[10851.331105259555, 12844.916733310114]
[10856.918056438239, 12835.405688570401]
[10866.216012966184, 12829.905117366154]
[10883.549769957162, 12818.392221964185]
[10891.730352540766, 12816.281822367015]
[10895.325184698406, 12806.351157415147]
[10918.337553481637, 12795.466098283314]
[10929.951864281255, 12777.750869442983]
[10951.875151075208, 12756.990915256156]
[10973.114637318497, 12743.295130135497]
[10990.504318822965, 12730.568175535778]
[10998.815914463428, 12726.408661242951]
[11004.070779474465, 12716.875513813724]
[11027.323348262767, 12714.220396646606]
[11040.93728144433, 12688.36771555123]
[11071.048157933454, 12677.434619696583]
[11096.928416294477, 12649.256952113054]
[11102.407532610516, 12647.630690590422]
[11106.37418459221, 12636.074668445337]
[11115.584583437392, 12633.331337681775]
[11122.834483698687, 12629.893783433623]
[11130.921182753145, 12623.251457336037]
[11135.80378012557, 12620.952006521484]
[11148.004476465743, 12613.344785869447]
[11171.056075922143, 12606.58892121226]
[11174.378483992476, 12597.091944333777]
[11191.003244900834, 12581.442744224707]
[11191.436933816898, 12580.93639535378]
[11212.693864926208, 12567.597668151704]
[11227.50130298987, 12561.604597514077]
[11238.071820324012, 12552.754615084588]
[11245.439602305978, 12545.752669635756]
[11255.212099551924, 12538.112863761113]
[11279.897042929952, 12534.791963842894]
[11298.016096219551, 12522.525910554334]
[11300.009999237811, 12520.950285621657]
[11302.156022548314, 12519.203243829952]
[11307.278570956025, 12516.340288218717]
[11313.85806553525, 12514.092662158057]
[11317.23236494556, 12509.930572424839]
[11320.98098221821, 12499.536672971783]
[11323.286046835703, 12494.324344756364]
[11344.352234113614, 12493.17384184549]
[11345.817888714973, 12484.420708162888]
[11371.651445079902, 12481.264054824525]
[11373.00366190291, 12466.07719736653]
[11386.22243411639, 12457.21721517282]
[11393.637614359995, 12447.89190290002]
[11416.080693470596, 12441.836840702874]
[11429.450984168012, 12441.050614576281]
[11437.607848887745, 12433.225377399549]
[11453.645134957744, 12425.362250616754]
[11459.171792378316, 12415.244221157967]
[11480.502860590383, 12407.106512974255]
[11486.432729067381, 12401.821146845992]
[11507.14423760469, 12386.601821828262]
[11507.144237604693, 12386.60182182826]
[11523.746953889187, 12381.884762878679]
[11526.874254740731, 12379.771183142124]
[11549.370200097577, 12373.984104339514]
[11561.01231050282, 12366.044263936925]
[11565.437222803062, 12362.77095644268]
[11573.723685884906, 12359.985414244979]
[11584.83988005, 12350.526356723794]
[11590.9213297872, 12349.782637010829]
[11602.691026128143, 12344.50216817063]
[11622.918723709361, 12330.679478935313]
[11640.596918365964, 12328.077082015343]
[11660.272263671186, 12323.749950983725]
[11697.129208759225, 12307.244802090529]
[11700.792140973814, 12306.994045613423]
[11706.019481274281, 12305.564589368425]
[11707.115826668249, 12304.8718202278]
[11707.267058371544, 12294.640874971667]
[11721.287494087632, 12292.745550168467]
[11743.617845558674, 12279.08412193641]
[11771.54209283043, 12275.9827159555]
[11773.685385614679, 12263.142123683501]
[11799.091065872271, 12256.780000980665]
[11829.576667380545, 12255.912795326167]
[11835.158807392581, 12253.775214702478]
[11839.344198436951, 12250.955235512187]
[11846.450072150328, 12240.879537100613]
[11855.069942594342, 12235.61914930185]
[11879.13520636185, 12232.868111402095]
[11894.710192609597, 12227.502793220603]
[11903.26336622908, 12224.905854212735]
[11908.795869728541, 12223.288994263577]
[11912.244144648002, 12211.867354120652]
[11943.567215924646, 12210.841802382458]
[11946.419734404295, 12201.545193475691]
[11983.143725404028, 12190.304215294183]
[12019.029505565331, 12190.199094755693]
[12027.347250514085, 12183.661240882715]
[12051.118046003907, 12180.078127609075]
[12056.434114858279, 12178.832787787065]
[12064.030425384884, 12174.612171259447]
[12087.062896155589, 12169.107669146242]
[12089.845453625807, 12167.31001342758]
[12123.45230008421, 12166.664844309633]
[12130.637614688196, 12163.061603527507]
[12138.387595864853, 12163.00447117867]
[12138.690571106645, 12159.16681907114]
[12140.212747835018, 12156.696493556427]
[12154.35592325012, 12155.577940634872]
[12172.257336653216, 12141.752636917452]
[12187.738454409639, 12140.059158172302]
[12203.372582568592, 12138.681095738672]
[12244.767738009434, 12137.790111758457]
[12256.398723560436, 12135.62849240285]
[12260.131371628162, 12133.557531774666]
[12264.14325498754, 12125.48707793087]
[12309.807778267292, 12124.784625888266]
[12323.004734016937, 12123.113374598799]
[12345.687262753157, 12122.280347271884]
[12352.678191921439, 12121.187060792934]
[12359.675135968255, 12120.110524829995]
[12360.550176535502, 12119.977135258896]
[12360.934968862217, 12119.960305661747]
[12363.175861314066, 12119.578536117227]
[12364.926786922872, 12119.314111195654]
[12376.559273855913, 12116.910215353028]
[12379.619890813206, 12116.53824252091]
[12385.256735952089, 12114.73167192424]
[12427.460979182748, 12110.701538882893]
[12428.989040642104, 12110.282768251747]
[12437.67439247371, 12109.460551685717]
[12438.43371691656, 12109.4240238643]
[12446.36917457157, 12108.664565781872]
[12461.434376921257, 12106.701636082655]
[12471.216060978124, 12105.985838290284]
[12472.81262244821, 12105.146162587627]
[12491.76155505566, 12103.831744046316]
[12493.290366697342, 12103.787590623964]
[12494.819533936366, 12103.744385440275]
[12504.891766253917, 12102.883955950236]
[12549.271488112932, 12099.131037245312]
[12550.810980994342, 12099.117324812638]
[12555.990237051616, 12098.698163750889]
[12561.29744910496, 12098.155942873622]
[12583.253457781004, 12096.884971953032]
[12586.793381437139, 12096.589334949847]
[12592.105922919283, 12096.153138912614]
[12604.83956137953, 12095.479344667036]
[12625.366951073283, 12094.855532409496]
[12662.31532980544, 12092.850712871475]
[12719.37120292006, 12091.218341175772]
[12752.422452336314, 12090.705279976895]
[12763.015320003187, 12090.526967346657]
[12813.771663197283, 12090.521969245836]
values
[8928.541170897775, 18328.024809767972]
[8929.13495865155, 18293.050109586362]
[8931.614040828463, 18076.69808657107]
[8932.759850572591, 18062.110220927283]
[8936.521709824321, 17904.25761184834]
[8940.812319485796, 17867.096111392857]
[8943.915667593215, 17751.80108448459]
[8944.306457392755, 17731.243108879087]
[8944.957781234183, 17720.542454898125]
[8946.838909012504, 17661.517181868272]
[8947.521039946007, 17653.263196458425]
[8950.514236189547, 17610.93574194818]
[8960.742192973385, 17451.123895749424]
[8964.065860865418, 17408.7311825127]
[8970.05979679058, 17351.955226487316]
[8984.316757718383, 17232.32433874911]
[8984.485775834894, 17182.290215532626]
[8991.607024762001, 17126.66627938035]
[8993.886719298136, 17090.999263247]
[8996.316328652487, 17070.753218902886]
[8998.616005647988, 17042.58961992401]
[9006.142723194534, 17029.26777468697]
[9006.264908610032, 17010.238640549043]
[9011.783007629445, 16932.459830311796]
[9013.999136656259, 16919.15911823397]
[9014.402909894117, 16904.64147008879]
[9025.554803033177, 16856.998009115687]
[9031.34039721625, 16826.801507486485]
[9038.083994903349, 16728.32873258327]
[9046.6670652072, 16724.970459714154]
[9047.640885128167, 16689.667640315653]
[9052.359120630888, 16647.33625234341]
[9059.38132278546, 16580.98581365634]
[9076.276143578008, 16536.315082147536]
[9079.071341605622, 16497.44003729428]
[9086.324331816812, 16423.522759340165]
[9092.69082673176, 16410.04504213402]
[9094.089789008207, 16389.18644318086]
[9110.759203087626, 16293.301063729637]
[9115.16932431852, 16291.477683501436]
[9122.891667219414, 16280.26774169631]
[9126.58025905275, 16218.872146128297]
[9134.719274870875, 16165.927673597327]
[9164.935753176589, 16022.818133524703]
[9177.335832122888, 15988.25241129336]
[9189.614363715447, 15915.67989143688]
[9208.02165259801, 15830.43769391844]
[9218.972094305962, 15822.928325331332]
[9219.076461525747, 15806.04785468361]
[9227.153956867589, 15746.06260304211]
[9239.707490705958, 15721.68223586413]
[9251.121387677795, 15699.542502703467]
[9256.416335251402, 15661.688115219262]
[9259.165678374797, 15626.274664788061]
[9285.539772995495, 15608.550459548233]
[9301.2873793248, 15555.17145059269]
[9309.046850642397, 15511.277668397399]
[9309.215115625628, 15502.272889144202]
[9310.696770974511, 15462.135293415822]
[9326.595371617026, 15437.772203139211]
[9327.948164791975, 15392.386825750293]
[9334.84981924561, 15380.87565293886]
[9339.602707422966, 15358.392127000467]
[9359.654694666475, 15312.642594027411]
[9375.186376568809, 15281.56152716496]
[9379.993741087228, 15259.855998526384]
[9384.945382930538, 15242.701421534644]
[9389.848659374313, 15217.1733030342]
[9406.888586012212, 15203.031401372973]
[9412.997227413493, 15191.710251226685]
[9413.56666556527, 15122.58495982612]
[9446.976586044688, 15108.753054519335]
[9449.476946670795, 15058.127773866765]
[9456.477373991482, 15042.501769251734]
[9457.57605094088, 15027.067572294345]
[9469.437659491668, 15023.77027376698]
[9493.315443016227, 14933.954409953783]
[9495.863568723633, 14905.53036363892]
[9526.93506428503, 14848.72010091516]
[9536.047256729209, 14846.348814148505]
[9543.889534585762, 14829.158433911674]
[9547.338844415493, 14812.65720136433]
[9551.559127710763, 14806.246201577589]
[9557.31852262878, 14778.59752240664]
[9561.58640575633, 14764.449549370082]
[9579.86432417059, 14718.032049649877]
[9584.236129503972, 14696.340872624316]
[9594.335506021542, 14675.59842199057]
[9606.235771286956, 14618.583521785282]
[9619.424480664686, 14617.579306207555]
[9627.411479048547, 14593.40733555997]
[9651.625950360722, 14524.392479808532]
[9665.0599180706, 14509.699032496943]
[9686.10960708602, 14495.09235131654]
[9688.648377496696, 14486.51876879772]
[9703.069416450875, 14404.596270151314]
[9710.07249495549, 14388.383098836579]
[9721.54666924516, 14382.859572709553]
[9743.36173741382, 14335.546077678651]
[9750.378186456703, 14323.786686557132]
[9760.737129905661, 14306.687415735394]
[9765.799039326052, 14272.877983279892]
[9771.012911403659, 14256.027918491172]
[9777.305538772049, 14239.772387480643]
[9806.075866448306, 14219.040469084315]
[9809.394948127425, 14200.456130622268]
[9811.410880552115, 14186.26294497882]
[9828.317136506508, 14177.778635647603]
[9843.412695839055, 14134.408159258139]
[9854.450528036483, 14113.942846232452]
[9859.967752841963, 14112.254888508263]
[9863.867241411235, 14085.857424468326]
[9877.379048996958, 14066.560666119589]
[9888.745919771673, 14034.363194728507]
[9902.368419860872, 14003.474228113308]
[9928.310185381139, 13979.855005373365]
[9950.776548277427, 13957.209106969136]
[9992.190484266752, 13877.481327835054]
[9992.51132697003, 13857.126962966193]
[10000.78549033416, 13842.853608956793]
[10026.97128834478, 13841.09334282757]
[10027.07268134117, 13836.874313064829]
[10029.653160293437, 13833.535892140797]
[10031.57274357651, 13805.89498771416]
[10037.693695537246, 13789.716999385086]
[10049.051622791634, 13777.983196157382]
[10067.845375836368, 13766.337055773598]
[10080.598688795797, 13739.261548514276]
[10082.143162178802, 13715.088080592066]
[10088.309923706463, 13713.014048574643]
[10099.873273254569, 13707.920720329823]
[10110.206896309028, 13687.028645569973]
[10117.238882412348, 13679.811067500033]
[10123.5989772633, 13668.961519229752]
[10124.793731599935, 13664.052704165144]
[10131.027251326095, 13648.572852449097]
[10139.406034616914, 13628.856260855331]
[10141.421928253241, 13627.29765487908]
[10154.194821367917, 13614.332364793876]
[10165.038557795511, 13608.667334186875]
[10166.7733070521, 13605.778328165592]
[10170.440250383072, 13590.275675125498]
[10177.973312633269, 13570.701097981559]
[10203.559321454337, 13533.16640573137]
[10213.975047634585, 13528.61502548919]
[10218.956080554784, 13513.404947152956]
[10234.400103647302, 13500.051690393862]
[10246.5892002701, 13482.562513736384]
[10247.709624119389, 13477.636831595295]
[10253.4128643446, 13464.24560813672]
[10265.24693331082, 13463.702925870204]
[10267.745826227436, 13454.277924174785]
[10292.467218207094, 13421.801148111093]
[10295.583629557263, 13408.99344721191]
[10307.050956170118, 13396.698380703423]
[10330.838811583479, 13367.372890724027]
[10354.35788865048, 13355.934066865337]
[10364.243199961953, 13336.252344883027]
[10365.15012767962, 13319.808465326925]
[10374.39699959457, 13308.396907254411]
[10389.425359740619, 13298.11243390203]
[10392.575666514282, 13285.478737387253]
[10399.629459716032, 13278.706912815558]
[10409.924222169135, 13265.123204590569]
[10429.691682143774, 13256.660396590521]
[10446.05388774956, 13229.209594348451]
[10450.01051205096, 13221.595266953562]
[10455.363539938964, 13211.635485955265]
[10477.66928849937, 13209.984643331756]
[10503.842197391994, 13172.711150680148]
[10506.938275044346, 13168.836546196051]
[10518.37251546451, 13167.05960574992]
[10533.02308154985, 13133.8646321923]
[10536.63069956026, 13128.369818751818]
[10543.223003348276, 13123.190819763191]
[10543.283358755521, 13118.376236299842]
[10544.5904738795, 13113.298266634141]
[10560.093205283074, 13099.739693860436]
[10572.362355883844, 13085.218208080982]
[10599.138037804798, 13063.791259741272]
[10607.614426410233, 13051.086388578888]
[10617.966921826448, 13049.39824560525]
[10623.624390168517, 13029.688931746485]
[10631.174627242222, 13020.573412718577]
[10659.9237146389, 13010.614199294065]
[10675.814968192235, 12985.259201981387]
[10678.138097738813, 12977.748944499448]
[10687.395535084232, 12974.890436371512]
[10709.568111858493, 12957.0005761512]
[10720.407892383711, 12935.872567061238]
[10738.191290971708, 12925.873103323105]
[10749.369098100095, 12915.06727856489]
[10758.237776113509, 12902.740935373642]
[10777.683398645895, 12886.50923857572]
[10790.79287763801, 12877.7057383996]
[10800.101340588604, 12863.275301416872]
[10813.866300999218, 12862.847590665164]
[10814.41686516916, 12852.688147160308]
[10824.336097203643, 12847.625415261025]
[10848.966604628993, 12825.328576336926]
[10867.658801320333, 12817.484303404568]
[10891.337820388475, 12785.92210135968]
[10899.487696548103, 12777.942297100564]
[10912.338047636471, 12773.043123256535]
[10922.826669605598, 12772.603403568937]
[10931.320624170825, 12760.333203211985]
[10938.165781495456, 12747.67496680447]
[10943.091789570266, 12744.495303583339]
[10952.315047880531, 12737.675726618963]
[10963.355334438065, 12737.261423785278]
[10983.203214330793, 12729.031524034903]
[10989.1296765266, 12724.656068188082]
[11001.241094957028, 12697.328700854903]
[11029.674678425163, 12680.435182516274]
[11032.33887101869, 12676.23006996151]
[11053.638978582025, 12664.588830765435]
[11057.4931855969, 12662.197912428588]
[11073.310744836943, 12652.410173814185]
[11081.671170031437, 12643.81953766005]
[11088.175632303208, 12635.742878215076]
[11091.215123237223, 12632.722627186144]
[11091.859565019397, 12631.978464402797]
[11119.487098482488, 12612.520627765261]
[11123.295353070474, 12608.394279202357]
[11144.846844867241, 12606.472700002327]
[11146.743897363787, 12598.733657771096]
[11174.378483992476, 12597.091944333777]
[11176.042028308453, 12573.141488466075]
[11187.191027163215, 12571.350515561016]
[11190.374010132447, 12563.512026553628]
[11194.542907564575, 12561.045653259489]
[11206.869487410588, 12553.218853774984]
[11224.333474728592, 12546.89949444839]
[11233.310183794916, 12538.349424257161]
[11239.499087388273, 12531.557252995695]
[11242.274534890237, 12529.685919766387]
[11256.798716245044, 12520.463582097278]
[11271.36508263588, 12511.329773498072]
[11277.095216677499, 12508.814290987295]
[11288.606758215612, 12507.196657881208]
[11300.255226117832, 12496.417568781284]
[11306.812301593342, 12495.52006816266]
[11318.64788377877, 12491.758123857851]
[11321.537957051534, 12481.35751380652]
[11324.093778741613, 12479.297417451578]
[11342.73753716904, 12475.402635206623]
[11343.818738617367, 12467.713690565746]
[11346.194977240415, 12466.5415874398]
[11366.238014867735, 12453.637387541685]
[11389.418267216317, 12443.699502971544]
[11390.661615513196, 12441.617593440378]
[11392.248964168111, 12440.013081979221]
[11405.263708135812, 12437.353703533014]
[11433.78644631734, 12422.385404651803]
[11435.4782655352, 12417.47688908201]
[11442.52694967015, 12413.474054096474]
[11446.314366778583, 12411.578045516524]
[11471.632342867393, 12402.0002724263]
[11474.871397443792, 12401.516263139103]
[11481.664086880748, 12396.983107961101]
[11488.449992622722, 12390.421177996885]
[11491.563122446694, 12388.394758495919]
[11501.758619640681, 12381.783905746272]
[11506.628295346058, 12379.716522662726]
[11517.74881549637, 12375.787530712143]
[11528.580982861944, 12375.665012201947]
[11542.29371159879, 12366.888665750173]
[11542.543700689646, 12361.591240941643]
[11551.56343636956, 12358.893517077355]
[11552.345412981314, 12357.605538275197]
[11562.799508679513, 12356.433010789506]
[11563.040834976955, 12351.732149382882]
[11567.651418707346, 12349.207822939823]
[11580.346835826336, 12348.571087103806]
[11583.607371709491, 12342.03113739283]
[11587.502103106941, 12340.077897294024]
[11596.425684141544, 12336.699646262345]
[11603.94661401321, 12336.64782541734]
[11611.657363415621, 12329.651900027164]
[11612.98956531255, 12328.550061661717]
[11615.959550171594, 12326.16555983596]
[11624.94767545076, 12323.103086373238]
[11629.595359685512, 12322.790871221263]
[11638.373146306394, 12318.235144328597]
[11643.826079796907, 12315.898325771035]
[11661.11793341932, 12311.277795984272]
[11662.470426695842, 12306.935276646738]
[11671.65438855237, 12305.7810454571]
[11684.600011714643, 12297.107389379818]
[11697.136466815347, 12294.202581953603]
[11707.675175284565, 12289.578787478547]
[11714.192362635582, 12286.20034527069]
[11718.47965171287, 12283.711395992721]
[11722.45036926167, 12281.010819789226]
[11729.201699444415, 12280.704261325562]
[11740.882631586745, 12279.918519936236]
[11743.617845558674, 12279.08412193641]
[11750.292032563979, 12269.859914691753]
[11757.140533869486, 12269.61521643419]
[11757.289642299284, 12267.465086274791]
[11770.767320241323, 12263.491888097244]
[11773.685385614679, 12263.142123683501]
[11778.832580299762, 12258.354870012585]
[11784.985985352509, 12257.52931510511]
[11788.371579427696, 12256.70964640437]
[11809.82849840344, 12250.662575223338]
[11815.826577426928, 12245.553508902301]
[11821.447570787872, 12242.380953611797]
[11834.486232391759, 12238.870002661564]
[11840.82637911099, 12236.409846625915]
[11844.118600059697, 12234.754674826605]
[11863.174063040065, 12227.736896543642]
[11868.34808417177, 12226.844909535555]
[11872.966759902167, 12224.850234148123]
[11887.251096562313, 12219.786140805363]
[11890.358546106141, 12218.9691902486]
[11890.748727964006, 12218.695592322014]
[11900.635073295975, 12214.565231166518]
[11912.244144648002, 12211.867354120652]
[11912.295474624185, 12211.427631037583]
[11915.361483969416, 12210.233114474966]
[11919.047329889978, 12208.646208162183]
[11921.854489021192, 12208.099824140527]
[11927.31212636954, 12206.08420175439]
[11927.626540642175, 12204.930328703262]
[11942.256284293228, 12201.300313796743]
[11945.717259650328, 12199.564059687254]
[11951.36892228352, 12199.216732000044]
[11952.907097318668, 12198.939411399871]
[11967.313654943686, 12194.793303936409]
[11982.068995472928, 12188.69521948796]
[11987.316977723885, 12186.902927437744]
[11993.228572499966, 12184.822374316947]
[11996.459953595937, 12184.318503064565]
[12000.769497450436, 12181.772229404636]
[12011.56039684283, 12180.593277222444]
[12023.827736211126, 12175.465445074333]
[12035.282331207574, 12174.109430742372]
[12036.135813484543, 12173.44619863159]
[12036.980830891653, 12171.480658736182]
[12043.263986657865, 12170.260765445068]
[12043.909848143103, 12170.080941740967]
[12045.038868122538, 12169.232158499794]
[12045.955109065384, 12168.911885828116]
[12048.721693201707, 12168.399088191127]
[12053.06798580143, 12167.279716264991]
[12059.047599033149, 12165.293442115773]
[12081.841759085302, 12158.746682309338]
[12088.993067394505, 12156.356442671276]
[12095.498160430112, 12154.971243279479]
[12103.824208451126, 12152.60006076495]
[12112.612288269404, 12150.32414247473]
[12118.567903492776, 12150.105655532996]
[12149.447381917207, 12140.658929032154]
[12155.601537340495, 12139.90176142122]
[12184.851566120919, 12131.83872413559]
[12200.823067135629, 12128.333760991069]
[12202.767365118107, 12127.597081879765]
[12206.87793462753, 12126.590434975715]
[12209.928839331966, 12126.072214544738]
[12222.236908245319, 12124.7554386532]
[12223.335042456301, 12123.171922523266]
[12224.964087843557, 12122.692082989932]
[12230.721421178454, 12121.20609806413]
[12237.2928529768, 12120.605336444693]
[12248.942309344591, 12117.12696133038]
[12252.448000360468, 12116.74153919031]
[12254.491986734443, 12115.85896736901]
[12254.849668599069, 12115.85801984425]
[12260.967346511978, 12114.963214213874]
[12263.586036558094, 12114.580552799918]
[12265.91623041678, 12113.950195097997]
[12266.82618735025, 12113.13052146996]
[12280.383474456883, 12110.259897616192]
[12280.39592876567, 12110.253151102346]
[12284.054779740374, 12109.878114614487]
[12287.448046685578, 12109.318454757651]
[12289.653697707763, 12109.09646496943]
[12295.39532584909, 12108.85407767899]
[12306.42520187682, 12105.039823958266]
[12309.816387808383, 12104.278920378705]
[12321.867644803227, 12101.83920207822]
[12327.05026851925, 12101.16721819879]
[12333.853834451187, 12100.041114174517]
[12349.181622161954, 12099.51697907738]
[12358.918674687759, 12095.113422870972]
[12373.558861674503, 12092.492138750633]
[12385.971813649656, 12089.929076405548]
[12389.676627421559, 12089.587875329455]
[12392.143302051143, 12089.19655412364]
[12392.631180216671, 12088.75056004565]
[12399.71458633817, 12087.704710949267]
[12403.392612607802, 12086.885505813843]
[12405.276930814047, 12086.65968879472]
[12411.752910359526, 12086.09417105241]
[12438.858996458617, 12084.608357565006]
[12451.380379568127, 12084.5946167412]
[12465.785114613507, 12081.652172830285]
[12468.14791561172, 12076.511286379164]
[12475.518279217304, 12075.385588104318]
[12511.867004989279, 12073.771888861827]
[12517.88032632581, 12069.3949629405]
[12519.115704232358, 12069.2345560177]
[12531.817053673836, 12067.675093965408]
[12539.005673654947, 12066.65001391134]
[12546.228320432156, 12065.63875129004]
[12563.713945721574, 12063.735488994856]
[12574.5824942486, 12062.709276211566]
[12581.288128678189, 12061.528625060928]
[12598.905835881982, 12059.938895373303]
[12602.955065831942, 12059.154123876253]
[12611.545443199699, 12058.404926207873]
[12629.4335502328, 12056.396712970152]
[12635.101531421904, 12055.86955831302]
[12654.915212024014, 12053.663513100917]
[12667.361726540088, 12052.893084483354]
[12677.83511339921, 12051.95827180821]
[12777.897395913778, 12046.415606032566]
[12829.877737530409, 12042.536922378189]
[12884.660154337513, 12040.752398991212]
[12910.755646812035, 12039.424795494371]
end_solutions
[-15.522319456314532, -37.67273647446945, -21.854751492951273, -15.564366133945867, -18.726382191149206, 14.023178370224183, -29.09795018046492, 14.944229397141529, 2.356120796451022, -18.988935954926404]
[-15.433223231485483, -37.50971549603679, -21.832256352708516, -15.61510679167165, -18.735566274376897, 14.030900704858716, -29.143356934172637, 14.769695473340377, 2.542765269744606, -18.80118596620987]
[-15.148346786892947, -36.93669717746134, -21.75001590431767, -15.995170894368208, -18.72849605530812, 14.028201964465541, -29.23634942092172, 14.165289691476493, 3.1956772454000886, -18.108391883900964]
[-14.97015433723485, -36.610655220596016, -21.705025623832153, -16.096652209819773, -18.7468642217635, 14.043646633734603, -29.327162928337152, 13.816221843874192, 3.568966191987257, -17.7328919064679]
[-14.783168002524057, -36.242635572091956, -21.652657829515352, -16.312054590030943, -18.747921153842956, 14.046158430855282, -29.396362548565552, 13.426751991041675, 3.98874441646179, -17.29261987095518]
[-14.578593897707876, -35.79066054031044, -21.58553500753598, -16.755299099761324, -18.71435561717057, 14.022804483679193, -29.422334394419888, 12.956478127748724, 4.501501196711054, -16.72280371928315]
[-14.3399514948948, -35.26805853109109, -21.51446012189745, -17.20667496407745, -18.68348270510817, 14.00552791452451, -29.471379936616447, 12.412598857631963, 5.087150182321052, -16.083671679542682]
[-14.101309092081724, -34.745456521871745, -21.44338523625892, -17.658050828393577, -18.652609793045766, 13.988251345369829, -29.520425478813006, 11.868719587515203, 5.672799167931051, -15.444539639802212]
[-13.841768518182398, -34.14848419984476, -21.366069231549, -18.22767066041502, -18.603443160240374, 13.961089222097606, -29.557610053558342, 11.252110606322066, 6.334024224792051, -14.713919113826684]
[-13.673025591249878, -33.77410112469917, -21.32936260904696, -18.46034521059794, -18.59042329999418, 13.96315856458584, -29.61957285287607, 10.86467000550363, 6.736492957003668, -14.292826802532252]
[-13.280902434883004, -32.9604588862877, -21.24063629704907, -18.87294370041649, -18.586247615716164, 13.981592126288263, -29.788320151578006, 10.012941529131284, 7.627168594799032, -13.375645418336063]
[-13.042904633697322, -32.43085462548902, -21.19765330363999, -19.140647937605518, -18.574484459143267, 13.994220355075857, -29.89429043589807, 9.466028674964702, 8.185937047783217, -12.803674376341576]
[-12.703985090399389, -31.732597497420553, -21.1173796656309, -19.510352133928716, -18.570118404018693, 14.007751702286182, -30.035166651753343, 8.733750436566702, 8.955504610744446, -12.007577704899013]
[-12.343528801891603, -30.93238694062579, -21.05966762732597, -19.855980351619205, -18.559802321965652, 14.035841031865239, -30.213015503922414, 7.90791509107763, 9.791680859335331, -11.163643219450842]
[-11.81460077199716, -29.662957721242577, -21.00017089638952, -20.43790083389841, -18.515574465854527, 14.077464412580785, -30.475622590548575, 6.615575920298214, 11.070809083927683, -9.87501222153848]
[-11.634372627743268, -29.262852442845194, -20.971314877237056, -20.610714942743655, -18.51041642482801, 14.091509077370313, -30.56454701663311, 6.2026582475536785, 11.488897208223126, -9.453044978814393]
[-11.271868361841571, -28.41515679732438, -20.92136745109461, -21.016590492930412, -18.483569910668542, 14.116551675859888, -30.737115207221215, 5.335322742521315, 12.356871906186665, -8.57303938400597]
[-10.925216453594935, -27.593317945064598, -20.88296212714814, -21.36544953386811, -18.46103052769036, 14.147177122875387, -30.916078529343807, 4.497401404029727, 13.18611355711092, -7.742446738177942]
[-10.335272523719397, -26.03938064267365, -20.87958367683266, -21.923846143212458, -18.3971110833039, 14.221346512212433, -31.268096475486704, 2.9427730019737046, 14.660052805124113, -6.302069685497013]
[-10.049819076400723, -25.307555730383434, -20.870912752814643, -22.191275111484572, -18.37046994299405, 14.255405780500578, -31.43439455055196, 2.2073259120470037, 15.364072880821865, -5.6111589113409375]
[-9.745328593843858, -24.485443340282696, -20.87620522651718, -22.482242752556807, -18.33319163891744, 14.295515901549479, -31.6201144216296, 1.3881445999176818, 16.133992053137305, -4.861692632816085]
[-9.28859287000856, -23.252274755131587, -20.88414393707098, -22.91869421416516, -18.27727418280253, 14.35568108312283, -31.898694228246065, 0.15937263172369898, 17.288870811610465, -3.737493215028808]
[-8.791393656433101, -21.664199079094576, -20.96895110863845, -23.501708609875017, -18.15498990676702, 14.432397230408384, -32.2294312363893, -1.3855238870319027, 18.669702877530046, -2.4132790612952686]
[-8.54603845301445, -20.85413757070213, -21.020934532495126, -23.78644744673928, -18.089855825705243, 14.473615535505008, -32.399862544792725, -2.169837915618624, 19.362178290634567, -1.7542319328929947]
[-8.274740111383338, -19.794506935617505, -21.13005709925634, -24.166911226304777, -17.977879373407454, 14.527408016340143, -32.60835191666985, -3.175115772285553, 20.20955210522464, -0.960535092150864]
[-7.938952127420983, -18.631235215530182, -21.21841471203342, -24.578471323024207, -17.875419808246413, 14.586557148381813, -32.84827968236564, -4.294522419761251, 21.18448545652585, -0.036922350167879814]
[-7.6590389595700845, -17.493687963166693, -21.344567457953097, -24.9920665169613, -17.74824558003637, 14.64419135524679, -33.0681410365729, -5.369305711727943, 22.08105101958847, 0.8002631648947058]
[-7.387878810429959, -16.393279605074895, -21.4663029074815, -25.391910998760302, -17.625482033948135, 14.699946583033633, -33.28097094181484, -6.409141088885033, 22.94878883574441, 1.610609436060966]
[-7.107965642579061, -15.255732352711405, -21.592455653401174, -25.805506192697393, -17.498307805738094, 14.757580789898608, -33.5008322960221, -7.483924380851724, 23.845354398807032, 2.4477949511235515]
[-6.836805493438936, -14.155323994619609, -21.714191102929576, -26.205350674496394, -17.375544259649857, 14.813336017685451, -33.713662201264036, -8.523759758008813, 24.713092214962966, 3.2581412222898116]
[-6.573400260048619, -13.08963121375174, -21.831443120836106, -26.592287089395693, -17.2571239081084, 14.86734146572128, -33.92004548220088, -9.53111004094405, 25.554382830247384, 4.043984356035536]
end_values
[12910.75564681 12039.42479549]
[12861.18235087 12040.70593376]
[12677.8351134  12051.95827181]
[12581.28812868 12061.52862506]
[12468.14791561 12076.51128638]
[12321.8676448  12101.83920208]
[12159.5988438 12137.7922887]
[12000.76949745 12181.7722294 ]
[11821.44757079 12242.38095361]
[11717.89218016 12282.42292794]
[11501.75861964 12381.78390575]
[11366.23801487 12453.63738754]
[11190.37401013 12563.51202655]
[11001.24109496 12697.32870085]
[10716.80458148 12935.72142581]
[10631.17462724 13020.57341272]
[10455.36353994 13211.63548596]
[10295.58362956 13408.99344721]
[10021.29340575 13800.09429576]
[ 9902.36841986 14003.47422811]
[ 9777.30553877 14239.77238748]
[ 9606.23577129 14618.58352179]
[ 9413.56666557 15122.58495983]
[ 9327.94816479 15392.38682575]
[ 9227.15395687 15746.06260304]
[ 9134.71927487 16165.9276736 ]
[ 9059.38132279 16580.98581366]
[ 9002.6405529  17000.15971412]
[ 8960.74219297 17451.12389575]
[ 8936.52170982 17904.25761185]
[ 8928.37062683 18358.73782337]
