values
[2635.695215010393, 6991.398408601685]
values
[1701.9836632681406, 6744.156095938375]
[1702.1634372702536, 6695.738471478678]
[1702.2501021114165, 6687.826040382895]
[1703.110306203258, 6641.312085930896]
[1703.310376059376, 6633.721669737979]
[1705.00572258693, 6585.532721730764]
[1706.2021140237694, 6560.421924020404]
[1708.7147911906668, 6518.767225597208]
[1709.6819559776764, 6505.279003930721]
[1710.7139236303742, 6491.991641000065]
[1711.8106941487604, 6478.906638491428]
[1712.383380482587, 6472.440489582166]
[1712.972267532835, 6466.025490381691]
[1713.2727863266175, 6462.83722989245]
[1714.198643782598, 6453.349682282276]
[1715.4898228980503, 6440.880690773955]
[1716.1597135304087, 6434.7242100379835]
[1718.2665897260185, 6416.569014649646]
[1718.6319113854897, 6413.589214134907]
[1720.5192723694272, 6398.888983588547]
[1726.342556945488, 6359.510436258111]
[1730.0265638930955, 6338.204799311016]
[1730.7461727218983, 6334.308052373162]
[1731.9657716654315, 6327.882707662175]
[1732.9596766262325, 6322.804928749059]
[1736.5659246308614, 6305.472658168876]
[1740.3706314116607, 6288.830038231974]
[1743.6796881259306, 6276.573691928753]
[1745.3259210717385, 6269.955415990295]
[1748.5754213017722, 6257.640657224574]
[1748.5754213017726, 6257.640657224573]
[1748.960209581109, 6257.507384331587]
[1749.8123370089054, 6253.4154830860725]
[1751.6980869128963, 6247.186622268918]
[1752.3347705724377, 6245.139447422914]
[1754.9220070016581, 6237.096782234455]
[1755.2463084737635, 6236.348941468569]
[1755.4628891771927, 6235.665743816217]
[1756.3879231338435, 6231.832960530023]
[1759.3580528422688, 6224.006397920112]
[1759.3595694712296, 6223.484611727734]
[1761.8364025117469, 6216.737703046859]
[1762.7212839484482, 6215.28412858022]
[1763.406446500745, 6211.846606780684]
[1767.5440933524044, 6202.59173758454]
[1767.603520265738, 6200.755555490404]
[1769.503021730073, 6196.527312211053]
[1771.9507907662085, 6190.215145263331]
[1772.8581939374192, 6185.166876429709]
[1776.2590534952042, 6181.512931852191]
[1778.772304960438, 6176.738552813548]
[1778.9825088567059, 6176.011531060784]
[1781.0959219735823, 6170.800269131662]
[1784.3892653875773, 6160.813970395963]
[1785.8816844657788, 6159.128712684016]
[1790.6182196367558, 6155.266362322263]
[1793.4217688992137, 6154.025358013298]
[1796.8812384553344, 6147.732513901365]
[1799.013715220275, 6144.110064464436]
[1801.1757705229309, 6140.599414152524]
[1801.1885452140623, 6138.723754218095]
[1803.003729293976, 6137.297089027291]
[1803.3674043633018, 6137.200808159403]
[1804.045854428762, 6136.076236162042]
[1805.0305406589562, 6134.725526473831]
[1805.588616741389, 6133.914484982538]
[1807.2897822963541, 6130.620660531987]
[1809.1531462336338, 6129.373864468637]
[1810.1197771107081, 6127.679607128657]
[1812.1360372471681, 6126.107296186264]
[1813.595791049201, 6123.299864581425]
[1814.7692516308894, 6121.896551783075]
[1814.9016657638317, 6120.952187797373]
[1815.3119432335839, 6119.382433080788]
[1818.5879810818285, 6119.347473001257]
[1822.8414606030376, 6112.55336019506]
[1827.423345675727, 6106.006235839812]
[1831.1091668139718, 6105.430893040937]
[1831.2824890529578, 6104.655038420752]
[1834.5502912202314, 6103.314020132175]
[1836.624032920382, 6100.59676902274]
[1836.8945535689352, 6098.716890196613]
[1840.7600595979568, 6097.822529269133]
[1845.1506959200715, 6096.771324598469]
[1846.0403855719253, 6088.503635461146]
[1849.8847775329086, 6087.683421542676]
[1856.8866262334125, 6085.302792077713]
[1864.0695879698658, 6083.623940287192]
[1865.452484378081, 6082.612962724263]
[1865.5067508900845, 6081.74732067151]
[1871.5292722869563, 6081.610480845688]
[1874.471172072562, 6080.321643342681]
[1898.8751404792683, 6080.133124974377]
[1907.654643767189, 6074.817362387415]
[1933.5347732566775, 6058.561912724658]
[1937.1724674322988, 6055.733107537255]
values
[1701.2996156362617, 6710.697709608458]
[1701.3572205406902, 6693.003220416719]
[1701.8989956904725, 6679.998480317468]
[1702.187307004064, 6645.413985399537]
[1702.9291015579222, 6641.301314195456]
[1703.0546536662496, 6610.283347760155]
[1703.866133104982, 6601.21316217962]
[1704.0702657347347, 6574.891576626336]
[1705.126021336943, 6574.109026630412]
[1705.5856282556085, 6543.139440471515]
[1706.512797089165, 6538.0959158668165]
[1707.4215737349564, 6512.36001089596]
[1708.854939391032, 6495.387229662614]
[1708.9327738926863, 6491.3218680666105]
[1709.5130969078514, 6482.800122724587]
[1709.5781021727785, 6482.570084409988]
[1710.916256343522, 6467.424382860365]
[1711.7367431408968, 6461.707729955031]
[1712.246396389083, 6451.437817419953]
[1713.3092374703745, 6440.0995479281955]
[1714.6237244942135, 6439.724099449462]
[1714.9387580351938, 6439.594048563131]
[1715.4834691056578, 6424.861396647365]
[1716.7945778627873, 6418.9640332771905]
[1717.3775538923035, 6415.817964708199]
[1718.464297160524, 6412.563323438436]
[1718.9263089157414, 6404.884253890415]
[1719.0441625126264, 6391.950819873626]
[1719.8025866812811, 6386.626020510423]
[1720.1438229738114, 6384.686160311804]
[1721.3095091591044, 6381.057975509272]
[1722.5718653230883, 6372.905344558141]
[1723.6519495251198, 6371.916872834896]
[1723.7025103697413, 6365.587188289314]
[1724.805308338593, 6353.813744998672]
[1726.0394997370024, 6352.769153917189]
[1726.7480036387126, 6347.309684035045]
[1727.0748643360296, 6342.97708056866]
[1728.4380790826008, 6333.675197882635]
[1728.9861440948007, 6329.134140490483]
[1730.7198055898275, 6321.298889020219]
[1731.9717399748888, 6316.780284773814]
[1733.4151103574939, 6308.138407156932]
[1735.1792318172259, 6307.380842579179]
[1736.1636632814718, 6306.286086812875]
[1736.2227777486605, 6295.365621574672]
[1736.5620338921783, 6290.998077026509]
[1737.5702495352891, 6288.081459246768]
[1738.8274499599527, 6280.784919467973]
[1741.6022666782299, 6272.674263582004]
[1742.3380648953494, 6268.601898346405]
[1744.009993808595, 6260.035667050255]
[1745.4071002847422, 6250.204185985876]
[1748.1251230756839, 6242.740342952535]
[1748.488366472133, 6241.686524055219]
[1748.7113852376453, 6235.605788418996]
[1751.1060388470569, 6234.190662681712]
[1752.0470006821688, 6224.576254924414]
[1755.172045076083, 6219.636044628566]
[1755.5027015123549, 6213.987235356257]
[1756.7033248716355, 6211.7533466746945]
[1757.466831660978, 6206.138040017168]
[1762.7123237811338, 6202.961914103501]
[1764.922391144361, 6202.503720797096]
[1765.509071970472, 6189.557483939422]
[1767.9609242910908, 6181.296021727152]
[1768.0780981580044, 6180.912100726207]
[1769.515146242527, 6176.302911203244]
[1771.1055298993128, 6171.4542142331575]
[1773.542214286759, 6169.053689344636]
[1773.9982151795746, 6164.852717380598]
[1776.9106457979053, 6164.226871089093]
[1777.9437872049184, 6161.170542509546]
[1778.4805968315952, 6152.633584595755]
[1780.9188445288446, 6147.691149348427]
[1781.5008703239355, 6145.564041710992]
[1783.3278272797754, 6142.262866210927]
[1784.5961294355816, 6139.988901421462]
[1785.667361270858, 6138.677491574301]
[1786.489014446976, 6136.358488584287]
[1788.4180611637207, 6132.875595353541]
[1789.8074050785615, 6129.9110306607045]
[1790.3832695858152, 6129.540490842416]
[1791.8944002555213, 6127.812379582049]
[1792.179301501822, 6126.53206273838]
[1793.5041526847003, 6124.242240901231]
[1794.909163385273, 6121.569693504027]
[1796.495865084202, 6120.424417682254]
[1796.5912940668563, 6120.411225064501]
[1796.7310146264258, 6119.382936055772]
[1798.6057203276987, 6117.682914332244]
[1799.4324451065283, 6116.699847859767]
[1800.599591231619, 6114.513578777336]
[1801.4696603355412, 6113.787932034393]
[1801.692737055266, 6113.3026035251705]
[1801.9015320676249, 6112.349629455223]
[1803.5026750383986, 6110.985126597812]
[1804.4045008965572, 6110.215732482959]
[1806.483845980581, 6107.781441495418]
[1807.142411893507, 6107.693535499518]
[1807.1918166416895, 6107.445431953255]
[1807.4059525791176, 6106.716332553112]
[1808.1106584303245, 6106.57070714412]
[1808.783362959877, 6105.796151965727]
[1809.0471872867581, 6105.518654281121]
[1809.649106371359, 6105.115467268796]
[1809.9078919974731, 6104.781199726863]
[1809.9575381322704, 6104.453375191289]
[1810.6495899275117, 6104.164843239945]
[1810.9977532525315, 6104.07491304657]
[1811.102015772733, 6103.585856727503]
[1812.6804492711515, 6102.350179043648]
[1813.8234036218837, 6101.772584921705]
[1814.167226569968, 6101.3544418055135]
[1814.4714238381423, 6101.275986902112]
[1814.6145963118097, 6100.917288249215]
[1815.0673889368902, 6100.575068002396]
[1816.762637077819, 6099.633607598503]
[1817.3458495628972, 6099.177762552328]
[1817.8285086954982, 6098.690145936525]
[1817.93336533882, 6098.545491969131]
[1818.0922641272534, 6098.43538931424]
[1818.391987863315, 6098.223861259657]
[1819.089849735141, 6098.140199614018]
[1819.7759057200385, 6097.948350412235]
[1819.9205709306536, 6097.382937286473]
[1820.298077575087, 6096.916555493714]
[1820.8297244176708, 6096.6182312906285]
[1821.2933311747765, 6096.31413227335]
[1821.757783598685, 6096.01312774512]
[1822.9164494027307, 6095.907755430347]
[1823.2887208505265, 6095.083087991796]
[1824.1019204554914, 6094.9844374473405]
[1824.1724605886893, 6094.944825183997]
[1825.2985930706204, 6094.040327317093]
[1825.768977161882, 6093.618523830584]
[1826.428275174691, 6093.364349821514]
[1827.2323293028658, 6093.266484631915]
[1828.2328556430377, 6093.144056356408]
[1828.3825326554, 6092.494143977631]
[1828.4822136361495, 6092.388765332536]
[1828.680268524397, 6091.990208358605]
[1830.179657170684, 6091.20058970999]
[1830.7795237129444, 6091.184700701157]
[1832.1580065741966, 6090.432601768613]
[1832.915221635338, 6090.094846585364]
[1833.073311607627, 6089.973270285043]
[1833.3281225624894, 6089.756728722508]
[1833.5852710702873, 6089.690714409148]
[1835.1462694596053, 6089.129120029976]
[1835.265511431674, 6088.765543995333]
[1835.2795777123667, 6088.741342326323]
[1836.0480671968135, 6088.717429800289]
[1836.2908336540725, 6088.386406410981]
[1836.4598321611943, 6088.3568190089445]
[1836.6377218859118, 6088.297165525251]
[1837.182957252098, 6088.239410087691]
[1837.6331361371615, 6088.017095368282]
[1837.792843031209, 6087.97076429305]
[1837.848064409157, 6087.6506511770685]
[1838.0673591622874, 6087.562957312766]
[1838.4628220686086, 6087.426595410527]
[1839.1226190784248, 6087.41073670034]
[1839.339427258874, 6087.013617915766]
[1839.8530175997457, 6086.891228456293]
[1840.1425719246806, 6086.71150527851]
[1840.3860848630284, 6086.661664666066]
[1840.462744132558, 6086.657087354238]
[1840.464537768049, 6086.566027914482]
[1840.998991393496, 6086.414339038744]
[1841.33710842592, 6086.310320767833]
[1841.667060700399, 6086.153890485712]
[1841.7566137524336, 6086.137725144773]
[1841.810022478969, 6086.123146220216]
[1841.943561750083, 6086.093061528379]
[1841.954952923392, 6086.005204617376]
[1842.1815120879432, 6085.936352549841]
[1842.412133445594, 6085.907799787716]
[1842.4592296244057, 6085.89695759254]
[1842.652518934329, 6085.894528266392]
[1842.6921648323362, 6085.783240972088]
[1843.612434286532, 6085.526659393283]
[1843.7907290823857, 6085.425898957605]
[1844.3004083371668, 6085.27757032391]
[1844.414513267716, 6085.260142695777]
[1844.4558915183463, 6085.132897880735]
[1845.1844866456217, 6084.948140594255]
[1845.5248489495195, 6084.706223377711]
[1845.6828510149057, 6084.705167451938]
[1846.0101607178472, 6084.581985024672]
[1846.3741191445156, 6084.566588409717]
[1846.5615574781862, 6084.462738882239]
[1846.8903208179534, 6084.370151530932]
[1846.9143645183804, 6084.291357524624]
[1847.2095180656765, 6084.129705296372]
[1847.7477880176834, 6084.099218442842]
[1848.3249155210522, 6083.818972001842]
[1848.8451665604161, 6083.652411384392]
[1848.9028543054135, 6083.578909442292]
[1849.8152889720163, 6083.345894602811]
[1850.1862519435342, 6083.2659728523695]
[1850.5562578678068, 6083.139379297341]
[1850.9949505532725, 6082.993642370892]
[1851.84118954585, 6082.950925015319]
[1852.0323311767145, 6082.811508098049]
[1852.1539457627898, 6082.6486918216715]
[1853.3629951613723, 6082.273807981294]
[1854.7604390668625, 6081.9792071144]
[1854.8025255875818, 6081.927293931722]
[1854.8757746613112, 6081.909479644247]
[1854.949060085414, 6081.891817970442]
[1855.5166502021536, 6081.770312092428]
[1856.3712492769853, 6081.688189972663]
[1856.825776530396, 6081.58113573125]
[1856.9242482766338, 6081.467318392438]
[1857.2981133431585, 6081.329377323818]
[1857.6190712694854, 6081.235470534918]
[1857.881591866932, 6081.145157507456]
[1858.6460085366311, 6081.009039662705]
[1860.0128674962489, 6080.696934671517]
[1860.1611456815538, 6080.668394130702]
[1860.9804276621153, 6080.589622027891]
[1861.4927536118219, 6080.517473760967]
[1862.1872815338963, 6080.292692902375]
[1862.3576829789606, 6080.251315613432]
[1862.458644422092, 6080.193248226743]
[1862.8711859507328, 6080.13101041799]
[1863.3181224792504, 6080.048069546387]
[1863.708037286123, 6079.9863739775155]
[1863.7190631622232, 6079.975913555397]
[1865.6017130347084, 6079.655079923862]
[1865.7271289552639, 6079.647300326742]
[1866.0519068595142, 6079.582521583255]
[1867.3883416193057, 6079.394151094395]
[1867.5405211068266, 6079.356407245214]
[1868.1730749380768, 6079.265534903964]
[1869.1546074926116, 6079.2143045926405]
[1869.5382962810356, 6079.121015096632]
[1869.7159346983633, 6079.057945775792]
[1870.608258740571, 6079.003702305869]
[1870.7622396267636, 6078.930193591908]
[1871.1194418693674, 6078.9126777858155]
[1872.2383073176911, 6078.839960594943]
[1872.8352931831546, 6078.727306210151]
[1873.941045145949, 6078.615291661172]
[1874.1414609703584, 6078.600038770072]
[1874.8385357222915, 6078.5128506213205]
[1875.993977360096, 6078.422284966829]
[1876.129905557756, 6078.410766403462]
[1876.3611107862916, 6078.394023524141]
[1876.8249079506174, 6078.36007944262]
[1877.5496266296673, 6078.315168993118]
[1877.7062309946618, 6078.304161151263]
[1878.0495906976828, 6078.286568318897]
[1878.540925082392, 6078.252707952704]
[1879.0106646055317, 6078.243304655456]
[1879.815369849489, 6078.182947183822]
[1882.4038793583659, 6078.097701598227]
[1882.9359468888329, 6078.082216447956]
[1882.9837119857607, 6078.078639991919]
[1884.5879989263437, 6078.051889370749]
[1886.4771258540416, 6078.0485993862785]
[1907.654643767189, 6074.817362387415]
[1933.5347732566775, 6058.561912724658]
[1937.1724674322988, 6055.733107537255]
values
[1698.3700958216734, 6647.951916209723]
[1699.6199297325336, 6500.573704592358]
[1704.288652348214, 6474.314552997897]
[1705.3420284773813, 6442.171109345945]
[1708.6487303953888, 6429.845241344384]
[1709.2286780122306, 6427.709116106581]
[1709.8500571296386, 6422.636281999403]
[1710.3774276829424, 6419.450331722712]
[1710.9502007246633, 6417.761403630521]
[1711.3994337530198, 6367.0492837276515]
[1714.0415168881666, 6351.304735956512]
[1718.1339655619122, 6351.066054870956]
[1718.4713864530136, 6347.852180402655]
[1718.9900038239387, 6335.3549799743805]
[1720.3585385589893, 6302.674282890477]
[1722.2383077826244, 6291.690489049708]
[1724.2382825286313, 6281.181597716826]
[1727.6476481396412, 6268.197773021897]
[1728.5988485877606, 6261.598432221272]
[1731.6625061690024, 6258.697090142497]
[1732.5690931164106, 6250.654203586617]
[1735.4813837976942, 6235.186971237551]
[1737.173377453164, 6229.389317599284]
[1739.8902205794973, 6221.899208014011]
[1741.1288956084702, 6217.032088490338]
[1742.7679443699872, 6214.7442311252]
[1744.2415974709202, 6209.733136669803]
[1745.2444700891353, 6205.230591227743]
[1746.0529805351798, 6203.228978061058]
[1748.2860128809143, 6197.454441622311]
[1751.3132881401762, 6190.569697299027]
[1751.7695544250403, 6187.5996045188285]
[1752.496490074596, 6186.79153282278]
[1752.711474383243, 6186.339991211004]
[1753.9326385139532, 6183.31332225688]
[1754.8872712642667, 6182.020408677942]
[1755.0362666075448, 6181.800982521662]
[1757.1484760714025, 6176.270409223506]
[1757.7677704247926, 6174.827312964179]
[1758.7119487483892, 6171.509519994646]
[1760.1965067210529, 6169.939848057881]
[1761.5152615309369, 6168.536854343978]
[1762.070835880607, 6166.246453362088]
[1762.4406960216922, 6165.769962549767]
[1763.209653050439, 6165.492112587709]
[1763.307331265391, 6163.6606270077855]
[1764.0706367348691, 6162.407798313044]
[1764.184376522825, 6162.076067487501]
[1764.8789544486067, 6161.106508732977]
[1765.324527277569, 6160.003026286563]
[1766.4866311061844, 6157.625169631402]
[1767.3808057857252, 6156.098413030812]
[1768.6561515982594, 6155.858785539698]
[1768.7262088859543, 6152.113049528309]
[1770.726681015751, 6151.852609489443]
[1770.987378277651, 6151.706047685186]
[1771.0221010424198, 6150.043411638655]
[1772.1514005294823, 6147.916561533809]
[1773.8486673574187, 6144.010853986801]
[1774.9120947965205, 6143.483000277451]
[1775.8574874709616, 6143.416806248563]
[1776.4622622764211, 6141.6309717264085]
[1776.9501542919822, 6139.53690962949]
[1777.8554409780406, 6138.9681510238215]
[1778.8720797885137, 6137.9476326951535]
[1780.3382458879526, 6136.267762657866]
[1780.8512758018785, 6134.645997629154]
[1781.3172858377518, 6134.394972897911]
[1781.6236785113572, 6133.997906213842]
[1782.7400411476328, 6133.912328158167]
[1783.3020315876997, 6131.060589056354]
[1784.881706594045, 6129.290069297325]
[1786.054812342813, 6128.514722293998]
[1786.1308231829405, 6128.073790664261]
[1786.2421702917516, 6128.005535409709]
[1787.7850542737963, 6125.592607114773]
[1789.5762599100235, 6125.437662151908]
[1789.5893595920174, 6124.047006222209]
[1789.799290696732, 6123.358246469072]
[1789.8524467855377, 6123.2161861999]
[1790.583818054018, 6122.403141529375]
[1790.9652569337807, 6122.36480727764]
[1791.5129324121365, 6121.480774948665]
[1791.7728966374543, 6121.149018752617]
[1792.5864572073476, 6120.1783470240725]
[1792.8443323197175, 6120.1418316309055]
[1793.3595015204196, 6119.2947728749705]
[1794.0228027351827, 6118.717489916949]
[1794.6458397529823, 6118.595385059314]
[1794.9551579968227, 6118.014135362657]
[1795.1489583332504, 6117.594176308634]
[1795.202251296725, 6117.383556206255]
[1795.4529421618447, 6117.279827523879]
[1795.775314029315, 6117.006144548167]
[1796.2923243523503, 6116.521874257209]
[1796.657937707398, 6115.969680926603]
[1797.0598369233783, 6115.516114057057]
[1797.601626933966, 6114.988088795883]
[1798.5230118266993, 6114.865280807138]
[1798.574870041211, 6114.187059488244]
[1799.2544406350717, 6113.512454980594]
[1800.5092823098414, 6112.206936072845]
[1800.750881743855, 6111.96434696909]
[1801.1652372376911, 6111.687526756941]
[1801.268197360469, 6111.616528049236]
[1801.2849042890682, 6111.487631722699]
[1801.4098370294396, 6111.358994363433]
[1801.8932996057415, 6110.916247291785]
[1802.6119854401704, 6110.611233610536]
[1803.2732745133737, 6110.171659269646]
[1803.2918015536711, 6109.828937289851]
[1803.5488908875764, 6109.437456560476]
[1803.8899064423692, 6109.386383483796]
[1804.6120044395846, 6109.357781062236]
[1804.6385379334704, 6108.485369002799]
[1804.6851540198124, 6108.46121685499]
[1804.7822743728811, 6108.454743114411]
[1805.1643807027997, 6108.439638764419]
[1805.4192686737222, 6107.859763825226]
[1805.7334245768527, 6107.54762237583]
[1806.083088982753, 6107.310974355167]
[1807.057267266732, 6106.464467908941]
[1807.8910825278886, 6105.872053907491]
[1808.0972394993216, 6105.683534218253]
[1808.2314105604992, 6105.485286371015]
[1808.5169035406036, 6105.234281656581]
[1808.540402081377, 6105.223421613989]
[1808.587448291373, 6105.201901773528]
[1808.9282488542535, 6104.90480494753]
[1809.0872075382304, 6104.7764847943745]
[1809.1926798308532, 6104.741079280444]
[1809.7093904225655, 6104.392462644228]
[1809.7408530499056, 6104.279769200371]
[1810.5160390253272, 6103.717356827708]
[1810.7702914840804, 6103.446488223895]
[1810.94848349541, 6103.3344872460175]
[1811.161075596033, 6103.177219478305]
[1811.664304814346, 6102.796291973696]
[1811.9549429099961, 6102.5517900170435]
[1812.1441259475187, 6102.48776792565]
[1812.454612549128, 6102.1600273591675]
[1812.612222057124, 6102.06893468449]
[1812.699696306725, 6102.006395953384]
[1813.3785897380906, 6101.512689310619]
[1813.84450855481, 6101.162333897924]
[1814.2096006560398, 6100.947829971225]
[1814.4996186904414, 6100.682884641171]
[1815.0673889368902, 6100.575068002396]
[1815.367252751229, 6100.357715377789]
[1815.4076019581885, 6100.011346088017]
[1815.6681100652897, 6099.888583927751]
[1815.9585779482713, 6099.619016657023]
[1816.4877540373714, 6099.2832888015355]
[1816.4906242998304, 6099.233159253308]
[1817.3458495628972, 6099.177762552328]
[1817.3647365400689, 6098.665658412036]
[1817.93336533882, 6098.545491969131]
[1818.0922641272534, 6098.43538931424]
[1818.1280232954396, 6098.261075159036]
[1818.1958320220122, 6098.069274962583]
[1818.5586185327702, 6097.881297729117]
[1818.66159282361, 6097.806418237057]
[1818.7878910109935, 6097.6791392324985]
[1819.1403827522968, 6097.658969827793]
[1819.2909906342786, 6097.35200082946]
[1819.3175099639564, 6097.336449656783]
[1819.371699364526, 6097.309685458213]
[1819.8528357785096, 6097.0195333886795]
[1820.298077575087, 6096.916555493714]
[1820.4096905682172, 6096.63840828681]
[1820.8297244176708, 6096.6182312906285]
[1821.2318482720982, 6096.115121276649]
[1821.3649110694103, 6096.050589326376]
[1821.5343496506082, 6095.93970919982]
[1821.5795569577829, 6095.919690791864]
[1821.6507908620838, 6095.889428655646]
[1821.6704035863336, 6095.830047903844]
[1821.7635645455327, 6095.802409614284]
[1822.136838195432, 6095.751669777167]
[1822.4436139873267, 6095.640577362292]
[1822.4546739935479, 6095.547525174288]
[1822.5746564142921, 6095.287482771054]
[1822.8130023678877, 6095.129886897646]
[1823.2887208505265, 6095.083087991796]
[1823.7139748154354, 6094.618873854953]
[1823.9345506075738, 6094.504134696323]
[1824.260262244672, 6094.4025697781835]
[1824.5429402696266, 6094.139105095825]
[1825.2669235597111, 6093.654857008506]
[1825.4232194600206, 6093.634989411635]
[1825.4965205166675, 6093.6168952615335]
[1825.8327804105868, 6093.532455195551]
[1825.8576145395155, 6093.383683897195]
[1826.3511905694968, 6093.060497595325]
[1826.7364409386541, 6092.897152956593]
[1827.1003326939306, 6092.843072887531]
[1827.1321341924518, 6092.743221726649]
[1827.4030123649877, 6092.526789242356]
[1827.4485024537848, 6092.498313011393]
[1827.5703131413588, 6092.337957901742]
[1827.858795935408, 6092.266554012609]
[1828.3684997234216, 6092.064870442819]
[1828.636059619253, 6092.00944462375]
[1828.680268524397, 6091.990208358605]
[1828.7380640513356, 6091.815114618354]
[1829.5396617118993, 6091.419261430436]
[1829.9349767057126, 6091.173460611951]
[1830.0637314107573, 6090.973037225781]
[1830.2884597601526, 6090.860032884168]
[1830.5505544192438, 6090.833827344113]
[1830.7309052742205, 6090.724621326183]
[1830.9174509456507, 6090.695223892335]
[1831.0961896733188, 6090.613282969985]
[1831.1256760962228, 6090.449908095043]
[1831.591031167987, 6090.413927768733]
[1831.646288928127, 6090.337454606501]
[1832.3097944460424, 6090.006504068066]
[1832.754021023088, 6089.777028990471]
[1832.8467772041997, 6089.72296300984]
[1833.1435773585465, 6089.703979050557]
[1833.205824485291, 6089.565024458591]
[1833.499533143576, 6089.3308184667085]
[1833.8834611066875, 6089.218518233638]
[1834.1116759011475, 6089.149397358404]
[1834.7504698444811, 6088.691659437414]
[1835.1741977160073, 6088.5878548830015]
[1836.0192104377886, 6088.335111307272]
[1836.4536047038864, 6088.0582452370145]
[1836.6042477160045, 6087.852935236972]
[1837.0629400012433, 6087.82976793072]
[1837.0726740710047, 6087.653285034012]
[1837.805537121018, 6087.29988564965]
[1838.4180039915777, 6087.0754307617]
[1839.165006621346, 6086.98586236661]
[1839.8530175997457, 6086.891228456293]
[1840.1425719246806, 6086.71150527851]
[1840.3860848630284, 6086.661664666066]
[1840.4067186575737, 6086.625132409167]
[1840.4641674867976, 6086.383284213633]
[1840.7172167760502, 6086.36438381684]
[1840.873047058929, 6086.13818894777]
[1841.5570211475808, 6086.111170517783]
[1841.943561750083, 6086.093061528379]
[1841.954952923392, 6086.005204617376]
[1842.1282785375129, 6085.601444629576]
[1842.1792338052637, 6085.570155557033]
[1842.6269741267768, 6085.300339666365]
[1842.8351246374161, 6085.293539865548]
[1843.4720540651372, 6085.146681041921]
[1844.4134504827996, 6085.041119827061]
[1844.840548052704, 6084.605344345237]
[1845.692315900892, 6084.601570240521]
[1845.8429487328426, 6084.480799040516]
[1846.1167701747368, 6084.478876414665]
[1846.2800815686007, 6084.436861246543]
[1846.3359981817248, 6084.383534501991]
[1846.587761950649, 6084.339394896307]
[1846.784003575426, 6084.141091483845]
[1846.858798002127, 6083.96317940323]
[1847.0680200692068, 6083.946074691994]
[1847.7374715699696, 6083.740926850307]
[1848.770963353595, 6083.634933738924]
[1848.9028543054135, 6083.578909442292]
[1848.918219551601, 6083.556637380966]
[1849.4237955595252, 6083.463844787593]
[1849.631100549717, 6083.340261844353]
[1850.1862519435342, 6083.2659728523695]
[1850.5274839512974, 6083.072207425597]
[1850.926534021911, 6082.984059736634]
[1851.1256177521932, 6082.904321069661]
[1851.3003398986734, 6082.841405450073]
[1851.7189341662015, 6082.7205647862975]
[1851.7860999217496, 6082.697127616817]
[1852.1380422058455, 6082.601273999021]
[1852.686338844211, 6082.460829084809]
[1852.8386678746217, 6082.3811551904755]
[1853.1292907209713, 6082.304268991168]
[1853.3629951613723, 6082.273807981294]
[1853.6709670286382, 6082.092370381943]
[1853.8912222311294, 6082.079272430106]
[1854.1515999315732, 6082.059856546656]
[1854.1528372265484, 6082.038086128463]
[1854.370492271884, 6082.030442493688]
[1854.6634796581363, 6081.918090558125]
[1854.8757746613112, 6081.909479644247]
[1854.949060085414, 6081.891817970442]
[1855.334805061329, 6081.722968355627]
[1855.926821710491, 6081.66787470521]
[1856.4297900127879, 6081.432590851824]
[1857.046281273355, 6081.309891559094]
[1857.4255932120434, 6081.2391424519255]
[1857.6190712694854, 6081.235470534918]
[1857.6331999837373, 6081.191644338613]
[1857.7463045504207, 6081.189436109166]
[1857.7658419175173, 6081.178126778002]
[1857.8027980992135, 6081.10911293676]
[1858.256852235764, 6081.02119968436]
[1858.539594026079, 6080.991369663344]
[1858.952510060704, 6080.9119696834505]
[1859.1842958897007, 6080.856220892183]
[1859.1861881429957, 6080.848801820671]
[1859.449056406196, 6080.760372003076]
[1859.6678149863742, 6080.7505657219435]
[1859.723039661627, 6080.704415009032]
[1859.938621641107, 6080.684330779397]
[1859.971155673341, 6080.659615494513]
[1860.171121056678, 6080.609092553333]
[1860.177565874152, 6080.592121829304]
[1860.2675518978915, 6080.581996250605]
[1860.6280951430037, 6080.541307599249]
[1860.9133096189598, 6080.437559744676]
[1861.3993900134353, 6080.400563023771]
[1861.488403423263, 6080.369487470299]
[1861.6860967477148, 6080.285152837906]
[1861.8893153709337, 6080.250980230702]
[1862.0028094890176, 6080.241997952744]
[1862.4029317526129, 6080.205473812388]
[1862.4200251096286, 6080.1601439011365]
[1862.604332189265, 6080.1136813832845]
[1863.0035397012275, 6080.048986130142]
[1863.12899420627, 6080.044088522114]
[1863.3484765956264, 6080.019076473177]
[1863.6120412873822, 6079.982919272862]
[1863.6377278010464, 6079.969280300897]
[1864.2373967262567, 6079.856898968342]
[1864.4498788857306, 6079.789148074121]
[1864.7690916432728, 6079.783658046768]
[1864.9589023345054, 6079.749184684155]
[1865.0803618674204, 6079.678090701505]
[1865.3279198921725, 6079.633883146483]
[1865.4691426575653, 6079.616363712247]
[1866.0519068595142, 6079.582521583255]
[1866.1100597663456, 6079.510253230877]
[1866.54559189591, 6079.480913051207]
[1866.82264368484, 6079.445605053423]
[1867.028317041786, 6079.382391062723]
[1867.215426477337, 6079.341930183992]
[1867.4140047518176, 6079.316258212264]
[1867.5398633665154, 6079.29978970122]
[1867.8826575268097, 6079.281461163467]
[1867.9575081776734, 6079.263633532433]
[1868.3486011121731, 6079.21914704407]
[1868.5186746287225, 6079.1903439301905]
[1869.033403221201, 6079.147734874134]
[1869.220543315796, 6079.083569820961]
[1869.473153307958, 6079.078663112897]
[1869.5734309697602, 6079.068094626907]
[1869.6606887695004, 6079.064138358543]
[1869.7159346983633, 6079.057945775792]
[1870.0491313513262, 6078.965483414665]
[1870.5711705317187, 6078.926676946518]
[1870.8060543562794, 6078.918045002287]
[1871.1194418693674, 6078.9126777858155]
[1871.400039127546, 6078.855968263376]
[1871.5984924246418, 6078.8127585857]
[1871.7839949721915, 6078.804021554627]
[1871.8409775235261, 6078.796735715739]
[1871.9285691693142, 6078.794412631549]
[1871.9988215475694, 6078.781352350536]
[1872.033258277642, 6078.77940840873]
[1872.7564550700015, 6078.6658356876405]
[1873.2788591941091, 6078.630756928908]
[1873.6329601861664, 6078.6017259753535]
[1873.6405678199699, 6078.58243206285]
[1873.9138827974805, 6078.563910917324]
[1874.2236290325682, 6078.559661001747]
[1874.43969273509, 6078.542013579219]
[1874.4744937032003, 6078.53973922971]
[1874.8385357222915, 6078.5128506213205]
[1875.1179103230425, 6078.449829597813]
[1875.4488871052558, 6078.429759977864]
[1875.7132201797936, 6078.422422191335]
[1875.9504551453979, 6078.410980157612]
[1876.129905557756, 6078.410766403462]
[1876.2823053670463, 6078.369766865944]
[1876.621107835083, 6078.367468798312]
[1876.7193783485802, 6078.351084312606]
[1876.9312097384682, 6078.347506210637]
[1877.5208160786005, 6078.306951193915]
[1877.6381341332822, 6078.305614403597]
[1877.7062309946618, 6078.304161151263]
[1878.0495906976828, 6078.286568318897]
[1878.396204156926, 6078.230856087587]
[1878.5964953974994, 6078.227616003965]
[1878.9754789683434, 6078.22376257497]
[1879.135800759421, 6078.218558352153]
[1879.2605154976732, 6078.21833154196]
[1879.296298255835, 6078.214094460695]
[1879.3170405480967, 6078.205795022001]
[1879.436577210743, 6078.188258187883]
[1879.470494450846, 6078.18741161582]
[1879.815369849489, 6078.182947183822]
[1880.034421234567, 6078.147355470195]
[1880.1440354696297, 6078.1428106666635]
[1880.9242491649748, 6078.127303714214]
[1881.06633829315, 6078.1267243638795]
[1881.4605473205318, 6078.117846235625]
[1881.6217703929794, 6078.116354559194]
[1881.774434045549, 6078.109558230439]
[1881.8726473079528, 6078.096129521338]
[1882.4969670680973, 6078.094206966945]
[1882.9359468888329, 6078.082216447956]
[1882.9837119857607, 6078.078639991919]
[1883.762657542674, 6078.060318136267]
[1883.8459369024806, 6078.04832642201]
[1883.9157315917003, 6078.042464970043]
[1885.4973986663863, 6078.036390622077]
[1907.654643767189, 6074.817362387415]
[1933.5347732566775, 6058.561912724658]
[1937.1724674322988, 6055.733107537255]
end_solutions
[19.78448222013676, 1.5940704602810856, 16.151873127579147, -8.683434758016283, 3.002676274037154, -1.1938570390452383, 17.600880004656393, -2.8769129004233838, -9.367599630708948, 4.5274774314069965]
[19.686401367146495, 1.5363519421188379, 16.161881534803715, -8.701681047252697, 2.949033768595345, -1.2066818540941289, 17.636961134938527, -2.9138561208505696, -9.373760365897976, 4.400117785439217]
[19.592163788911876, 1.4815047121906844, 16.17173102957915, -8.721292173018657, 2.899066231457601, -1.2193272655230767, 17.6706806823992, -2.9501380580359706, -9.378271034753803, 4.279344825005993]
[19.518603149169177, 1.4382158235689986, 16.179237334997573, -8.734976889945969, 2.858834352376244, -1.2289458768097448, 17.697741530110804, -2.9778454733563597, -9.382891586145574, 4.183825090530158]
[19.421410359891627, 1.3813395983172736, 16.189277231274893, -8.754147649520801, 2.8065025187095647, -1.2418236943158467, 17.732999124320315, -3.0148663271719984, -9.388257766824351, 4.05845569189197]
[19.321262359571147, 1.3224343777419771, 16.199507529054102, -8.772878042904509, 2.751806388513949, -1.2549339178991032, 17.76979476527866, -3.0526260976178747, -9.394479459326078, 3.9284898550488148]
[19.110506752055986, 1.1881979290667375, 16.21645334765245, -8.774229787175372, 2.6103753465110033, -1.2760838212403234, 17.863724179056092, -3.118145081402445, -9.431174242144701, 3.6282138574172853]
[19.110506752055986, 1.1881979290667375, 16.21645334765245, -8.774229787175372, 2.6103753465110033, -1.2760838212403234, 17.863724179056092, -3.118145081402445, -9.431174242144701, 3.6282138574172853]
[19.028777029917702, 1.113099370916366, 16.213633444195825, -8.693486283980459, 2.496233313559637, -1.2711967167078289, 17.93643345583049, -3.113221549946173, -9.498528254629921, 3.4515502028375105]
[18.90249576077678, 1.0494034782386856, 16.230941509986586, -8.754864318375589, 2.4544643217746733, -1.2938846368466461, 17.966093213322832, -3.174864027871597, -9.482001073615251, 3.3153016012505576]
[18.77041070627641, 0.9601980161781261, 16.239679347142044, -8.738670131020697, 2.352710013881722, -1.3045407911712643, 18.032805088333323, -3.209442038922467, -9.516742400415906, 3.1138079565188304]
[18.63679821399573, 0.8931551094803699, 16.258125119747294, -8.804802116806655, 2.309421795552419, -1.3287297424330884, 18.063642382582067, -3.275114244842203, -9.498444745435519, 2.9705683452427873]
[18.49053232802396, 0.8019167164948301, 16.27093526698706, -8.813751660285531, 2.216140190005184, -1.3449059795017524, 18.125589251576006, -3.323398435155177, -9.519535440342464, 2.767146219968719]
[18.350593138897736, 0.7227760666531822, 16.286563226909568, -8.851292424917947, 2.1478552780669147, -1.3650885736669964, 18.171981333197348, -3.3803766332715317, -9.520931960305743, 2.5938153516936637]
[18.159369678338397, 0.6054456968428924, 16.304148041688975, -8.870069587759758, 2.0309128216554635, -1.3874092214017812, 18.249861797003767, -3.4461154595857044, -9.54401420982555, 2.3329602275161325]
[18.00809589578607, 0.5146881705563131, 16.318904246157782, -8.892215967313941, 1.9437027241496172, -1.4062453193592426, 18.30822273633688, -3.5008384720978483, -9.557524600822301, 2.1319860830155704]
[17.86217837914358, 0.41052493679420665, 16.326335926383138, -8.854832133680544, 1.8168218293876304, -1.414930530122302, 18.390709775331047, -3.531717142297713, -9.608865778423388, 1.8947015726597733]
[17.713582729546168, 0.3130645567698638, 16.33742986873022, -8.847213406640936, 1.7097763332537137, -1.4286911844825625, 18.461133764494686, -3.5745179836537178, -9.641291562722307, 1.6755722452315938]
[17.490689255150052, 0.16687398673334947, 16.35407078225084, -8.835785316081527, 1.549208089052839, -1.4493321660229532, 18.566769748240148, -3.638719245687724, -9.689930239170685, 1.3468782540893245]
[17.30494469315329, 0.045048511702920874, 16.36793821018469, -8.826261907282017, 1.4154012188854432, -1.4665329839732788, 18.6547997346947, -3.6922202973827294, -9.730462469544335, 1.0729665948041]
[17.10062567495685, -0.08895951083055056, 16.383192380911925, -8.815786157602558, 1.268213661701308, -1.485453883718637, 18.751632719794706, -3.751071454247235, -9.775047922955348, 0.7716637695903532]
[17.10062567495685, -0.08895951083055056, 16.383192380911925, -8.815786157602558, 1.268213661701308, -1.485453883718637, 18.751632719794706, -3.751071454247235, -9.775047922955348, 0.7716637695903532]
[16.81808373633117, -0.3639184048224853, 16.36620688988147, -8.477989112518337, 0.83442145936941, -1.4583404401285391, 19.027937831408632, -3.712808509422878, -10.043049766693247, 0.1210378900540896]
[16.81808373633117, -0.3639184048224853, 16.36620688988147, -8.477989112518337, 0.83442145936941, -1.4583404401285391, 19.027937831408632, -3.712808509422878, -10.043049766693247, 0.1210378900540896]
[16.458960706562397, -0.7325766256979435, 16.332948950602585, -7.963171407107561, 0.23480017133451792, -1.4071000707252879, 19.4124177346837, -3.634834434698303, -10.42706936350297, -0.7552723981187439]
[16.53130784623945, -0.7923580455504649, 16.269924017458187, -7.524255451867777, 0.01490054782050354, -1.318228363208829, 19.558152420815457, -3.458030265495885, -10.655518331787853, -0.9260370634218242]
[16.47591705886316, -0.8924481610529341, 16.238425703289465, -7.2518844072750905, -0.18635754717465192, -1.2724044812508817, 19.69254530038608, -3.379788383058191, -10.812535000411927, -1.1724201453020815]
[16.290169728761168, -1.1199767328406294, 16.192692834166028, -6.793093924662159, -0.5875103183721517, -1.204329849777066, 19.96027521433119, -3.2765712221348195, -11.093216404648748, -1.7192672204757051]
[15.72393797266395, -1.6926745154884324, 16.12025789095109, -5.902858330997519, -1.5042623421299015, -1.0925251093118042, 20.571843224046006, -3.1399067774287905, -11.673909748295225, -3.073860143314839]
[15.72393797266395, -1.6926745154884324, 16.12025789095109, -5.902858330997519, -1.5042623421299015, -1.0925251093118042, 20.571843224046006, -3.1399067774287905, -11.673909748295225, -3.073860143314839]
[15.440822094615342, -1.9790234068123338, 16.084040419343623, -5.457740534165199, -1.9626383540087764, -1.0366227390791733, 20.877627228903414, -3.071574555075776, -11.964256420118463, -3.7511566047344056]
end_values
[1885.49739867 6078.03639062]
[1880.14403547 6078.14281067]
[1875.11791032 6078.4498296 ]
[1871.19979767 6078.82709975]
[1866.11005977 6079.51025323]
[1860.91330962 6080.43755974]
[1849.32448907 6083.1391995 ]
[1849.32448907 6083.1391995 ]
[1843.10132892 6085.08315995]
[1837.80553712 6087.29988565]
[1830.61585621 6090.67631467]
[1825.26692356 6093.65485701]
[1818.19583202 6098.06927496]
[1812.18986255 6102.36067768]
[1803.54889089 6109.43745656]
[1797.05983692 6115.51611406]
[1789.85244679 6123.2161862 ]
[1783.30203159 6131.06058906]
[1773.84866736 6144.01085399]
[1766.31210085 6155.87944649]
[1758.38017657 6170.05527096]
[1758.38017657 6170.05527096]
[1743.56648637 6205.6618449 ]
[1743.56648637 6205.6618449 ]
[1726.64704689 6265.40483186]
[1724.23828253 6281.18159772]
[1720.35853856 6302.67428289]
[1712.69281654 6353.81265643]
[1699.61992973 6500.57370459]
[1699.61992973 6500.57370459]
[1696.73157731 6586.07745363]
