values
[500.6857134684063, 25129.876517683428]
[505.8897609300147, 24550.703705994656]
values
[461.99101415574756, 23623.18966518926]
[464.7521697641751, 23567.49008225318]
[464.853732917669, 23537.001632143918]
[467.5001975468593, 23238.892505164033]
[468.12717709550515, 23118.675528566615]
[468.141862881245, 23089.759823309036]
values
[419.0608000178313, 31604.59249291769]
[419.1229675139483, 31495.490110085546]
[419.1898343608194, 31386.778574358155]
[419.5749732238277, 30902.41915928961]
[419.9825987949098, 30495.28901103245]
[420.10008203296536, 30384.3952895967]
[427.7630293760321, 26776.582919548797]
[429.2280504053385, 26342.083628066408]
[429.4203297017923, 26286.97248508656]
[429.7149140117309, 26205.058384676042]
[430.04673624829053, 26115.057625409878]
[431.16767462668014, 25838.145278528755]
[431.46728192972785, 25776.71918084983]
[432.79693954952813, 25485.99850672261]
[439.4445734785923, 24385.973255122663]
[439.5668985968701, 24369.605846042152]
[440.39223009083025, 24264.705822430995]
[440.9633676501564, 24203.60779156654]
[441.8148521399852, 24105.66194686934]
[442.1002681538231, 24078.782321359897]
[442.12014434423435, 24076.03387739153]
[443.4991883384682, 23935.564428742317]
[444.25898576234016, 23866.095064482764]
[444.2857533249418, 23860.9536406849]
[444.388696803847, 23851.341768563023]
[444.86234032573213, 23814.549297439615]
[445.76634784380445, 23739.208062742633]
[447.50313387736514, 23606.3662363694]
[448.0049981041467, 23575.723644566646]
[448.0203232511914, 23574.57491243266]
[448.62953949754797, 23530.52962577682]
[448.9636784852375, 23513.325169662257]
[449.2434086810447, 23491.66222210713]
[450.45113912033537, 23423.07183152588]
[451.46262068647684, 23368.430421681744]
[452.1639824581726, 23335.63232728161]
[452.8506625213657, 23306.790107311695]
[453.18286236328873, 23291.138938014097]
[454.13939848820894, 23252.992849684237]
[455.1980493577846, 23215.654389175863]
[455.510758332012, 23205.898862365026]
[455.73287183230326, 23198.55869668352]
[455.7435970784077, 23198.253789826173]
[456.1048869526802, 23187.261768429482]
[456.2713539416186, 23182.514003060765]
[456.5813874639393, 23174.133463415972]
[456.6431643047178, 23171.676820294942]
[456.67170084011684, 23170.81641729357]
[456.70364722090346, 23169.95978701591]
[456.7904788825675, 23167.5067405459]
[456.8775505477079, 23165.094078871283]
[457.1085534404166, 23159.0101821355]
[458.3313993137224, 23131.044499878455]
[458.39659719840705, 23129.70828918507]
[458.66960969928556, 23124.019976772135]
[458.8289509151803, 23121.640247501084]
[459.0356445606463, 23117.278617744345]
[459.2252655111227, 23113.465284720674]
[459.29114994241246, 23112.026643003588]
[459.6135647644572, 23106.87831377013]
[459.7029899080782, 23106.183710503923]
[460.1295202594283, 23100.19627120963]
[460.3337900993376, 23097.919209299267]
[460.3695921001184, 23096.739583585255]
[460.58092278649104, 23093.823774663357]
[460.619016956371, 23092.52787980738]
[460.7460378360192, 23090.851174450272]
[460.8740064587392, 23089.3306859962]
[460.9952417934931, 23087.83199887797]
[461.12565672911416, 23086.983603202116]
[461.28147263827833, 23084.649148704917]
[461.31875221382853, 23084.263646047286]
[461.41884071853514, 23083.603256604867]
[461.49703846717574, 23082.858220832055]
[461.51992312746614, 23082.662087290508]
[461.52220863247925, 23082.586931947502]
[461.648868004862, 23081.41261251486]
[461.7177333039743, 23080.69849834833]
[461.72828937281275, 23080.18455018239]
[461.75858464364666, 23079.92359434209]
[461.8203997254636, 23079.287559676806]
[461.8882434256937, 23078.71925416457]
[461.9531328712272, 23078.5906384555]
[462.01090595777106, 23077.63611572837]
[462.08930581045826, 23077.166155934814]
[462.13972551377896, 23076.65781738811]
[462.1816094324361, 23076.563739609108]
[462.2206506184751, 23075.966017132665]
[462.2663430778363, 23075.647069052888]
[462.3138699319666, 23075.595717084223]
[462.34533651879957, 23075.147527082056]
[462.42727395778417, 23074.466027915543]
[462.46141534886846, 23074.245644012415]
[462.50388403854737, 23074.20083520192]
[462.52973523543955, 23073.815636176714]
[462.5405716084161, 23073.793308014796]
[462.6226983791169, 23073.167041200344]
[462.65328997161754, 23072.992133280688]
[462.69037387267537, 23072.96212981639]
[462.7249409858427, 23072.714194383214]
[462.7648754500688, 23072.51478075723]
[462.8444113655432, 23071.972911071654]
[462.8908403194943, 23071.771850648296]
[462.91949766399017, 23071.491849262482]
[463.00733688453266, 23071.11083552612]
[463.0265417796962, 23070.890079309407]
[463.0382643927683, 23070.84128423308]
[463.06654197783274, 23070.821685559506]
[463.0684917818425, 23070.798382044886]
[463.0794431557095, 23070.78385099781]
[463.09632800760704, 23070.53959030777]
[463.1544300511918, 23070.249085716743]
[463.17580605606446, 23070.243071749614]
[463.1948895707631, 23070.181452757264]
[463.2005830646106, 23070.063806661812]
[463.24650220906534, 23069.92941541136]
[463.30025203340864, 23069.678749697498]
[463.3065711714706, 23069.655933219674]
[463.3085607857775, 23069.61284732208]
[463.3447924968323, 23069.548405347665]
[463.36095743403285, 23069.453998718003]
[463.363193425069, 23069.371126919727]
[463.3828358423985, 23069.366554247576]
[463.38602285651103, 23069.35962843726]
[463.42487149733023, 23069.164893155317]
[463.44822265419515, 23069.10395397359]
[463.4740357946891, 23068.976133551903]
[463.49772562936954, 23068.888511583664]
[463.5084275847866, 23068.870026482244]
[463.5230189395232, 23068.819651108235]
[463.5310673456, 23068.764431301595]
[463.5523201940528, 23068.71267012288]
[463.55374293450365, 23068.708682328805]
[463.5686736047672, 23068.648058108996]
[463.57392441565213, 23068.632635054542]
[463.62300868721974, 23068.47820568002]
[463.63421495298854, 23068.423620090347]
[463.6836533713494, 23068.282645466483]
[463.68928889702266, 23068.239989180292]
[463.73569068430794, 23068.13594432672]
[463.74670865162915, 23068.08749950499]
[463.7593660478346, 23068.038186334266]
[463.7729570133101, 23068.01307587277]
[463.7990567516975, 23067.902764258783]
[463.8100684992243, 23067.87972790621]
[463.83629548200616, 23067.827027353043]
[463.8433858606524, 23067.79255425301]
[463.8558500794987, 23067.66024879582]
[463.90896162444614, 23067.605415906775]
[463.9204704451693, 23067.586395870374]
[463.93101237964964, 23067.567254678463]
[463.96100738193314, 23067.484945964683]
[463.97313773292814, 23067.469685554133]
[463.9762754148131, 23067.456581532402]
[463.9892472972479, 23067.39762596993]
[464.00581413791787, 23067.274709438618]
[464.06515060757505, 23067.20915127705]
[464.11220492110516, 23067.16542447277]
[464.1126084846282, 23067.148524024837]
[464.1191883482874, 23067.113487237693]
[464.12757029174105, 23066.957792654706]
[464.153057065009, 23066.94935057526]
[464.17668965401964, 23066.907136938444]
[464.2015000375541, 23066.883910792676]
[464.2085165614023, 23066.86909074457]
[464.212025050141, 23066.86174691124]
[464.21525331809374, 23066.83186027527]
[464.2161305168656, 23066.8300468581]
[464.21700772508774, 23066.82823619875]
[464.22235038039975, 23066.805711225108]
[464.2285708594239, 23066.781556399023]
[464.2325190556971, 23066.7736308576]
[464.23903929512977, 23066.737672508345]
[464.2410136639243, 23066.733789145823]
[464.24526144938903, 23066.71400989794]
[464.28830369645897, 23066.678173184842]
[464.30105639020763, 23066.621574885718]
[464.32268057873165, 23066.60261329446]
[464.4793224757305, 23066.44337594379]
values
[418.6280128540716, 33199.880928788436]
[418.64842888113293, 32744.723259246777]
[418.6570877648563, 32694.947256108753]
[418.6684943450701, 32619.765536478346]
[418.6819898350101, 32544.779594245007]
[418.71128838990546, 32420.690255212303]
[418.7178164244876, 32390.689293179687]
[418.73526521970604, 32327.59538951526]
[418.79117079191155, 32169.005579093202]
[418.8049607734511, 32125.82496535619]
[418.9004712256628, 31892.605006552378]
[418.96067269933786, 31768.742355372717]
[419.0383584994174, 31647.00270731203]
[419.0608000178313, 31604.59249291769]
[419.07566320978367, 31573.56912575098]
[419.1229675139483, 31495.490110085546]
[419.1898343608194, 31386.778574358155]
[419.5749732238277, 30902.41915928961]
[419.9825987949098, 30495.28901103245]
[420.10008203296536, 30384.3952895967]
[426.7424020898397, 27132.31155276705]
[426.74454223226235, 27128.399988692778]
[427.0073343539886, 27040.926866363785]
[427.7630293760321, 26776.582919548797]
[428.0344187091759, 26710.515218558736]
[428.2856037380975, 26633.77960967748]
[428.560302822852, 26551.478699985837]
[428.9042965143577, 26450.933054842837]
[428.9678006844399, 26432.4784413383]
[429.2280504053385, 26342.083628066408]
[429.3086399296765, 26333.414262380313]
[429.3556366972968, 26319.70782649187]
[429.4203297017923, 26286.97248508656]
[429.7149140117309, 26205.058384676042]
[429.7938320552025, 26198.581609709378]
[429.91393071788286, 26164.402857285488]
[430.04673624829053, 26115.057625409878]
[430.37552279741425, 26044.471104709344]
[431.12541435445405, 25863.16333955591]
[431.16767462668014, 25838.145278528755]
[431.46728192972785, 25776.71918084983]
[432.79693954952813, 25485.99850672261]
[439.4445734785923, 24385.973255122663]
[439.5668985968701, 24369.605846042152]
[440.39223009083025, 24264.705822430995]
[440.9633676501564, 24203.60779156654]
[441.8148521399852, 24105.66194686934]
[442.1002681538231, 24078.782321359897]
[442.12014434423435, 24076.03387739153]
[443.4991883384682, 23935.564428742317]
[444.25898576234016, 23866.095064482764]
[444.2857533249418, 23860.9536406849]
[444.388696803847, 23851.341768563023]
[444.86234032573213, 23814.549297439615]
[445.76634784380445, 23739.208062742633]
[447.50313387736514, 23606.3662363694]
[448.0049981041467, 23575.723644566646]
[448.0203232511914, 23574.57491243266]
[448.62953949754797, 23530.52962577682]
[448.9636784852375, 23513.325169662257]
[449.2434086810447, 23491.66222210713]
[450.45113912033537, 23423.07183152588]
[451.46262068647684, 23368.430421681744]
[452.1639824581726, 23335.63232728161]
[452.8506625213657, 23306.790107311695]
[453.18286236328873, 23291.138938014097]
[453.34489279447934, 23286.293339097898]
[453.64009013506075, 23273.187381355154]
[453.85185225798364, 23264.628342272066]
[454.13939848820894, 23252.992849684237]
[454.532956040093, 23239.43932999966]
[454.6312206532612, 23235.82621747976]
[455.1980493577846, 23215.654389175863]
[455.510758332012, 23205.898862365026]
[455.539988970132, 23204.3884673007]
[455.73287183230326, 23198.55869668352]
[455.7435970784077, 23198.253789826173]
[456.0087898120368, 23190.133858360092]
[456.1048869526802, 23187.261768429482]
[456.1279039274267, 23186.61463983124]
[456.2713539416186, 23182.514003060765]
[456.4482489477412, 23177.273804382938]
[456.5813874639393, 23174.133463415972]
[456.6431643047178, 23171.676820294942]
[456.67170084011684, 23170.81641729357]
[456.70364722090346, 23169.95978701591]
[456.7904788825675, 23167.5067405459]
[456.83306420234635, 23166.54618648857]
[456.8775505477079, 23165.094078871283]
[456.89217252248034, 23164.75741819067]
[457.080268417654, 23160.09480898416]
[457.1085534404166, 23159.0101821355]
[457.2660956324753, 23155.05624020822]
[457.46183171479066, 23150.43239870383]
[457.5162565595779, 23149.27664659948]
[458.3083553991289, 23131.14332764299]
[458.3313993137224, 23131.044499878455]
[458.34513823837335, 23130.252404510138]
[458.39659719840705, 23129.70828918507]
[458.5909306249699, 23125.72641236778]
[458.5947050532436, 23125.55890208514]
[458.6530751865876, 23124.047844808698]
[458.66960969928556, 23124.019976772135]
[458.8204721617948, 23121.03327676532]
[458.9940129049086, 23117.391013433393]
[459.0356445606463, 23117.278617744345]
[459.06868683969327, 23115.93420883684]
[459.11161389975587, 23115.226995838784]
[459.1825694744947, 23113.709747820627]
[459.2252655111227, 23113.465284720674]
[459.29114994241246, 23112.026643003588]
[459.33584355220654, 23111.53867025878]
[459.54199360340414, 23107.822873065626]
[459.5806054733074, 23107.02893650679]
[459.6135647644572, 23106.87831377013]
[459.7029899080782, 23106.183710503923]
[459.7116100154077, 23105.027579180547]
[459.734835336093, 23104.36858855562]
[459.82401151331453, 23103.25666856443]
[460.0531430088445, 23099.709117251277]
[460.15887078967415, 23098.31520277111]
[460.21139224782746, 23097.45772775106]
[460.3695921001184, 23096.739583585255]
[460.4225845452765, 23094.471468215816]
[460.48864375575243, 23093.548640814424]
[460.50285797286034, 23093.442921891656]
[460.55475526310846, 23092.6410530483]
[460.619016956371, 23092.52787980738]
[460.67629433076564, 23091.029421719846]
[460.69380215340885, 23090.960998639548]
[460.7460378360192, 23090.851174450272]
[460.75343089724953, 23090.101098558833]
[460.8740064587392, 23089.3306859962]
[460.8861628553655, 23088.600768626082]
[460.9163011523588, 23088.542885240866]
[460.93242435091423, 23088.236096264325]
[460.9952417934931, 23087.83199887797]
[461.02098650772615, 23087.30235486118]
[461.0391567961871, 23087.13306490331]
[461.0855834945458, 23086.27728379673]
[461.2645654817995, 23084.54911471865]
[461.31875221382853, 23084.263646047286]
[461.41884071853514, 23083.603256604867]
[461.4524396415664, 23082.41019036311]
[461.52330441298506, 23081.471410812694]
[461.54262086801583, 23081.45975197212]
[461.5526631470173, 23081.341436198923]
[461.592858876054, 23081.128265799573]
[461.61957750596906, 23080.83316123028]
[461.6195936219354, 23080.67223094205]
[461.69565846885513, 23079.79800742681]
[461.7535837187483, 23079.53689906318]
[461.77375021619895, 23079.158749366357]
[461.86099265651893, 23078.571034349956]
[461.88779867412387, 23078.301452240474]
[461.92127812355915, 23078.12154022163]
[461.9903762935218, 23077.772522824507]
[462.01090595777106, 23077.63611572837]
[462.08930581045826, 23077.166155934814]
[462.13972551377896, 23076.65781738811]
[462.143288891188, 23076.430154345926]
[462.14608297911144, 23076.01496348195]
[462.2206506184751, 23075.966017132665]
[462.22598481268386, 23075.82308443374]
[462.2663430778363, 23075.647069052888]
[462.27142180866207, 23075.27741371061]
[462.29318325592584, 23074.839952759354]
[462.3903591832056, 23074.722533635213]
[462.41268749644127, 23074.585630792106]
[462.42727395778417, 23074.466027915543]
[462.46141534886846, 23074.245644012415]
[462.46218991978236, 23074.129659324433]
[462.48128177496034, 23073.84276408083]
[462.52973523543955, 23073.815636176714]
[462.5405716084161, 23073.793308014796]
[462.5483038068275, 23073.41306144706]
[462.55252353777945, 23073.065732576368]
[462.6379765645859, 23072.530558316615]
[462.6972584869438, 23072.431825104883]
[462.71798230142844, 23072.150609526998]
[462.8444113655432, 23071.972911071654]
[462.8592039963531, 23071.763438671245]
[462.91949766399017, 23071.491849262482]
[462.95836687704144, 23071.11657069163]
[462.96851840424125, 23071.112136100808]
[462.9804756696513, 23070.7627022969]
[462.9805939398297, 23070.6238784]
[462.9873771405259, 23070.548758289293]
[463.03975759458245, 23070.447362665953]
[463.1045646532987, 23070.409242787282]
[463.1325916368964, 23069.837743455733]
[463.1591860473887, 23069.740821389587]
[463.1925913071212, 23069.57688275936]
[463.3090245309208, 23069.468519495924]
[463.32800492254336, 23069.07514447358]
[463.33813541018884, 23068.961673922244]
[463.45949256989735, 23068.6142402323]
[463.51060517775664, 23068.345729832887]
[463.5940524785453, 23068.320422027882]
[463.6252101704844, 23068.19539858621]
[463.62992595021393, 23067.935375596564]
[463.6550271423982, 23067.92218841877]
[463.72325253016726, 23067.642180937808]
[463.73632885853243, 23067.606649367994]
[463.7494070562613, 23067.571660805294]
[463.79784886653846, 23067.517225702257]
[463.80744959361135, 23067.4025955177]
[463.90322340703557, 23067.277430599195]
[463.92174179346836, 23067.273036368948]
[463.9331365526138, 23067.2375853508]
[463.93641011175106, 23067.087049381433]
[463.97183267794543, 23066.88089783098]
[464.04809551126374, 23066.872136946415]
[464.0790305580603, 23066.78917651078]
[464.105288262201, 23066.7486412904]
[464.1269274149759, 23066.467087741672]
[464.13655302430374, 23066.457687432907]
[464.18445367404007, 23066.447972247377]
[464.1947316548837, 23066.308304909606]
[464.28232462018053, 23066.14160630999]
[464.32179871394356, 23066.095568806464]
[464.37001265580494, 23066.002650279446]
[464.4182571625551, 23065.918666668844]
[464.43823751796737, 23065.894157772236]
[464.46734691806427, 23065.891543524613]
[464.47708963103474, 23065.838468743415]
[464.4959613161332, 23065.807271639867]
[464.83843248948443, 23065.77715909427]
end_solutions
[4.79887254660307, 2.5030007096317783, -0.8837458712759362]
[4.79787687285805, 2.5035562781425265, -0.8840299469689756]
[4.79887254660307, 2.5030007096317783, -0.8837458712759362]
[4.79787687285805, 2.5035562781425265, -0.8840299469689756]
[4.79473989156556, 2.5053098636486704, -0.88493067622111]
[4.79473989156556, 2.5053098636486704, -0.88493067622111]
[4.789993574336877, 2.507979517972526, -0.8863228311407281]
[4.792904643231342, 2.5063643221074265, -0.8855085603021059]
[4.7908942801272705, 2.5075243843727186, -0.8861504863369092]
[4.791944567999751, 2.5068946341749982, -0.8857728586722116]
[4.790246229363767, 2.507843934675467, -0.8862603680493714]
[4.791517935334123, 2.50719058906236, -0.8859978706332163]
[4.794886349018839, 2.5053521550724556, -0.8851101199013689]
[4.794886349018839, 2.5053521550724556, -0.8851101199013689]
[4.7932406695267575, 2.506255533569502, -0.8855530952472872]
[4.791594990034676, 2.507158912066548, -0.8859960705932055]
[4.7932406695267575, 2.506255533569502, -0.8855530952472872]
[4.7910483895283775, 2.5074610303810956, -0.8861468862568878]
[4.7910483895283775, 2.5074610303810956, -0.8861468862568878]
[4.781317751957603, 2.512824457172251, -0.888805174586443]
[4.776521213876481, 2.5154762602489686, -0.8901298010556792]
[4.776521213876481, 2.5154762602489686, -0.8901298010556792]
[4.764186318222965, 2.522285993305248, -0.89351892484487]
[4.746017515005346, 2.5323910337742057, -0.898643933834489]
[4.7312806839657835, 2.5406657594734696, -0.9029407755062362]
[4.713554971248302, 2.5506239812871736, -0.9081184102336135]
[4.691523086702022, 2.563005337819198, -0.9145609034581754]
[4.648025393108792, 2.5874728683800736, -0.9273212319322882]
[4.582495814969283, 2.624321755472973, -0.9465240536309629]
[4.373847548551655, 2.7418852649495955, -1.008086072793343]
[0.4284548789186893, 4.968170829680586, -2.177948456170747]
end_values
[  464.62719482 23065.9789063 ]
[  464.60791872 23065.98077149]
[  464.62719482 23065.9789063 ]
[  464.60791872 23065.98077149]
[  464.54657965 23065.98894857]
[  464.54657965 23065.98894857]
[  464.45059454 23065.9955336 ]
[  464.50505754 23065.9489929 ]
[  464.45860272 23065.90155026]
[  464.48756359 23065.96740188]
[  464.45440851 23065.98299808]
[  464.46784543 23065.86979052]
[  464.5248397  23065.76864731]
[  464.5248397  23065.76864731]
[  464.49596132 23065.80727164]
[  464.46709392 23065.84910833]
[  464.49596132 23065.80727164]
[  464.45709945 23065.86010771]
[  464.45709945 23065.86010771]
[  464.28232462 23066.14160631]
[  464.19473165 23066.30830491]
[  464.19473165 23066.30830491]
[  463.97183268 23066.88089783]
[  463.62992595 23067.9353756 ]
[  463.33813541 23068.96167392]
[  462.98737714 23070.54875829]
[  462.55252354 23073.06573258]
[  461.69565847 23079.79800743]
[  460.42258455 23094.47146822]
[  456.44824895 23177.27380438]
[  418.62801285 33199.88092879]
