values
[4907.241721814431, 15469.267959394676]
[4907.35113236735, 15454.047475772573]
[4911.675614120897, 15445.148311419209]
[5478.422890049191, 15408.556587718327]
[5485.425998204497, 15391.738608509975]
[5548.192711019772, 15337.902173192408]
[5692.544378686576, 15299.831521941614]
values
[4899.668471984962, 15374.939000662707]
[4905.669956208667, 15374.546884660052]
[4905.879643219667, 15366.557018804187]
[4905.914246510634, 15365.258811177726]
[4906.1475512357065, 15359.552404318461]
[4906.238698510566, 15356.694127074004]
[4906.46919324754, 15351.996189677993]
[4906.550281393991, 15350.432339485149]
[4906.563257414193, 15350.378816772158]
[4906.60376772686, 15350.16905219345]
[4906.797278607801, 15346.256724404835]
[4907.096076387581, 15340.850250217833]
[4907.548343469263, 15340.829869420855]
[4907.704786399932, 15334.41350407024]
[4908.130111619372, 15328.88076884656]
[4908.428093672706, 15326.00701628038]
[4908.939605921847, 15321.453240366092]
[4908.964705573764, 15321.044098076361]
[4909.943182662615, 15315.08475805191]
[4910.454401685041, 15308.940982229145]
[4911.035996422144, 15304.654627004533]
[4911.341274439756, 15302.734382103907]
[4911.577693368879, 15300.47277597088]
[4911.991020955991, 15298.951830962034]
[4912.393194006505, 15296.743951400029]
[4912.816889628351, 15293.066285144441]
[4913.125280419306, 15291.629047206243]
[4913.53300509377, 15290.871104865]
[4913.888792039001, 15290.43330391967]
[4914.171039356454, 15285.801166389858]
[4915.246397316012, 15284.098131043196]
[4915.555325134299, 15279.031090877968]
[4916.176511574189, 15276.863019188426]
[4916.948057118294, 15274.24371527311]
[4917.001104384695, 15273.753485572191]
[4917.981356967848, 15267.66185489443]
[4919.147486336649, 15263.90022282885]
[4920.353045281072, 15261.638179877253]
[4920.925748404843, 15256.769915843652]
[4921.363379870647, 15254.875775725877]
[4922.196988292433, 15254.690970216216]
[4922.5822601877135, 15251.552259043869]
[4923.556139294151, 15249.639926490278]
[4924.592448784522, 15247.354296525087]
[4924.710260350663, 15246.841971555017]
[4925.288479804813, 15246.579790223277]
[4925.5029183086845, 15242.49018500083]
[4926.163380810838, 15240.569703657793]
[4927.314218408268, 15237.22169581195]
[4927.329721982469, 15236.468421909523]
[4929.274535137238, 15235.056259229685]
[4929.368280693736, 15230.844909458254]
[4930.403972386668, 15228.346324900016]
[4931.148123035431, 15226.17533993661]
[4931.997807633588, 15224.651194741955]
[4932.1682210968465, 15223.615318986707]
[4933.89394456889, 15218.634026178637]
[4934.844040878414, 15217.55296510782]
[4934.871965503566, 15216.86463161087]
[4940.524952225527, 15216.710039098809]
[4941.039469094123, 15204.749092366173]
[4941.095265599375, 15203.810664753717]
[4943.049416233818, 15203.671920061443]
[4943.108710100467, 15200.711971091063]
[4943.972265748567, 15199.324796193005]
[4946.098024429244, 15195.87987753689]
[4946.218092640993, 15195.66029907679]
[4948.458024658472, 15193.39290842545]
[4948.756254760876, 15191.615237681122]
[4949.8119340600715, 15189.145093554967]
[4951.167470177572, 15188.0989369542]
[4952.62964451325, 15185.501705144181]
[4953.101183173561, 15185.022317147912]
[4953.3437311433445, 15184.537415604098]
[4953.711368989898, 15183.815691708774]
[4954.083585906703, 15183.100723137974]
[4954.607495574739, 15182.996261318207]
[4955.924581186564, 15180.927298505236]
[4955.9465299361, 15180.545070741338]
[4956.832955676535, 15180.35808434619]
[4958.227225936647, 15177.666043664301]
[4958.591753363467, 15177.269570665765]
[4959.149112081939, 15176.692263422476]
[4959.337716342292, 15176.504468682448]
[4966.459295853079, 15176.363590065415]
[4967.182915607222, 15175.310819338765]
[4974.062690317052, 15172.559120091171]
[4980.225545545069, 15170.66486511329]
[4981.081238417402, 15170.521773525541]
values
[4899.668471984962, 15374.939000662707]
[4905.101336592057, 15356.940330576634]
[4905.15707865719, 15349.373139506322]
[4905.341278493881, 15341.931549029086]
[4905.4228861718, 15338.50557959599]
[4905.569519105731, 15334.360180353004]
[4905.757135547792, 15328.732760217348]
[4905.814728011243, 15326.839762973324]
[4905.911571122495, 15326.526343668193]
[4906.074408883333, 15324.330198027737]
[4906.081731933726, 15322.260547621363]
[4906.185419462034, 15320.4080612477]
[4906.474411776322, 15315.10273399655]
[4906.514475643808, 15314.554104399562]
[4906.607530239478, 15312.703697625819]
[4907.013650274772, 15309.371488057044]
[4907.392120975444, 15303.650764940938]
[4907.502040535186, 15301.25419609435]
[4907.639525929022, 15300.023863577535]
[4907.953481759654, 15297.788586178225]
[4908.013515569737, 15296.88366742871]
[4908.129666963669, 15296.524283970983]
[4908.43836126673, 15296.277293469759]
[4908.811114804457, 15287.75033077247]
[4909.04854778283, 15287.32176089751]
[4909.174537774701, 15285.51516356626]
[4909.245244715201, 15284.681680618329]
[4909.348001783494, 15283.882539965842]
[4909.545167388365, 15282.648863965573]
[4910.045403499815, 15282.433680425185]
[4910.32855285913, 15275.100752256803]
[4910.443577169563, 15274.43958644763]
[4910.837339494748, 15271.495541429656]
[4911.24559331059, 15268.569465207178]
[4911.50980785588, 15267.091562003852]
[4911.971947554541, 15264.514347569317]
[4912.1055754142435, 15262.771267429456]
[4912.189361301658, 15262.27580244535]
[4912.833937706962, 15258.534255271237]
[4913.180568848084, 15256.237933455955]
[4913.297959683659, 15255.123888467284]
[4913.513194652809, 15254.95034844637]
[4913.641901769977, 15254.292901034949]
[4914.285966411875, 15250.135869127605]
[4915.309024075712, 15246.144015364169]
[4915.424740587201, 15245.79723419314]
[4915.484680578356, 15243.952209726454]
[4915.650067534669, 15243.566510659906]
[4915.681980269599, 15242.448845781306]
[4915.995438102356, 15241.775319297967]
[4917.040218973338, 15235.880160275914]
[4917.406081417663, 15235.406300992381]
[4917.678950919286, 15233.875207664816]
[4917.788870359793, 15233.46491068118]
[4917.9409760686885, 15232.676852908078]
[4918.153098989744, 15230.801452780515]
[4918.715474700277, 15227.956688517173]
[4919.45561410932, 15227.837761922903]
[4919.806432813597, 15226.513396996717]
[4920.587129674248, 15222.814426578974]
[4920.598465085597, 15221.82712839495]
[4920.881929621213, 15221.697451555488]
[4921.447278904232, 15218.443098743672]
[4921.701940820349, 15216.320082466735]
[4922.679776896404, 15215.603438011245]
[4922.725502084046, 15212.342147461006]
[4923.366943541898, 15212.24093404259]
[4923.42844573683, 15210.866777439755]
[4923.87479846536, 15207.850039974335]
[4925.51695052086, 15206.872155415653]
[4925.693255807682, 15205.017757942978]
[4926.514731849524, 15200.089067599341]
[4926.711579210554, 15199.903341199912]
[4926.944420894368, 15199.302960395926]
[4927.571356675451, 15195.932659092314]
[4928.418127706122, 15195.814874412814]
[4929.158838825628, 15195.314528698855]
[4929.2818331205035, 15193.013345420528]
[4929.614018826094, 15192.25064540251]
[4929.87946869884, 15189.421304926302]
[4930.412871284714, 15189.127017387886]
[4930.483286212733, 15187.646919912046]
[4932.061145225622, 15183.689128768456]
[4932.195539256794, 15181.60729478206]
[4933.025599997958, 15180.286278617443]
[4934.252485688065, 15179.532698446157]
[4934.793744206974, 15177.980897825038]
[4934.821156366159, 15177.402860672026]
[4934.866523919971, 15176.85488652818]
[4935.450793015714, 15176.405338007806]
[4935.5475127142945, 15175.725295645596]
[4936.4147855259125, 15171.122555505444]
[4938.049311642279, 15168.813360492019]
[4938.426270554539, 15167.90854265777]
[4939.937480362771, 15162.754293579275]
[4941.438623193035, 15161.537498346206]
[4941.549699314144, 15159.998929383313]
[4942.263839078092, 15159.352447861564]
[4943.194660918578, 15158.210393329804]
[4943.404228909938, 15157.31573658098]
[4943.834852105452, 15153.612005699082]
[4944.737047128068, 15152.021449172275]
[4946.135158633502, 15150.076170383612]
[4946.4490045286275, 15143.547248347628]
[4950.768545828829, 15139.36585071043]
[4951.171168047358, 15137.217881676084]
[4951.735239623949, 15136.69051053053]
[4952.307752497709, 15136.175850670463]
[4952.865307663016, 15135.668451102618]
[4953.026846880244, 15121.408525365216]
[4961.0270495560835, 15120.586248786438]
[4962.199113586745, 15119.607496128103]
[4962.297756128413, 15119.357285500595]
[4963.922169348105, 15116.74908116029]
[4964.677930081069, 15116.042236237841]
[4965.178460030798, 15115.006017885837]
[4965.708672200497, 15112.05848861221]
[4966.123840464152, 15111.746885935612]
[4966.755216906, 15109.548384822912]
[4968.861685981117, 15109.248410349768]
[4969.180609512099, 15108.794783340272]
[4969.219980089483, 15108.695749937277]
[4969.360920557234, 15106.419719776986]
[4970.879315706374, 15106.397058308356]
[4971.454229837043, 15104.968991185686]
[4972.01034741984, 15104.739590195682]
[4972.251104667181, 15104.53654957553]
[4972.482260942921, 15101.884538965664]
[4973.784169223065, 15100.50306973366]
[4975.225849169477, 15088.50525122561]
[4979.765888649452, 15087.418309678244]
[4983.627562210053, 15079.315281972282]
[4988.904695699828, 15078.447453843237]
[4992.519391617496, 15077.226281254963]
[4992.617749940007, 15077.169257388416]
[4992.915796685713, 15070.780005552882]
[4994.295701224051, 15070.638817204715]
[4995.228955910507, 15070.32936686157]
[4996.9271252970975, 15070.173662161153]
[4997.231700761953, 15068.429195676172]
[4998.328995146616, 15065.843746581502]
[5001.48835622172, 15064.284664743884]
[5003.76363539689, 15061.71848522777]
[5006.6113019885615, 15061.294555558901]
[5007.087217947395, 15060.841592333796]
[5008.525144767233, 15059.497462878755]
[5010.32093814747, 15058.072052137357]
[5010.385417789412, 15056.452980123384]
[5014.243281232297, 15054.062015832294]
[5015.24549870589, 15051.752684678902]
[5019.234423022679, 15050.400013470738]
[5022.277736082098, 15049.580994068949]
[5024.363725366087, 15046.932156770286]
[5026.980186745175, 15045.271072319534]
[5030.3972861102775, 15045.180855186776]
[5034.054181720838, 15044.10700753735]
[5036.624254511196, 15041.1014258327]
[5042.241924556605, 15041.057782687423]
[5042.545166764643, 15038.952441773703]
[5047.510538844119, 15037.057257529155]
[5048.530312680659, 15036.280368058056]
[5048.70744378036, 15036.01487903949]
[5051.678924066273, 15035.404397330669]
[5053.010515263613, 15034.93841305709]
[5054.054371238295, 15034.740449952698]
[5054.347867966377, 15034.4799694103]
[5054.561162809472, 15033.993539562067]
[5055.311670962887, 15033.574623631821]
[5056.067069889161, 15033.163439895334]
[5060.704626551487, 15031.641445950705]
[5061.926906890962, 15031.204979522932]
[5062.00085712564, 15031.155492737513]
[5064.192152547712, 15030.312864541549]
[5067.41082884655, 15029.554540150157]
[5068.696798705008, 15029.04831454702]
[5069.382346407279, 15028.860809621918]
[5070.149198193903, 15028.798076130643]
[5070.880259215282, 15028.67994659253]
[5076.504644383804, 15027.688038822473]
values
[4899.668471984962, 15374.939000662707]
[4904.730287256507, 15347.166153102558]
[4904.850344155397, 15330.617703790074]
[4904.9719798042115, 15326.311178957701]
[4905.23521130641, 15318.363647050117]
[4905.3869021413975, 15313.15996014382]
[4905.742844488277, 15311.108260424307]
[4905.756340634525, 15306.977867585994]
[4905.982299748734, 15301.86316457834]
[4906.746925390855, 15290.771020284648]
[4907.538622472301, 15289.21980893788]
[4907.602714963241, 15279.61869981959]
[4909.061632942301, 15277.376258524739]
[4909.085618311394, 15274.24598023939]
[4909.8160103234495, 15273.493714633547]
[4909.8361096835015, 15263.931927023197]
[4910.986317664378, 15253.603641128639]
[4911.34212358488, 15247.921292922952]
[4912.1332212029465, 15245.155975788852]
[4912.719684561025, 15245.010626440511]
[4912.952667240426, 15237.856919078986]
[4913.47623657077, 15234.369409635516]
[4914.955209178785, 15227.01533356707]
[4917.125677431333, 15216.617905687815]
[4917.60530348503, 15213.199328951]
[4918.648032924375, 15208.369528292927]
[4921.637760838772, 15203.793521695801]
[4921.708281350726, 15203.500603405293]
[4922.067377910798, 15196.564418314343]
[4922.612161352548, 15196.280302922767]
[4923.275714595104, 15194.199607223622]
[4923.317504273671, 15189.839827803677]
[4925.0245897870755, 15183.84877176341]
[4925.662652215598, 15183.543668286005]
[4926.91714323405, 15183.131184187127]
[4928.742228609815, 15176.458434808414]
[4928.937576311215, 15173.106873992881]
[4929.606898256823, 15170.953111373592]
[4930.862786600515, 15166.026517780354]
[4931.744679437796, 15164.017934124498]
[4932.059177058467, 15163.122391895808]
[4932.072841457901, 15160.286756853537]
[4933.041731617608, 15159.950319171843]
[4934.503493227283, 15158.00930927113]
[4934.735277303655, 15154.564567213076]
[4935.702490978945, 15153.92821902482]
[4936.607690353687, 15150.618023440218]
[4936.732324342716, 15149.26169063737]
[4936.877861814784, 15149.149333959456]
[4938.214511151298, 15145.61546599381]
[4938.46312863294, 15145.392056946137]
[4939.189457689212, 15143.0488100518]
[4940.024324220776, 15141.801624128062]
[4940.280932118614, 15138.150600283747]
[4941.933478338526, 15136.948971027941]
[4942.056745031237, 15136.099084737156]
[4942.990959389472, 15132.207655402632]
[4944.562960639307, 15131.542602822525]
[4944.880787885892, 15128.829979347176]
[4945.618415446079, 15124.785862008503]
[4949.421599892559, 15116.17892439114]
[4949.963730127127, 15116.044091846585]
[4951.0692735716675, 15115.239537003215]
[4952.688174353734, 15108.59700224386]
[4954.2578197069615, 15108.422869076758]
[4955.696784286427, 15104.961280003885]
[4955.830042326988, 15103.638805368215]
[4956.338849476746, 15102.77728705144]
[4957.539143697613, 15099.885286877034]
[4957.6156381331275, 15099.694136577546]
[4957.919006926419, 15099.427077778379]
[4959.475497159901, 15095.370936009971]
[4960.828230277186, 15093.367226304412]
[4961.11853817235, 15092.954300227468]
[4962.5857016401915, 15090.329433236606]
[4964.556824681893, 15088.883355923554]
[4964.7600601170725, 15086.388557597262]
[4966.479222943797, 15085.482928443911]
[4966.593988281802, 15083.572172549635]
[4967.279933654458, 15081.750518425166]
[4968.420561699726, 15080.4892390027]
[4969.578210999465, 15079.121779275607]
[4971.572179582976, 15074.992766255476]
[4972.197617652582, 15074.784850366073]
[4972.218206093219, 15067.481244791577]
[4977.1849822491295, 15066.842461275613]
[4979.854834495518, 15066.178025824469]
[4980.894146110933, 15061.355149881674]
[4982.04531209044, 15061.121619603591]
[4982.652346004103, 15059.392130645116]
[4982.913872028294, 15058.512082827245]
[4983.3684910359625, 15057.791911814222]
[4984.546393646429, 15056.53705599218]
[4986.934554947526, 15052.944724519517]
[4987.38825561219, 15052.471434013632]
[4988.671349024871, 15050.8600032781]
[4989.79350587368, 15048.941207729102]
[4990.7611969538775, 15048.83962766806]
[4990.855254595332, 15048.077218331702]
[4990.970801696147, 15048.019961017624]
[4991.1697921341565, 15047.829334889284]
[4991.696438968267, 15047.252445170787]
[4992.445291336355, 15042.495521293966]
[4995.927901767349, 15042.0651795386]
[4997.236961523715, 15040.637597433828]
[4998.108981476436, 15039.881009259767]
[4998.243651106004, 15039.638096846369]
[4998.657437083466, 15038.925116335347]
[4999.519339741757, 15038.025921984557]
[4999.943565719472, 15037.703046025203]
[5000.712370525085, 15036.81495604256]
[5001.342106604763, 15036.674808673175]
[5001.565852035386, 15035.82110652286]
[5002.146830310758, 15035.733362943567]
[5002.665773036326, 15034.479138878603]
[5003.7204159566645, 15034.333233509778]
[5003.77193953702, 15033.872578377192]
[5006.185944777515, 15031.440746756916]
[5007.084805246674, 15030.239475705406]
[5007.697298015861, 15029.572181330042]
[5008.632942890337, 15029.050909357587]
[5008.910956354441, 15028.786753982266]
[5013.269618855718, 15024.086230439802]
[5015.272379064947, 15022.743901102427]
[5019.404698716191, 15018.80715309643]
[5019.83851524517, 15018.452793084754]
[5023.281884337659, 15017.69941911366]
[5023.357111522448, 15016.762730395343]
[5023.901550124387, 15015.443365016328]
[5028.762933289527, 15012.653087276502]
[5032.382226890897, 15010.294378706545]
[5033.6764291830605, 15009.929809018051]
[5037.16512900331, 15007.459416345155]
[5078.216880607068, 15007.179167074542]
[5082.708088499487, 15006.681236273123]
[5092.086214817771, 15005.084122841787]
[5101.501910431982, 15004.696739143938]
[5101.701744482631, 15003.806154786971]
end_solutions
[2.0317035166528377, -15.506800138484321, -10.729361418265889, 19.25248600533655, 8.10284751122455, 9.206794111642884, -25.806697340757417, 13.213162330025526, -10.807227020853286, -23.889271303033183, -17.792096882231405, 0.1307757145718772, 13.620267146178369, 7.379037053624401, 3.1528816601218574, -18.529889470261608, -36.08438556484332, -8.338204206196231, 14.74877370750744, -7.040349553057226]
[2.0256802596946644, -15.363980852705197, -10.705133501061031, 19.29544129169912, 8.289916764725128, 9.167313919326034, -25.732090504005786, 13.273269378192076, -10.713700896352247, -23.945536746828886, -17.76823318239932, 0.025538775874232252, 13.598948378206384, 7.256775251968968, 3.1244853826136403, -18.480883990854295, -35.92547269909572, -8.534852938040052, 14.791790145484422, -7.142249521143515]
[2.0317035166528377, -15.506800138484321, -10.729361418265889, 19.25248600533655, 8.10284751122455, 9.206794111642884, -25.806697340757417, 13.213162330025526, -10.807227020853286, -23.889271303033183, -17.792096882231405, 0.1307757145718772, 13.620267146178369, 7.379037053624401, 3.1528816601218574, -18.529889470261608, -36.08438556484332, -8.338204206196231, 14.74877370750744, -7.040349553057226]
[1.984921103154062, -15.359519181977493, -10.724666835241484, 19.31258058033667, 8.293234860874286, 9.161550830956788, -25.725182933759662, 13.297200375960363, -10.709081886233571, -23.927261956366166, -17.752831694477585, 0.033875823955644487, 13.596802040414323, 7.260224324293764, 3.1694072028081077, -18.505318650444327, -35.92312476806561, -8.507775188296243, 14.790067291940264, -7.155522525472696]
[1.9381386896552861, -15.212238225470665, -10.71997225221708, 19.372675155336793, 8.483622210524022, 9.116307550270692, -25.643668526761907, 13.381238421895201, -10.610936751613856, -23.96525260969915, -17.713566506723765, -0.06302406666058821, 13.573336934650277, 7.141411594963127, 3.185932745494358, -18.480747830627045, -35.7618639712879, -8.677346170396255, 14.83136087637309, -7.270695497888166]
[1.8913562761565101, -15.064957268963838, -10.715277669192673, 19.43276973033691, 8.674009560173758, 9.071064269584596, -25.562154119764152, 13.46527646783004, -10.51279161699414, -24.00324326303213, -17.67430131896995, -0.15992395727682093, 13.54987182888623, 7.022598865632491, 3.202458288180608, -18.45617701080976, -35.60060317451019, -8.846917152496268, 14.872654460805917, -7.385868470303636]
[0.9473376082754225, -14.259132903652466, -11.030547530162885, 20.02514857407241, 9.65814604180845, 8.74931162962176, -25.045083483652757, 14.310022080063145, -9.959155403296919, -23.867468852680815, -17.204262715023347, -0.49104301292979824, 13.418105762958835, 6.485764130940925, 4.0646691521465, -18.759502454621618, -34.74969028541079, -9.212532745713002, 15.041334684824818, -8.175707719555323]
[0.9341440887461732, -14.224222810158505, -11.029719100471077, 20.039156551597653, 9.699560089078796, 8.738988794881074, -25.027119142796842, 14.333751499551793, -9.938761061209247, -23.87448501160575, -17.19257466142244, -0.5129433142684103, 13.417761927898166, 6.455532166506658, 4.069721376649412, -18.754392237644574, -34.708440147235436, -9.25130541701991, 15.049686075554202, -8.200746205086794]
[0.5485650851147348, -14.27777397405844, -11.23066512496289, 20.171175659651333, 9.595466980446279, 8.71223123521636, -25.015704445106003, 14.529326255114928, -9.96569643230816, -23.659288942556636, -17.056983993436265, -0.3610862204884526, 13.426093437486633, 6.564163050692042, 4.514881580807902, -19.019252059643474, -34.7843851725282, -8.860822457814468, 15.000745367376538, -8.25137039929874]
[0.6157630385004504, -14.266403974206877, -11.194943144033163, 20.14831686008264, 9.614822597064949, 8.716600053010701, -25.017288758969983, 14.497138369588702, -9.9608762321342, -23.697251098015357, -17.079644945617595, -0.3888879594676398, 13.426497239724258, 6.542475075514435, 4.43629225775587, -18.972080892350604, -34.76758929211462, -8.931873682312641, 15.009374408279474, -8.242845681205587]
[0.682960991886166, -14.255033974355314, -11.159221163103435, 20.12545806051395, 9.634178213683619, 8.720968870805041, -25.018873072833962, 14.464950484062477, -9.956056031960241, -23.735213253474075, -17.102305897798928, -0.416689698446827, 13.426901041961882, 6.520787100336827, 4.357702934703838, -18.924909725057738, -34.750793411701046, -9.002924906810813, 15.01800344918241, -8.234320963112436]
[0.682960991886166, -14.255033974355314, -11.159221163103435, 20.12545806051395, 9.634178213683619, 8.720968870805041, -25.018873072833962, 14.464950484062477, -9.956056031960241, -23.735213253474075, -17.102305897798928, -0.416689698446827, 13.426901041961882, 6.520787100336827, 4.357702934703838, -18.924909725057738, -34.750793411701046, -9.002924906810813, 15.01800344918241, -8.234320963112436]
[1.3740429481467695, -14.241677486266298, -10.809884097413036, 19.858562765845114, 9.68929311058505, 8.795463291127025, -25.092344476492126, 14.098657900247265, -9.980736797031904, -24.08054212578825, -17.34746439975041, -0.624000504660398, 13.458185432971728, 6.38172537349454, 3.5722183848358804, -18.476709882405682, -34.68652421828666, -9.58811949492125, 15.072362923605484, -8.067614581526136]
[1.2921253878488432, -14.176299378588906, -10.839890519643744, 19.911122156544373, 9.77703150898004, 8.76730319141723, -25.046131964888332, 14.163968606837873, -9.928807325729883, -24.069075994827855, -17.311125714357456, -0.6504058611684826, 13.435143888870446, 6.3447430601978, 3.6510357002018727, -18.506182647806916, -34.625091646904195, -9.612725576165735, 15.08857775181609, -8.139413390075884]
[1.3740429481467695, -14.241677486266298, -10.809884097413036, 19.858562765845114, 9.68929311058505, 8.795463291127025, -25.092344476492126, 14.098657900247265, -9.980736797031904, -24.08054212578825, -17.34746439975041, -0.624000504660398, 13.458185432971728, 6.38172537349454, 3.5722183848358804, -18.476709882405682, -34.68652421828666, -9.58811949492125, 15.072362923605484, -8.067614581526136]
[1.4316601239677238, -14.017977573116445, -10.741733114794913, 19.904314235093125, 10.002011666777824, 8.73835231172345, -24.97613697882822, 14.144797175941687, -9.824228062394099, -24.205896662611917, -17.34133595559745, -0.8100626390312688, 13.404280155822864, 6.188822115619033, 3.4574144377136884, -18.359784294753243, -34.44700417983153, -9.94972560524874, 15.150346989005179, -8.22262070403459]
[1.540580693217259, -13.84457848933566, -10.656286178016526, 19.91408927358885, 10.246152253472328, 8.701661187045598, -24.894313340203894, 14.147319799951333, -9.707464729487786, -24.334194601695447, -17.358775780357313, -0.9724046273818745, 13.368183849976763, 6.026236860004446, 3.2950906094586587, -18.22762405217601, -34.25520096802336, -10.282831088316648, 15.214850956336349, -8.32503494358956]
[1.5600839873226517, -13.693702244926559, -10.620087623733928, 19.952601096919537, 10.456261009871406, 8.660910535209348, -24.81357499459373, 14.188665060708974, -9.600767325179113, -24.409288862197144, -17.347829998626175, -1.09240101252608, 13.330532134550133, 5.899871495109261, 3.2396549084053494, -18.16122154864374, -34.09525450929156, -10.51083547299718, 15.266127397045285, -8.434703729377958]
[1.6537104507283762, -13.488512243875594, -10.5369358889329, 19.97834957875144, 10.744490523960863, 8.613282839614882, -24.71209546377724, 14.209679708880444, -9.45986530566861, -24.54409996382151, -17.35641779640665, -1.2746014693265708, 13.28427804516291, 5.714837430965575, 3.087910737210726, -18.027669854447012, -33.871906512813794, -10.876007729775939, 15.340331032646331, -8.565847853452489]
[1.716160040138163, -13.329733737730091, -10.477152226597552, 20.00157303751473, 10.964870671302531, 8.575666771727345, -24.633351896509147, 14.232874443684995, -9.352098164030057, -24.64293932747561, -17.358530990688276, -1.4124642861461199, 13.251122272864475, 5.572062437827766, 2.98106309549496, -17.930368425698312, -33.697931290470464, -11.150563410550147, 15.396257135925561, -8.668233356165533]
[1.8700587283277288, -12.906789256777774, -10.323281417389893, 20.067179230297747, 11.547302005005532, 8.474724335699811, -24.423932876250067, 14.304190653833546, -9.067702805586524, -24.899042916134, -17.35792891795181, -1.775647022620142, 13.167989308306272, 5.191382576005593, 2.7091079129253943, -17.678485643283448, -33.231950346002506, -11.872021517290728, 15.542848964990533, -8.941068803602152]
[1.8700587283277288, -12.906789256777774, -10.323281417389893, 20.067179230297747, 11.547302005005532, 8.474724335699811, -24.423932876250067, 14.304190653833546, -9.067702805586524, -24.899042916134, -17.35792891795181, -1.775647022620142, 13.167989308306272, 5.191382576005593, 2.7091079129253943, -17.678485643283448, -33.231950346002506, -11.872021517290728, 15.542848964990533, -8.941068803602152]
[2.0239574165172947, -12.483844775825457, -10.169410608182236, 20.13278542308076, 12.129733338708533, 8.373781899672279, -24.214513855990987, 14.375506863982096, -8.783307447142992, -25.155146504792395, -17.35732684521534, -2.138829759094164, 13.084856343748067, 4.810702714183421, 2.4371527303558285, -17.426602860868584, -32.76596940153455, -12.593479624031309, 15.689440794055503, -9.21390425103877]
[2.0239574165172947, -12.483844775825457, -10.169410608182236, 20.13278542308076, 12.129733338708533, 8.373781899672279, -24.214513855990987, 14.375506863982096, -8.783307447142992, -25.155146504792395, -17.35732684521534, -2.138829759094164, 13.084856343748067, 4.810702714183421, 2.4371527303558285, -17.426602860868584, -32.76596940153455, -12.593479624031309, 15.689440794055503, -9.21390425103877]
[2.0965108197057183, -12.141577142627181, -10.069329321002082, 20.204110318720232, 12.590826372311362, 8.287463753481088, -24.04236484409399, 14.466509344573772, -8.556826565839758, -25.334837685127233, -17.334888373776852, -2.4169651913572516, 13.025993285861507, 4.5072110299867045, 2.2731944279127063, -17.254825658950445, -32.38608904787624, -13.135308832850807, 15.801486111469753, -9.44215450007021]
[2.1147454938348096, -11.95503564368132, -10.025049169758681, 20.25077869584066, 12.839053627885523, 8.238332608738318, -23.94693411439067, 14.528944802350498, -8.433959077406719, -25.421778625628665, -17.314169506119, -2.5622302451334953, 12.995709650967289, 4.344436506098365, 2.2072477453605988, -17.174538354973073, -32.17888902975626, -13.413306454472247, 15.860277542921054, -9.570486754128552]
[2.143670292591497, -11.627926115929581, -9.948902149527633, 20.333768169646415, 13.274026637059091, 8.151858114067961, -23.779299606217926, 14.64017106960848, -8.218473265390529, -25.57269658210362, -17.276683675662085, -2.816070759391219, 12.942664959239115, 4.059471482696713, 2.095010163138116, -17.03568284843739, -31.815648899395164, -13.89830027433062, 15.963098052597717, -9.796192171512553]
[2.165050541846689, -11.346790058317826, -9.885168411552337, 20.40641036301708, 13.647518144257905, 8.07717141421279, -23.634892049279063, 14.737752688570993, -8.033236618224226, -25.700650614050673, -17.243149750063957, -3.0332216803541803, 12.897142845571205, 3.8150904836700885, 2.002428363797366, -16.918546443320768, -31.50356867491293, -14.312292670804489, 16.05115620904844, -9.990938498163871]
[2.1801396408496796, -11.254843118037858, -9.860341847040832, 20.427104923887264, 13.770481148207416, 8.05359582458242, -23.588438146811292, 14.765041985161929, -7.972738288524449, -25.74657846310648, -17.23524594034638, -3.106600866943707, 12.882097689450678, 3.733922434920034, 1.9631167980339006, -16.875108240482646, -31.401248863155203, -14.454295517573499, 16.08068091550032, -10.052856679629237]
[2.1864307911018814, -11.065654000706068, -9.821434673577041, 20.47905255638775, 14.021009651456719, 8.00248471435762, -23.4904844923402, 14.835334307533508, -7.847999971057924, -25.82860464599772, -17.209615824465825, -3.250372601317142, 12.851620731903294, 3.5707094846434635, 1.9098465644566163, -16.801410038204146, -31.191488450430697, -14.726285067278358, 16.139214365499164, -10.18568482481519]
[2.2055005992064687, -10.795694495175358, -9.761119131006502, 20.549573440451937, 14.380252007316168, 7.930488639426086, -23.35133878368105, 14.92933534748749, -7.669490663346736, -25.950937066067034, -17.177199842094858, -3.4585582316840826, 12.806839451331877, 3.3367724692925798, 1.8228489698354196, -16.689984673982885, -30.89251381776956, -15.122568223206258, 16.223923325224217, -10.373591328636682]
end_values
[ 5114.0045623  15002.88208026]
[ 5101.50191043 15004.69673914]
[ 5114.0045623  15002.88208026]
[ 5101.70174448 15003.80615479]
[ 5089.77251725 15005.23860018]
[ 5078.21688061 15007.17916707]
[ 5032.49879222 15012.36487045]
[ 5030.12892745 15012.865925  ]
[ 5041.89358908 15005.62675469]
[ 5039.50438306 15006.50484776]
[ 5037.165129   15007.45941635]
[ 5037.165129   15007.45941635]
[ 5022.56102798 15015.87905676]
[ 5019.83851525 15018.45279308]
[ 5022.56102798 15015.87905676]
[ 5007.69729802 15029.57218133]
[ 4995.92790177 15042.06517954]
[ 4987.38825561 15052.47143401]
[ 4975.66830057 15068.85785033]
[ 4967.27993365 15081.75051843]
[ 4947.64630933 15118.50796044]
[ 4947.64630933 15118.50796044]
[ 4932.07284146 15160.28675685]
[ 4932.07284146 15160.28675685]
[ 4922.10510844 15194.46153553]
[ 4917.60530349 15213.19932895]
[ 4911.34212358 15247.92129292]
[ 4907.60271496 15279.61869982]
[ 4906.74692539 15290.77102028]
[ 4905.38690214 15313.15996014]
[ 4904.73028726 15347.1661531 ]
