values
[82.94214633243563, 62.444141557102654]
[139.41891528654742, 44.17200767902691]
[139.42386140715047, 43.783266598605394]
[139.42555792560924, 43.75583687413246]
[139.4274415191637, 43.72845321099898]
[139.42951369377835, 43.701115809103655]
[139.4368767930913, 43.619383172478194]
[139.44942608221334, 43.51106613866631]
[141.44760806325633, 40.83690229472974]
[142.3851752403158, 40.369626427592635]
values
[76.36295176174266, 55.90849204863825]
[76.36309327062436, 55.89025809975696]
[76.36312955609016, 55.88689388729545]
[76.36320634233977, 55.88057113480385]
[76.36327719820264, 55.87541987044537]
[76.3633173650722, 55.872716560602385]
[76.36359147251301, 55.8570067184367]
[76.36366977487864, 55.85313149093547]
[76.36428246139866, 55.82792827911635]
[76.3650144504925, 55.804464866069935]
[76.36518693392114, 55.79956777467782]
[76.36538532716723, 55.79415997157463]
[76.36617819973108, 55.774466264610666]
[76.36666556011949, 55.7635454679299]
[76.36670315175357, 55.7627336052804]
[76.3670817823601, 55.75477208392507]
[76.36734932556962, 55.74936398496773]
[76.36746022089551, 55.74717062278279]
[76.36794489809164, 55.73788645767896]
[76.36830338809796, 55.73130634052396]
[76.36845431319492, 55.728602271123805]
[76.3692098245476, 55.71559262925722]
[76.36959350994523, 55.7092875207981]
[76.3703879843143, 55.69678867591612]
[76.37121537160887, 55.68446673832155]
[76.37179477775176, 55.67620419716083]
[76.37304034200574, 55.65931933350072]
[76.37597441882878, 55.62329934738827]
[76.3761652698054, 55.62110630584821]
[76.37698865726016, 55.61182367798767]
[76.37804136933049, 55.60034842119599]
[76.37813691666095, 55.599327255995334]
[76.37829499029229, 55.597644959694044]
[76.3792315911419, 55.587852494992696]
[76.37966016858793, 55.58346694839519]
[76.38259263557437, 55.554877745061354]
[76.38339325427816, 55.54745614757749]
[76.38363287362607, 55.54526375128535]
[76.38447428195101, 55.537665811210026]
[76.38597126379128, 55.524512464217395]
[76.38660126101377, 55.519107431115756]
[76.38691949956252, 55.51640497624813]
[76.38756951321399, 55.51094130361799]
[76.3877705688558, 55.50926624850844]
[76.39033075917766, 55.48851268837501]
[76.39207555928193, 55.47493146644946]
[76.39215244100218, 55.47434271330553]
[76.39403384573757, 55.46017412047689]
[76.4003857220805, 55.415323456563556]
[76.40078744973333, 55.412622998004196]
[76.40219431664028, 55.403279767616894]
[76.40250097660389, 55.40126607175097]
[76.40332939239164, 55.39586588456348]
[76.4036030928933, 55.394094209797856]
[76.40408713679999, 55.39097587026475]
[76.40511654342234, 55.384406077556534]
[76.40554333598787, 55.38170636922334]
[76.41195237613896, 55.342722173527136]
[76.41295132422752, 55.336887320323804]
[76.4145712882084, 55.32755100960946]
[76.41587560838984, 55.32014274867227]
[76.4282158924576, 55.254248041787136]
[76.42830224455291, 55.25381070907675]
[76.4301578995669, 55.24448371963007]
[76.43200830443296, 55.23531450792126]
[76.43329144105829, 55.22903050465089]
[76.43347898838172, 55.22811698754201]
[76.43641043960054, 55.21399810237294]
[76.43681616383691, 55.21206708707505]
[76.44342608868064, 55.18134775740126]
[76.44364997756188, 55.18033054204905]
[76.44401951445835, 55.17865477925946]
[76.44431778537327, 55.177305071473484]
[76.44680101846878, 55.16616616155022]
[76.44785084883975, 55.16150840668533]
[76.44891700938906, 55.15680862512259]
[76.44963504382449, 55.153660423738266]
[76.45064812714187, 55.14924147660258]
[76.45072457624869, 55.1489090906058]
[76.45349184754102, 55.13697696865782]
[76.45953121912405, 55.11157612873865]
[76.46002312395062, 55.10954401358473]
[76.46766365551666, 55.078641348060785]
[76.46883960488846, 55.073990500593126]
[76.47477785744795, 55.050904918084086]
[76.4828922913468, 55.020367532371715]
[76.48553903530637, 55.010641056741484]
[76.49436571394723, 54.978971891156654]
[76.49483810983227, 54.97730874993954]
[76.49918132452983, 54.96216129282447]
[76.4996098293243, 54.96068058887054]
[76.50367490524266, 54.94675262757919]
[76.51653388413546, 54.904028434499814]
[76.52957318433722, 54.862578116625016]
[76.53312522885962, 54.851584041548875]
[76.53509445692679, 54.84554085772973]
[76.54100278573928, 54.8276240328192]
[76.56837714503618, 54.748430992656026]
[76.57499738313977, 54.73012870433282]
[76.57798468667946, 54.72196876933721]
[76.5967725220899, 54.671967828981025]
[76.59842619542742, 54.667670231165616]
[76.60483787033392, 54.651156640204626]
[76.60934598705585, 54.639684101473875]
[76.61202930085777, 54.63290816441717]
[76.6147274294306, 54.62613370494511]
[76.61963437567789, 54.613911266193206]
[76.62269650366494, 54.60634668175406]
[76.62792623684612, 54.593535919833904]
[76.65210218224964, 54.535990973507744]
[76.65285014610832, 54.534252243560594]
[76.65328391768081, 54.53324498420733]
[76.65591012910399, 54.52716370218976]
[76.65974339660724, 54.518339218391645]
[76.68554440983766, 54.46046192955749]
[76.68555363283005, 54.46044169097122]
[76.69833868362394, 54.432678012473886]
[76.70365778502777, 54.42129408117009]
[76.7049239778409, 54.418598214536864]
[76.70530850637019, 54.41778056777905]
[76.72054676260608, 54.38576566388254]
[76.72957639114559, 54.36713893520189]
[76.72957639114561, 54.36713893520188]
[76.74805108386053, 54.329780849895805]
[76.758967681784, 54.308157575452725]
[76.78144172414046, 54.26462983498833]
[76.78574934235671, 54.25643184083658]
[76.79518788205787, 54.238625119442766]
[76.81399210757331, 54.20376463796106]
[76.81614297900546, 54.199827675178916]
[76.81631008228688, 54.1995222322314]
[76.8191864007188, 54.1942742146657]
[76.81952176116816, 54.193663495730505]
[76.84733194629337, 54.14383889615234]
[76.85168234628019, 54.13618636452773]
[76.8526029688263, 54.13457169650443]
[76.85786270080695, 54.12537816512963]
[76.85786270080696, 54.125378165129625]
[76.86678614810626, 54.109901372240316]
[76.88014456230697, 54.087008514645504]
[76.89361378695078, 54.064249266181974]
[76.90567251570917, 54.04413893888665]
[76.91792987503537, 54.02394561251763]
[76.92238652981902, 54.01666395411659]
[76.93752742280668, 53.992159482070974]
[76.93784239085086, 53.99165350061412]
[76.97215518279272, 53.93741389344038]
[76.97566501106655, 53.93196123675075]
[76.9946288927939, 53.902792609125335]
[76.99716981398554, 53.89892114051367]
[77.01700434571922, 53.868989330887466]
[77.01740535168935, 53.868389374912056]
[77.01971334855135, 53.86494024998407]
[77.06198802266927, 53.802910466153726]
[77.07239012920877, 53.78796762869321]
[77.07794972072519, 53.780030893383625]
[77.08006805159677, 53.77701581672618]
[77.08326215456424, 53.77247888418228]
[77.08567731654598, 53.769055767054574]
[77.11883040446341, 53.722693902765116]
[77.12814099477562, 53.709877976345076]
[77.13417320008517, 53.70162099832763]
[77.1496651323158, 53.680578890107085]
[77.15516461107522, 53.673164792899314]
[77.1743066787623, 53.64758019436357]
[77.1867646715389, 53.631110139611685]
[77.19197796863928, 53.62425929817657]
[77.1978341729506, 53.616592318195586]
[77.1987372309344, 53.615412713249945]
[77.22149385644133, 53.585919944147825]
[77.22468511215054, 53.581819285053584]
[77.23167183238817, 53.57287126495659]
[77.24454279442504, 53.55649250089231]
[77.24819604097237, 53.55186815810177]
[77.24958927925309, 53.55010740313653]
[77.25005392408953, 53.549520537943124]
[77.25018283040929, 53.54935775472573]
[77.25616313837013, 53.5418203990342]
[77.25750401342204, 53.540134315081374]
[77.2748890107025, 53.51840128461794]
[77.27602332725826, 53.51699142648656]
[77.28760054194335, 53.502658141732766]
[77.29519850275535, 53.493306447743144]
[77.29900852758225, 53.48863322652736]
[77.300916298693, 53.48629727422562]
[77.30282590801387, 53.48396176150387]
[77.35458772031618, 53.42165184382681]
[77.35752890858312, 53.41816736169772]
[77.38542529535076, 53.385405633401895]
[77.45673853919928, 53.30390854119578]
[77.59178297517715, 53.15757372936805]
[77.9829121177503, 52.78066601388298]
[77.98291211775033, 52.780666013882964]
[78.19550816662749, 52.59862771596221]
[78.37592116906637, 52.454188247599966]
[78.63252502721542, 52.262346369635395]
[79.92522570732626, 51.47590797351566]
[81.04832404828224, 39.635362753672524]
[87.11344992856358, 38.84037345471478]
[91.00565175581181, 30.92305537385012]
[106.48248370769501, 30.30655302895386]
[117.67766693264628, 28.40882636140818]
values
[76.36021479500685, 55.87944021417879]
[76.36228650612206, 55.77389179589914]
[76.36655711830906, 55.765910669073]
[76.36666556011949, 55.7635454679299]
[76.36670315175357, 55.7627336052804]
[76.36678413942911, 55.72389309173559]
[76.36758443801536, 55.66834358442581]
[76.37266102733994, 55.66434415146438]
[76.37304034200574, 55.65931933350072]
[76.37335768450875, 55.6551882151253]
[76.37528598740913, 55.63134825135684]
[76.375814144662, 55.6251536237137]
[76.37583615288808, 55.62489831236996]
[76.37584335200836, 55.624814845239186]
[76.37597441882878, 55.62329934738827]
[76.3761652698054, 55.62110630584821]
[76.37618071292941, 55.6209295538464]
[76.37640248926814, 55.61840266479165]
[76.3769656746757, 55.612078979473644]
[76.37698865726016, 55.61182367798767]
[76.37721002136664, 55.60937541263379]
[76.37738646046574, 55.60743776165116]
[76.37762271662302, 55.60486188308248]
[76.37781354334265, 55.60279661387514]
[76.37804136933049, 55.60034842119599]
[76.378065227555, 55.600093129558076]
[76.37813691666095, 55.599327255995334]
[76.37829499029229, 55.597644959694044]
[76.37918206346794, 55.58836305593487]
[76.3792315911419, 55.587852494992696]
[76.37966016858793, 55.58346694839519]
[76.38132232509156, 55.56697601992533]
[76.38200281426435, 55.56044411289571]
[76.38259263557437, 55.554877745061354]
[76.38339325427816, 55.54745614757749]
[76.38363287362607, 55.54526375128535]
[76.38384577600705, 55.54332660893969]
[76.38393023507365, 55.542560919317104]
[76.3843602342576, 55.53868670603564]
[76.38447428195101, 55.537665811210026]
[76.38464850275302, 55.53611157459147]
[76.38466283886619, 55.5359839641405]
[76.38571821803541, 55.52670462422988]
[76.38597126379128, 55.524512464217395]
[76.38600081514628, 55.52425725924372]
[76.38660126101377, 55.519107431115756]
[76.38691949956252, 55.51640497624813]
[76.38756951321399, 55.51094130361799]
[76.3877705688558, 55.50926624850844]
[76.38804711758401, 55.457377046204]
[76.39529792419589, 55.450899253490704]
[76.4003857220805, 55.415323456563556]
[76.40078744973333, 55.412622998004196]
[76.40163296532542, 55.406986892361864]
[76.40183544717209, 55.40564655993727]
[76.40219431664028, 55.403279767616894]
[76.40250097660389, 55.40126607175097]
[76.40270851006495, 55.39990782812749]
[76.40291408999548, 55.398565945402964]
[76.4032900813627, 55.39612085117322]
[76.4032952567454, 55.35202439274852]
[76.41195237613896, 55.342722173527136]
[76.41266670194707, 55.33854364999105]
[76.41295132422752, 55.336887320323804]
[76.41333267568378, 55.334675659699144]
[76.41429167403331, 55.32915163935768]
[76.4145712882084, 55.32755100960946]
[76.41585303911684, 55.320270134247345]
[76.41587560838984, 55.32014274867227]
[76.41633209561486, 55.31757221196631]
[76.41654827429272, 55.316358826877156]
[76.41667679599576, 55.315638642511445]
[76.41703052949222, 55.31366102359637]
[76.41713679293255, 55.31306823648875]
[76.41719655800233, 55.31273510168839]
[76.4180769798049, 55.307849270475856]
[76.42788520278422, 55.25592559488563]
[76.4282158924576, 55.254248041787136]
[76.42830224455291, 55.25381070907675]
[76.4291832559099, 55.24936572337084]
[76.4301578995669, 55.24448371963007]
[76.43094331869652, 55.24057606125126]
[76.43096897659231, 55.24044880066552]
[76.43200830443296, 55.23531450792126]
[76.43240141947206, 55.233382918762594]
[76.43329144105829, 55.22903050465089]
[76.43347898838172, 55.22811698754201]
[76.43641043960054, 55.21399810237294]
[76.43681616383691, 55.21206708707505]
[76.44303969866758, 55.18310672928773]
[76.44322874630129, 55.15225017921993]
[76.44400052458876, 55.141747641719896]
[76.45349184754102, 55.13697696865782]
[76.45953121912405, 55.11157612873865]
[76.46002312395062, 55.10954401358473]
[76.46114014717514, 55.104949221571616]
[76.46117111462051, 55.10482222685461]
[76.46209328738153, 55.10104996077192]
[76.46221518049722, 55.074137202082674]
[76.46689920960415, 55.03162616437826]
[76.48045785524073, 55.029413026008804]
[76.4828922913468, 55.020367532371715]
[76.48449697937922, 55.014457301695394]
[76.48505649590444, 55.01240611480739]
[76.48553903530637, 55.010641056741484]
[76.48756504377695, 55.00326945268681]
[76.48960806518193, 54.99589895901724]
[76.49090405236436, 54.99125560355559]
[76.49324541721026, 54.982928583329226]
[76.49428829439319, 54.979244755858794]
[76.49436571394723, 54.978971891156654]
[76.49483810983227, 54.97730874993954]
[76.49918132452983, 54.96216129282447]
[76.4996098293243, 54.96068058887054]
[76.50367490524266, 54.94675262757919]
[76.50669282155735, 54.93654800634389]
[76.50724057357328, 54.93470791717934]
[76.50778939239294, 54.93286790428242]
[76.51103410126393, 54.87229370027818]
[76.5150746548434, 54.850646780194964]
[76.52892788459258, 54.82276998979829]
[76.53917125647644, 54.780273354213314]
[76.56837714503618, 54.748430992656026]
[76.56900556448194, 54.746680429970816]
[76.57167736009225, 54.739268960083876]
[76.57499738313977, 54.73012870433282]
[76.57798468667946, 54.72196876933721]
[76.59031980866335, 54.688892924117866]
[76.59187780589315, 54.68478337039224]
[76.5967725220899, 54.671967828981025]
[76.59842619542742, 54.667670231165616]
[76.60139117766025, 54.66000457369569]
[76.60483787033392, 54.651156640204626]
[76.60784321239319, 54.6434960105042]
[76.60934598705585, 54.639684101473875]
[76.61202930085777, 54.63290816441717]
[76.6147274294306, 54.62613370494511]
[76.61963437567789, 54.613911266193206]
[76.62269650366494, 54.60634668175406]
[76.62792623684612, 54.593535919833904]
[76.6361901999729, 54.57356316193388]
[76.64310279523646, 54.557101625429326]
[76.6511018360466, 54.53832014144561]
[76.65210218224964, 54.535990973507744]
[76.65285014610832, 54.534252243560594]
[76.65328391768081, 54.53324498420733]
[76.655012597408, 54.529238759249864]
[76.65591012910399, 54.52716370218976]
[76.65793782711414, 54.52248817285522]
[76.65869690737108, 54.520742266002685]
[76.65974339660724, 54.518339218391645]
[76.67026605177506, 54.49442278164729]
[76.68554440983766, 54.46046192955749]
[76.68555363283005, 54.46044169097122]
[76.69833868362394, 54.432678012473886]
[76.70147605460538, 54.42595183507584]
[76.70365778502777, 54.42129408117009]
[76.7049239778409, 54.418598214536864]
[76.70530850637019, 54.41778056777905]
[76.72054676260608, 54.38576566388254]
[76.72466469694733, 54.377240094165586]
[76.72957639114559, 54.36713893520189]
[76.72957639114561, 54.36713893520188]
[76.73618732596857, 54.35365713407219]
[76.74805108386053, 54.329780849895805]
[76.75141496139369, 54.32308304600488]
[76.758967681784, 54.308157575452725]
[76.76203222915026, 54.30214520208624]
[76.78144172414046, 54.26462983498833]
[76.78574934235671, 54.25643184083658]
[76.7865787290817, 54.254858581979114]
[76.79518788205787, 54.238625119442766]
[76.81399210757331, 54.20376463796106]
[76.81614297900546, 54.199827675178916]
[76.81631008228688, 54.1995222322314]
[76.8191864007188, 54.1942742146657]
[76.81952176116816, 54.193663495730505]
[76.84733194629337, 54.14383889615234]
[76.85168234628019, 54.13618636452773]
[76.8526029688263, 54.13457169650443]
[76.85786270080695, 54.12537816512963]
[76.85786270080696, 54.125378165129625]
[76.85851942582427, 54.12423400230666]
[76.86678614810626, 54.109901372240316]
[76.88014456230697, 54.087008514645504]
[76.89361378695078, 54.064249266181974]
[76.90567251570917, 54.04413893888665]
[76.91792987503537, 54.02394561251763]
[76.92238652981902, 54.01666395411659]
[76.93752742280668, 53.992159482070974]
[76.93784239085086, 53.99165350061412]
[76.97215518279272, 53.93741389344038]
[76.97566501106655, 53.93196123675075]
[76.9946288927939, 53.902792609125335]
[76.99716981398554, 53.89892114051367]
[77.01700434571922, 53.868989330887466]
[77.01740535168935, 53.868389374912056]
[77.01971334855135, 53.86494024998407]
[77.06198802266927, 53.802910466153726]
[77.07239012920877, 53.78796762869321]
[77.07794972072519, 53.780030893383625]
[77.08006805159677, 53.77701581672618]
[77.08326215456424, 53.77247888418228]
[77.08567731654598, 53.769055767054574]
[77.11883040446341, 53.722693902765116]
[77.12814099477562, 53.709877976345076]
[77.13417320008517, 53.70162099832763]
[77.1496651323158, 53.680578890107085]
[77.15516461107522, 53.673164792899314]
[77.1629858249653, 53.589587410660386]
[77.22149385644133, 53.585919944147825]
[77.22468511215054, 53.581819285053584]
[77.23167183238817, 53.57287126495659]
[77.24454279442504, 53.55649250089231]
[77.24819604097237, 53.55186815810177]
[77.24958927925309, 53.55010740313653]
[77.25005392408953, 53.549520537943124]
[77.25018283040929, 53.54935775472573]
[77.25616313837013, 53.5418203990342]
[77.25750401342204, 53.540134315081374]
[77.2748890107025, 53.51840128461794]
[77.27602332725826, 53.51699142648656]
[77.28760054194335, 53.502658141732766]
[77.29519850275535, 53.493306447743144]
[77.2961937637786, 53.49208466048043]
[77.29900852758225, 53.48863322652736]
[77.300916298693, 53.48629727422562]
[77.30282590801387, 53.48396176150387]
[77.35458772031618, 53.42165184382681]
[77.35752890858312, 53.41816736169772]
[77.38542529535076, 53.385405633401895]
[77.45673853919928, 53.30390854119578]
[77.59178297517715, 53.15757372936805]
[77.9829121177503, 52.78066601388298]
[77.98291211775033, 52.780666013882964]
[78.19550816662749, 52.59862771596221]
[78.37592116906637, 52.454188247599966]
[78.63252502721542, 52.262346369635395]
[79.92522570732626, 51.47590797351566]
[81.04832404828224, 39.635362753672524]
[81.42351823838365, 36.78893749017341]
[81.53770260903431, 35.4251519510975]
[81.54395197921443, 35.383311202721075]
[81.55166570004378, 35.335764571531406]
[81.55696235228918, 35.305920387467516]
[81.57743093726363, 35.28047826609942]
[81.59574573284051, 35.16784334481372]
[81.6042513625575, 35.12346728491821]
[81.60778042929134, 35.07727005930179]
[81.6243705537799, 35.018557082439095]
[81.632997976637, 34.993106591102]
[81.63668599973091, 34.982057604428704]
[81.646355351537, 34.954462863851155]
[81.64785755530139, 34.95034723854049]
[81.65056282642476, 34.911831373224445]
[81.6623328771538, 34.86827609512175]
[81.66494313403372, 34.8581459602961]
[81.66585388498247, 34.85596248996964]
[81.6754057501883, 34.831523973697266]
[81.68027438111976, 34.811578613162204]
[81.68048947463555, 34.80616215965292]
[81.68271157725498, 34.80165910549168]
[81.68515069361412, 34.791774049309915]
[81.69232514335667, 34.77064320432551]
[81.69476529577491, 34.76372795395344]
[81.69943955722717, 34.75946412851311]
[81.69971855893121, 34.75010127474161]
[81.70355205608243, 34.74193161523293]
[81.70457862704706, 34.70940995547234]
[81.72594201321168, 34.68644202749112]
[81.73266735504359, 34.62162114635143]
[81.74514436249555, 34.583905344928205]
[81.76982817595669, 34.50567723334024]
[81.7749189749207, 34.45011976205619]
[81.78489089438088, 34.41912029403849]
[81.79998880261161, 34.38188774925913]
[81.80830856847696, 34.36598900321688]
[81.81714128258606, 34.35243446117348]
[81.85758666893946, 34.325909971361156]
[81.96123687394228, 34.31143148319659]
[81.96258862472733, 34.17802508976501]
[82.02911186405484, 34.06045850474294]
[82.09934847003066, 34.0493581475009]
[82.19242320739211, 33.95851459592781]
[82.22937171439997, 33.83178136312801]
[82.25203436053928, 33.795284695847556]
[82.36663629100298, 33.627116135280325]
[82.50578969810643, 33.61437796445789]
[82.53319283104487, 33.56790591684284]
[82.5605772009657, 33.53283944295514]
[82.57146585984451, 33.45289435273287]
[82.587601821709, 33.43372439253164]
[82.64414501984973, 33.358792908188036]
[82.66055435190847, 33.34472417724061]
[82.66880124368689, 33.33867890885661]
[82.67293523458298, 33.335852212635196]
[82.70280499323225, 33.32295417452967]
[82.7763146141163, 33.303676406333274]
[82.80859707120257, 33.22118719180237]
[82.86503987808369, 33.1551037140019]
[82.88903795476624, 33.0637487047146]
[82.92052496376431, 33.012142133949474]
[83.00483395018775, 33.00711480609412]
[83.00764978804995, 32.99672267112892]
[83.02224678467411, 32.98481549842891]
[83.03407990410263, 32.98406807430085]
[83.0384504825839, 32.96658409935515]
[83.08435053559367, 32.94812946481547]
[83.0994706087807, 32.937810261670144]
[83.10124628880881, 32.93370871319765]
[83.12420409147077, 32.91691027173991]
[83.14164705718514, 32.86159295768829]
[83.21034194638635, 32.81889340143409]
[83.29543641688734, 32.784306031527734]
[83.32215689083642, 32.75472932660473]
[83.33400839874768, 32.73848869813098]
[83.34135822719058, 32.72995988761639]
[83.35752136928079, 32.710651648280454]
[83.36416941585219, 32.70953969991819]
[83.4047800875797, 32.65251336509073]
[83.4260047565359, 32.630710839865664]
[83.43384899501527, 32.61006331654403]
[83.44648525784604, 32.595263310977366]
[83.50254907906371, 32.53417192709684]
[83.53364500952796, 32.490087010881275]
[83.53793534885017, 32.47302418544563]
[83.59522889404752, 32.4329797844039]
[83.60226474915285, 32.406795705297654]
[83.63673762898468, 32.3648110489062]
[83.6515907555314, 32.34391615865913]
[83.66341932879074, 32.33028188650555]
[83.67778269711668, 32.31048802824514]
[83.70404752476136, 32.290053879137666]
[83.70521846523715, 32.28743293249845]
[83.72350073864129, 32.26099927495494]
[83.7458913598994, 32.23914581846699]
[83.77461387485002, 32.21560331640796]
[83.79096969493561, 32.19744769420262]
[83.80230097796398, 32.18742914930439]
[83.80965222195249, 32.18171167158725]
[83.84215407216192, 32.15357260246633]
[83.84722124421447, 32.15156188899804]
[83.87080436225607, 32.13046907609223]
[83.88230722547628, 32.12146074495496]
[83.92777265510546, 32.09743747297705]
[83.96350788926406, 32.06160476033007]
[83.97520480566615, 32.05344139978409]
[84.00259763446965, 32.048327202960294]
[84.03841114816447, 32.03954381119424]
[84.06892084051219, 32.0012245950201]
[84.06964492786868, 31.990433196572866]
[84.09260475429323, 31.968609067507153]
[84.1266254642446, 31.95272897905943]
[84.13767818204987, 31.938119771182105]
[84.1799744132511, 31.910136649751966]
[84.20787173162105, 31.90425050489267]
[84.21552035846418, 31.888646443319324]
[84.24230476906153, 31.878569487979135]
[84.2567803744709, 31.862717414175712]
[84.29160366584142, 31.83694292904]
[84.33013744930857, 31.81225797508804]
[84.3374940366978, 31.808672038121898]
[84.35532359431676, 31.791909895879822]
[84.39095208140452, 31.771208767707446]
[84.39258764522152, 31.768747682250268]
[84.43093713120976, 31.74738079309251]
[84.45560550656086, 31.723686660020388]
[84.46990444780269, 31.717205102581254]
[84.4917660778864, 31.701285631798257]
[84.5062928017072, 31.687959775888885]
[84.54315690811872, 31.65878882634356]
[84.54490224853465, 31.65706014976043]
[84.54846271032496, 31.655319928682395]
[84.59630294751646, 31.63419860320357]
[84.63616249569648, 31.601739598210923]
[84.63994277853405, 31.582672269909]
[84.64628115188758, 31.581429271151734]
[84.66313393516839, 31.573863154853647]
[84.70611221801765, 31.542824583336987]
[84.7126297482868, 31.535757447029226]
[84.71915188256426, 31.528691484125442]
[84.73411252827543, 31.52111243499194]
[84.73769324206584, 31.511234544906685]
[84.78298871060386, 31.47848135305741]
[84.80499054869722, 31.459444016921122]
[84.83344434768013, 31.436484404249565]
[84.85946233170067, 31.42201639330984]
[84.94476445546903, 31.35450769931159]
[85.02162280753011, 31.293489012824836]
[85.06391413771013, 31.264339132003034]
[85.09154997352968, 31.246287627052045]
[85.09972441212176, 31.24124969528863]
[85.11919148816385, 31.22886071824482]
[85.14583879691425, 31.221862051174774]
[85.18772171467434, 31.176943763949083]
[85.18938568008168, 31.17388609018155]
[85.19801494387129, 31.173501255985865]
[85.21785680090416, 31.15689480146993]
[85.24077149061746, 31.14220559453663]
[85.2726971691894, 31.118212461014494]
[85.28677088564542, 31.113246487439824]
[85.30063140008727, 31.10005363434441]
[85.32163547621258, 31.086571004294854]
[85.32163547621265, 31.086571004294797]
[85.3286469809927, 31.08210311403728]
[85.39917648748869, 31.03651794570692]
[85.44450735867593, 31.011485723127866]
[85.49869895424501, 30.97557688418555]
[85.52919655220529, 30.959636409840126]
[85.54632843984805, 30.951512357809975]
[85.67649217770978, 30.87638108416834]
[85.70062263810321, 30.86115112627056]
[85.71320107968101, 30.85504321688029]
[85.86104243346192, 30.783704508713345]
[85.87838157730619, 30.7725629023816]
[86.03457528430306, 30.693813377079433]
[86.0879573854696, 30.669532749253754]
[86.10725460268958, 30.662661533705663]
[86.1263074947427, 30.650064429839155]
[86.15498548177578, 30.637497217653145]
[86.1661747606122, 30.631954913900657]
[86.18600482357269, 30.62437848221652]
[86.20980614005263, 30.614320427198354]
[86.2435291773145, 30.598892243321032]
[86.25924316018074, 30.58994268012234]
[86.30322182594347, 30.568040143699783]
[86.32030964808335, 30.563018286451705]
[86.34210348362453, 30.555861739720726]
[86.36260601476914, 30.55313313287525]
[86.36459967350837, 30.539570187770252]
[86.39866149278407, 30.538341243105318]
[86.40914388798038, 30.524542960119774]
[86.42796095171057, 30.514302914602013]
[86.4566253539532, 30.50120180169191]
[86.49923647445064, 30.482119652362222]
[86.51214884521193, 30.473855795169417]
[86.53645416557515, 30.465428498535953]
[86.55142412616419, 30.464233678908123]
[86.64959467822517, 30.413791797585922]
[86.67094877537576, 30.40734120517516]
[86.6845403308386, 30.39688748767354]
[86.75438746995032, 30.37000304544212]
[86.76956677950156, 30.36111282843755]
[86.83285995160958, 30.333395843878332]
[86.86754895378695, 30.322813543967403]
[86.89436834903026, 30.30549276514506]
[86.92191702502322, 30.292725966681378]
[87.00244974858984, 30.25460064285786]
[87.03811277244934, 30.242805445629163]
[87.04966589852374, 30.23856993397539]
[87.16179008494822, 30.226447067803576]
[87.18783732278553, 30.176562889911697]
[87.21506828978565, 30.168566275871658]
[87.2166777048224, 30.16165830778222]
[87.24772151062763, 30.156553889526265]
[87.30966666512026, 30.121855094160505]
[87.4243376416415, 30.072506388808677]
[87.50918415152375, 30.044196800188317]
[87.54374057855887, 30.021816850922285]
[87.58638046042063, 30.017060882774814]
[87.60592522589155, 29.997573787072028]
[87.61302465144956, 29.994626604457913]
[87.69381376706966, 29.98032786808099]
[87.72536075259264, 29.954151550528643]
[87.75193369963138, 29.94937781774925]
[87.76001377416313, 29.948582745700428]
[87.77767621455277, 29.947846114854396]
[87.78236084532057, 29.935468426019497]
[87.79748523341148, 29.923134756846675]
[87.81946366619314, 29.914999955165783]
[87.85332342714392, 29.908539158948813]
[87.86152378318933, 29.8982141706841]
[87.88779390732452, 29.891860282716436]
[87.91916421343423, 29.87764881579146]
[87.94307224617779, 29.874622111138073]
[87.98395695297133, 29.857359930364176]
[88.0035972008313, 29.855818494272544]
[88.03205930665911, 29.849819500744363]
[88.03334036559416, 29.83581426529851]
[88.04798097534488, 29.833929582096424]
[88.08739858284372, 29.821673159077363]
[88.10007505423758, 29.821632857174095]
[88.15483080930234, 29.804788834746738]
[88.1713214111083, 29.792941877725713]
[88.25818907859758, 29.77318169335078]
[88.26807770202166, 29.766157256764842]
[88.31693921164283, 29.756337074603284]
[88.33091528594122, 29.749662292523546]
[88.38668380338942, 29.73137343658402]
[88.41667222580769, 29.716996828130952]
[88.47000393342228, 29.70956989635009]
[88.47487410478962, 29.704411735599162]
[88.50676448258105, 29.699728220225015]
[88.56407893006698, 29.690918258996174]
[88.57477875990989, 29.678869627441173]
[88.5976176830562, 29.678690579133214]
[88.62374159958324, 29.67095216590854]
[88.6750700831373, 29.655448078103028]
[88.6991459064439, 29.64964025045965]
[88.74019189940572, 29.643237429898974]
[88.77574014766532, 29.634189911279368]
[88.85669767260393, 29.623395313689883]
[88.8767810260208, 29.61512498433866]
[88.90917200064442, 29.61342916472317]
[88.97818479094128, 29.5982703128632]
[89.02768215983295, 29.58892413526201]
[89.06199734049724, 29.58274432752092]
[89.51529861050895, 29.575826346341316]
[93.69769378628435, 29.57240359584828]
[93.74674424143754, 29.555529490369764]
[93.75275693459189, 29.554095550581764]
[93.79626103164418, 29.542896888436196]
[93.80424561392151, 29.538002484825203]
[93.80835304541176, 29.536724974489985]
[93.86175167062846, 29.51980926637483]
[93.9572397775438, 29.499327983334226]
[93.95796539868438, 29.493623705530666]
[93.95915333706327, 29.49036294893519]
[93.97147730114013, 29.48613915552906]
[93.9997890733226, 29.480370146422374]
[94.00315251860357, 29.4779904469014]
[94.01196306091705, 29.473478439446282]
[94.02369241409207, 29.47075553813937]
[94.02780040946921, 29.46929896576655]
[94.02899011845089, 29.466042899984092]
[94.05173355433509, 29.45756880765792]
[94.08120464395603, 29.45007532897036]
[94.08971849124268, 29.446258092420926]
[94.09180362743817, 29.44055790045624]
[94.10996082765806, 29.439504880114736]
[94.13460890058519, 29.430324096239445]
[94.13580136259006, 29.427072593166255]
[94.15925681699855, 29.421033429174418]
[94.16164337099994, 29.4145252886138]
[94.21469540203043, 29.413615730017973]
[94.22648017491612, 29.39839602061658]
[94.25373771011105, 29.384424176170658]
[94.29070666603309, 29.369680661415774]
[94.34148934800402, 29.352279599538402]
[94.50387641720712, 29.287901876538722]
[94.67545887856716, 29.228113787889157]
[95.62701396465688, 28.78392777674797]
[96.00145857179875, 28.61395935394977]
[98.97841362125013, 27.876387310813076]
[99.00020987817447, 27.876143800698195]
[99.01950846477766, 27.872756697443904]
[99.04265455506368, 27.868817666577954]
[99.05945653785113, 27.862371177085333]
[99.10431194241124, 27.859080891533043]
[99.10816234918015, 27.858513409645028]
[99.11971131526118, 27.856842381349015]
[99.12740874507509, 27.85575514057271]
[99.13510466793915, 27.854689874796787]
[99.13789280831898, 27.852025775173484]
[99.17740522191019, 27.84924440312019]
[99.18893377356407, 27.847887022666814]
[99.20499324596061, 27.844283840451272]
[99.24268829427186, 27.842335327015995]
[99.25036138514015, 27.841652433761755]
[99.25803293876112, 27.840998187910362]
[99.25803293876116, 27.84099818791031]
[99.28870374318117, 27.838674228965562]
[99.30019892141485, 27.83792632235209]
[99.30786043715516, 27.837465913286152]
[99.31934980146548, 27.836833205831446]
[99.33466351337626, 27.836098843573353]
[99.33883956930113, 27.83504369193493]
[99.36909655890878, 27.834910022654974]
[99.3805672011031, 27.834657951955972]
[99.39585589807477, 27.834434747325083]
[99.3996770899472, 27.834399128861826]
[99.40349788840831, 27.834371583564856]
[99.41113830417106, 27.834340699553195]
values
[76.35797152483465, 55.76547387551305]
[76.35807914678192, 55.7494323213397]
[76.35808787444974, 55.745585494782276]
[76.35833367708166, 55.71735252428746]
[76.35844670394279, 55.694171921505124]
[76.35993393447755, 55.64672996530625]
[76.36006623941405, 55.642886275131794]
[76.3621033203924, 55.595414077802666]
[76.36229796282606, 55.59157243117051]
[76.36398099995532, 55.57957435113785]
[76.3643528311596, 55.56820990210063]
[76.36460651109337, 55.551806517296]
[76.36510703531532, 55.54412738936985]
[76.36559697257907, 55.53989524352346]
[76.36745642785468, 55.51513884612151]
[76.36781857691176, 55.510648078325744]
[76.36795803649447, 55.5093423336477]
[76.36823523098468, 55.508197277020535]
[76.36872511845327, 55.49866910880439]
[76.36894951496917, 55.492874208713225]
[76.36910908415729, 55.49095588571872]
[76.37118989519668, 55.47651160942931]
[76.37230578791522, 55.457254178945945]
[76.37345008122834, 55.44455878795684]
[76.37363494024376, 55.4416588885666]
[76.37579570833208, 55.42462406218327]
[76.37919465519882, 55.40674349227676]
[76.38010319111298, 55.40340938517097]
[76.38118367053838, 55.39945776391419]
[76.38121498981566, 55.374719680492355]
[76.38374313938738, 55.3688494694306]
[76.38501404125111, 55.34416665068971]
[76.3855500650124, 55.33935946230905]
[76.3877472248636, 55.32536097881051]
[76.38959016467079, 55.31233615499029]
[76.39331161357138, 55.29005489660476]
[76.39874197153442, 55.25263158254941]
[76.39898809549994, 55.25133107107572]
[76.39948813962052, 55.246856951976426]
[76.40115347304106, 55.24329829530126]
[76.40671170919221, 55.20778872010639]
[76.40878758311774, 55.19202651748033]
[76.41121963744, 55.17952931925056]
[76.41812804930602, 55.14302936750372]
[76.42235340318923, 55.125686268324785]
[76.42248918253769, 55.122404087941014]
[76.42603111752419, 55.11335692810996]
[76.4286796726201, 55.09219396023964]
[76.43122023354636, 55.08765690054962]
[76.43266725640316, 55.078906301783334]
[76.43651900777002, 55.06148119243639]
[76.43745531160535, 55.05547351474945]
[76.44534516658409, 55.020338162565025]
[76.44651464422425, 55.01929514752562]
[76.44920469548107, 55.006924816702515]
[76.45065862498782, 54.998373886519445]
[76.45183956915264, 54.99709690544496]
[76.45665751562885, 54.97497085095165]
[76.46862489743859, 54.9344703753717]
[76.48402321242752, 54.874835772148685]
[76.51103410126393, 54.87229370027818]
[76.5150746548434, 54.850646780194964]
[76.51532385463923, 54.77551905449582]
[76.51779421869652, 54.77460573991108]
[76.53383473763199, 54.72065648970249]
[76.53816990807117, 54.713246037346494]
[76.59031980866335, 54.688892924117866]
[76.59187780589315, 54.68478337039224]
[76.5967725220899, 54.671967828981025]
[76.59842619542742, 54.667670231165616]
[76.60139117766025, 54.66000457369569]
[76.60483787033392, 54.651156640204626]
[76.60784321239319, 54.6434960105042]
[76.60934598705585, 54.639684101473875]
[76.61202930085777, 54.63290816441717]
[76.6147274294306, 54.62613370494511]
[76.61963437567789, 54.613911266193206]
[76.62269650366494, 54.60634668175406]
[76.62792623684612, 54.593535919833904]
[76.6361901999729, 54.57356316193388]
[76.64310279523646, 54.557101625429326]
[76.6511018360466, 54.53832014144561]
[76.65210218224964, 54.535990973507744]
[76.65285014610832, 54.534252243560594]
[76.65328391768081, 54.53324498420733]
[76.655012597408, 54.529238759249864]
[76.65591012910399, 54.52716370218976]
[76.65793782711414, 54.52248817285522]
[76.65869690737108, 54.520742266002685]
[76.65974339660724, 54.518339218391645]
[76.67026605177506, 54.49442278164729]
[76.68554440983766, 54.46046192955749]
[76.68555363283005, 54.46044169097122]
[76.69833868362394, 54.432678012473886]
[76.70147605460538, 54.42595183507584]
[76.70365778502777, 54.42129408117009]
[76.7049239778409, 54.418598214536864]
[76.70530850637019, 54.41778056777905]
[76.72054676260608, 54.38576566388254]
[76.72466469694733, 54.377240094165586]
[76.72957639114559, 54.36713893520189]
[76.72957639114561, 54.36713893520188]
[76.73618732596857, 54.35365713407219]
[76.74805108386053, 54.329780849895805]
[76.75141496139369, 54.32308304600488]
[76.758967681784, 54.308157575452725]
[76.76203222915026, 54.30214520208624]
[76.78144172414046, 54.26462983498833]
[76.78574934235671, 54.25643184083658]
[76.7865787290817, 54.254858581979114]
[76.79518788205787, 54.238625119442766]
[76.81399210757331, 54.20376463796106]
[76.81614297900546, 54.199827675178916]
[76.81631008228688, 54.1995222322314]
[76.8191864007188, 54.1942742146657]
[76.81952176116816, 54.193663495730505]
[76.84733194629337, 54.14383889615234]
[76.85168234628019, 54.13618636452773]
[76.8526029688263, 54.13457169650443]
[76.85786270080695, 54.12537816512963]
[76.85786270080696, 54.125378165129625]
[76.85851942582427, 54.12423400230666]
[76.86678614810626, 54.109901372240316]
[76.88014456230697, 54.087008514645504]
[76.89361378695078, 54.064249266181974]
[76.90567251570917, 54.04413893888665]
[76.91792987503537, 54.02394561251763]
[76.92238652981902, 54.01666395411659]
[76.93752742280668, 53.992159482070974]
[76.93784239085086, 53.99165350061412]
[76.97215518279272, 53.93741389344038]
[76.97566501106655, 53.93196123675075]
[76.9946288927939, 53.902792609125335]
[76.99716981398554, 53.89892114051367]
[77.01700434571922, 53.868989330887466]
[77.01740535168935, 53.868389374912056]
[77.01971334855135, 53.86494024998407]
[77.06198802266927, 53.802910466153726]
[77.07239012920877, 53.78796762869321]
[77.07794972072519, 53.780030893383625]
[77.08006805159677, 53.77701581672618]
[77.08326215456424, 53.77247888418228]
[77.08567731654598, 53.769055767054574]
[77.11883040446341, 53.722693902765116]
[77.12814099477562, 53.709877976345076]
[77.13417320008517, 53.70162099832763]
[77.1496651323158, 53.680578890107085]
[77.15516461107522, 53.673164792899314]
[77.1629858249653, 53.589587410660386]
[77.22149385644133, 53.585919944147825]
[77.22468511215054, 53.581819285053584]
[77.23167183238817, 53.57287126495659]
[77.24454279442504, 53.55649250089231]
[77.24819604097237, 53.55186815810177]
[77.24958927925309, 53.55010740313653]
[77.25005392408953, 53.549520537943124]
[77.25018283040929, 53.54935775472573]
[77.25616313837013, 53.5418203990342]
[77.25750401342204, 53.540134315081374]
[77.2748890107025, 53.51840128461794]
[77.27602332725826, 53.51699142648656]
[77.28760054194335, 53.502658141732766]
[77.29519850275535, 53.493306447743144]
[77.2961937637786, 53.49208466048043]
[77.29900852758225, 53.48863322652736]
[77.300916298693, 53.48629727422562]
[77.30282590801387, 53.48396176150387]
[77.35458772031618, 53.42165184382681]
[77.35752890858312, 53.41816736169772]
[77.38542529535076, 53.385405633401895]
[77.45673853919928, 53.30390854119578]
[77.59178297517715, 53.15757372936805]
[77.9829121177503, 52.78066601388298]
[77.98291211775033, 52.780666013882964]
[78.19550816662749, 52.59862771596221]
[78.37592116906637, 52.454188247599966]
[78.63252502721542, 52.262346369635395]
[79.92522570732626, 51.47590797351566]
[81.04832404828224, 39.635362753672524]
[81.42351823838365, 36.78893749017341]
[81.53770260903431, 35.4251519510975]
[81.54395197921443, 35.383311202721075]
[81.55166570004378, 35.335764571531406]
[81.55696235228918, 35.305920387467516]
[81.57743093726363, 35.28047826609942]
[81.59574573284051, 35.16784334481372]
[81.6042513625575, 35.12346728491821]
[81.60778042929134, 35.07727005930179]
[81.6243705537799, 35.018557082439095]
[81.63177036740376, 34.98700615045543]
[81.63668599973091, 34.982057604428704]
[81.646355351537, 34.954462863851155]
[81.64785755530139, 34.95034723854049]
[81.65056282642476, 34.911831373224445]
[81.6623328771538, 34.86827609512175]
[81.66494313403372, 34.8581459602961]
[81.66585388498247, 34.85596248996964]
[81.6754057501883, 34.831523973697266]
[81.68027438111976, 34.811578613162204]
[81.68048947463555, 34.80616215965292]
[81.68271157725498, 34.80165910549168]
[81.68515069361412, 34.791774049309915]
[81.69232514335667, 34.77064320432551]
[81.69476529577491, 34.76372795395344]
[81.69943955722717, 34.75946412851311]
[81.69971855893121, 34.75010127474161]
[81.70355205608243, 34.74193161523293]
[81.70457862704706, 34.70940995547234]
[81.70806400681094, 34.69650399934703]
[81.71160364082691, 34.69631966798842]
[81.71169633329933, 34.682860315570295]
[81.71772310775282, 34.66273895771841]
[81.72929095367844, 34.62172514549775]
[81.73266735504359, 34.62162114635143]
[81.73408212728837, 34.60058996647184]
[81.73565112077516, 34.59423920443914]
[81.73828905806373, 34.58443913442254]
[81.74514436249555, 34.583905344928205]
[81.75300216819298, 34.536307786524844]
[81.75304254500756, 34.53013579667272]
[81.75443835035195, 34.5243723754252]
[81.76041559122662, 34.504091796796345]
[81.76099826949347, 34.501644805134795]
[81.7615295032545, 34.49887499003842]
[81.76203001827788, 34.497775943000434]
[81.76397959475796, 34.48963831065152]
[81.7675763753762, 34.476305925383684]
[81.76868398368775, 34.472252670230866]
[81.769531905802, 34.471362456101275]
[81.77083819927081, 34.46457132479231]
[81.77308523377513, 34.456968439584266]
[81.7749189749207, 34.45011976205619]
[81.77638383857594, 34.44541966902807]
[81.78143807359766, 34.42924859049398]
[81.7845711310326, 34.41909739254506]
[81.78511097119053, 34.418495829281326]
[81.78614452443784, 34.41535735122505]
[81.78847245868322, 34.409266233019295]
[81.79140694038516, 34.39983607903392]
[81.7950840784857, 34.389575511977526]
[81.79757549713888, 34.374034971550955]
[81.80161131146785, 34.373223209633764]
[81.8026737565431, 34.36963985643345]
[81.80591998972214, 34.36416783084657]
[81.80619250297168, 34.3617351067806]
[81.8065862105562, 34.360004338734]
[81.80757656823674, 34.35763336912445]
[81.8105770162464, 34.35061618520654]
[81.81262193403143, 34.349489135082806]
[81.81335037902008, 34.34464384212711]
[81.8140632908711, 34.344177301429234]
[81.81425753060996, 34.34328216102618]
[81.81464612911817, 34.34149405301121]
[81.81513145481776, 34.34104714295159]
[81.81565686048917, 34.339708835593385]
[81.82034741013668, 34.33013716533257]
[81.82089652556157, 34.32834835757652]
[81.82263560269273, 34.325970248335324]
[81.82475945231502, 34.32285874913781]
[81.82837747855, 34.31655187653645]
[81.82894703785573, 34.31369513900852]
[81.83315515067106, 34.24280314095299]
[81.84969360706361, 34.18040663832763]
[81.86967103031249, 34.112964037785574]
[81.8792057292282, 34.0762538082365]
[81.89847047086236, 34.003343169692634]
[81.9150501725835, 33.9488128639985]
[81.93722332034147, 33.88006169484521]
[81.9553062355458, 33.84814463075355]
[81.9612613122942, 33.8048597952405]
[81.96676517790782, 33.78998786308814]
[81.96876261610126, 33.78304594443781]
[81.96936909614267, 33.775301915520956]
[81.99145278981251, 33.69267254787719]
[82.0146459071945, 33.657365424308736]
[82.02309511783429, 33.63625778614605]
[82.02941849727166, 33.618631252601084]
[82.0316886371462, 33.615375276896565]
[82.03455603339742, 33.60759593680487]
[82.03868281129051, 33.606327245202756]
[82.04133309333896, 33.598351037948575]
[82.04373137667304, 33.58476969763908]
[82.0531914247239, 33.56503768524325]
[82.06246867951415, 33.539726806592874]
[82.07203037224505, 33.51754681667839]
[82.08097628084496, 33.50050260889856]
[82.0994170471975, 33.457026665498546]
[82.10148598271012, 33.45257378528814]
[82.11156090117987, 33.431486815833004]
[82.12176377548028, 33.41070515815682]
[82.1425528170732, 33.370090728846215]
[82.15727741414474, 33.34681806404853]
[82.18123971768208, 33.3047056744499]
[82.21750641395947, 33.279429201202944]
[82.2239780196766, 33.23815905013856]
[82.3790588431761, 33.20526100562503]
[82.39052963459854, 33.07545406438449]
[82.50538366242186, 32.997085828782104]
[82.67089670498055, 32.72616920431406]
[82.72951081551187, 32.68844268419353]
[82.73469728561827, 32.627411952411805]
[83.0955172286801, 32.26231965440883]
[83.63720742425384, 31.887524010360007]
[84.09100263452909, 31.886118644769805]
[84.09678939533337, 31.848057661537432]
[84.19222685397705, 31.760134700904334]
[84.30896293218888, 31.71407128147947]
[84.34777325771593, 31.66159796907896]
[84.43739028820272, 31.615741808944737]
[84.55042576152226, 31.575648822842567]
[84.62031619937481, 31.537020440963353]
[84.68065991909222, 31.53048348486855]
[84.6957254460875, 31.456368304721714]
[84.75612427793126, 31.43307206267489]
[84.80652077067575, 31.41126717461252]
[84.88754846054667, 31.396093118189924]
[84.89843973416735, 31.364290500887947]
[84.90046013845893, 31.33749518023365]
[84.93948364971084, 31.335726725750863]
[84.97846725001378, 31.266297021540595]
[85.03354544235526, 31.205614354498522]
[85.03738127524866, 31.061421317544983]
[85.15002117233465, 31.002805603312698]
[85.26426688081645, 30.943970833303855]
[85.47306890879594, 30.936180494126216]
[85.49747251503562, 30.83414401125609]
[85.79561862173526, 30.7711096225057]
[85.96055404226107, 30.696955854560265]
[85.98200486066635, 30.66458012093735]
[86.04789824124325, 30.64007991119407]
[86.11505780430312, 30.617234732527287]
[86.20980614005263, 30.614320427198354]
[86.23523130922042, 30.603579901284583]
[86.2435291773145, 30.598892243321032]
[86.25924316018074, 30.58994268012234]
[86.272918943131, 30.55071792796886]
[86.35606857093319, 30.53253218104314]
[86.38210147419372, 30.488212144789486]
[86.45267714890738, 30.46580585875319]
[86.53645416557515, 30.465428498535953]
[86.55142412616419, 30.464233678908123]
[86.5871035581293, 30.416523606359245]
[86.63986774311681, 30.394296319916503]
[86.7134074427857, 30.386240112565034]
[86.7286992255968, 30.369289893663748]
[86.73980840583063, 30.313282082099192]
[86.79441700727656, 30.31312968322629]
[86.80918193741921, 30.303409470363885]
[86.88801506166796, 30.302186032906476]
[86.92191702502322, 30.292725966681378]
[86.93119071119828, 30.27673696248318]
[87.00152499892319, 30.246672290366227]
[87.01086158667749, 30.237319208320336]
[87.0358084758102, 30.232628994928227]
[87.0779776713806, 30.189979760229832]
[87.18783732278553, 30.176562889911697]
[87.21506828978565, 30.168566275871658]
[87.2166777048224, 30.16165830778222]
[87.21818647580031, 30.13293685622548]
[87.27550243157829, 30.12762715092066]
[87.28689152766333, 30.116757300761144]
[87.36644978784973, 30.066593348887313]
[87.40062352781277, 30.060906787861203]
[87.50176308833902, 30.035511219514873]
[87.51172030597326, 30.016126148181833]
[87.54203107619142, 29.998872761867766]
[87.60592522589155, 29.997573787072028]
[87.61302465144956, 29.994626604457913]
[87.63797177584482, 29.965253368206568]
[87.67495157660213, 29.95165583142721]
[87.6844789977508, 29.93864114544884]
[87.72036417137996, 29.937913698733528]
[87.76459115402456, 29.931582845978838]
[87.76504430561332, 29.91600429979884]
[87.78635049621603, 29.904844511110493]
[87.8043550188596, 29.894661168234812]
[87.87151093407672, 29.87327574672295]
[87.92319369794468, 29.856978104349444]
[87.94130888570461, 29.847157938818963]
[87.95818955056447, 29.84207993717633]
[88.03087530466644, 29.836735159845038]
[88.03334036559416, 29.83581426529851]
[88.03399919751524, 29.830273116700365]
[88.07916072770577, 29.802517618096147]
[88.09698156302684, 29.798457057370815]
[88.11315567606792, 29.79318491104273]
[88.1713214111083, 29.792941877725713]
[88.21788714551894, 29.761194422487126]
[88.2766263612612, 29.7568718055723]
[88.27819465543259, 29.753672783448604]
[88.30258446373213, 29.74143784287098]
[88.35746470470518, 29.723586040234267]
[88.37590788574111, 29.71511775210413]
[88.47000393342228, 29.70956989635009]
[88.47487410478962, 29.704411735599162]
[88.49407270440864, 29.691785873320608]
[88.51641228335691, 29.682039204938494]
[88.55751961188749, 29.681190437729313]
[88.57477875990989, 29.678869627441173]
[88.58782115911629, 29.6731894135146]
[88.60534367324325, 29.66352777109706]
[88.62079498538, 29.66012032131244]
[88.65004934222182, 29.659868999023207]
[88.6750700831373, 29.655448078103028]
[88.6763688097956, 29.64586483302874]
[88.74019189940572, 29.643237429898974]
[88.77415961299414, 29.637410929230057]
[88.77574014766532, 29.634189911279368]
[88.84827268415674, 29.631923459923748]
[88.85669767260393, 29.623395313689883]
[88.8767810260208, 29.61512498433866]
[88.90917200064442, 29.61342916472317]
[88.91423006652425, 29.612424953693896]
[88.96496670950728, 29.603000039156733]
[88.97818479094128, 29.5982703128632]
[88.97982842586856, 29.59182938315832]
[89.02768215983295, 29.58892413526201]
[89.06199734049724, 29.58274432752092]
[89.18487672146114, 29.571131121579274]
[93.69705713346542, 29.56406381080917]
[93.74366053535597, 29.545614432814666]
[93.77791091544577, 29.539325824504264]
[93.80424561392151, 29.538002484825203]
[93.80835304541176, 29.536724974489985]
[93.81765328362341, 29.53001178758797]
[93.82232465848213, 29.52858258971618]
[93.82589066553683, 29.52855184485207]
[93.84617852245385, 29.525844704273098]
[93.85736078677091, 29.517722608823178]
[93.87420703852726, 29.51702497335942]
[93.87838309467197, 29.511087751943162]
[93.90223629583768, 29.508048097954514]
[93.90874937111963, 29.50134780704827]
[93.92510075179423, 29.496027189784517]
[93.93911637100156, 29.491424541552366]
[93.95829658484385, 29.48962763155692]
[93.96014002740434, 29.484448040433502]
[93.97698375173408, 29.483350570006408]
[93.98116391490008, 29.477385007884035]
[94.00526615617815, 29.475772257674684]
[94.01153206465538, 29.46703128356887]
[94.02554822381474, 29.46219267755012]
[94.05173355433509, 29.45756880765792]
[94.0559166785993, 29.451580276031663]
[94.06058875513841, 29.449932057014216]
[94.0891086733617, 29.444280141564604]
[94.09180362743817, 29.44055790045624]
[94.10996082765806, 29.439504880114736]
[94.12648358524825, 29.430731477077376]
[94.13460890058519, 29.430324096239445]
[94.13580136259006, 29.427072593166255]
[94.15915630935456, 29.425045514049135]
[94.15925681699855, 29.421033429174418]
[94.16164337099994, 29.4145252886138]
[94.20123173353889, 29.40287121901171]
[94.22648017491612, 29.39839602061658]
[94.25373771011105, 29.384424176170658]
[94.25729034367028, 29.381326605220618]
[94.27597589580044, 29.374024646004905]
[94.29070666603309, 29.369680661415774]
[94.34148934800402, 29.352279599538402]
[94.36595065843376, 29.346715578915575]
[94.38865285535233, 29.343008824874364]
[94.50387641720712, 29.287901876538722]
[94.67545887856716, 29.228113787889157]
[95.62701396465688, 28.78392777674797]
[96.00145857179875, 28.61395935394977]
[98.75545086302219, 27.907847554172857]
[98.75655467757107, 27.907628866931617]
[98.89520632673123, 27.883987923476372]
[98.92819339282025, 27.877883557527326]
[98.96973796483385, 27.873772721016778]
[98.98620302477023, 27.87092501086187]
[99.00684590441536, 27.87076698740145]
[99.00684590441537, 27.870766987401396]
[99.02439058559176, 27.867885617722617]
[99.05945653785113, 27.862371177085333]
[99.09449112289758, 27.857225493081362]
[99.1032448464635, 27.856001955236447]
[99.10762096786915, 27.85540009609478]
[99.11637172813496, 27.854216626512248]
[99.12949415680146, 27.85249332035067]
[99.13789280831898, 27.852025775173484]
[99.14698378477709, 27.850295985432368]
[99.16446545629216, 27.848218239083156]
[99.17320330124862, 27.847225824747746]
[99.19503916763833, 27.84488531382086]
[99.19722206586997, 27.844662565736733]
[99.1994048387591, 27.84444191003316]
[99.20499324596061, 27.844283840451272]
[99.21249884141913, 27.84316242452312]
[99.2168625042234, 27.842753076844293]
[99.22122566406279, 27.842352420022742]
[99.23431212225198, 27.84120327775831]
[99.23431212225205, 27.84120327775826]
[99.23649275754227, 27.84101954595363]
[99.25175367020451, 27.839796815764778]
[99.25393329514537, 27.83963128998996]
[99.26918712548161, 27.838537712852457]
[99.27354422217601, 27.838246404035278]
[99.28661246552555, 27.837429678698292]
[99.30185296333488, 27.83658672633143]
[99.30402966782, 27.836476077596657]
[99.30620624480136, 27.836367889035785]
[99.31055901607832, 27.836158913881246]
[99.31273521028598, 27.83605813775185]
[99.31708721562083, 27.835864033759293]
[99.32143870988963, 27.835679893365565]
[99.33014016382813, 27.835341651829015]
[99.33449012279775, 27.835187620404973]
[99.33883956930113, 27.83504369193493]
[99.34971094122572, 27.834728264314588]
[99.35623222366205, 27.834569581290353]
[99.36492546696239, 27.8343938330112]
[99.37361665062187, 27.83425916841805]
[99.39099282787086, 27.834113512871596]
end_solutions
[-3.7601259964233273, -1.8822279635759638]
[-3.759835795383446, -1.8824982939532044]
[-3.7595009480297374, -1.8828102136192513]
[-3.75822440683561, -1.8840519432838236]
[-3.75822440683561, -1.8840519432838236]
[-3.7092221121133546, -1.9313343532997513]
[-3.7077692298708795, -1.9328140189704266]
[-3.707042788749642, -1.9335538518057642]
[-3.704404487924402, -1.9364096880616402]
[-3.6930935276327843, -1.9483688700612884]
[-3.691939610226596, -1.949819204170478]
[-3.686721418838099, -1.955698459898144]
[-3.686721418838099, -1.955698459898144]
[-3.678615681873548, -1.96633982954876]
[-3.674553020857278, -1.9720995366446732]
[-3.6745579171242753, -1.9718800255093705]
[-3.6745579171242753, -1.9718800255093705]
[-3.674553020857278, -1.9720995366446732]
[-3.671897998426452, -1.9747485746438262]
[-3.6681218713293164, -1.978112346470108]
[-3.6675826646292395, -1.978638235020732]
[-3.665167524543775, -1.9819187541440253]
[-3.665167524543775, -1.9819187541440253]
[-3.663690351151004, -1.983821957980984]
[-1.668440566459819, -2.8952162086653104]
[-1.6658512638278191, -2.89602919450725]
[-1.663995494053288, -2.896606971488196]
[-1.6605308000575345, -2.8976938511554176]
[-1.6587119017422634, -2.8982629325024574]
[-1.6569611190147566, -2.8988107201530213]
[-1.6550741051117213, -2.899401095196537]
end_values
[99.39099283 27.83411351]
[99.33449012 27.83518762]
[99.26918713 27.83853771]
[99.009446   27.86368976]
[99.009446   27.86368976]
[88.67636881 29.64586483]
[88.37590789 29.71511775]
[88.22705613 29.75672279]
[87.66464576 29.93222229]
[85.49747252 30.83414401]
[85.26426688 30.94397083]
[84.37191661 31.43389868]
[84.37191661 31.43389868]
[83.09551723 32.26231965]
[82.6018761  32.64797277]
[82.61270465 32.65698901]
[82.61270465 32.65698901]
[82.6018761  32.64797277]
[82.39302241 32.942705  ]
[82.15313869 33.35026798]
[82.12176378 33.41070516]
[81.99145279 33.69267255]
[81.99145279 33.69267255]
[81.93518891 33.8700704 ]
[76.45065862 54.99837389]
[76.41812805 55.14302937]
[76.39948814 55.24685695]
[76.37363494 55.44165889]
[76.36510704 55.54412739]
[76.36006624 55.64288628]
[76.35807915 55.74943232]
