values
[4896.128632033751, 845052.5141510068]
[5037.210671400379, 656681.1198600812]
[5118.563243172347, 636221.648262762]
[5285.0583604710855, 513318.0729731736]
[5388.943977966499, 494280.4245614048]
[5507.913849811288, 480473.75999190554]
[5523.798524928282, 479115.5916554248]
[5568.94626200443, 478624.6596273897]
[5572.758586293276, 475529.9815369115]
[5603.785380137062, 471950.16206792183]
[5632.762997460684, 465579.98213515827]
values
[4896.128632033751, 845052.5141510068]
[5037.210671400379, 656681.1198600812]
[5118.563243172347, 636221.648262762]
[5214.75427181402, 532630.9494323549]
[5285.0583604710855, 513318.0729731736]
[5368.288245467265, 497448.582538504]
[5388.943977966499, 494280.4245614048]
[5507.913849811288, 480473.75999190554]
[5521.202234406849, 477989.82649114466]
[5534.004315064535, 476178.6711206615]
[5572.758586293276, 475529.9815369115]
[5603.785380137062, 471950.16206792183]
[5610.181107767404, 466253.3816352933]
[5632.762997460684, 465579.98213515827]
[5639.266578474146, 465561.1922289176]
[5643.319990845585, 464705.02959219733]
[5653.662791076716, 464307.49600622675]
[5686.708015952073, 464153.92020018137]
[5687.660529088305, 463756.1271905925]
[5699.077654387063, 462885.0000802085]
[5713.24470330862, 462550.33972857054]
[5717.702123598181, 461914.7706396947]
[5728.658573563206, 461725.98636515543]
[5739.692545180479, 461580.53709272476]
[5745.238508551068, 461524.0341104157]
[5755.720036087099, 457052.002468888]
[5769.770915042421, 456741.37547496223]
[5770.660316823509, 456710.1027960076]
[5770.8326207450355, 456540.44269369805]
[5771.504953658606, 456405.9650833719]
[5782.77830483969, 456347.4324603263]
[5786.5149454840885, 456343.93090866396]
[5789.242372169204, 456332.7353117392]
[5790.202815599604, 456322.9870341809]
[5791.05151516782, 456322.6258368046]
[5791.900494378609, 456322.3901445601]
[5794.810678543567, 456316.57111832034]
[5795.7566455987835, 456293.66304264276]
[5799.624409030267, 456271.27670979867]
[5801.967369785378, 456258.02775344043]
[5804.006506012361, 456246.9321439323]
[5805.653775965958, 456239.02240938053]
[5806.050615538035, 456238.62095326104]
[5807.416116644383, 456234.6263689389]
[5808.099695281924, 456233.0927707452]
[5810.153742161865, 456230.34602545534]
[5814.8478024515725, 456229.49266763905]
[5816.772957831395, 456228.33679271996]
[5817.790201746176, 456150.54122472904]
[5824.285517000495, 456064.44650460273]
[5834.300232850511, 456041.95389145863]
[5838.315612268449, 455992.7421331383]
values
[4796.2275353356, 911420.9642073639]
[4799.782259127762, 910700.4764153658]
[4804.187709423215, 909863.1306538051]
[4806.627570406057, 909303.201898595]
[4834.48097902691, 906678.310778418]
[4840.506324439401, 905638.7050797361]
[4847.607319789002, 904427.2834775224]
[4849.387560232838, 904216.6138407177]
[4852.337943175265, 903715.3075661093]
[4893.775248535717, 902643.9864507732]
[4896.128632033751, 845052.5141510068]
[4982.719912035701, 583722.0666087948]
[5014.700644879845, 582101.5011213138]
[5018.260499217014, 581834.7550032319]
[5036.645939320647, 580278.086795677]
[5043.10024356081, 580030.735767662]
[5050.072135059052, 579825.7362141578]
[5058.401983495648, 579474.7611233988]
[5065.233823479939, 579417.8385444842]
[5214.75427181402, 532630.9494323549]
[5285.0583604710855, 513318.0729731736]
[5368.288245467265, 497448.582538504]
[5388.943977966499, 494280.4245614048]
[5507.913849811288, 480473.75999190554]
[5521.202234406849, 477989.82649114466]
[5534.004315064535, 476178.6711206615]
[5572.758586293276, 475529.9815369115]
[5603.785380137062, 471950.16206792183]
[5610.181107767404, 466253.3816352933]
[5632.762997460684, 465579.98213515827]
[5639.266578474146, 465561.1922289176]
[5643.319990845585, 464705.02959219733]
[5653.662791076716, 464307.49600622675]
[5661.447287995546, 460213.49744695047]
[5663.85452977194, 460062.1194826197]
[5674.00207616722, 459298.72352638125]
[5677.992650799044, 459251.2999810201]
[5693.694889143147, 458772.2796694092]
[5696.093954256342, 458538.0350311044]
[5698.742236882683, 458454.30780747626]
[5709.762984736443, 458273.01222561434]
[5712.461833438092, 458041.7867728054]
[5723.274939262559, 457744.82952153817]
[5731.808760418767, 457528.18101903703]
[5734.9932505131, 457447.15322873235]
[5742.649373638717, 457380.60837130406]
[5750.878996241964, 457112.4873591279]
[5752.310748499685, 457068.3154055405]
[5752.950657064533, 457053.3379871601]
[5755.720036087099, 457052.002468888]
[5758.823408434827, 456906.83119481587]
[5761.938488818945, 456880.72212592966]
[5762.861274613786, 456865.01553702046]
[5763.520294362872, 456828.7894516245]
[5764.241511755743, 456801.9006957767]
[5766.248176572371, 456775.3934903996]
[5766.402538981466, 456761.25895637384]
[5768.180494524848, 456758.2467246578]
[5769.770915042421, 456741.37547496223]
[5770.072718896115, 456694.6056146252]
[5770.8326207450355, 456540.44269369805]
[5771.504953658606, 456405.9650833719]
[5782.77830483969, 456347.4324603263]
[5786.5149454840885, 456343.93090866396]
[5787.661897934531, 456335.90066101]
[5789.242372169204, 456332.7353117392]
[5789.548229252934, 456331.52264925925]
[5790.202815599604, 456322.9870341809]
[5791.05151516782, 456322.6258368046]
[5791.367620264949, 456303.22480500996]
[5793.081180227715, 456299.41124249157]
[5794.020795651765, 456290.92652892024]
[5795.7815111153795, 456272.09917840903]
[5797.346246245312, 456270.4693424311]
[5797.4867174708, 456264.10876520496]
[5798.4037981171205, 456263.3664183385]
[5799.163523513077, 456256.5650465039]
[5801.48377080741, 456255.86615886656]
[5801.671730233233, 456224.3027967217]
[5802.562123641794, 456209.25500337465]
[5802.910279694308, 456207.7443601167]
[5803.035065540114, 456205.51351625175]
[5805.979111488856, 456170.72389430745]
[5806.894135883014, 456163.4034512676]
[5808.966830453706, 456134.23834117857]
[5809.679342588532, 456132.35334028414]
[5812.4721222694525, 456129.4004834011]
[5813.117664318686, 456096.84673950245]
[5814.792695305833, 456075.9772017159]
[5817.958175758982, 456045.4704666789]
[5818.536196335214, 456044.72158466233]
[5821.085686149397, 456017.02948365075]
[5823.528862399393, 456001.0955263773]
[5823.671595924803, 455996.77345212764]
[5824.217288377489, 455990.24364719016]
[5825.108537135737, 455983.0767077724]
[5826.594083641736, 455971.27984950726]
[5827.427562401075, 455970.72448304057]
[5827.706833200652, 455968.10630166135]
[5828.123966890595, 455962.2844792261]
[5828.245863992947, 455958.46308546205]
[5830.0002787075455, 455945.15020168334]
[5831.053130304401, 455939.300458744]
[5832.5849322523645, 455931.2036955342]
[5832.97958758094, 455924.2600014841]
[5833.543555546208, 455920.8546667566]
[5835.470502237093, 455908.49218886136]
[5836.126998658254, 455903.7809053141]
[5837.054477502268, 455903.53075731517]
[5837.05701212253, 455898.76362438593]
[5838.621469689758, 455889.3552616191]
[5839.48550844228, 455887.90266117355]
[5841.233165918522, 455875.1216027197]
[5841.776502096636, 455871.8727325313]
[5842.105134497801, 455869.75695318554]
[5844.4955018477485, 455866.493413771]
[5844.983827949657, 455862.7246439026]
[5844.9940073567805, 455861.8902495572]
[5845.77832267274, 455857.8028183626]
[5846.3766873893555, 455855.6252537605]
[5847.192384739897, 455854.47558039665]
[5847.437474666575, 455851.03098876734]
[5847.543466222116, 455844.36602443166]
[5848.098743566129, 455841.8701464035]
[5850.7590102327185, 455838.8832026814]
[5850.810893315185, 455832.80261252343]
[5850.936799702161, 455831.1422209091]
[5852.6391714993015, 455824.3449531571]
[5852.885476661243, 455824.1720292045]
[5853.167188039032, 455823.23524827143]
[5853.345974855713, 455822.88498402055]
[5853.42292859757, 455822.27413403516]
[5854.460827400262, 455819.06717474177]
[5855.44470390366, 455815.1027037935]
[5855.812304354268, 455814.2080506236]
[5856.025239976565, 455814.02498261724]
[5856.382737731182, 455813.2402207247]
[5856.953424803602, 455812.37577547104]
[5857.188451497719, 455810.33859382645]
[5857.614691274211, 455810.11811143253]
[5858.253496713988, 455807.1715954966]
[5859.243273946097, 455805.5231549626]
[5859.59001304214, 455804.7381556332]
[5859.6312395943005, 455803.9241289446]
[5859.9724808838055, 455802.78395403497]
[5860.0375459558645, 455802.7110949543]
[5860.420717306128, 455801.9879501737]
[5860.697290328864, 455801.16538884596]
[5861.499097212848, 455799.58997131453]
[5861.692738269488, 455798.90198452293]
[5862.912854441057, 455798.75470788515]
[5862.961587430129, 455796.840437198]
[5863.657292839792, 455795.3723243134]
[5864.211179766512, 455794.03049857274]
[5865.734679130618, 455791.63419999887]
[5866.66515400376, 455790.1736240994]
[5867.719167510293, 455788.2325936389]
[5868.491877848361, 455787.16953550145]
[5869.261139097771, 455786.66283370473]
[5869.705240555549, 455785.475922646]
[5870.014228316384, 455785.3339569058]
[5870.371491446551, 455785.0341928927]
[5870.5695021103975, 455784.56449713925]
[5871.4424760250095, 455783.5535413905]
[5871.6739551069095, 455783.2803835127]
[5871.852707539976, 455783.1758430442]
[5872.133752074525, 455782.813217517]
[5872.223144786337, 455782.7671763993]
[5872.408383388434, 455782.57123092894]
[5872.584737899781, 455782.46217452944]
[5872.593635308713, 455782.380877294]
[5873.620728755558, 455782.08851448476]
[5874.084061022525, 455781.5446430253]
[5874.241966053543, 455781.36040354235]
[5874.792020260514, 455780.9761150688]
[5874.91053714075, 455780.9109079021]
[5875.043031350099, 455780.8877417238]
[5875.579293755865, 455780.5358285671]
[5875.686768448976, 455780.5031785521]
[5875.816412763496, 455780.4393793927]
[5876.091603722111, 455780.31297317904]
[5877.508916361989, 455779.7343995335]
[5878.152368244593, 455779.64092309156]
[5879.464203013542, 455779.48891278176]
[5879.5514082228065, 455779.4858969356]
[5879.725828729201, 455779.48385954864]
[5879.824224463528, 455779.48246151936]
[5880.307311337828, 455779.48178384354]
[5880.476705383299, 455779.40556215704]
[5880.810773956438, 455779.3228829106]
values
[4631.807173985972, 952977.1056967502]
[4634.692233412046, 950854.054698739]
[4651.858529589861, 944629.9042495849]
[4653.888334319475, 943440.8454033397]
[4660.497902693649, 939803.0588359218]
[4674.433408723123, 936951.3581768757]
[4676.785007420313, 935844.340188173]
[4680.629093472765, 934100.3884692043]
[4680.824538948722, 934013.983407129]
[4684.982284905768, 932213.3474645348]
[4699.410538261558, 929972.3960754562]
[4703.816021650891, 928291.9841180309]
[4728.741393761764, 923044.0877645736]
[4730.422506060528, 922504.4698796647]
[4751.996087549176, 919242.0033600902]
[4757.326409880465, 917803.5340605306]
[4761.884663914871, 916643.7574289552]
[4762.140396890341, 916552.8973968681]
[4786.678796912413, 604490.7995682132]
[4852.460075801548, 595983.8772468539]
[4864.45223128335, 594935.6991972323]
[4872.0087777540975, 594529.1864589223]
[4889.820650065916, 592847.5402109358]
[4899.18463414481, 591121.5597310961]
[4910.750128026556, 590932.1466732144]
[4914.289278281156, 589945.9075225956]
[4969.334530413205, 585984.1490602226]
[4971.082907730833, 585827.7943389534]
[4982.719912035701, 583722.0666087948]
[5014.700644879845, 582101.5011213138]
[5018.260499217014, 581834.7550032319]
[5036.645939320647, 580278.086795677]
[5043.10024356081, 580030.735767662]
[5050.072135059052, 579825.7362141578]
[5058.401983495648, 579474.7611233988]
[5065.233823479939, 579417.8385444842]
[5214.75427181402, 532630.9494323549]
[5285.0583604710855, 513318.0729731736]
[5368.288245467265, 497448.582538504]
[5388.943977966499, 494280.4245614048]
[5507.913849811288, 480473.75999190554]
[5521.202234406849, 477989.82649114466]
[5534.004315064535, 476178.6711206615]
[5572.758586293276, 475529.9815369115]
[5603.785380137062, 471950.16206792183]
[5610.181107767404, 466253.3816352933]
[5632.762997460684, 465579.98213515827]
[5639.266578474146, 465561.1922289176]
[5643.319990845585, 464705.02959219733]
[5650.262006804723, 460240.9689282055]
[5653.140684048456, 460121.6395270002]
[5653.457879488045, 460109.2417449313]
[5660.702657141501, 459819.37365660723]
[5674.00207616722, 459298.72352638125]
[5677.992650799044, 459251.2999810201]
[5688.144380184375, 458800.4235109405]
[5693.694889143147, 458772.2796694092]
[5696.093954256342, 458538.0350311044]
[5698.742236882683, 458454.30780747626]
[5700.025307565908, 458414.67851098464]
[5700.26532196077, 458406.8457134084]
[5702.032477111355, 458351.8925520661]
[5702.513525294455, 458337.1564404377]
[5705.03149793535, 458260.60752751713]
[5712.461833438092, 458041.7867728054]
[5716.688297284454, 457922.31591815]
[5719.920009918397, 457833.5301655966]
[5723.274939262559, 457744.82952153817]
[5724.102179159084, 457721.52959452727]
[5724.34894823257, 457715.2834575688]
[5728.374060540464, 457604.6441705414]
[5731.808760418767, 457528.18101903703]
[5732.566836280901, 457497.5517469443]
[5734.9932505131, 457447.15322873235]
[5742.649373638717, 457380.60837130406]
[5750.878996241964, 457112.4873591279]
[5752.310748499685, 457068.3154055405]
[5752.751997305887, 457031.28678942716]
[5757.8815463571555, 456925.36016908404]
[5758.823408434827, 456906.83119481587]
[5761.938488818945, 456880.72212592966]
[5762.861274613786, 456865.01553702046]
[5763.520294362872, 456828.7894516245]
[5764.241511755743, 456801.9006957767]
[5765.493950828157, 456777.76147832035]
[5766.133773367975, 456766.3245652315]
[5766.402538981466, 456761.25895637384]
[5768.064561979031, 456742.5867048133]
[5769.770915042421, 456741.37547496223]
[5770.072718896115, 456694.6056146252]
[5770.8326207450355, 456540.44269369805]
[5771.504953658606, 456405.9650833719]
[5782.77830483969, 456347.4324603263]
[5786.5149454840885, 456343.93090866396]
[5787.661897934531, 456335.90066101]
[5789.242372169204, 456332.7353117392]
[5789.548229252934, 456331.52264925925]
[5790.202815599604, 456322.9870341809]
[5791.05151516782, 456322.6258368046]
[5791.367620264949, 456303.22480500996]
[5793.081180227715, 456299.41124249157]
[5794.020795651765, 456290.92652892024]
[5795.7815111153795, 456272.09917840903]
[5797.346246245312, 456270.4693424311]
[5797.4867174708, 456264.10876520496]
[5798.4037981171205, 456263.3664183385]
[5799.163523513077, 456256.5650465039]
[5801.48377080741, 456255.86615886656]
[5801.671730233233, 456224.3027967217]
[5802.562123641794, 456209.25500337465]
[5802.910279694308, 456207.7443601167]
[5803.035065540114, 456205.51351625175]
[5803.707847820092, 456198.136108895]
[5803.884742865385, 456195.9483181066]
[5805.979111488856, 456170.72389430745]
[5806.482526965052, 456165.2677624671]
[5806.627057389574, 456163.5662626004]
[5806.894135883014, 456163.4034512676]
[5808.966830453706, 456134.23834117857]
[5809.679342588532, 456132.35334028414]
[5812.4721222694525, 456129.4004834011]
[5812.866963391908, 456095.6652649926]
[5814.50716967599, 456078.6002342011]
[5814.792695305833, 456075.9772017159]
[5814.848458882639, 456075.7650570072]
[5815.090561614079, 456073.1866649118]
[5815.547012472376, 456068.7978340044]
[5817.807879642605, 456047.0378487629]
[5817.9543154824205, 456044.93155639985]
[5818.4224554217535, 456040.7435656336]
[5818.507393712538, 456040.44389460294]
[5819.269542637988, 456033.2030497149]
[5819.43767462294, 456031.7686153449]
[5819.775902121888, 456027.99076532153]
[5820.0709710267565, 456026.15934568405]
[5821.085686149397, 456017.02948365075]
[5822.6509760700055, 456003.4296809999]
[5823.528862399393, 456001.0955263773]
[5823.671595924803, 455996.77345212764]
[5823.699303598273, 455994.05737212114]
[5824.05332355005, 455991.53485565295]
[5824.131985404787, 455990.1131499291]
[5824.5022610877795, 455987.6209728101]
[5825.056865275842, 455982.20845453284]
[5825.620593488057, 455978.7234911539]
[5826.451917143677, 455970.9175276506]
[5827.156979170483, 455967.04974325054]
[5828.123966890595, 455962.2844792261]
[5828.245863992947, 455958.46308546205]
[5828.496392019652, 455955.5241860461]
[5830.0002787075455, 455945.15020168334]
[5830.203636779716, 455944.12399927713]
[5831.053130304401, 455939.300458744]
[5831.561811311199, 455934.0251465495]
[5831.673221862189, 455933.42361866066]
[5832.128952442201, 455929.69643004396]
[5832.266260543413, 455927.87539618363]
[5832.553367079507, 455925.944891009]
[5832.638130013699, 455925.60280170536]
[5832.892760089238, 455923.57250203675]
[5833.543555546208, 455920.8546667566]
[5835.438291307388, 455907.0038798183]
[5836.126998658254, 455903.7809053141]
[5836.646119419141, 455899.4069656087]
[5837.05701212253, 455898.76362438593]
[5837.111625118283, 455896.58796194923]
[5838.114295534204, 455892.13723358535]
[5838.357121134759, 455890.2402598657]
[5838.621469689758, 455889.3552616191]
[5838.917057206223, 455885.84475906385]
[5839.246243295751, 455883.502739838]
[5839.351608053438, 455883.3650816319]
[5839.83600604257, 455880.60362938506]
[5840.461907013555, 455877.1918901572]
[5840.755317054519, 455875.50647162227]
[5841.001715457951, 455874.0036025223]
[5841.398113738479, 455873.41739458]
[5841.776502096636, 455871.8727325313]
[5842.105134497801, 455869.75695318554]
[5842.238585278596, 455868.97234296054]
[5842.401024797804, 455866.75276219734]
[5844.242027485152, 455857.50548193604]
[5844.824534288852, 455854.6807134971]
[5845.163071251043, 455853.09777650674]
[5845.656448810803, 455852.74501006125]
[5845.702496897817, 455851.8873909685]
[5845.890187232833, 455849.7277039707]
[5846.084476464058, 455848.83402275475]
[5846.757900479928, 455847.8816108739]
[5846.866938433377, 455846.6752028766]
[5847.299128820332, 455844.6146918535]
[5847.543466222116, 455844.36602443166]
[5847.681339656819, 455841.89336087776]
[5847.905901747649, 455840.3664800597]
[5848.064339199463, 455839.7187658061]
[5848.674849230134, 455839.15956176113]
[5848.9106981714, 455837.0705329717]
[5849.3845376689305, 455834.76938980294]
[5850.2957049191455, 455831.46119693824]
[5850.714205302845, 455830.32990328845]
[5851.061599429954, 455829.8717396486]
[5851.340502236603, 455828.99363533314]
[5851.425745128606, 455826.9858463211]
[5851.667850198805, 455826.13396453595]
[5851.736240810556, 455825.3503150269]
[5851.892846723163, 455824.40413972375]
[5852.579900773966, 455823.17789414903]
[5852.901950937252, 455822.1513139473]
[5853.3739262634335, 455820.1581537418]
[5853.546182894052, 455820.1506762798]
[5853.953367423866, 455818.37861932017]
[5854.5867057728055, 455817.8916393079]
[5854.591044018298, 455816.5430989534]
[5855.0917119860715, 455814.7783601779]
[5855.276610570308, 455814.5008841679]
[5855.364021612784, 455813.94225239125]
[5855.661089024412, 455813.06003249664]
[5855.7365383015185, 455813.01519509574]
[5855.987007211133, 455812.9014852134]
[5856.008921487593, 455812.208524086]
[5856.321474660443, 455810.3207851423]
[5856.565389765534, 455810.2818500477]
[5857.2192116016795, 455807.2916685931]
[5857.531113120766, 455807.2451650089]
[5857.758275876031, 455807.2172306114]
[5857.897632985714, 455807.07223169715]
[5857.944394524203, 455805.5351199248]
[5858.321160558699, 455805.0103873018]
[5858.644056293606, 455803.53765972063]
[5858.7326296813035, 455803.3842504562]
[5859.477273715873, 455802.4491412078]
[5859.815160833228, 455802.18046001426]
[5859.886860874962, 455800.5226351576]
[5860.163310456052, 455800.3340120737]
[5860.249830297257, 455799.7955819856]
[5860.429923909731, 455799.47288280196]
[5860.749860095802, 455799.4466862805]
[5860.770031520315, 455798.37467168487]
[5861.69554001913, 455797.2312079635]
[5862.0021912087295, 455797.13539803796]
[5862.023121084248, 455796.7147115793]
[5862.196989973752, 455795.46748859255]
[5862.526667080691, 455795.0287031272]
[5862.557484071912, 455794.94493516424]
[5862.860058795767, 455794.85270359274]
[5863.278636001034, 455793.96529529436]
[5863.699192321503, 455793.1952540379]
[5863.911196102595, 455792.8192514368]
[5864.263983462012, 455792.06925476337]
[5864.326111925056, 455791.5663212579]
[5864.972102958221, 455790.9999938578]
[5865.249732136022, 455790.3345005686]
[5865.2508057536115, 455790.1897260424]
[5865.639242934242, 455789.8304262463]
[5866.028816635682, 455789.3515996997]
[5866.108809386445, 455788.993133451]
[5866.126896836766, 455788.64238327026]
[5866.666756524927, 455788.51146165683]
[5866.747567750201, 455788.49164976773]
[5866.80126381975, 455787.8727221825]
[5867.027791537928, 455787.3823203368]
[5867.180712129794, 455787.21338154224]
[5867.734463025012, 455787.07517696946]
[5867.788043980957, 455786.5529041267]
[5867.852956173863, 455786.4104537788]
[5867.904524577435, 455786.0932118187]
[5868.25433819139, 455785.864146905]
[5868.304061985806, 455785.8368166813]
[5868.353786803425, 455785.8098972998]
[5868.474598042982, 455785.74135854974]
[5868.636707473018, 455785.4582379116]
[5868.692339599065, 455785.38024527894]
[5868.747972995975, 455785.30276453367]
[5869.030939418517, 455784.9695388332]
[5869.057300822646, 455784.8515062174]
[5869.315164196464, 455784.51300366555]
[5869.485666474105, 455784.482634248]
[5869.683453846795, 455784.067759932]
[5869.860528183424, 455783.9454937402]
[5869.87955986492, 455783.91333047854]
[5870.306048129357, 455783.76833999215]
[5870.477154149791, 455783.57464110485]
[5870.497154161029, 455783.3928551861]
[5870.587869824149, 455783.2652383945]
[5870.68569609686, 455783.0351959331]
[5870.929622961168, 455782.79490918247]
[5871.070595830728, 455782.72616600443]
[5871.36859469256, 455782.6987118122]
[5871.439151244411, 455782.3879088621]
[5871.68835073874, 455782.1687169304]
[5872.037388304735, 455782.1277663931]
[5872.056401770189, 455782.09229255986]
[5872.167886055437, 455782.0046640416]
[5872.176429618662, 455781.7788261707]
[5872.309268911428, 455781.7110424657]
[5872.566763298454, 455781.55595040397]
[5872.831903559286, 455781.5385006909]
[5872.870610894934, 455781.35393411753]
[5873.152311478026, 455781.2998564148]
[5873.210340336163, 455781.23776799504]
[5873.228541989067, 455781.213008964]
[5873.375523576055, 455781.2070146208]
[5873.393333921584, 455780.98397726775]
[5873.508885900322, 455780.82938618487]
[5873.886622022758, 455780.8130613416]
[5873.911461455836, 455780.6981288285]
[5874.277475041397, 455780.60548794415]
[5874.382213309867, 455780.58865124726]
[5874.420279283587, 455780.5330888042]
[5874.429699002123, 455780.4565998185]
[5874.693586866724, 455780.42190627224]
[5874.77370639398, 455780.41593904747]
[5874.811218048304, 455780.36001832574]
[5874.842074077005, 455780.17421828274]
[5875.081211958218, 455780.107721758]
[5875.565818682826, 455780.1041387017]
[5875.688773509006, 455779.9932818573]
[5875.732031664701, 455779.98492706334]
[5875.747057673722, 455779.9651510361]
[5875.8104274402485, 455779.94473419874]
[5875.962340309975, 455779.8934701969]
[5876.0122752147545, 455779.76472152956]
[5876.251527642283, 455779.7443778733]
[5876.418789796961, 455779.7391096617]
[5876.445604170939, 455779.7109885698]
[5876.497628742083, 455779.70163716277]
[5876.545006215676, 455779.6786065765]
[5876.5586937479, 455779.67566530604]
[5876.625419414368, 455779.6670048138]
[5876.677446425645, 455779.6406627515]
[5876.773709306109, 455779.62960748747]
[5876.803019760515, 455779.6209456061]
[5876.830198351425, 455779.6122790302]
[5876.841335070989, 455779.60822929174]
[5876.843237239977, 455779.5914106571]
[5876.869253682779, 455779.58840139565]
[5876.993235495678, 455779.5655269141]
[5877.020474852877, 455779.54715072847]
[5877.056667177214, 455779.5371405073]
[5877.139339445352, 455779.5308199426]
[5877.1696420836915, 455779.5105616402]
[5877.292978432297, 455779.495904282]
[5877.387953867079, 455779.48780741816]
[5877.412426245512, 455779.4636821628]
[5877.426118723972, 455779.4627223136]
[5877.53542258235, 455779.4596674518]
[5877.539122107761, 455779.4575706506]
[5877.55226674737, 455779.4459832726]
[5877.593791871373, 455779.43677234114]
[5877.664727505019, 455779.4322898412]
[5877.713749604679, 455779.4155652193]
[5877.722088575989, 455779.4132616143]
[5877.804442157624, 455779.40600463963]
[5877.948106927843, 455779.38749838143]
[5878.015111108251, 455779.38269484654]
[5878.157465621494, 455779.37365474855]
[5878.174146734018, 455779.3703112759]
[5878.283004192611, 455779.36568544013]
[5878.411313282503, 455779.36565413227]
[5878.4959015397635, 455779.36514172016]
[5878.617948531172, 455779.36269318353]
[5880.810773956438, 455779.3228829106]
end_solutions
[-5.442165517505174, -15.003664676482789, 15.675894606741558, -8.308104644901068, 10.857778977041043, 5.950932579824078, 4.5695542345829665, 4.363794299418227, -4.421904008986154, 7.700877645810468]
[-5.441814313880183, -15.003127251479567, 15.67532974945403, -8.308130957216052, 10.857985579930945, 5.95131156666866, 4.5690059355147605, 4.364088471514866, -4.421901948773293, 7.701241248625689]
[-5.441348779732672, -15.00241501446411, 15.674581472998547, -8.308165749000558, 10.858259325462772, 5.951813650236242, 4.568279413610444, 4.36447821985605, -4.42189943411679, 7.701722902127555]
[-5.441111906630203, -15.002052401473122, 15.674200034878973, -8.30818358184602, 10.858398785710747, 5.952069540357822, 4.567909337378348, 4.364676815708144, -4.421897828347572, 7.70196845425613]
[-5.440638160425266, -15.001327175491145, 15.673437158639828, -8.308219247536941, 10.858677706206699, 5.9525813206009826, 4.567169184914156, 4.365074007412332, -4.421894616809136, 7.702459558513282]
[-5.438442892135766, -14.998004080990626, 15.670025430625145, -8.308361518722354, 10.8599395231244, 5.954878712090709, 4.56381112064836, 4.366864373510543, -4.421937211282465, 7.704651141774207]
[-5.4361194497756475, -14.994547354998845, 15.666613054857143, -8.308475031566681, 10.861225559294267, 5.957190823557154, 4.560372380624948, 4.368678456171699, -4.42207482806863, 7.7068352233856965]
[-5.436398398278536, -14.99495214761517, 15.666989170780997, -8.30846767721564, 10.861079539314781, 5.956933441052774, 4.560765727271713, 4.3684743354177265, -4.422042661619053, 7.7065959136742395]
[-5.434353904421306, -14.991900214239712, 15.66395291093685, -8.308573835708927, 10.862219555505163, 5.958988170014839, 4.557720333895065, 4.370084297324911, -4.422148111955641, 7.708540685574272]
[-5.4361194497756475, -14.994547354998845, 15.666613054857143, -8.308475031566681, 10.861225559294267, 5.957190823557154, 4.560372380624948, 4.368678456171699, -4.42207482806863, 7.7068352233856965]
[-5.431353966729004, -14.987467796407907, 15.659646939801215, -8.308701192778837, 10.863853939528108, 5.961912375837203, 4.55333801749177, 4.372385105293175, -4.422372388424678, 7.7112920924236015]
[-5.431353966729004, -14.987467796407907, 15.659646939801215, -8.308701192778837, 10.863853939528108, 5.961912375837203, 4.55333801749177, 4.372385105293175, -4.422372388424678, 7.7112920924236015]
[-5.4283540290367025, -14.983035378576103, 15.65534096866558, -8.308828549848748, 10.865488323551052, 5.964836581659568, 4.548955701088474, 4.374685913261438, -4.422596664893716, 7.71404349927293]
[-5.4263654802834225, -14.980124930608325, 15.652576140329526, -8.30889564758067, 10.866548010151769, 5.96671995665764, 4.546102303462575, 4.376173718510518, -4.422787019272421, 7.715805821362981]
[-5.425497229621254, -14.97885415493391, 15.651368213314353, -8.30892476048634, 10.867010156750808, 5.967542122040268, 4.544855755384753, 4.376823163935285, -4.4228697936781405, 7.716575558572924]
[-5.42332660296583, -14.975677215747872, 15.648348395776418, -8.308997542750514, 10.868165523248406, 5.9695975354968365, 4.541739385190199, 4.3784467774972, -4.42307672969244, 7.718499901597779]
[-5.42332660296583, -14.975677215747872, 15.648348395776418, -8.308997542750514, 10.868165523248406, 5.9695975354968365, 4.541739385190199, 4.3784467774972, -4.42307672969244, 7.718499901597779]
[-5.4178089973761985, -14.967601622173646, 15.640671357330644, -8.309182340677074, 10.871101779440842, 5.97482208836751, 4.533816973419485, 4.382573715558405, -4.423602360545984, 7.72339176962732]
[-5.417220821236807, -14.96674076457257, 15.639852655645692, -8.309201957376182, 10.871414541039464, 5.975378951346277, 4.532972137728683, 4.383013571027092, -4.423658239958458, 7.723913360617235]
[-5.410345370570987, -14.956662379716182, 15.630227258473433, -8.309439654039842, 10.875079902771308, 5.981917855120333, 4.523062848021331, 4.388174883669915, -4.4242857074638415, 7.730046715475176]
[-5.406336742109921, -14.950739364626369, 15.624447541816515, -8.309603790114242, 10.877245546769515, 5.985820024152689, 4.5171832763913695, 4.391243914100189, -4.424573382539629, 7.733732840015614]
[-5.402328113648855, -14.944816349536556, 15.6186678251596, -8.30976792618864, 10.879411190767723, 5.989722193185045, 4.511303704761407, 4.394312944530463, -4.424861057615416, 7.737418964556054]
[-5.394310856726722, -14.932970319356928, 15.607108391845767, -8.310096198337437, 10.883742478764137, 5.997526531249758, 4.499544561501484, 4.400451005391011, -4.425436407766991, 7.7447912136369315]
[-5.382316002140361, -14.915210329244793, 15.589683643554487, -8.310607617089959, 10.890245874722542, 6.009273420631214, 4.4818723778384095, 4.4096814426672815, -4.426236484032332, 7.755906960708753]
[-5.382316002140361, -14.915210329244793, 15.589683643554487, -8.310607617089959, 10.890245874722542, 6.009273420631214, 4.4818723778384095, 4.4096814426672815, -4.426236484032332, 7.755906960708753]
[-5.365022368564667, -14.889616458754906, 15.564602711409842, -8.311338485573426, 10.899614747622323, 6.026187160828834, 4.456418399762525, 4.422974497656424, -4.42740922978277, 7.7719059024569574]
[-5.345273589024022, -14.86023728486233, 15.535423309904004, -8.312256825910907, 10.910409470357052, 6.045793216345613, 4.42702492195939, 4.438349066531642, -4.428497919227903, 7.790530640185109]
[-5.310075050342784, -14.807788699171025, 15.483115123464003, -8.313941359413, 10.929704691262355, 6.0809021505891465, 4.374454612769696, 4.465861530971942, -4.43029792125482, 7.823925023182628]
[-5.2510042346610835, -14.719826514382643, 15.395534605478879, -8.316736073459625, 10.962048699315702, 6.139711100061761, 4.286353363443777, 4.511958919385668, -4.433413769189848, 7.879833198991898]
[-4.966068420950003, -14.366609656714346, 15.211816531015302, -8.287925731273123, 11.06359796463629, 6.283905604473184, 4.001959141343034, 4.640388667553443, -4.559681076948012, 7.988301111655218]
[-2.53354149781615, -11.032066308487023, 6.701079035447585, -16.41741866789359, 8.330247541302295, -3.36169320250453, 2.822547973281435, 6.9382771000180945, -4.046683664489205, 14.349256595756138]
end_values
[  5878.45047048 455779.36183674]
[  5878.28300419 455779.36568544]
[  5878.06112415 455779.37783282]
[  5877.94810693 455779.38749838]
[  5877.72208858 455779.41326161]
[  5876.69759057 455779.57720179]
[  5875.6500485  455779.82266903]
[  5875.7696542  455779.80420873]
[  5874.84207408 455780.17421828]
[  5875.6500485  455779.82266903]
[  5873.5088859  455780.82938618]
[  5873.5088859  455780.82938618]
[  5872.17642962 455781.77882617]
[  5871.30989009 455782.4507934 ]
[  5870.93148816 455782.75652275]
[  5869.98574027 455783.62432963]
[  5869.98574027 455783.62432963]
[  5867.5831913 455786.4653968]
[  5867.32715437 455786.81265351]
[  5864.32611193 455791.56632126]
[  5862.5474146  455794.70693105]
[  5860.77003152 455798.37467168]
[  5857.2192116  455807.29166859]
[  5851.89284672 455824.40413972]
[  5851.89284672 455824.40413972]
[  5844.24202749 455857.50548194]
[  5835.43829131 455907.00387982]
[  5819.77590212 456027.99076532]
[  5793.76826019 456325.89590355]
[  5712.46183344 458041.78677281]
[  4630.14568094 954258.74660796]
