values
[5650451.023424438, 39209.12491575103]
[5651970.002013276, 39150.78243650902]
[5652234.75384848, 38759.473607757944]
[5652904.581530511, 38523.81222246223]
[5653075.005277887, 38118.32048535933]
[5653472.732098474, 37458.201008473276]
[5655614.837577526, 36230.616664773006]
[5660303.392489714, 35866.11187579298]
[5660807.3368917415, 34668.89885070735]
[5668024.095781455, 34529.53066059122]
[5668932.181622102, 34418.3346602079]
[5680608.216162603, 33099.648136399315]
[5685642.273155755, 32769.42074823758]
[5688737.663292894, 26267.759108133294]
[8308433.0914285965, 18609.699428172877]
values
[5405394.255448586, 77884.26052747347]
[5405962.849687815, 77879.08063976296]
[5405967.709381578, 77865.07590638578]
[5406007.268192278, 77809.75823124335]
[5406036.594421347, 77750.97145815543]
[5406037.662332666, 77740.41407079542]
[5406077.455821812, 77667.02325513688]
[5406150.563925722, 77520.48252667308]
[5406239.65329221, 77388.68342829781]
[5406374.526079522, 77221.3873014271]
[5406403.914901591, 77191.558199528]
[5406439.70199061, 77153.69137463812]
[5406489.244388744, 77091.16595414806]
[5406580.448125159, 77006.84183009353]
[5406749.949905911, 76771.32733262153]
[5406756.496085046, 76682.83017595268]
[5406797.509613331, 76643.256719686]
[5406862.496475023, 76548.77951095166]
[5406865.724671174, 76538.65445376563]
[5406876.411877634, 76509.54081623125]
[5406884.372242984, 76491.36604543056]
[5406926.139988702, 76451.10433217455]
[5406956.9951468725, 76437.96907191658]
[5407002.592110602, 76373.38430157812]
[5407238.671057591, 76172.20070520573]
[5407254.5492705405, 76156.55665128109]
[5407272.580608923, 76137.53670356437]
[5407417.071628586, 76010.02364070722]
[5407465.083344695, 75913.35645530243]
[5407497.2560851425, 75883.38046246966]
[5407568.849251616, 75847.8203052313]
[5407724.536023862, 75609.91263408634]
[5407844.987333478, 75489.26306084919]
[5408216.805866869, 75443.69653090625]
[5408225.658208052, 75132.67434996301]
[5408426.8790582605, 74954.24523803857]
[5408535.329988054, 74927.77153339378]
[5408688.724885987, 74870.55994258466]
[5408697.045126087, 74860.38958348588]
[5408699.131403251, 74857.87865486623]
[5408701.220167322, 74855.38038353377]
[5408705.405156449, 74850.42175138954]
[5408715.949791036, 74825.04245887435]
[5408720.941378784, 74815.36471700108]
[5408723.45249475, 74810.60412486551]
[5408731.047133468, 74796.62301568588]
[5408732.321845092, 74794.33510449169]
[5408733.599110638, 74792.05883168946]
[5408736.803448083, 74786.41788494523]
[5408741.316337738, 74778.63523490205]
[5408741.558982643, 74778.22193937222]
[5408742.935666476, 74775.88668681392]
[5408743.625089665, 74774.72331246143]
[5408743.909179316, 74774.2450889629]
[5408744.396474511, 74773.42637131004]
[5408744.660576032, 74772.9834727694]
[5408745.178927439, 74772.11587203057]
[5408745.438255203, 74771.68264517032]
[5408745.567957102, 74771.46617432771]
[5408745.697684336, 74771.24979824104]
[5408746.216846699, 74770.38523690792]
[5409074.220598662, 74391.71483373755]
[5409276.561276228, 74196.8848948318]
[5409837.915965026, 73826.04932460368]
[5409981.480891536, 73730.28825155899]
[5410003.633915561, 73705.5105872083]
[5410088.517324786, 73635.38228306206]
[5410414.698033342, 73270.15363049132]
[5410515.906437742, 73257.36779106334]
[5410545.076519844, 73185.98059078513]
[5411041.371667605, 72910.53851212368]
[5411097.104978485, 72898.00965674558]
[5411211.533683263, 72876.84003034097]
[5411362.069549858, 72651.24694434452]
[5412081.966066517, 72111.29900711434]
[5412456.862654139, 71864.75920432282]
[5414073.300067287, 70996.45576904455]
[5414813.490218969, 70367.68480507866]
[5416825.544621309, 69248.24346175297]
[5417787.518845143, 69148.60753509378]
[5418305.879307897, 69059.04728415378]
[5418333.114261467, 68995.26803663949]
[5421073.474320193, 68145.50238756434]
[5421241.084641475, 67070.284368368]
[5423787.81833201, 66593.72724259092]
[5424473.212665998, 66308.58378289943]
[5425174.785940724, 66060.82065492534]
[5426622.998912263, 65479.71328275247]
[5427399.85907647, 64976.64842342804]
[5429298.383265181, 64363.65205948507]
[5430287.186557762, 63217.79618615881]
[5430719.447370391, 62894.600142483134]
[5431995.113431359, 62793.46630900338]
[5434009.003150526, 62132.44340853053]
[5435446.407754634, 61541.85543866074]
[5436782.148985661, 60754.24975432584]
[5438478.484464346, 60339.42905478011]
[5441030.130295381, 59509.1836489916]
[5443786.148398294, 58513.81692755385]
[5451077.815148283, 57556.102940879115]
[5452215.264070354, 56835.96913040903]
[5454939.878033484, 56777.732148031886]
[5460142.795611099, 55413.7067451087]
[5464043.226493431, 54255.34977806197]
[5466924.257584652, 53564.182414139854]
[5472551.08770571, 52597.228682693436]
[5472991.398436364, 52278.98908277513]
[5474285.706178225, 51078.65195561599]
[5479829.517842772, 50974.3412861211]
[5480971.053159584, 50880.80381013228]
[5483413.411023709, 50023.02648234502]
[5488297.584315676, 49248.226634331644]
[5494145.576798515, 48190.85773787817]
[5495978.451056559, 47369.742203076]
[5505417.883469544, 47289.69294653285]
[5505708.1693795845, 46802.2753128319]
[5511405.463996834, 45657.2242184582]
[5520358.41490841, 44942.6432001489]
[5522906.8465143535, 43894.51364323348]
[5531374.961417979, 43248.44242614224]
[5537778.289876848, 42704.777134698365]
[5552360.364000565, 40667.3641340606]
[5563468.505976662, 40037.38884297682]
[5563573.99296257, 39883.4147005382]
[5580693.310750685, 38331.65647111372]
[5603556.928325668, 36724.398542982024]
[5607452.984961304, 36651.22678011547]
[5637751.790409074, 34868.181429597695]
[5638530.691401563, 34701.70055762746]
[5652845.250743775, 34017.23486814339]
[5657034.9013585085, 33903.43586224905]
[5673282.584610379, 33064.17411289707]
[5685642.273155755, 32769.42074823758]
[5688737.663292894, 26267.759108133294]
[5975067.6355982255, 25666.48506987692]
[6072565.526158514, 24626.949476600897]
[6182283.47391549, 23787.174829362288]
[6372134.258169421, 22740.917031539455]
[6431426.762861883, 22532.99747050953]
[6471922.394532711, 22434.75000540404]
[6545094.12037296, 22177.033998645962]
[7207247.826653903, 21072.093487148868]
[7721174.261291697, 21053.85586041615]
[8308433.0914285965, 18609.699428172877]
values
[5405394.255448586, 77884.26052747347]
[5405840.938465825, 77848.4393893133]
[5405846.340413058, 77845.5467974396]
[5405847.476397504, 77841.28895789973]
[5405861.422818922, 77816.36175233561]
[5405876.334729548, 77790.55666771838]
[5405884.206146713, 77785.58420694839]
[5405894.684964468, 77742.11597972669]
[5405914.1618997725, 77691.89008089113]
[5405916.270876327, 77690.66728444073]
[5405935.744695247, 77648.94448677036]
[5405961.311782883, 77597.91237603237]
[5405981.1131047895, 77596.04785613225]
[5405995.708904318, 77556.83216171265]
[5405996.568479441, 77525.50585950866]
[5406023.861471721, 77472.42503923505]
[5406033.121159756, 77455.1101865052]
[5406051.88360594, 77421.19549170474]
[5406055.8708744915, 77404.54854727918]
[5406080.635037544, 77372.39919842198]
[5406104.168429783, 77367.73172827622]
[5406107.639254433, 77359.44508288104]
[5406110.115926132, 77326.3722420404]
[5406117.162436838, 77315.53816954167]
[5406130.65761829, 77287.90034068702]
[5406178.053638374, 77262.3752290252]
[5406182.340505639, 77227.77838688708]
[5406242.133978052, 77187.91673036742]
[5406264.968773925, 77151.56506090579]
[5406275.910533976, 77139.46605088077]
[5406276.407728596, 77135.6102659766]
[5406282.817560594, 77132.5402746122]
[5406297.538093647, 77109.88215370222]
[5406315.112427828, 77077.37512491568]
[5406326.324245971, 77064.28596923631]
[5406329.507996544, 77012.94819614885]
[5406377.056197919, 77007.08979778494]
[5406393.904341614, 76973.44261557332]
[5406397.549444537, 76966.0861533827]
[5406404.260014693, 76935.00464413708]
[5406437.490849799, 76916.94901827649]
[5406446.482332716, 76902.42180747003]
[5406454.069480982, 76884.6295361471]
[5406471.699634387, 76850.20778087966]
[5406508.400404557, 76826.40759213884]
[5406556.540057498, 76806.19733524304]
[5406634.947368479, 76653.06023177576]
[5406692.08976643, 76622.5509619343]
[5406703.45809979, 76514.68015363284]
[5406725.614807956, 76474.07223040679]
[5406745.949447787, 76459.0561556074]
[5406766.370315639, 76444.35163460141]
[5406782.831714141, 76419.31485232814]
[5406789.174006836, 76407.43969905126]
[5406870.2980726315, 76383.94862174302]
[5406875.662808807, 76354.05638790797]
[5406895.8869537385, 76320.68228766802]
[5406906.35602184, 76286.02479495454]
[5406969.396069516, 76244.91038451526]
[5407008.13870561, 76240.54828629454]
[5407011.753179255, 76182.01655865085]
[5407033.205644276, 76169.06633525626]
[5407081.845059797, 76113.03218736699]
[5407082.984960358, 76107.57477537615]
[5407085.693265632, 76105.78353052083]
[5407088.04511917, 76101.9742727463]
[5407098.90053389, 76094.74460223984]
[5407101.733434968, 76087.8599313011]
[5407123.533528139, 76073.12209684942]
[5407131.59646378, 76072.70582218976]
[5407161.846252748, 76025.0813111927]
[5407205.237722457, 75997.13453697397]
[5407225.100820851, 75946.69178876978]
[5407229.628364858, 75910.67185167379]
[5407342.4430882605, 75762.09240819652]
[5407398.07231453, 75704.91245852048]
[5407437.7413653, 75648.9567420709]
[5407449.151342946, 75641.55459694396]
[5407498.105018189, 75622.3592387894]
[5407510.535647064, 75613.670232751]
[5407521.240695169, 75608.02155705831]
[5407574.938884034, 75548.85390936353]
[5407642.14216372, 75463.3654724515]
[5407785.187048034, 75378.43283725317]
[5407850.885597868, 75271.73839624535]
[5407856.892298812, 75267.54802434094]
[5407898.280671559, 75256.86012063094]
[5407901.123687695, 75255.69198672408]
[5407903.989017738, 75254.50992557024]
[5407915.265845709, 75245.62901046762]
[5407931.0583837405, 75239.7401609365]
[5407952.004008698, 75212.56535994745]
[5407955.9449254405, 75208.97283781934]
[5408101.394719292, 75030.05609776308]
[5408185.861349595, 74954.03227699605]
[5408309.047395203, 74774.4640430478]
[5408371.017889688, 74761.65806719428]
[5408383.821403614, 74754.04791544151]
[5408414.869265553, 74669.36981624793]
[5408486.921714799, 74667.3621264764]
[5408605.6057697395, 74581.31693606796]
[5408625.432273594, 74570.35196763709]
[5408774.972788185, 74467.24935918498]
[5408803.979180927, 74445.36472214467]
[5408807.551190733, 74383.59455088277]
[5408930.245076521, 74269.65366542239]
[5409038.258374184, 74246.50136773953]
[5409170.1046120105, 74116.69605104795]
[5409284.278809819, 74011.7802512998]
[5409290.35238328, 74010.66359196285]
[5409357.034276296, 73882.5713258272]
[5409374.942852101, 73876.56835174377]
[5409481.861084846, 73839.83719755297]
[5409529.517308042, 73816.697250784]
[5409543.085915158, 73751.52959541076]
[5409588.851522201, 73745.83719564068]
[5409860.795487738, 73460.65350154949]
[5409952.067716624, 73405.20331066947]
[5410270.642647356, 73259.40297664233]
[5410334.185731772, 73177.76343586601]
[5410361.192566254, 73165.3400637979]
[5410432.259698171, 73144.15707497262]
[5410531.074757818, 73047.49680541846]
[5410572.244296738, 73019.1181245019]
[5410573.480897347, 72922.18476384429]
[5410625.565349228, 72921.08373334297]
[5410839.820650301, 72815.79081309556]
[5411060.035415209, 72651.12469821735]
[5411076.52713867, 72644.07964737812]
[5411085.2434089715, 72637.61512785335]
[5411278.110543218, 72437.0408338279]
[5411330.46632188, 72419.02839229563]
[5411457.272934164, 72371.98182913839]
[5411506.292897088, 72340.75921841947]
[5411553.9442697605, 72307.54555466954]
[5411671.304582055, 72180.3270173016]
[5411988.454359536, 71884.75053325834]
[5412378.212904861, 71713.89691050966]
[5412511.822433018, 71686.96721893703]
[5412516.932532446, 71556.70552393307]
[5412574.273513906, 71531.92316341735]
[5412792.471298769, 71417.5265888595]
[5413228.277224356, 71174.79134104466]
[5413492.94782085, 70866.45212979437]
[5413594.6628393475, 70799.05945866756]
[5414013.629785097, 70659.44768462214]
[5414028.46104669, 70545.83913737426]
[5414235.104786538, 70527.30253198862]
[5414320.51743311, 70477.98711855081]
[5414331.03468451, 70401.41288451539]
[5414535.978332562, 70361.98061411796]
[5414733.709130838, 70152.0281239638]
[5414954.355578559, 70025.03426492623]
[5415135.055499159, 69916.39103261718]
[5415810.817548832, 69512.91939754861]
[5415872.128743072, 69429.30096064667]
[5416368.445013391, 69271.215426367]
[5416688.157386444, 68987.02359751893]
[5417030.9896803275, 68961.32039359809]
[5417932.6994346995, 68280.40168514613]
[5418460.955338685, 67933.10936610741]
[5418529.356940162, 67898.01063980305]
[5418845.094509567, 67873.90786130543]
[5419039.222402458, 67649.7318302927]
[5419318.275313975, 67510.02722039739]
[5419364.057653121, 67480.31079440635]
[5419799.81301802, 67389.84589866624]
[5420479.328200871, 67056.46549486244]
[5420615.167757913, 66983.28067389937]
[5421145.550116919, 66909.7182895177]
[5421255.779026213, 66492.20956840577]
[5421374.2546263775, 66419.72798917821]
[5422235.602862538, 66187.44138440657]
[5422592.981242065, 65905.59771281098]
[5422944.904940793, 65705.90615813801]
[5423269.506859126, 65702.89106153963]
[5423338.967371154, 65671.5819249161]
[5423604.907453598, 65521.68812443183]
[5423924.4560460765, 65238.8015754504]
[5424182.434631318, 65057.36164380128]
[5425148.584463548, 64686.25970037954]
[5425575.553804941, 64522.12694672303]
[5425999.697130752, 64114.08871801777]
[5426413.2651838865, 64069.411977355005]
[5426852.113622403, 63901.90967071257]
[5426990.16590557, 63799.757103311626]
[5427414.304244975, 63634.136793981685]
[5427816.47011799, 63324.744248930656]
[5428168.685005781, 63302.51721514656]
[5429082.812797674, 63144.92387406625]
[5429553.111278165, 62699.020962886825]
[5429715.446586576, 62516.73241542194]
[5429931.691185077, 62477.850760703564]
[5430493.756508563, 62334.52614980015]
[5430633.703943462, 62275.033375727675]
[5430805.766085488, 62152.03730781979]
[5431920.913688301, 61495.8483937775]
[5432819.460899575, 61171.839050925766]
[5433445.677704542, 61051.67764664603]
[5433616.455549821, 60952.97575270514]
[5434183.8952652365, 60631.664937983594]
[5434205.829741684, 60600.19603941034]
[5434741.103517165, 60535.10388777927]
[5435717.598037192, 59894.177451345844]
[5436514.589493559, 59826.54604575421]
[5436604.858749116, 59764.75566240519]
[5437133.525961356, 59587.34499115017]
[5437780.603725453, 59346.6519952385]
[5437991.791262429, 59043.71695978612]
[5438781.2492306065, 58985.56323773493]
[5438805.769982772, 58970.228153893746]
[5439496.292235773, 58651.057268654855]
[5439775.438684407, 58638.119139611095]
[5440612.228316707, 58071.383574084815]
[5441844.757717782, 57937.986876351264]
[5442790.805844643, 57416.385515399365]
[5443088.207964442, 57336.727247648996]
[5443228.402133404, 57201.878423096256]
[5445153.80462087, 56506.44468794484]
[5445627.311615055, 56488.68697594694]
[5445804.666885033, 56436.62275130189]
[5447798.509145881, 55739.82940361132]
[5448312.166977831, 55617.088598004644]
[5449937.93269897, 55172.87293643039]
[5450370.599658655, 54972.83640314365]
[5450569.149497702, 54841.972184832746]
[5452227.767130437, 54831.83059281084]
[5453431.707476877, 53956.52178074311]
[5455800.0617030235, 53281.84550755752]
[5456349.7076230515, 53063.30216127606]
[5456394.928475403, 53014.84062035036]
[5456815.154287305, 53011.19649109478]
[5458124.479287255, 52578.940133195734]
[5459254.963686714, 52301.637160316146]
[5459383.296371684, 52236.79459108601]
[5459539.400233308, 52219.20649547459]
[5460140.86924894, 52067.893361873306]
[5461449.679633827, 51874.33222990692]
[5462234.583808589, 51423.150187066836]
[5463898.598116182, 51407.845697188066]
[5465692.643246966, 50499.855484784974]
[5466403.755686707, 50342.27860375594]
[5467884.419707989, 50104.16310205109]
[5468788.597865674, 49710.39608084718]
[5469648.011376734, 49530.87422907453]
[5470794.360356036, 49311.56444677799]
[5471420.889025885, 49179.73990718555]
[5471624.584310007, 49101.502372390394]
[5474631.421386045, 48749.468935217425]
[5474948.337995733, 48224.466135418086]
[5475993.308335394, 48044.3356769885]
[5477693.66868741, 47802.376202533174]
[5477714.3653978435, 47722.91020780278]
[5478338.532276023, 47597.76745666749]
[5479464.578983884, 47200.04098141425]
[5480283.450898811, 47151.23381092027]
[5480389.233255134, 47055.273681766994]
[5481500.930404558, 46628.14421751552]
[5483860.6242090855, 46402.05744799996]
[5484158.455207397, 46391.44523672331]
[5484171.570992517, 46297.20505635189]
[5484394.831935226, 46258.539524943386]
[5485358.283721151, 46196.84184467043]
[5487424.585744757, 45826.65974360991]
[5488061.838854581, 45504.48853759778]
[5490534.7189694885, 45302.40903587128]
[5491141.333735439, 45237.10940285611]
[5491189.206103275, 44808.13149021422]
[5492783.182439655, 44644.915783552955]
[5492955.181439154, 44565.52059491119]
[5493154.365670445, 44505.8712680587]
[5497703.157985526, 43873.40120613911]
[5499513.49116242, 43745.83250335372]
[5501744.999151046, 43244.423564938545]
[5502057.935291042, 43051.111002077436]
[5503579.095995766, 42978.89940747029]
[5505470.669226005, 42542.67737897336]
[5509565.8863377515, 42507.96132161621]
[5511158.114599744, 42002.067390935874]
[5511499.838428495, 41723.36600409681]
[5514199.784147418, 41336.10491632267]
[5522558.925676178, 40392.29278805183]
[5524416.123792301, 40275.26968947373]
[5527720.075562506, 39702.260485986604]
[5531803.34192761, 39255.39923344403]
[5532926.8336796425, 38856.27253511718]
[5541891.1595306555, 38478.46948575851]
[5544863.941622353, 37608.59929981803]
[5549647.211507544, 37532.744065952815]
[5554789.876601771, 37102.67821729077]
[5556560.650070084, 36988.02717021899]
[5563811.780211988, 36358.48454233416]
[5570187.917613297, 35860.239157540425]
[5571545.826757455, 35203.294733751994]
[5582121.229588944, 35047.41869200512]
[5588226.298548958, 34518.96500248019]
[5604866.109612981, 33388.07109725056]
[5626849.1506636115, 33362.78113821143]
[5629238.251257877, 33005.65004078967]
[5640288.310786952, 31963.81472610164]
[5647326.389361838, 31866.926983193403]
[5666653.865299245, 31408.098391648844]
[5668159.790588464, 30465.612470546195]
[5688737.663292894, 26267.759108133294]
[5861307.522808175, 26131.358395260046]
[5867696.134427987, 25786.060934143185]
[5940271.989355282, 24893.849163127885]
[5957204.800306021, 24746.94357621493]
[5987503.783916202, 24424.641645844666]
[5992914.206506499, 24291.784980646426]
[6020961.42456223, 24030.391779287616]
[6136160.836303251, 23912.1725441464]
[6155426.686003642, 23304.94152060567]
[6222053.619411048, 22934.955109774364]
[6241169.7438434465, 22839.573324346922]
[6300959.562531822, 22624.238589357912]
[6431426.762861883, 22532.99747050953]
[6471922.394532711, 22434.75000540404]
[6478789.141228231, 21444.63982558766]
[6690736.651750333, 21079.859304713602]
[6970793.394310177, 20872.55936301466]
[7051415.203930989, 20835.399896364976]
[7209875.279180317, 20778.89398387657]
[7452489.787378373, 20769.79530629548]
[8308433.0914285965, 18609.699428172877]
values
[5405394.255448586, 77884.26052747347]
[5405793.976255403, 77879.55972421482]
[5405817.793866931, 77827.97950036684]
[5405847.993270211, 77800.94043992409]
[5405853.751415339, 77736.39542931963]
[5405863.099035278, 77712.9182889911]
[5405872.589968444, 77689.25402408993]
[5405889.457024713, 77656.06401069732]
[5405892.001815986, 77641.49722607258]
[5405909.125570748, 77608.03473071898]
[5405912.667241072, 77598.85558608254]
[5405922.962104529, 77568.26117069153]
[5405931.709105667, 77549.07543119663]
[5405957.891128689, 77495.99997689176]
[5405973.421893722, 77458.45840144447]
[5405993.534946124, 77419.9526379897]
[5406026.333781805, 77413.18991506743]
[5406036.179995, 77394.890678271]
[5406039.182045433, 77333.97928574558]
[5406060.4952726485, 77300.1940601136]
[5406085.846221076, 77258.59626842996]
[5406087.125134829, 77255.47611541908]
[5406129.374355365, 77250.08064471351]
[5406144.732161744, 77175.87793377662]
[5406157.448138149, 77159.826790224]
[5406201.1931381915, 77158.20987147801]
[5406215.837923135, 77157.91346025675]
[5406221.165390911, 77073.97635167773]
[5406226.204713123, 77060.02926266496]
[5406242.558967608, 77026.66124201627]
[5406265.851882167, 77007.35284825959]
[5406276.769212346, 76980.95508815142]
[5406305.701372321, 76934.7479762559]
[5406345.958918527, 76894.3139848441]
[5406355.397735129, 76879.14801887036]
[5406381.634743157, 76808.85548173888]
[5406396.72225241, 76794.71256963866]
[5406449.707261489, 76689.27227715938]
[5406495.693844378, 76594.14417486773]
[5406514.655245835, 76569.32607135263]
[5406547.874591035, 76514.60646623255]
[5406562.345936033, 76485.7915454247]
[5406591.515397432, 76455.56314670778]
[5406662.583335906, 76420.1276445077]
[5406741.62580911, 76269.55473810849]
[5406805.492983505, 76236.9627474537]
[5406814.325488212, 76173.43879369869]
[5406881.783935878, 76147.43244835665]
[5406882.889533614, 76093.73485746584]
[5406896.016938626, 76087.93129585352]
[5406952.059868631, 76020.44604356233]
[5407018.188431763, 75942.27087468612]
[5407101.96621382, 75800.88009066948]
[5407179.457452316, 75699.33947555277]
[5407233.427809214, 75668.75403874821]
[5407259.18371125, 75605.97437517377]
[5407326.938806261, 75571.3875407982]
[5407341.14635931, 75523.06457343564]
[5407375.749423221, 75498.63934585976]
[5407422.203503552, 75462.17718054305]
[5407425.346805362, 75448.0275204403]
[5407477.42802317, 75428.90159712413]
[5407515.490081048, 75398.76675367204]
[5407532.750292304, 75380.75845431519]
[5407565.385990341, 75356.78557984802]
[5407600.466928929, 75294.3993761078]
[5407604.315497271, 75287.9497339489]
[5407666.700155855, 75264.46635478601]
[5407691.389626724, 75202.83525470586]
[5407723.089396632, 75186.99183351155]
[5407775.511571453, 75130.39057067236]
[5407784.55616345, 75099.12270715449]
[5407977.627244956, 74876.3240008991]
[5408179.693570103, 74677.02422526221]
[5408257.3565885965, 74657.98475206364]
[5408289.961620627, 74594.57070102348]
[5408348.330181462, 74550.1214790994]
[5408459.35408048, 74449.18550300847]
[5408558.781410755, 74419.40216658052]
[5408610.868880255, 74328.75632131888]
[5408712.929987973, 74268.94555639174]
[5408942.8074415075, 74101.06331313834]
[5409078.202731806, 73896.5415863384]
[5409146.691449269, 73895.58852309387]
[5409325.469814158, 73681.05276862314]
[5409510.587108536, 73483.66526406643]
[5409656.743719864, 73415.78259100489]
[5409755.77392952, 73330.7592423071]
[5409845.370379541, 73206.16692970763]
[5410028.332675508, 73115.2293955459]
[5410163.601739998, 73083.53609777718]
[5410310.032908307, 72889.77909851292]
[5410560.158318203, 72616.04019689992]
[5410893.518914723, 72572.44374672929]
[5411144.989361902, 72332.742731814]
[5411255.119714404, 72233.93882808479]
[5411433.82486989, 72151.1811368127]
[5411462.820963269, 72140.24317049232]
[5411594.539475843, 72044.74043434956]
[5411639.339004202, 71919.73379979155]
[5411851.676185954, 71825.41767554835]
[5412208.017909592, 71544.98853504648]
[5412375.26302332, 71538.78095784936]
[5412468.818391054, 71490.41111230668]
[5412485.067947902, 71380.94782250027]
[5412907.175279275, 71137.83262773098]
[5412980.683746811, 71091.89817888699]
[5413025.768425967, 71008.46508543534]
[5413147.127458738, 70892.24835611708]
[5413492.94782085, 70866.45212979437]
[5413594.6628393475, 70799.05945866756]
[5414013.629785097, 70659.44768462214]
[5414028.46104669, 70545.83913737426]
[5414082.743534544, 70434.4012561502]
[5414289.6359185595, 70124.0761386502]
[5414663.744535141, 70046.17891856281]
[5414888.659614007, 69952.40411413024]
[5414902.566803823, 69781.65727822135]
[5415056.707071043, 69735.81335843538]
[5415455.722708181, 69587.78831573561]
[5415678.748011686, 69533.59978925974]
[5415810.817548832, 69512.91939754861]
[5415835.584986345, 69428.03026687716]
[5416003.982860584, 69261.73304131853]
[5416132.951296583, 69013.47071109731]
[5416437.22255094, 68768.40883342939]
[5416707.079334194, 68764.17674478199]
[5417004.428089427, 68607.41957191231]
[5417016.57877751, 68574.8978998748]
[5417427.794464412, 68373.00843689738]
[5417599.899441701, 68348.20127989742]
[5417932.6994346995, 68280.40168514613]
[5417935.151661563, 68160.21178809639]
[5418280.322558078, 67878.30455889778]
[5418545.874651781, 67733.25172561267]
[5419039.222402458, 67649.7318302927]
[5419191.911685465, 67377.02602179129]
[5419260.6406799015, 67328.01067782237]
[5419887.558704435, 67013.05103003675]
[5420283.697737291, 66749.9602829304]
[5420577.775938578, 66648.83889609078]
[5421118.367936857, 66425.13340557755]
[5421119.825174988, 66310.38892498685]
[5421419.342303237, 66202.80241855957]
[5421596.790309886, 66114.7238678869]
[5421800.0783750545, 66073.40735639544]
[5422127.749602884, 65820.93416642131]
[5422944.904940793, 65705.90615813801]
[5423269.506859126, 65702.89106153963]
[5423275.1930871215, 65270.33873985656]
[5423687.917962878, 65078.63755502924]
[5424174.745805196, 64854.09831231132]
[5424243.038736489, 64817.61425968997]
[5424274.958008735, 64805.548585878394]
[5424567.509961118, 64687.76624631013]
[5425148.584463548, 64686.25970037954]
[5425307.237953938, 64317.748760603135]
[5425707.307207169, 64161.8037027835]
[5425971.496421117, 63989.63473826706]
[5426852.113622403, 63901.90967071257]
[5426990.16590557, 63799.757103311626]
[5427016.683388714, 63543.12645222713]
[5427163.465805965, 63434.680010967364]
[5427650.722323146, 63261.179821922204]
[5427656.166303251, 63251.22159792851]
[5427996.119344282, 63220.5274937313]
[5428091.862098169, 63136.686199568154]
[5428194.691046775, 63047.99344639438]
[5428817.075372229, 62814.409596592435]
[5429065.33508106, 62639.93754136889]
[5429188.849522879, 62567.01950486468]
[5429286.509786332, 62516.197434562244]
[5429668.315820808, 62325.9742265176]
[5430143.342804611, 62118.057102222316]
[5430197.153788136, 62098.299465580996]
[5430805.448294842, 61880.63748770991]
[5430943.396433212, 61822.13513206863]
[5431058.396570257, 61722.808657152455]
[5431920.913688301, 61495.8483937775]
[5432796.128446132, 60996.01808301206]
[5432811.935700365, 60995.11126429546]
[5433278.106614696, 60806.07441709051]
[5433585.460095314, 60725.50395196499]
[5433913.905324572, 60643.70234035762]
[5434000.049470699, 60560.631719648176]
[5434318.162882054, 60326.66147413699]
[5434793.109754759, 60168.21891099895]
[5435266.351398088, 60033.644381611506]
[5435658.051078388, 59810.055621911815]
[5436011.731825491, 59743.92275086592]
[5437133.525961356, 59587.34499115017]
[5437780.603725453, 59346.6519952385]
[5437991.791262429, 59043.71695978612]
[5438781.2492306065, 58985.56323773493]
[5438805.769982772, 58970.228153893746]
[5438873.99848905, 58591.698897515016]
[5439675.383675629, 58381.59542289051]
[5440115.643857058, 58218.94329841729]
[5440478.546108065, 58032.44858781023]
[5441844.757717782, 57937.986876351264]
[5441890.5974579835, 57728.22215693215]
[5441900.2261802, 57551.54678525083]
[5442126.678699204, 57477.95172740024]
[5442341.439079057, 57473.38113069262]
[5442567.883016452, 57399.82144202931]
[5443088.207964442, 57336.727247648996]
[5443228.402133404, 57201.878423096256]
[5443267.1647134395, 57173.48296121654]
[5444636.41210396, 56669.704090035055]
[5445153.80462087, 56506.44468794484]
[5445556.096330592, 56286.42959414723]
[5446137.412938881, 56198.67131866293]
[5446232.445128498, 56190.76053014925]
[5447115.144952024, 55877.35805056489]
[5447798.509145881, 55739.82940361132]
[5448312.166977831, 55617.088598004644]
[5449937.93269897, 55172.87293643039]
[5450370.599658655, 54972.83640314365]
[5450569.149497702, 54841.972184832746]
[5450933.5482550645, 54755.25191969721]
[5451757.8477448635, 54351.76981000042]
[5452320.733331513, 54288.88417305419]
[5452965.590741285, 53931.11072888697]
[5455333.262282631, 53364.495884307275]
[5455800.0617030235, 53281.84550755752]
[5455838.976546428, 53104.82013956259]
[5456349.7076230515, 53063.30216127606]
[5456394.928475403, 53014.84062035036]
[5456815.154287305, 53011.19649109478]
[5456956.831835009, 52739.52700833414]
[5457460.235532617, 52702.57152124082]
[5457481.229417514, 52654.186633248035]
[5457770.563444245, 52613.481814464896]
[5458124.479287255, 52578.940133195734]
[5458851.99585121, 52330.337026082714]
[5459254.963686714, 52301.637160316146]
[5459383.296371684, 52236.79459108601]
[5459539.400233308, 52219.20649547459]
[5459557.80277868, 52121.529621301896]
[5459607.613257885, 52056.46939879847]
[5461126.613611339, 51639.30666337745]
[5461147.171032351, 51586.37936682472]
[5462234.583808589, 51423.150187066836]
[5462335.40061804, 51403.17582661542]
[5462420.806867351, 51167.182260711044]
[5462999.848090939, 51092.233277110274]
[5463324.630778628, 51053.59172369058]
[5464594.929392825, 50761.48531334876]
[5465543.20327229, 50301.144554656086]
[5467545.970811286, 50053.62005822263]
[5468788.597865674, 49710.39608084718]
[5469405.851413692, 49567.94634079349]
[5469648.011376734, 49530.87422907453]
[5470151.956889077, 49181.85418925099]
[5470813.247849637, 49064.42454511377]
[5472004.077043209, 49015.20476711596]
[5472538.422834009, 48585.31042198982]
[5474948.337995733, 48224.466135418086]
[5474980.908853063, 47991.435339641444]
[5475707.378548803, 47931.88562488292]
[5476961.917753001, 47643.27846597697]
[5477253.284718153, 47573.67974010179]
[5477890.463997182, 47429.35661088084]
[5479131.164926127, 47401.37491419122]
[5479464.578983884, 47200.04098141425]
[5479754.97062172, 47174.668712920284]
[5480037.999572122, 46849.9705626098]
[5481113.5495606065, 46674.96299964029]
[5481226.404446463, 46632.94649252654]
[5481500.930404558, 46628.14421751552]
[5482320.415462287, 46598.545701812676]
[5483860.6242090855, 46402.05744799996]
[5484158.455207397, 46391.44523672331]
[5484159.5101449685, 46081.43849968805]
[5485447.263981442, 45936.5006358828]
[5486020.379797627, 45723.36841028999]
[5486496.165509043, 45594.43901196463]
[5488061.838854581, 45504.48853759778]
[5488069.944417348, 45265.174799027285]
[5489225.491504533, 45214.31004758683]
[5489825.343537562, 44905.89471717384]
[5490870.761033445, 44696.317099141444]
[5491607.480914659, 44553.59523990027]
[5492637.038037305, 44396.71176673692]
[5494183.526364233, 44286.34944945901]
[5494823.497107087, 44042.626254038405]
[5495761.8538380815, 43852.34566398292]
[5496033.410710471, 43813.50182834649]
[5496655.509403832, 43728.55358675402]
[5501744.999151046, 43244.423564938545]
[5501775.74184528, 42828.6008212347]
[5502651.8780632885, 42725.9581753013]
[5502723.558478754, 42648.60729267982]
[5504679.266031292, 42335.37300063189]
[5506736.057574714, 41957.81038906717]
[5508736.22190725, 41729.21222483864]
[5509057.629135914, 41644.2177883237]
[5510317.459162, 41511.000126976825]
[5512331.304159233, 41218.31766398793]
[5514201.3744480265, 41005.37209155529]
[5515243.605564953, 40969.99390420977]
[5522479.194714881, 39791.49587843083]
[5522596.0960016055, 39764.05069171401]
[5525529.718126317, 39472.17727515407]
[5525773.669807664, 39446.689909971254]
[5526170.596947348, 39344.24851636829]
[5527139.736121683, 39204.73653929233]
[5529446.139203799, 38976.62510660786]
[5532785.461931643, 38564.55220824403]
[5533775.412079219, 38427.397337405375]
[5536497.291025978, 38158.9003758938]
[5539285.940585466, 37966.58136156343]
[5540029.522145694, 37698.37472876907]
[5542340.998179751, 37469.4788410706]
[5546354.660290191, 37116.44378565998]
[5553260.527253988, 36531.7312312131]
[5555753.901939044, 36316.952255179334]
[5557124.985834409, 35977.69250634153]
[5558996.724908044, 35874.32385704917]
[5559817.646307686, 35832.36175006282]
[5560902.233314855, 35746.68816786473]
[5565433.944841453, 35313.24392183223]
[5571545.826757455, 35203.294733751994]
[5574258.53070373, 34596.56350534926]
[5577055.537574614, 34498.78323753551]
[5578122.475147922, 34360.47739461281]
[5579014.896675026, 34241.38755286856]
[5590843.442085131, 33963.86919031814]
[5591632.130986686, 33428.663121255726]
[5596423.013986183, 33205.04234806532]
[5598709.7506751185, 32974.63058807427]
[5602739.44339106, 32737.58399685205]
[5609549.159986832, 32315.838420045573]
[5617085.748149586, 32256.264236419353]
[5619137.182739256, 31933.83983610033]
[5622034.512317697, 31785.805963391736]
[5627721.480301645, 31441.877315140664]
[5628068.72455218, 31408.274516724614]
[5629805.012800968, 31340.988402187515]
[5633064.581939509, 31308.532304996574]
[5636998.018451571, 31233.327349140007]
[5641276.16469278, 30911.930471076073]
[5645385.928996078, 30787.08022274304]
[5668159.790588464, 30465.612470546195]
[5677421.789918249, 29652.17983972672]
[5688737.663292894, 26267.759108133294]
[5858747.812059115, 26147.667310004126]
[5861307.522808175, 26131.358395260046]
[5867696.134427987, 25786.060934143185]
[5896590.439753635, 25122.17566874154]
[5904350.625876326, 24741.127510599294]
[5917090.179252634, 24606.1079039693]
[5952529.9937183205, 24474.195999063268]
[5987503.783916202, 24424.641645844666]
[5992914.206506499, 24291.784980646426]
[6020961.42456223, 24030.391779287616]
[6043723.90822974, 23563.314525076938]
[6068694.671154694, 23199.571736360856]
[6092631.40018974, 23194.659131526285]
[6142990.243955225, 22867.806217914298]
[6193887.978603381, 22724.893119335145]
[6212205.396008546, 22513.45762209862]
[6456260.697207592, 22114.253618727224]
[6478789.141228231, 21444.63982558766]
[6690736.651750333, 21079.859304713602]
[6929113.398280223, 21012.100481165002]
[6970793.394310177, 20872.55936301466]
[7047206.613688521, 20838.626184355773]
[7051415.203930989, 20835.399896364976]
[7206888.379897552, 20774.52702640056]
[7339320.673727044, 20760.724294953274]
[8308433.0914285965, 18609.699428172877]
end_solutions
[-18.962287628558943, 12.14476023278294, -26.798413758359157, 49.030415466108735, -14.215505304239656, 3.047391844444432, 29.760364260340594, -8.191395330403, -5.045661932349456, -25.173573109855088]
[-14.845025245064075, 17.50719175325446, -30.8524495112418, 48.22949998580155, -13.040938470371067, 6.671933913423203, 34.06920398103975, -10.546576341784355, -2.2803308422379267, -19.872333164752046]
[-13.660734769487092, 18.51491080130026, -31.757586952709794, 47.77546650889302, -12.481172107406097, 7.447601465634653, 34.70076875380421, -10.883902076813747, -2.479826149235101, -19.56155893486479]
[-13.074658297207288, 19.023234424650745, -32.26715989257373, 47.43830164679913, -12.108604548857588, 7.716030937731674, 34.890464039295864, -10.967452234917667, -2.8828741852675366, -19.699854345659155]
[-12.51592883308578, 19.52267480135515, -32.79678111162383, 47.04921465493986, -11.696422921270084, 7.902602353939271, 35.00312920163097, -10.999808138777595, -3.4441702930424545, -19.997575712903725]
[-11.957199368964275, 20.022115178059554, -33.32640233067393, 46.66012766308059, -11.284241293682578, 8.089173770146868, 35.11579436396607, -11.032164042637522, -4.005466400817372, -20.2952970801483]
[-11.63836989538635, 20.316449456094546, -33.65620402961569, 46.39552219010579, -11.013163875706677, 8.152001786337772, 35.13717538747321, -11.020861032407083, -4.4371929085278135, -20.56958547436517]
[-11.319540421808426, 20.61078373412954, -33.986005728557444, 46.13091671713099, -10.742086457730778, 8.214829802528676, 35.15855641098034, -11.009558022176645, -4.868919416238253, -20.843873868582037]
[-10.89443445703786, 21.0032294381762, -34.425741327146454, 45.77810941983125, -10.380649900429578, 8.298600490783215, 35.18706444232319, -10.994487341869394, -5.444554759852174, -21.209591727537862]
[-10.597157807997014, 21.261191533030747, -34.71534741585351, 45.543182868121406, -10.13708540018259, 8.3692019940864, 35.21008214319334, -10.9877604557002, -5.82539454270675, -21.45130286240368]
[-10.128655144234902, 21.666920554706675, -35.16964774629278, 45.17596809257642, -9.755778111660522, 8.483547689620027, 35.24932163129715, -10.979238474460901, -6.4177848635964, -21.825036651558186]
[-9.845328800053643, 21.900472384478135, -35.434760659932465, 44.956352654130995, -9.52660960163556, 8.555324072656049, 35.26830813042808, -10.972112832995137, -6.776945426797763, -22.056677947358832]
[-9.69669047553322, 22.02945343190541, -35.57956370428599, 44.838889378276065, -9.404827351512065, 8.590624824307643, 35.27981698086315, -10.96874938991054, -6.96736531822505, -22.17753351479174]
[-9.346276573288087, 22.29827908965733, -35.884181388898504, 44.584823170432855, -9.135305397607127, 8.697346642707446, 35.31072163088558, -10.967025686463824, -7.376283000619349, -22.438229693911538]
[-9.234797829897769, 22.395014875227787, -35.99278367216365, 44.49672571354166, -9.043968710014505, 8.72382220644614, 35.31935326871188, -10.964503104150378, -7.5190979191898135, -22.52887136948622]
[-8.995862671042955, 22.567104747409253, -36.18879907351102, 44.330756962589646, -8.865783443702187, 8.80406846110725, 35.34162628090802, -10.96530198301711, -7.785200683013647, -22.69892587303134]
[-8.875501420967694, 22.66280830287221, -36.29893398470189, 44.23729845752441, -8.768098039981872, 8.834392709817124, 35.34727276205929, -10.961020345055616, -7.940533871145137, -22.801489539315483]
[-8.72504985837362, 22.78243774720091, -36.436602623690476, 44.12047532619286, -8.645991285331483, 8.872298020704466, 35.35433086349839, -10.95566829760375, -8.134700356309498, -22.929694122170666]
[-8.72504985837362, 22.78243774720091, -36.436602623690476, 44.12047532619286, -8.645991285331483, 8.872298020704466, 35.35433086349839, -10.95566829760375, -8.134700356309498, -22.929694122170666]
[-8.613926287703913, 22.89975217011697, -36.568398727686684, 44.01340968215731, -8.539782519500317, 8.878359818951923, 35.35441603797676, -10.945406193090875, -8.316828040007053, -23.051185667862043]
[-8.599670783153883, 22.917546389818504, -36.58813398495014, 43.99773346397073, -8.524664890617352, 8.8770771714224, 35.353976239471464, -10.943518189189845, -8.343789935969836, -23.06925897695593]
[-8.591550318440728, 22.931812525532052, -36.60356247577344, 43.98611152710315, -8.513997586847404, 8.873498474812472, 35.35329841686416, -10.941746626004864, -8.363920618012141, -23.082630489092484]
[-8.534410642240358, 23.00582303550987, -36.68536852295459, 43.92156648160016, -8.45209988838947, 8.866543327034647, 35.35130444596422, -10.933758382898553, -8.47498489229169, -23.15697050289733]
[-8.489658703713989, 23.06994374634003, -36.7556960191281, 43.86697017149184, -8.400530023083643, 8.856820638755742, 35.349069203739035, -10.926439248726533, -8.569170048301864, -23.21986014535821]
[-8.489658703713989, 23.06994374634003, -36.7556960191281, 43.86697017149184, -8.400530023083643, 8.856820638755742, 35.349069203739035, -10.926439248726533, -8.569170048301864, -23.21986014535821]
[-8.47834687928971, 23.09390261166015, -36.78137440754997, 43.848033313170845, -8.383564355039546, 8.848937474036205, 35.34760565493308, -10.923216347544916, -8.602161517208101, -23.24174427278246]
[-8.467035054865432, 23.117861476980266, -36.807052795971835, 43.82909645484984, -8.366598686995449, 8.841054309316666, 35.34614210612713, -10.919993446363298, -8.635152986114338, -23.263628400206706]
[-8.461713532820433, 23.149418738221375, -36.83980816270623, 43.80675975476693, -8.34834360723704, 8.823161168491904, 35.34311872227893, -10.91489582294562, -8.674668946636988, -23.289552848684885]
[-8.456057620608295, 23.161398170881434, -36.85264735691716, 43.79729132560643, -8.33986077321499, 8.819219586132135, 35.34238694787595, -10.913284372354811, -8.691164681090108, -23.300494912397006]
[-8.447878155976797, 23.18371970990075, -36.8763083023495, 43.78029025778482, -8.325062089110196, 8.810024980208699, 35.34075321862545, -10.9100714961632, -8.72093202468482, -23.320169721115896]
[-8.44135077562025, 23.19930548992275, -36.89291937406642, 43.76819871581273, -8.314381603193326, 8.80424615037365, 35.33970742467414, -10.90790187351017, -8.742048760027771, -23.334151272049375]
end_values
[7339320.67372704   20760.72429495]
[5677421.78991825   29652.17983973]
[5579014.89667503   34241.38755287]
[5540029.52214569   37698.37472877]
[5506736.05757471   41957.81038907]
[5480037.99957212   46849.97056261]
[5465543.20327229   50301.14455466]
[5452965.59074129   53931.11072889]
[5438873.99848905   58591.69889752]
[5431058.39657026   61722.80865715]
[5421119.82517499   66310.38892499]
[5416437.22255094   68768.40883343]
[5414289.63591856   70124.07613865]
[5410560.1583182   72616.0401969]
[5409510.58710854   73483.66526407]
[5407977.62724496   74876.3240009 ]
[5407259.18371125   75605.97437517]
[5406562.34593603   76485.79154542]
[5406562.34593603   76485.79154542]
[5406039.18204543   77333.97928575]
[5405973.42189372   77458.45840144]
[5405922.96210453   77568.26117069]
[5405709.7758486    78092.29408274]
[5405582.81663022   78464.2025564 ]
[5405582.81663022   78464.2025564 ]
[5405546.51350641   78609.77521473]
[5405518.00386217   78770.45480951]
[5405488.17632663   78991.97885801]
[5405482.09372841   79066.97885767]
[5405475.10114086   79196.14968623]
[5405474.59664118   79281.87468458]
