values
[533.731554092455, 4547.68667641704]
[636.4773500225272, 2107.8388974424247]
[657.5395963677435, 2072.362914901542]
[658.0803094279902, 1442.5049480719447]
[685.0577653388557, 1216.1007364480877]
[702.492932416203, 1093.904756059428]
[718.199174968302, 999.3222880269889]
[750.7928491652286, 841.2443946712777]
[767.6416077029637, 782.0597298125066]
[784.8383030496076, 708.6462634719065]
[788.4962468032746, 695.7804089162192]
[792.6311507080377, 628.2359041800634]
[832.6168687972527, 550.7257258061718]
[880.242681686585, 389.1994001776467]
[907.9190889631018, 311.15627649387795]
[922.5173334105416, 281.0183258559201]
[932.6950708721321, 279.92318352384086]
[937.0294960993053, 278.2533003141513]
[937.0758504327101, 270.01985395646716]
[939.5126094850871, 263.6385739858309]
[953.2253759940659, 259.1455223326351]
[957.8625721190915, 245.53679549503715]
[960.6963639520546, 244.6089546998951]
[962.4247521762612, 239.10407829145203]
[962.4247521762616, 239.104078291452]
[976.3100868581989, 213.0184220599775]
[1001.6507842061765, 193.21239525954488]
[1043.8416190823132, 176.82399220639806]
[1200.7910710803965, 155.38131483724965]
[1232.2657878651971, 144.2892767178368]
[1363.2394403350754, 127.54219919490211]
[1431.6046917314834, 89.21184278142982]
[1431.6046917314836, 89.21184278142974]
[1501.790150479478, 60.00276725959133]
values
[533.731554092455, 4547.68667641704]
[628.1470406697947, 2342.8537830770415]
[628.9075199254455, 2182.3508700766884]
[634.8102605865225, 1834.433403204497]
[637.462573992249, 1791.9034632741766]
[640.4092463260396, 1684.2086187750633]
[640.9873140414697, 1652.9927962941717]
[642.1663945080343, 1616.4699864109039]
[643.0090882048411, 1588.2223817405898]
[644.0734210816099, 1557.0604795680733]
[645.2249479163007, 1552.999463287979]
[648.7266566490281, 1439.8643673479567]
[650.7424106134519, 1427.1188080280085]
[653.3971347468439, 1346.3010801629919]
[656.0342031145342, 1307.527398563041]
[657.897058304616, 1282.8729693534694]
[665.5146992260065, 1187.4124853297367]
[670.3935935693596, 1101.4141794054553]
[672.2469123399312, 1093.1859307331263]
[673.239757873843, 1066.1435509052246]
[673.6212183491228, 1064.6790924915103]
[677.2043269558682, 1038.0886019259651]
[677.8447878197896, 1036.2201385931521]
[678.8826433564583, 1021.1833667853383]
[680.2756570195202, 998.7071234391509]
[684.4400193882167, 943.898603742376]
[688.044367463268, 934.9676271491584]
[691.6311038443193, 884.2991698687692]
[692.0784796171866, 878.4464005126741]
[693.0884634922999, 870.5587827332001]
[693.9334360735494, 867.6289802182741]
[695.307325771399, 861.6522720010739]
[696.266079022999, 853.4900218460533]
[696.2798624030436, 853.4231765519457]
[698.3142382755256, 834.2238301992137]
[699.0708691329813, 829.9903650037688]
[700.1003492430568, 820.3606660569868]
[705.5501136521654, 809.07744409104]
[706.4897322326761, 805.2188787677353]
[709.027639280373, 774.1102851153103]
[709.0748911144638, 772.1965988530046]
[710.5015349059108, 770.846225550807]
[713.0942509556637, 733.3903555980984]
[722.0242024562101, 720.3322719930682]
[723.3795542555144, 714.2218281274028]
[729.0962925577716, 675.3366744443782]
[731.9728850716467, 668.8635897237202]
[737.0511775273416, 647.0363435485292]
[737.732549061435, 644.3158412306659]
[741.3057631196299, 638.5043845689042]
[744.1815932182091, 637.3631549517711]
[744.2622915456333, 637.3089494576501]
[750.6357505101857, 619.7636668469343]
[758.4752435965455, 574.8975278541873]
[770.9213717464203, 574.1973588368734]
[771.1415940417374, 552.2663378597584]
[774.7515489812404, 529.4008359702086]
[776.1495654682451, 525.40357092632]
[779.7035631477115, 517.2587240786044]
[780.542096250224, 514.6511711993328]
[784.2264932784481, 499.4097304674842]
[792.4895131552747, 470.1340060971753]
[794.550047724969, 469.4607936695137]
[794.7959388920203, 466.81319601505595]
[799.1525012539719, 466.0976091172513]
[810.855367474725, 425.2104830199162]
[811.6030434769159, 418.03775189550856]
[815.4088150473215, 411.86762955690244]
[824.832697589358, 405.11121993571567]
[825.8738152785534, 389.1611753050346]
[826.5318562443655, 298.96321480734196]
[826.6236889032914, 298.76516320732355]
[827.1303311859372, 297.3658042482855]
[827.1473665369955, 297.33107187676944]
[827.1531366166078, 297.31932259583994]
[843.2064467397634, 285.0244077648781]
[882.6851780290381, 276.4027002854257]
[893.3223383984696, 242.6236102698704]
[922.3157514092602, 239.24247042077855]
[922.3162333801208, 239.24018338027238]
[922.3165954842053, 239.23847013267826]
[922.3167163047932, 239.23789943082357]
[922.3169581248054, 239.23675859079387]
[922.3176850155305, 239.23334049210612]
[922.3186575413868, 239.22879297859387]
[922.3191452349573, 239.22652331063756]
[925.4748108275891, 224.51983472494513]
[935.6319104995167, 223.66886845657686]
[935.7404615305678, 221.95427769661964]
[935.8171559282491, 220.81165468943672]
[935.8664366942546, 220.1541751897818]
[935.8834072981365, 219.94538083275424]
[935.9050026888859, 219.69402635198105]
[935.9270225704767, 219.45508728871044]
[935.9359493553592, 219.36338811699375]
[935.9494668303847, 219.23033979849365]
[935.9723353556097, 219.0214856080251]
[935.9810204103254, 218.9475941826242]
[935.9839286822736, 218.92352487332474]
[935.9868435807049, 218.89974106107564]
[935.9897651053981, 218.87624564908018]
[936.0074333925577, 218.7414881854855]
[936.016356972596, 218.67822819399626]
[936.018316952833, 218.66476632751866]
[936.0185971828816, 218.66285434227404]
[945.3555380643579, 216.8349729750986]
[945.5453012258544, 212.66850411266404]
[945.6577627341669, 211.8036396081531]
[945.7422494274156, 211.7684207584749]
[945.8455906832362, 211.68242592037922]
[945.8455906832364, 211.68242592037862]
[958.7134735783484, 200.2001373990222]
[958.8288813875154, 200.09498763482776]
[958.8951080415261, 200.03002060204173]
[959.1528576581663, 199.91375089344444]
[959.2592952014272, 199.7757283326939]
[959.3391259974884, 199.67242519509702]
[959.3657367653235, 199.6380319374354]
[959.4189590545889, 199.5693075538838]
[959.472182348509, 199.50066651063756]
[959.5719787318787, 199.37219125630978]
[959.578631949637, 199.36363682729012]
[959.605244977565, 199.3294324232535]
[959.6717786455354, 199.24401500119916]
[959.6967291754266, 199.212018112391]
[959.7050460677372, 199.201356700077]
[959.7154422175863, 199.18803290548215]
[959.7216799258747, 199.18004021483105]
[959.7258384057244, 199.17471241585667]
[959.738313882029, 199.15873219702056]
[959.7403931334397, 199.15606929105238]
[959.7466308968615, 199.14808136899697]
[959.7487751312206, 199.14533579662307]
[959.7497497837405, 199.14408785585115]
[959.7528686740657, 199.1400946414499]
[959.7583267404249, 199.13310723545723]
[959.7591064650519, 199.1321091093539]
[959.7610557775615, 199.12961387588317]
[959.7624202971189, 199.12786728198643]
[959.7637848173362, 199.126120745363]
[959.7665138597487, 199.12262784397421]
[959.7733364773208, 199.11389659347586]
[959.7794768472319, 199.1060396938923]
[959.7859583632917, 199.09774756083377]
[959.7956806652793, 199.0853117916928]
[975.8241416579403, 197.08405049592508]
[976.0371747208426, 191.74011753215987]
[988.7266176219441, 189.79942246430792]
[993.0811710539585, 181.8221062741291]
[1007.9520305686208, 160.00061996093942]
[1106.3379536171276, 159.35439700946213]
[1107.055949307746, 159.2739572574178]
[1184.192698033817, 138.11821382884887]
[1242.671769531213, 106.75688415108208]
[1313.2013838516987, 102.24318671200956]
[1379.7014010805542, 86.90333153578848]
[1391.1443462629481, 84.0477621359407]
[1413.668190065903, 77.20601931588985]
[1484.0764300835926, 75.40336618176207]
[1488.494487192537, 70.23834987420811]
[1492.7825983022767, 65.99846248527727]
[1501.790150479478, 60.00276725959133]
[1515.1477879177485, 54.46821377233675]
[1516.2637114222218, 54.101393278720494]
[1519.055391838278, 53.28274135057866]
[1519.6140485911312, 53.13987981774896]
[1520.2426651393146, 52.98907705618325]
[1521.0111578302603, 52.820248134031395]
[1521.150905465192, 52.791498957937044]
[1521.577832144307, 52.707586492831325]
[1521.7405392574572, 52.67720207138119]
[1521.849743732097, 52.65731555048979]
[1521.8694009699796, 52.65377957493939]
[1522.5880727747538, 52.533932048560466]
[1522.6623528585035, 52.52262127820862]
[1522.7153331859088, 52.51468062904908]
[1522.732265245024, 52.51216522880241]
[1522.8983138452006, 52.48807578390528]
[1522.968231858719, 52.47824916871697]
[1523.2479205839556, 52.44084893961666]
[1523.4314808050049, 52.41799115399103]
[1523.4358514264522, 52.41746344849449]
[1523.4577046313566, 52.41483652751014]
[1523.4926700977821, 52.4106737662865]
[1523.5276359809145, 52.40656076144702]
[1523.5800855869256, 52.40048490024134]
[1523.807378046743, 52.37546729585418]
[1523.8860603074515, 52.36730916918986]
[1523.931959266937, 52.362670702867106]
[1523.948898349965, 52.36098140128395]
[1523.9647446774209, 52.35941210073941]
[1524.0172020958466, 52.354293323070806]
[1524.060917327274, 52.35011731626961]
[1524.0871467785933, 52.34765096843833]
[1524.094797079371, 52.34693717549118]
[1524.1133764642566, 52.34521414527212]
[1524.1876951795687, 52.338470738201096]
[1524.2270411433858, 52.33499739657066]
[1524.2592833678925, 52.3322013001679]
[1524.4281509702196, 52.318299700691526]
[1524.6095988270652, 52.304767728045334]
[1524.6467642289695, 52.302177557192564]
[1524.716723908151, 52.29747062070896]
[1524.7954305386763, 52.29243999601312]
[1524.856648264615, 52.288722139366314]
[1524.9091216163288, 52.285671805658964]
[1524.9413713286697, 52.28385983336313]
[1525.018444108775, 52.279723737135946]
[1525.105905031004, 52.27536368448978]
[1525.1244908122967, 52.27448305280769]
[1525.14580994145, 52.273492784647324]
[1525.2764613156198, 52.267889932228606]
[1525.3103550893743, 52.26656790364415]
[1525.5913604564098, 52.257716520885495]
[1525.6208839800508, 52.25700694192629]
[1525.6607958813677, 52.25611486938605]
[1525.6963343315963, 52.25538571617465]
[1525.7488226744038, 52.2544214325405]
[1525.8625506308194, 52.25279512312014]
[1525.9062933234582, 52.25233915806271]
[1525.971361782242, 52.2518360817856]
[1526.0112784398348, 52.25163151148329]
values
[533.731554092455, 4547.68667641704]
[627.263255256827, 2510.968153326179]
[628.1470406697947, 2342.8537830770415]
[628.5377179760565, 2245.8782762991627]
[628.9075199254455, 2182.3508700766884]
[629.5203243197936, 2151.865877119213]
[629.6459879309728, 2079.397020629049]
[629.731600471808, 1958.149697712235]
[632.0923471241802, 1957.2818874224947]
[632.2700585397882, 1947.713339085251]
[633.0065936711503, 1945.4271344839754]
[633.2087597364116, 1822.9294729854603]
[636.1131537284161, 1776.3470087934593]
[636.8847293836468, 1774.131330905452]
[637.1882445408612, 1718.5345328638773]
[639.5747380235321, 1712.6282096474174]
[640.2030285744889, 1663.8531612460295]
[640.7414071704795, 1624.7566188055923]
[642.005303401467, 1601.177356570693]
[642.2553630124581, 1443.6965382527753]
[646.1346442170704, 1442.3069258287915]
[647.5106497866263, 1441.010430976084]
[647.5387362815004, 1416.6350631112948]
[650.0556988554126, 1402.5770508638452]
[650.6727951079481, 1388.9964364377827]
[653.2062362703593, 1335.1925320785758]
[653.6212955945635, 1299.779831853535]
[655.7449899556848, 1284.7964445821403]
[655.7677045838414, 1273.496511260475]
[656.4549998036213, 1271.3863288386829]
[657.0211497483833, 1234.8831347388063]
[658.1266129222107, 1202.058394015411]
[660.7361515557245, 1185.3305021037706]
[662.7815334523178, 1181.6512654963126]
[665.2489229644588, 1133.296611719952]
[665.4866921801192, 1123.9269436010236]
[666.2608699953616, 1121.1298723440896]
[667.2757851763538, 1111.5043551716965]
[667.7843488494937, 1107.7477330476931]
[668.4243209794654, 1090.5906949984408]
[670.3179098860218, 1045.1920504613163]
[672.7875554608468, 1036.1701745404562]
[673.2770987086787, 1036.1376879905547]
[673.9922923463008, 1018.1330694255896]
[677.9333264497791, 1000.1208679299207]
[678.3364152988383, 980.802323466243]
[679.244541943479, 949.6891458562513]
[680.9145791978738, 938.2913402976441]
[683.59586212677, 914.5241231896036]
[687.5962398102978, 909.4163430810892]
[688.6896396292731, 907.0907290990995]
[688.8766213482108, 877.6358041076948]
[691.2164641578411, 874.7718620657175]
[691.389071115115, 873.822612975263]
[692.3063357890952, 854.8171946476659]
[696.1369547093298, 849.3671117217342]
[696.6032101451469, 839.8976464175594]
[698.3142382755256, 834.2238301992137]
[698.3956142663319, 825.9614750260258]
[698.8052296794177, 817.8792788532285]
[699.7151570983542, 817.3706621123341]
[699.7305923022084, 815.5161003994791]
[700.7232334237565, 813.9265748506062]
[704.5274576119969, 806.782821842414]
[706.4897322326761, 805.2188787677353]
[706.6623989214249, 784.509554703678]
[707.346090076391, 758.4408410727315]
[709.5455459832424, 751.9040606997046]
[710.7263701342862, 743.4516061746344]
[713.0942509556637, 733.3903555980984]
[715.1530456981244, 733.1044925201309]
[720.772103361054, 732.8125416530959]
[721.0692978616877, 713.437705913378]
[722.3807253616228, 708.0669922314353]
[723.160046092086, 700.2954914813854]
[723.4415349582779, 690.3957942486041]
[725.4979583219525, 686.1156663643718]
[726.7454871253237, 680.2092659930651]
[727.5349228728185, 677.5975406034017]
[728.7640915752313, 675.5875128538047]
[729.0962925577716, 675.3366744443782]
[729.7776337583534, 674.20405768032]
[730.6487025067913, 673.4653111173699]
[731.9728850716467, 668.8635897237202]
[733.1477394297833, 660.9678818527321]
[733.6082391021857, 659.8812556740203]
[733.6091104221437, 659.8504282935412]
[734.1549838487791, 654.3248968875826]
[737.0511775273416, 647.0363435485292]
[737.5068586379094, 637.2692184024784]
[737.5855087253826, 633.0176888964769]
[750.5787313186681, 627.0230002921669]
[750.6357505101857, 619.7636668469343]
[752.2221275520537, 605.5974475648234]
[753.22691217792, 602.8983789342622]
[755.2441021026898, 579.4951923699996]
[757.0290486282529, 576.9429492052714]
[757.9154067940054, 575.7485615547571]
[758.4752435965455, 574.8975278541873]
[768.9987852898975, 565.1653936496915]
[769.6581439839146, 561.8530219907007]
[771.1415940417374, 552.2663378597584]
[773.8759553395635, 533.5108338912092]
[773.8759701195776, 533.510566888216]
[773.8765434470794, 533.5002763312787]
[774.7515489812404, 529.4008359702086]
[776.1495654682451, 525.40357092632]
[779.7035631477115, 517.2587240786044]
[780.542096250224, 514.6511711993328]
[780.7060929229045, 514.2638011489917]
[781.2603418374682, 339.77897827796653]
[781.4885727590603, 335.3201764029658]
[781.527870708247, 334.6051043539604]
[810.5217573482958, 317.1187837862243]
[826.5318562443655, 298.96321480734196]
[826.6236889032914, 298.76516320732355]
[827.1303311859372, 297.3658042482855]
[827.1473665369955, 297.33107187676944]
[827.1531366166078, 297.31932259583994]
[843.2064467397634, 285.0244077648781]
[877.5914236886515, 276.92033319759076]
[878.1525924309274, 276.35893593581295]
[878.1775969424581, 276.17760906604383]
[878.2237891169847, 275.83405565506473]
[878.2402954036806, 275.67996457074054]
[878.2402955652237, 275.67996333147016]
[878.2402957112853, 275.6799622109618]
[878.2464470433124, 275.66151116388744]
[889.6753485088639, 250.26747894527105]
[893.3223383984696, 242.6236102698704]
[895.2480620380375, 240.1573313082072]
[902.4002929150422, 234.12741732844026]
[903.0628319318689, 229.7419352185042]
[903.7363431020264, 225.85265703212744]
[904.4207888582904, 222.68509656677156]
[905.1161315986526, 220.1782699505827]
[905.600481279841, 218.74108813436075]
[905.8445770745694, 218.08739956645215]
[906.0284880829956, 217.6210972670001]
[906.0899514653996, 217.46995728385716]
[906.3759605708008, 216.79656342876103]
[906.5393574731536, 216.4340288744957]
[906.602186837411, 216.29906554463997]
[906.6124307976406, 216.27730071919902]
[906.6226769194086, 216.25559941829238]
[906.6636830197217, 216.16943642644029]
[906.7098562114148, 216.0737536596107]
[906.7432307261547, 216.00549242163763]
[906.7457989416422, 216.0002713299136]
[906.7663495257303, 215.9586575186665]
[906.7714885217438, 215.94829735730266]
[906.7730945687343, 215.94506337877678]
[906.7759855862002, 215.93924651256356]
[906.776628057727, 215.93795462639847]
[906.779198028203, 215.9327898154055]
[906.7811255946461, 215.92891908068952]
[906.7869087495491, 215.91732168754868]
[906.7963881755431, 215.89836306985822]
[906.8047444455254, 215.88170369409005]
[906.8087623904792, 215.8737111056128]
[906.8116555148796, 215.86796319006885]
[906.8131021411367, 215.8650913548285]
[906.8134846253486, 215.84869351745698]
[906.8134851276953, 215.8486925214939]
[906.8134851994594, 215.84869237921345]
[906.813485486515, 215.84869181009185]
[906.813485630043, 215.84869152553128]
[906.8134858453348, 215.8486910986901]
[906.8134860247443, 215.84869074298945]
[906.8134861413608, 215.8486905117837]
[906.8134862893738, 215.84869021833006]
[906.813486326377, 215.84869014496687]
[906.8134864373867, 215.84868992487694]
[906.8134865113933, 215.84868977815034]
[906.8134865483967, 215.84868970478718]
[906.8134865854, 215.84868963142378]
[906.8134866039015, 215.84868959474207]
[906.8134866131522, 215.84868957640137]
[906.8134866200904, 215.84868956264546]
[906.8134866316537, 215.84868953971926]
[906.8134866362792, 215.84868953054902]
[906.8134866385917, 215.84868952596392]
[906.8134866478431, 215.8486895076231]
[906.8134866536249, 215.84868949616015]
[906.8134866549256, 215.84868949358088]
[906.8134866562266, 215.84868949100192]
[906.8134866572386, 215.84868948899566]
[906.8134866582503, 215.84868948698957]
[906.8134866588282, 215.84868948584332]
[906.8134866593886, 215.84868948473306]
[906.8134866594063, 215.84868948469716]
[906.8134866595553, 215.84868948440163]
[906.8134866596503, 215.8486894842134]
[906.8134866596864, 215.84868948414186]
[906.8134866597813, 215.84868948395393]
[906.8134866599124, 215.84868948369416]
[906.8134866599485, 215.84868948362237]
[906.8186416214396, 215.84629493338159]
[906.8226594863357, 215.84615594843586]
[906.8229533948117, 215.84557468739783]
[906.8229778872646, 215.84552625163337]
[906.8230513646954, 215.84538094679397]
[906.8231003497108, 215.84528407894416]
[906.8231493347746, 215.84518721272883]
[906.8231983198881, 215.84509034814903]
[906.8232473050496, 215.84499348520342]
[906.8233452755208, 215.84479976421736]
[906.8235412170501, 215.84441234186605]
[906.8235657097963, 215.84436391591143]
[906.823590202555, 215.84431549036577]
[906.8236391881085, 215.84421864050137]
[906.8236575577034, 215.84418232222367]
[906.8236636809036, 215.8441702161824]
[906.8237371593623, 215.84402494567829]
[906.8237738986331, 215.84395231180585]
[906.8237800218477, 215.84394020624987]
[906.8237861450626, 215.84392810071944]
[906.8237892066704, 215.8439220479636]
[906.8237907374744, 215.8439190215882]
[906.8237922682786, 215.84391599521445]
[906.8237930336808, 215.84391448202825]
[906.8237938947578, 215.8439127796939]
[906.8237941817836, 215.84391221224928]
[906.8237947558348, 215.84391107736016]
[906.8237959039382, 215.84390880758298]
[906.8237982001446, 215.84390426803066]
[930.1126229370454, 198.51877633466734]
[930.8581648180007, 196.80285420348656]
[932.1129236147862, 196.04272347947995]
[932.4403332448775, 195.064344373026]
[932.4805870503222, 195.03305542066113]
[932.4805878999349, 195.03305470283846]
[932.5458226305548, 194.98502320348365]
[932.5942024950028, 194.95153796412717]
[932.597077905513, 194.9496096640567]
[932.5970779134414, 194.94960965691482]
[932.5970779138252, 194.94960965656884]
[932.6057046329656, 194.94386360115726]
[932.6078610555721, 194.94242904554613]
[932.6078613092543, 194.94242881569787]
[932.6232288196115, 194.93230660321544]
[932.6337446362738, 194.92548249644773]
[932.652672442946, 194.9134999479927]
[932.6553691534516, 194.91178416515785]
[932.6620222719743, 194.9076385426486]
[932.6623816124899, 194.90739556932613]
[932.684019153669, 194.89413257406588]
[932.7090140372887, 194.87928188022417]
[932.7136912085859, 194.87654024061993]
[932.7207073278396, 194.87245811784365]
[932.7256804715661, 194.8696460294351]
[932.7277238818556, 194.86841237885116]
[932.7423490553854, 194.86022186755082]
[932.7423494485221, 194.8602214866791]
[932.7526923126399, 194.85442008075543]
[932.7598947046499, 194.85043559792967]
[932.7643039015352, 194.8480096524032]
[932.7648440939629, 194.8477322602837]
[932.7747435316305, 194.84238034550836]
[932.775688741601, 194.84201117881716]
[932.7756950299745, 194.84200498969673]
[932.7757292370144, 194.8418277717196]
[932.7764850609774, 194.8415438401135]
[932.7766298466884, 194.84145890461298]
[932.7772089906712, 194.84111927083362]
[932.7776539864175, 194.84091191695867]
[932.7777881364751, 194.8407798102058]
[932.7780777100603, 194.8406101448223]
[932.7786781356142, 194.84036571413128]
[932.7931047141197, 194.83264130162118]
[932.7990339276279, 194.82969920268138]
[932.8000837924895, 194.8290981247205]
[932.8002286019055, 194.82901526198552]
[932.8114340226799, 194.8232836750109]
[932.8136832178861, 194.82310162213136]
[932.8147607424744, 194.82156269874275]
[932.8155538118149, 194.82122444358473]
[932.8182858314495, 194.81984692839887]
[932.8210179184014, 194.81847497180465]
[932.8217831957033, 194.81800721138558]
[932.8223839871207, 194.81779107750054]
[932.8319469393624, 194.81304270062415]
[932.8401444118797, 194.80902678695762]
[932.8451957122705, 194.80658163575154]
[932.8467891253968, 194.80571448553684]
[932.8483424902062, 194.8050607892983]
[932.8551527456245, 194.80177270959535]
[932.8575030273895, 194.8007025509563]
[932.859475764918, 194.7997093133392]
[932.8662483864614, 194.79566746771476]
[932.8688428713045, 194.7952852479695]
[932.8702069940343, 194.79472850715194]
[932.8813455532767, 194.79267208738247]
[932.8845175366624, 194.78809624942386]
[932.8879750752118, 194.78659411239263]
[932.8890002435767, 194.7861319382049]
[932.890326102979, 194.78558443323894]
[932.892075805459, 194.78475007094104]
[932.908480240721, 194.77749795949325]
[932.9098473863546, 194.7769025692735]
[932.9115973652886, 194.77609133312936]
[932.9118981363514, 194.77601206450765]
[932.9125817280959, 194.77571591763316]
[932.9139489242028, 194.77512465580043]
[932.9159225556635, 194.77420642018086]
[932.9248870987333, 194.7704440695605]
[932.9342209679162, 194.76656258551023]
[932.9348732222645, 194.76624272094406]
[932.9358263499896, 194.76585142297594]
[932.9421487175879, 194.76314670304947]
[932.9449941455024, 194.76208715006385]
[932.946766677937, 194.76134660904975]
[932.9600606887943, 194.75604716454208]
[932.9623010671473, 194.75505089757]
[932.96302224601, 194.7547623911011]
[932.9778982043125, 194.74893697663273]
[932.9820922163934, 194.74744850069234]
[932.9905387559456, 194.74420351011884]
[932.9927761385017, 194.7432722168785]
[933.0014844668294, 194.74013622470886]
[933.0101419395722, 194.73694452675423]
[933.0165587132361, 194.73472068832044]
[933.0188000703232, 194.73380630658033]
[933.0259451793017, 194.73136320651798]
[933.0399084045483, 194.7264729203803]
[933.0452780748493, 194.72473767807526]
[933.0671813370648, 194.71755916063253]
[933.0890889043804, 194.71072657408146]
[933.0911429595271, 194.7101037210586]
[933.1135019740449, 194.7035768407934]
[933.1767622190952, 194.68683642113865]
[933.1798457371426, 194.6860962032977]
[933.2206246998359, 194.6769417214767]
[960.7846772500566, 193.83888325164372]
[960.8073404498075, 193.78567912404233]
[960.8579151656262, 193.66934690320375]
[960.8608588708862, 193.66267769057825]
[960.9033761545438, 193.52178092597794]
[960.9033763493162, 193.52178050031327]
[960.9033774449106, 193.52177810595026]
[960.90337853594, 193.5217757215652]
[960.9033786238158, 193.52177552951744]
[960.9033787054145, 193.5217753511874]
[960.9033787146336, 193.52177533103952]
[960.9033787221367, 193.52177531464267]
[976.0371747208426, 191.74011753215987]
[978.4162683727666, 184.30689185122446]
[979.9600157996942, 181.10790433081075]
[979.9600183203243, 181.10789936619167]
[979.960018647213, 181.1078987223524]
[979.9600188691013, 181.10789828532313]
[979.9600188740183, 181.10789827563798]
[1007.9520305686208, 160.00061996093942]
[1106.3379536171276, 159.35439700946213]
[1107.055949307746, 159.2739572574178]
[1184.192698033817, 138.11821382884887]
[1224.1585873298543, 109.13929884412869]
[1237.8147931844476, 97.5643146342099]
[1377.3133498738298, 83.29466276255766]
[1413.668190065903, 77.20601931588985]
[1484.0764300835926, 75.40336618176207]
[1488.494487192537, 70.23834987420811]
[1492.7825983022767, 65.99846248527727]
[1501.790150479478, 60.00276725959133]
[1515.1477879177485, 54.46821377233675]
[1516.2637114222218, 54.101393278720494]
[1519.055391838278, 53.28274135057866]
[1519.6140485911312, 53.13987981774896]
[1520.2426651393146, 52.98907705618325]
[1521.0111578302603, 52.820248134031395]
[1521.150905465192, 52.791498957937044]
[1521.2084987174417, 52.77983215091511]
[1521.577832144307, 52.707586492831325]
[1521.7135117786256, 52.682187003745334]
[1521.7405392574572, 52.67720207138119]
[1521.8491976995945, 52.65741396265139]
[1521.849743732097, 52.65731555048979]
[1521.8694009699796, 52.65377957493939]
[1522.0829089125161, 52.6162423673746]
[1522.3155465327643, 52.57718358220876]
[1522.3543212652876, 52.57086339209671]
[1522.564807220463, 52.53706122464696]
[1522.5880727747538, 52.533932048560466]
[1522.6623528585035, 52.52262127820862]
[1522.7153331859088, 52.51468062904908]
[1522.732265245024, 52.51216522880241]
[1522.736839648742, 52.511487525659504]
[1522.8595319159447, 52.49360764496064]
[1522.8983138452006, 52.48807578390528]
[1522.968231858719, 52.47824916871697]
[1523.0021925014819, 52.47333683022135]
[1523.0654643674654, 52.46489902117017]
[1523.0933237141555, 52.46114194746179]
[1523.2174454742196, 52.44472984787507]
[1523.229073532936, 52.44327221298357]
[1523.2298929674184, 52.44316655979393]
[1523.2479205839556, 52.44084893961666]
[1523.2484668770958, 52.44077891040706]
[1523.364829634716, 52.42613426059849]
[1523.4314808050049, 52.41799115399103]
[1523.4358514264522, 52.41746344849449]
[1523.4577046313566, 52.41483652751014]
[1523.4926700977821, 52.4106737662865]
[1523.5276359809145, 52.40656076144702]
[1523.5800855869256, 52.40048490024134]
[1523.5870365657897, 52.39976271316948]
[1523.598661713882, 52.39836006826008]
[1523.734434918434, 52.383262163734116]
[1523.807378046743, 52.37546729585418]
[1523.831419624839, 52.37294694735714]
[1523.8860603074515, 52.36730916918986]
[1523.931959266937, 52.362670702867106]
[1523.948898349965, 52.36098140128395]
[1523.9647446774209, 52.35941210073941]
[1523.9682964522065, 52.35906182312587]
[1524.0172020958466, 52.354293323070806]
[1524.060917327274, 52.35011731626961]
[1524.0871467785933, 52.34765096843833]
[1524.094797079371, 52.34693717549118]
[1524.1040867571164, 52.34607380595074]
[1524.1133764642566, 52.34521414527212]
[1524.1719842649293, 52.339876396930094]
[1524.1876951795687, 52.338470738201096]
[1524.2270411433858, 52.33499739657066]
[1524.2398833429268, 52.33387827988372]
[1524.2592833678925, 52.3322013001679]
[1524.337977741339, 52.325567281063684]
[1524.3767792156036, 52.32239616629933]
[1524.4281509702196, 52.318299700691526]
[1524.4543837021456, 52.31625282093901]
[1524.5416912006483, 52.30966034113726]
[1524.6095988270652, 52.304767728045334]
[1524.6467642289695, 52.302177557192564]
[1524.716723908151, 52.29747062070896]
[1524.7260155533727, 52.29686210671375]
[1524.7570355821354, 52.294364237185036]
[1524.7954305386763, 52.29243999601312]
[1524.843530073108, 52.289504421180055]
[1524.856648264615, 52.288722139366314]
[1524.8823382259723, 52.28721297868763]
[1524.9091216163288, 52.285671805658964]
[1524.9114446769981, 52.285539684255475]
[1524.9413713286697, 52.28385983336313]
[1525.018444108775, 52.279723737135946]
[1525.105905031004, 52.27536368448978]
[1525.1151979069589, 52.2749213534173]
[1525.1244908122967, 52.27448305280769]
[1525.14580994145, 52.273492784647324]
[1525.2764613156198, 52.267889932228606]
[1525.3103550893743, 52.26656790364415]
[1525.3491694070694, 52.265120816017]
[1525.4656154350257, 52.26120982721901]
[1525.4962311188747, 52.260289233504025]
[1525.505525228836, 52.26001867022629]
[1525.5831595302263, 52.257921111085324]
[1525.5913604564098, 52.257716520885495]
[1525.6208839800508, 52.25700694192629]
[1525.6607958813677, 52.25611486938605]
[1525.660795881368, 52.256114869386046]
[1525.6963343315963, 52.25538571617465]
[1525.6996148255766, 52.25532151007856]
[1525.7190244898372, 52.25495236112978]
[1525.7384342822006, 52.25460160032313]
[1525.7488226744038, 52.2544214325405]
[1525.786959323553, 52.253805315161905]
[1525.8253698535445, 52.25325688304328]
[1525.8625506308194, 52.25279512312014]
[1525.8937172326982, 52.2524605680272]
[1525.9062933234582, 52.25233915806271]
[1525.9344412434368, 52.251072441486095]
[1526.2271159984998, 52.250158784550315]
values
[324.96742999947577, 1427.5557144797117]
[350.26603086388025, 1072.306516626825]
[375.82237463527144, 926.4211157819345]
[392.95988467526206, 916.9352254439488]
[394.36292522639616, 896.0330994718823]
[401.1408780262766, 895.911807411613]
[413.99894638910763, 841.7765185831173]
[415.46827814577716, 824.9805153605508]
[553.0323829681477, 714.3387063136774]
[570.6351679837722, 643.0094872932297]
[591.5085450916802, 548.3994365776967]
[640.4369383394488, 520.2229784598875]
[642.4058252667677, 505.4360096630953]
[713.6409938260988, 321.7169963395704]
[810.5217573482958, 317.1187837862243]
[821.5346190630361, 314.38304921869803]
[826.5318562443655, 298.96321480734196]
[826.6236889032914, 298.76516320732355]
[827.1303311859372, 297.3658042482855]
[827.1473665369955, 297.33107187676944]
[827.1531366166078, 297.31932259583994]
[840.7993761163889, 280.1091554037153]
[866.5309175786848, 250.56862241119134]
[866.6254423899768, 250.40181734038092]
[866.6727161763561, 250.31680851121175]
[889.6753485088639, 250.26747894527105]
[893.3223383984696, 242.6236102698704]
[894.6520450963558, 228.285708839248]
[894.6904380407777, 228.20410169105145]
[894.7096375257184, 228.1635645762902]
[894.786455547509, 228.00320080727062]
[903.7363431020264, 225.85265703212744]
[904.4207888582904, 222.68509656677156]
[905.1161315986526, 220.1782699505827]
[905.600481279841, 218.74108813436075]
[905.8445770745694, 218.08739956645215]
[906.0284880829956, 217.6210972670001]
[906.0899514653996, 217.46995728385716]
[906.3759605708008, 216.79656342876103]
[906.5393574731536, 216.4340288744957]
[906.602186837411, 216.29906554463997]
[906.6124307976406, 216.27730071919902]
[906.6226769194086, 216.25559941829238]
[906.6636830197217, 216.16943642644029]
[906.7098562114148, 216.0737536596107]
[906.7183482076858, 215.8944248631391]
[906.7241478191256, 215.89156909665263]
[906.7253077650058, 215.89099899211809]
[906.7299476271678, 215.88872206799337]
[906.731107612368, 215.8881537101857]
[906.7392277289595, 215.88418497937866]
[906.7485083340296, 215.87967021312318]
[906.7577894423633, 215.87517774068147]
[906.7763531687654, 215.86625956328382]
[906.8131021411367, 215.8650913548285]
[906.8134846253486, 215.84869351745698]
[906.8134851276953, 215.8486925214939]
[906.8134851994594, 215.84869237921345]
[906.813485486515, 215.84869181009185]
[906.813485630043, 215.84869152553128]
[906.8134858453348, 215.8486910986901]
[906.8134860247443, 215.84869074298945]
[906.8134861413608, 215.8486905117837]
[906.8134862893738, 215.84869021833006]
[906.813486326377, 215.84869014496687]
[906.8134864373867, 215.84868992487694]
[906.8134865113933, 215.84868977815034]
[906.8134865483967, 215.84868970478718]
[906.8134865854, 215.84868963142378]
[906.8134866039015, 215.84868959474207]
[906.8134866131522, 215.84868957640137]
[906.8134866200904, 215.84868956264546]
[906.8134866316537, 215.84868953971926]
[906.8134866362792, 215.84868953054902]
[906.8134866385917, 215.84868952596392]
[906.8134866478431, 215.8486895076231]
[906.8134866536249, 215.84868949616015]
[906.8134866549256, 215.84868949358088]
[906.8134866562266, 215.84868949100192]
[906.8134866572386, 215.84868948899566]
[906.8134866582503, 215.84868948698957]
[906.8134866588282, 215.84868948584332]
[906.8134866593886, 215.84868948473306]
[906.8134866594063, 215.84868948469716]
[906.8134866595553, 215.84868948440163]
[906.8134866596503, 215.8486894842134]
[906.8134866596864, 215.84868948414186]
[906.8134866596979, 215.8486894841193]
[906.8134866597813, 215.84868948395393]
[906.8134866598286, 215.8486894838598]
[906.813486659866, 215.84868948378553]
[906.8134866599124, 215.84868948369416]
[906.8134866599485, 215.84868948362237]
[906.8134866599787, 215.8486894835632]
[906.8134866600088, 215.84868948350393]
[906.8134866600125, 215.84868948349654]
[906.8134866600165, 215.8486894834895]
[906.8134866600252, 215.84868948347133]
[906.8134866600352, 215.84868948345215]
[906.8134866600391, 215.84868948344376]
[906.8134866600536, 215.84868948341514]
[906.8134866600537, 215.84868948341375]
[906.8134866600609, 215.84868948340068]
[906.8134866600628, 215.8486894833963]
[906.8134866600703, 215.84868948338266]
[906.8134866600741, 215.84868948337405]
[906.8134866600784, 215.84868948336586]
[906.8134866600826, 215.8486894833574]
[906.8134866600859, 215.8486894833509]
[906.8134866600869, 215.84868948334835]
[906.8134866600878, 215.84868948334721]
[906.8134866600915, 215.84868948333911]
[906.8134866600931, 215.84868948333562]
[906.8134866600943, 215.84868948333323]
[906.8134866600951, 215.84868948333147]
[906.813486660096, 215.8486894833291]
[906.8134866600973, 215.8486894833272]
[906.8134866600982, 215.84868948332485]
[906.8134866600983, 215.84868948332377]
[906.8134866600985, 215.84868948332348]
[906.8134866600988, 215.84868948332328]
[906.813486660099, 215.84868948332283]
[906.8134866600991, 215.84868948332266]
[906.8134866600996, 215.84868948332243]
[906.8186416214396, 215.84629493338159]
[906.8226594863357, 215.84615594843586]
[906.8229533948117, 215.84557468739783]
[906.8229778872646, 215.84552625163337]
[906.8230513646954, 215.84538094679397]
[906.8231003497108, 215.84528407894416]
[906.8231493347746, 215.84518721272883]
[906.8231983198881, 215.84509034814903]
[906.8232473050496, 215.84499348520342]
[906.8233452755208, 215.84479976421736]
[906.8235412170501, 215.84441234186605]
[906.8235657097963, 215.84436391591143]
[906.823590202555, 215.84431549036577]
[906.8236391881085, 215.84421864050137]
[906.8236575577034, 215.84418232222367]
[906.8236636809036, 215.8441702161824]
[906.8237371593623, 215.84402494567829]
[906.8237738986331, 215.84395231180585]
[906.8237800218477, 215.84394020624987]
[906.8237861450626, 215.84392810071944]
[906.8237892066704, 215.8439220479636]
[906.8237907374744, 215.8439190215882]
[906.8237922682786, 215.84391599521445]
[906.8237930336808, 215.84391448202825]
[906.8237938947578, 215.8439127796939]
[906.8237941817836, 215.84391221224928]
[906.8237947558348, 215.84391107736016]
[906.8237959039382, 215.84390880758298]
[906.8237982001446, 215.84390426803066]
[906.8877777936126, 215.8146081012893]
[906.8877777936373, 215.8146081012391]
[913.3070465374823, 215.35456503717458]
[930.1126229370454, 198.51877633466734]
[930.8581648180007, 196.80285420348656]
[932.1129236147862, 196.04272347947995]
[932.360724299292, 195.1299512962331]
[932.4206397520302, 195.08011001732237]
[932.4403332448775, 195.064344373026]
[932.4563058444722, 195.05177462168103]
[932.4655977981015, 195.04455793744526]
[932.4805870503222, 195.03305542066113]
[932.4805878999342, 195.03305470283863]
[932.4805878999349, 195.03305470283846]
[932.4843357446287, 195.03020600044638]
[932.4852727257538, 195.02949551822135]
[932.4901478109343, 195.0258101936375]
[932.490147810935, 195.02581019363734]
[932.5032098380979, 195.01602429697596]
[932.5032098380983, 195.01602429697556]
[932.5145225466391, 195.00765663530558]
[932.5405687372383, 194.98877427720018]
[932.5405687372386, 194.9887742772]
[932.5458226305548, 194.98502320348365]
[932.5501338620094, 194.98197126475742]
[932.5501338620098, 194.98197126475725]
[932.5614513896443, 194.9740112745749]
[932.5762736559257, 194.96373170460856]
[932.5942024950028, 194.95153796412717]
[932.597077905513, 194.9496096640567]
[932.5970779134414, 194.94960965691482]
[932.5970779136459, 194.94960965673081]
[932.5970779138252, 194.94960965656884]
[932.5970779139975, 194.94960965641405]
[932.5970779140281, 194.94960965638631]
[932.6005822581719, 194.94725676167488]
[932.6005822581724, 194.94725676167477]
[932.6057046329656, 194.94386360115726]
[932.6078610555721, 194.94242904554613]
[932.6078613092543, 194.94242881569787]
[932.6214762786326, 194.9334519785108]
[932.6232288196115, 194.93230660321544]
[932.6337446362738, 194.92548249644773]
[932.6510537387093, 194.91448503888535]
[932.6510537387095, 194.9144850388852]
[932.652672442946, 194.9134999479927]
[932.6553691534516, 194.91178416515785]
[932.6620222719743, 194.9076385426486]
[932.6623816124896, 194.90739556932613]
[932.662381612768, 194.90739556906763]
[932.6641347951934, 194.90630413541217]
[932.6702040065145, 194.9025631481206]
[932.6719573123456, 194.90148203649574]
[932.6737106453534, 194.9004032086782]
[932.6772173928981, 194.89825240310827]
[932.684019153669, 194.89413257406588]
[932.7015483001924, 194.88364797958633]
[932.7090140372887, 194.87928188022417]
[932.7111273984297, 194.87801839959576]
[932.7136912085859, 194.87654024061993]
[932.7207073278396, 194.87245811784365]
[932.7224614255852, 194.87144327300524]
[932.7256804715661, 194.8696460294351]
[932.7277238818556, 194.86841237885116]
[932.7423490553854, 194.86022186755082]
[932.7423494485221, 194.8602214866791]
[932.7526923126399, 194.85442008075543]
[932.7598947046491, 194.85043559792965]
[932.7616494167612, 194.84947195682633]
[932.7643039015352, 194.8480096524032]
[932.7648440939629, 194.8477322602837]
[932.767724027803, 194.8461804048477]
[932.7712337253795, 194.84427584851557]
[932.7712337253796, 194.8442758485155]
[932.7747435316305, 194.84238034550836]
[932.775688741601, 194.84201117881716]
[932.7756950299745, 194.84200498969673]
[932.7757292370144, 194.8418277717196]
[932.7764850609774, 194.8415438401135]
[932.7766298466884, 194.84145890461298]
[932.7772089906712, 194.84111927083362]
[932.7776539864175, 194.84091191695867]
[932.7777881364751, 194.8407798102058]
[932.7780777100603, 194.8406101448223]
[932.7786781356142, 194.84036571413128]
[932.7808188650235, 194.83914864871718]
[932.7931047141197, 194.83264130162118]
[932.7990339276279, 194.82969920268138]
[932.8000837924895, 194.8290981247205]
[932.8002286019055, 194.82901526198552]
[932.8114340226799, 194.8232836750109]
[932.8136832178861, 194.82310162213136]
[932.8147607424744, 194.82156269874275]
[932.8155538118149, 194.82122444358473]
[932.8182719147596, 194.81978044913703]
[932.8200275416488, 194.81889270397375]
[932.8210179184014, 194.81847497180465]
[932.8217831957033, 194.81800721138558]
[932.8223839871207, 194.81779107750054]
[932.8313727137813, 194.8132420761689]
[932.8319469393624, 194.81304270062415]
[932.8401444118797, 194.80902678695762]
[932.8409630627378, 194.80854543862193]
[932.8451957122705, 194.80658163575154]
[932.8467891253968, 194.80571448553684]
[932.8483424902062, 194.8050607892983]
[932.8551527456245, 194.80177270959535]
[932.8575030273895, 194.8007025509563]
[932.859475764918, 194.7997093133392]
[932.865330115873, 194.79693679795932]
[932.8662483864614, 194.79566746771476]
[932.8688428713043, 194.79528524796933]
[932.8688428713045, 194.79528524796925]
[932.8702069940343, 194.79472850715194]
[932.8705992897612, 194.79446283523222]
[932.8723557353786, 194.79364266346047]
[932.8784364667406, 194.79085560450645]
[932.8801930351328, 194.7900455507265]
[932.8819496312393, 194.78923773508356]
[932.8819496312394, 194.7892377350834]
[932.8845175366624, 194.78809624942386]
[932.8879750752118, 194.78659411239263]
[932.8890002435767, 194.7861319382049]
[932.890326102979, 194.78558443323894]
[932.8915443578554, 194.7849009430433]
[932.892075805459, 194.78475007094104]
[932.908480240721, 194.77749795949325]
[932.9098473863546, 194.7769025692735]
[932.9115973652886, 194.77609133312936]
[932.9118981363514, 194.77601206450765]
[932.9125817280959, 194.77571591763316]
[932.9139489242028, 194.77512465580043]
[932.9159225556635, 194.77420642018086]
[932.917679711256, 194.77344453451204]
[932.9194368940048, 194.77268487856693]
[932.9248870987333, 194.7704440695605]
[932.9255202278933, 194.77011059411623]
[932.927277533678, 194.76936100451107]
[932.9325496139647, 194.76712559829951]
[932.9325496139649, 194.7671255982993]
[932.9342209679162, 194.76656258551023]
[932.9348732222645, 194.76624272094406]
[932.9358263499896, 194.76585142297594]
[932.9421487175879, 194.76314670304947]
[932.9449941455024, 194.76208715006385]
[932.946766677937, 194.76134660904975]
[932.9600606887943, 194.75604716454208]
[932.9623010671473, 194.75505089757]
[932.96302224601, 194.7547623911011]
[932.9647801386354, 194.75406072085843]
[932.9665380584133, 194.75336126869234]
[932.9778982040202, 194.7489369769463]
[932.9778982043125, 194.74893697663273]
[932.9796563285646, 194.74825418326463]
[932.9820922163934, 194.74744850069234]
[932.9875012338023, 194.74527733049007]
[932.9905387559456, 194.74420351011884]
[932.9927761385017, 194.7432722168785]
[933.0014844668294, 194.74013622470886]
[933.0101419395722, 194.73694452675423]
[933.0136592258315, 194.73566317812552]
[933.0154179096844, 194.7350258124104]
[933.0165587132361, 194.73472068832044]
[933.0188000703232, 194.73380630658033]
[933.0259451793017, 194.73136320651798]
[933.0285419334081, 194.7303850351285]
[933.0285419335095, 194.73038503501823]
[933.0285419337009, 194.7303850348088]
[933.0303008491459, 194.7297664347925]
[933.0399084045483, 194.7264729203803]
[933.0452780748493, 194.72473767807526]
[933.0608003934867, 194.71958165928888]
[933.0608003934869, 194.7195816592886]
[933.0625598141594, 194.719003828396]
[933.0660787369396, 194.71785474415157]
[933.0671813370648, 194.71755916063253]
[933.0756893866068, 194.71481016925512]
[933.0888204987866, 194.7107401927915]
[933.0890889043804, 194.71072657408146]
[933.0911429595271, 194.7101037210586]
[933.1044413252521, 194.7061513001054]
[933.109721715996, 194.70458883706652]
[933.1135019740449, 194.7035768407934]
[933.1210964747092, 194.70134195148108]
[933.1767622190952, 194.68683642113865]
[933.1798457371426, 194.6860962032977]
[933.2206246998359, 194.6769417214767]
[937.4436150118338, 193.91631579756591]
[960.7846772500566, 193.83888325164372]
[960.8073404498075, 193.78567912404233]
[960.8579151656262, 193.66934690320375]
[960.8608588708862, 193.66267769057825]
[960.9033761545438, 193.52178092597794]
[960.9033763493162, 193.52178050031327]
[960.9033774449106, 193.52177810595026]
[960.90337853594, 193.5217757215652]
[960.9033786238158, 193.52177552951744]
[960.9033787054145, 193.5217753511874]
[960.9033787146336, 193.52177533103952]
[960.9033787221367, 193.52177531464267]
[960.9033787224386, 193.5217753139839]
[960.9033787224981, 193.52177531385348]
[960.9033787225115, 193.52177531382293]
[976.0371747208426, 191.74011753215987]
[978.4162683727666, 184.30689185122446]
[979.9600157996942, 181.10790433081075]
[979.9600183203243, 181.10789936619167]
[979.960018647213, 181.1078987223524]
[979.9600188691013, 181.10789828532313]
[979.9600188740183, 181.10789827563798]
[1007.9520305686208, 160.00061996093942]
[1106.3379536171276, 159.35439700946213]
[1107.055949307746, 159.2739572574178]
[1184.192698033817, 138.11821382884887]
[1224.1585873298543, 109.13929884412869]
[1235.5431610893816, 96.00760055723643]
[1376.329103484492, 81.99218110063075]
[1413.668190065903, 77.20601931588985]
[1484.0764300835926, 75.40336618176207]
[1488.494487192537, 70.23834987420811]
[1492.7825983022767, 65.99846248527727]
[1501.790150479478, 60.00276725959133]
[1515.1477879177485, 54.46821377233675]
[1516.2637114222218, 54.101393278720494]
[1519.055391838278, 53.28274135057866]
[1519.6140485911312, 53.13987981774896]
[1520.2426651393146, 52.98907705618325]
[1521.0111578302603, 52.820248134031395]
[1521.082065861736, 52.803335744608134]
[1521.150905465192, 52.791498957937044]
[1521.1735687232306, 52.785273052126605]
[1521.2084987174417, 52.77983215091511]
[1521.5310756386632, 52.71483195313394]
[1521.577832144307, 52.707586492831325]
[1521.7135117786256, 52.682187003745334]
[1521.7405392574572, 52.67720207138119]
[1521.7580756707152, 52.67312910410469]
[1521.8491976995945, 52.65741396265139]
[1521.849743732097, 52.65731555048979]
[1521.8694009699796, 52.65377957493939]
[1521.9042186103256, 52.646859472720536]
[1521.9588490265598, 52.636891513135765]
[1521.9801488624619, 52.63299794965001]
[1522.0829089125161, 52.6162423673746]
[1522.1156529160592, 52.60976604648699]
[1522.1940579645525, 52.59653053894396]
[1522.1953405644122, 52.5964758931439]
[1522.3155465327643, 52.57718358220876]
[1522.3295701467869, 52.574298721331644]
[1522.3543212652876, 52.57086339209671]
[1522.4888551718202, 52.54916995606453]
[1522.5507701883269, 52.53922281011607]
[1522.564807220463, 52.53706122464696]
[1522.5880727747538, 52.533932048560466]
[1522.6623528585035, 52.52262127820862]
[1522.700333873306, 52.51662172689702]
[1522.7153331859088, 52.51468062904908]
[1522.732265245024, 52.51216522880241]
[1522.736839648742, 52.511487525659504]
[1522.7455105257145, 52.50995523181805]
[1522.7894081583645, 52.503466369883135]
[1522.8595319159447, 52.49360764496064]
[1522.8983138452006, 52.48807578390528]
[1522.9142883203485, 52.4856723042505]
[1522.968231858719, 52.47824916871697]
[1522.9688446223597, 52.477975459795545]
[1522.9927132266107, 52.47473723207115]
[1523.0021925014819, 52.47333683022135]
[1523.0654643674654, 52.46489902117017]
[1523.0933237141555, 52.46114194746179]
[1523.1495692447252, 52.45358424812761]
[1523.1507451719785, 52.45347693762811]
[1523.2174454742196, 52.44472984787507]
[1523.229073532936, 52.44327221298357]
[1523.2298929674184, 52.44316655979393]
[1523.2479205839556, 52.44084893961666]
[1523.2484668770958, 52.44077891040706]
[1523.364829634716, 52.42613426059849]
[1523.3717608489994, 52.42530009842127]
[1523.4313308440078, 52.4180145418786]
[1523.4314808050049, 52.41799115399103]
[1523.4358514264522, 52.41746344849449]
[1523.4419891264488, 52.41673548498192]
[1523.4577046313566, 52.41483652751014]
[1523.4926700977821, 52.4106737662865]
[1523.517979474617, 52.40779058535009]
[1523.5276359809145, 52.40656076144702]
[1523.55368017143, 52.40356779540612]
[1523.5800855869256, 52.40048490024134]
[1523.5870365657897, 52.39976271316948]
[1523.598661713882, 52.39836006826008]
[1523.734434918434, 52.383262163734116]
[1523.807378046743, 52.37546729585418]
[1523.831419624839, 52.37294694735714]
[1523.8860603074515, 52.36730916918986]
[1523.931959266937, 52.362670702867106]
[1523.948898349965, 52.36098140128395]
[1523.9566742135742, 52.36041248299336]
[1523.9578432989745, 52.36014367037586]
[1523.9647446774209, 52.35941210073941]
[1523.9682964522065, 52.35906182312587]
[1524.0172020958466, 52.354293323070806]
[1524.0482302271046, 52.35130660964827]
[1524.060917327274, 52.35011731626961]
[1524.0871467785933, 52.34765096843833]
[1524.094797079371, 52.34693717549118]
[1524.1040867571164, 52.34607380595074]
[1524.1053596496477, 52.34582911279905]
[1524.1133764642566, 52.34521414527212]
[1524.1719842649293, 52.339876396930094]
[1524.1838147484907, 52.33867109266356]
[1524.1876951795687, 52.338470738201096]
[1524.2270411433858, 52.33499739657066]
[1524.2398833429268, 52.33387827988372]
[1524.2592833678925, 52.3322013001679]
[1524.262271915053, 52.33177831091957]
[1524.3194042248017, 52.32678656508597]
[1524.3300676186914, 52.32596583595876]
[1524.337977741339, 52.325567281063684]
[1524.340731149274, 52.32515254750039]
[1524.3767792156036, 52.32239616629933]
[1524.395427240187, 52.32098578305174]
[1524.4281509702196, 52.318299700691526]
[1524.4543837021456, 52.31625282093901]
[1524.5416912006483, 52.30966034113726]
[1524.5428559881184, 52.30926681503467]
[1524.5709850056871, 52.30732456776552]
[1524.6095988270652, 52.304767728045334]
[1524.63325797494, 52.30263982957458]
[1524.6467642289695, 52.302177557192564]
[1524.7117265811319, 52.297286741750064]
[1524.7260155533727, 52.29686210671375]
[1524.7570355821354, 52.294364237185036]
[1524.7954305386763, 52.29243999601312]
[1524.8342385473886, 52.2897980640407]
[1524.843530073108, 52.289504421180055]
[1524.856648264615, 52.288722139366314]
[1524.8823382259723, 52.28721297868763]
[1524.9091216163288, 52.285671805658964]
[1524.9114446769981, 52.285539684255475]
[1524.9258107020105, 52.283852817329375]
[1524.9471448035258, 52.28289624234799]
[1524.9805219331445, 52.28128217682764]
[1525.0042866119306, 52.279526704104384]
[1525.0472785939644, 52.278247009987965]
[1525.061429103471, 52.27628930117199]
[1525.0827645889974, 52.27548387629859]
[1525.105905031004, 52.27536368448978]
[1525.1151979069589, 52.2749213534173]
[1525.1244908122967, 52.27448305280769]
[1525.1268117934758, 52.2737236532263]
[1525.14580994145, 52.273492784647324]
[1525.2183893283943, 52.268874955647014]
[1525.2764613156198, 52.267889932228606]
[1525.3103550893743, 52.26656790364415]
[1525.3491694070694, 52.265120816017]
[1525.3753578213596, 52.26261187381348]
[1525.4487087102523, 52.26018837732852]
[1525.505525228836, 52.26001867022629]
[1525.5109938520031, 52.25778863925963]
[1525.5323345818877, 52.25751377763752]
[1525.6208839800508, 52.25700694192629]
[1525.6417923789322, 52.25608623119186]
[1525.6786482112934, 52.253631070544785]
[1525.822658455831, 52.25220427152301]
[1525.8249683141041, 52.25075369098894]
[1526.117627938897, 52.2480545616416]
end_solutions
[-5.057899761501866, 0.6762077728361525, -4.854027780917626]
[-5.061789111111108, 0.680510432909414, -4.853033227182818]
[-5.0663665900459876, 0.685615622824632, -4.8519118268928665]
[-5.071093636641218, 0.6908174830276764, -4.850670319616553]
[-6.16442208202685, 2.300187084045986, -4.6552206487030725]
[-6.167033923865672, 2.3031540791134235, -4.654645122719963]
[-6.1657280029462616, 2.301670581579705, -4.654932885711517]
[-6.167033923865672, 2.3031540791134235, -4.654645122719963]
[-6.2082984659322005, 3.695573287418819, -4.8668988243294535]
[-6.2081427866376835, 3.696615147821726, -4.8683835461410645]
[-6.207981723446286, 3.6976957642020682, -4.869922992876903]
[-6.207815276358008, 3.698815136559845, -4.871517164536968]
[-6.207617137186699, 3.7001468380405327, -4.8734138761408285]
[-6.2074189980153855, 3.7014785395212177, -4.8753105877446945]
[-6.599704997516565, 3.778634403390166, -3.899544346240021]
[-6.599655462723737, 3.7789673287603374, -3.9000185241409877]
[-6.599704997516565, 3.778634403390166, -3.899544346240021]
[-6.344929360430122, 4.037278860482937, -3.091955755112956]
[-6.344929360430122, 4.037278860482937, -3.091955755112956]
[-4.831484351863433, 4.737364032415886, -2.85654004100431]
[-1.9271236144932775, 3.2531289630067652, -2.1175058389806853]
[-1.9271236144932775, 3.2531289630067652, -2.1175058389806853]
[-3.4049639681894277, 3.9272693058233927, -2.488856275566934]
[-1.6903496687729138, 3.289217264711838, -2.0681465386326874]
[-2.37183616208041, 3.711913757299689, -2.237439766128464]
[-2.7798917759999493, 3.875930496877749, -2.3365907351775483]
[-2.7798917759999493, 3.875930496877749, -2.3365907351775483]
[-3.0533226553879063, 4.13461024988754, -2.4067329936242405]
[-3.0533226553879063, 4.13461024988754, -2.4067329936242405]
[-3.6560480764071173, 4.459175016617619, -2.5552340385213976]
[-3.081254486509555, 4.038212880242789, -2.410841257626127]
end_values
[1526.25329289   52.24793573]
[1525.51099385   52.25778864]
[1524.63325797   52.30263983]
[1523.73443492   52.38326216]
[1235.54316109   96.00760056]
[1235.0710001    95.94228859]
[1235.30707073   95.9634349 ]
[1235.0710001    95.94228859]
[933.01365923 194.73566318]
[932.91943689 194.77268488]
[932.8217832  194.81800721]
[932.72070733 194.87245812]
[932.60058226 194.94725676]
[932.4805879 195.0330547]
[866.67271618 250.31680851]
[866.62544239 250.40181734]
[866.67271618 250.31680851]
[731.78878521 420.21144515]
[731.78878521 420.21144515]
[408.80092564 906.82282465]
[401.55472147 865.80142459]
[401.55472147 865.80142459]
[415.46827815 824.98051536]
[377.29599493 937.62607324]
[364.12481648 956.76068507]
[370.29837578 923.03809921]
[370.29837578 923.03809921]
[352.61466112 995.74758754]
[352.61466112 995.74758754]
[ 350.824739   1049.65760991]
[369.07307531 969.55924585]
