values
[1296.7406524931882, 10084.912637282276]
[1321.4378179502426, 9991.08735436064]
[1332.2983882200635, 9764.60375252124]
[1401.9242095635623, 9354.790412743554]
[1809.1918095762799, 9282.838484365504]
[2067.429579688953, 8861.499069947971]
[4280.88495832912, 8842.115974564711]
[4310.025739542939, 8700.470631802253]
[59264.55984277255, 8684.787026799831]
[73274.2533813188, 5773.742744164432]
values
[1039.173137174208, 9126.918928711535]
[1039.2328073709791, 9126.913152212084]
[1039.2937964455803, 9126.907968597636]
[1039.4197045945482, 9126.89932751904]
[1040.1348882760533, 9125.80929492885]
[1041.4353785632618, 9125.630098244797]
[1042.272952219676, 9121.764054002262]
[1046.688685543906, 9111.478054546633]
[1046.9428655474694, 9103.131444988221]
[1047.0474235028335, 9102.706624445276]
[1092.5590402494936, 9091.936948397191]
[1109.8669322762846, 9088.113855326343]
[1151.8326575427404, 9086.044511601453]
[1154.577179698093, 9085.969911485987]
[1160.2115164542795, 9028.769485471217]
[1237.5663344360933, 9004.919077051583]
[1268.5527988407696, 8964.256727134421]
[1315.4748171807316, 8897.295607334736]
[1350.0550544611608, 8822.764367745485]
[1371.2473379476799, 8802.207500874438]
[1373.3088449017196, 8776.06827517769]
[1381.8742752683504, 8705.34450062574]
[1428.8137225049609, 8674.463009566562]
[1434.035873380824, 8640.02665681401]
[1440.177791897043, 8586.05033641829]
[1451.8516480311532, 8551.366530965031]
[1451.946447992002, 8551.267634806069]
[1452.2051554838492, 8551.021210892366]
[1452.4946634610717, 8550.776715321173]
[1452.74824215385, 8550.583154143902]
[1452.8822950219387, 8550.487223010243]
[1453.0211580598059, 8550.391941662916]
[1454.5748219919376, 8549.53127405609]
[1455.87224669629, 8549.00759446729]
[1456.5316500399374, 8548.789532257264]
[1456.759630778788, 8548.720607460571]
[1456.9916184778479, 8548.653669238753]
[1479.6907038597715, 8548.012826958926]
[1491.5971346525002, 8538.386242351207]
[1493.7028406170157, 8536.030172873205]
[1502.2628420696112, 8530.388411898062]
[1512.9747175303028, 8527.127689283514]
[1513.7001160814602, 8527.029572185966]
[1516.5401569381218, 8523.613472150788]
[1521.06603579003, 8509.74550596812]
[1540.395842270677, 8502.610339527311]
[1540.4414722245576, 8502.042764010886]
[1544.1573714109345, 8494.766286206865]
[1608.8704392137156, 8478.375229121639]
[1624.1508961407237, 8477.473111385041]
[1632.5199861524188, 8472.13285834092]
[1670.0522606926233, 8470.211681860183]
[1672.7909977613856, 8460.973097620456]
[1706.4119098213068, 8441.112792794924]
[1715.854329482551, 8436.047191929756]
[2032.5785725185015, 8421.724869478401]
[2073.4200871075736, 8420.87241522698]
[2397.211433839734, 8418.411568814412]
[2528.301835371397, 8403.313787981795]
[73274.2533813188, 5773.742744164432]
values
[1039.124400078285, 9126.923621622156]
[1039.138159964143, 9126.923483856743]
[1039.141164977985, 9126.923421299396]
[1039.1418594091099, 9126.923311825734]
[1039.1458489280813, 9126.923021698873]
[1039.1480765016663, 9126.922492403488]
[1039.155289720293, 9126.922242512124]
[1039.1556441698572, 9126.92199018068]
[1039.1701752218728, 9126.920587441884]
[1039.173137174208, 9126.918928711535]
[1039.1863423446187, 9126.918396499317]
[1039.209020599663, 9126.914211917825]
[1039.2200409808383, 9126.912883116642]
[1039.247714786972, 9126.909535192552]
[1039.2556982432552, 9126.909254751457]
[1039.2817568698183, 9126.90762589069]
[1039.4197045945482, 9126.89932751904]
[1040.1348882760533, 9125.80929492885]
[1041.4353785632618, 9125.630098244797]
[1042.272952219676, 9121.764054002262]
[1046.688685543906, 9111.478054546633]
[1046.8878301845625, 9102.677680773028]
[1092.5590402494936, 9091.936948397191]
[1109.8669322762846, 9088.113855326343]
[1151.8326575427404, 9086.044511601453]
[1154.577179698093, 9085.969911485987]
[1160.2115164542795, 9028.769485471217]
[1237.5663344360933, 9004.919077051583]
[1268.5527988407696, 8964.256727134421]
[1315.4748171807316, 8897.295607334736]
[1350.0550544611608, 8822.764367745485]
[1371.2473379476799, 8802.207500874438]
[1373.3088449017196, 8776.06827517769]
[1381.8742752683504, 8705.34450062574]
[1399.4819144515277, 8680.348828362461]
[1406.9035195873437, 8624.235660983572]
[1429.043103013709, 8556.431039361722]
[1429.3193844970979, 8555.333410314934]
[1429.4725045101743, 8555.245157832256]
[1429.5325213206788, 8555.088983807958]
[1429.6406757294342, 8554.662495006865]
[1429.69486469816, 8554.532100436263]
[1429.694953316624, 8554.531849907386]
[1429.7608095046637, 8554.434122630995]
[1429.7621671195257, 8554.43217441]
[1429.7708439268122, 8554.419866337981]
[1429.7839715816717, 8554.401473185017]
[1429.8241622413755, 8554.346794682953]
[1429.8301249871652, 8554.33888213758]
[1429.8332611423878, 8554.334735743036]
[1429.835542805719, 8554.33173443573]
[1429.8355428220782, 8554.33173440371]
[1429.8384021424422, 8554.32797971157]
[1429.8398339726957, 8554.326103783507]
[1429.8562517494472, 8554.304808956047]
[1429.8843396254324, 8554.26918348453]
[1429.8967927039848, 8554.253717304917]
[1429.8976855605067, 8554.252617025386]
[1429.902163421771, 8554.24710111531]
[1429.9027608625756, 8554.246368317736]
[1429.9033543751677, 8554.245649890787]
[1429.908154477043, 8554.239758601432]
[1429.9482449237782, 8554.191784930257]
[1429.9618374531265, 8554.17592259452]
[1429.9641665862423, 8554.173222238287]
[1429.9717957375087, 8554.164423186181]
[1429.9724196286095, 8554.163707474407]
[1429.9758570446645, 8554.15976684277]
[1429.9789879850478, 8554.156188620893]
[1429.9793792676633, 8554.155743432711]
[1429.9849533458175, 8554.149398007956]
[1429.986836895531, 8554.147273591403]
[1430.0327671748344, 8554.0963208973]
[1430.0327680242467, 8554.096317539355]
[1430.0340597467025, 8554.094918273684]
[1430.03406017049, 8554.094916595655]
[1430.0405390574053, 8554.087904037498]
[1430.0431404418146, 8554.085089818793]
[1430.0535680131788, 8554.073916997238]
[1430.05528740998, 8554.07207559156]
[1430.0618426824474, 8554.065108397237]
[1430.069324732925, 8554.057212640575]
[1430.074606094851, 8554.051665798192]
[1430.0905361069765, 8554.035095501113]
[1430.1066042691616, 8554.018591139486]
[1430.122805824644, 8554.002172413615]
[1430.1289165121261, 8553.996034230806]
[1430.1353014874987, 8553.989654234138]
[1430.1357274748316, 8553.989231185295]
[1430.155609057521, 8553.969591527773]
[1430.1882401927583, 8553.938047548636]
[1430.194549423272, 8553.932032962453]
[1430.2015797301217, 8553.925373717853]
[1430.2022835698183, 8553.924710946862]
[1430.2157110131052, 8553.912093311797]
[1430.2171267102158, 8553.910781550121]
[1430.2281528929705, 8553.900515639296]
[1430.2456855252017, 8553.884409598402]
[1430.2658942788294, 8553.866104214007]
[1430.2804420139307, 8553.853089131278]
[1430.2833624506031, 8553.850494385648]
[1430.2848232856416, 8553.849202415537]
[1430.3048323686628, 8553.831581084763]
[1430.3057537591576, 8553.830778882324]
[1430.3120329370631, 8553.825304601725]
[1430.3395359591036, 8553.801758225054]
[1430.3395502435053, 8553.801663978864]
[1430.3395573880318, 8553.801616858094]
[1430.3636136478876, 8553.781317707277]
[1430.3700432069152, 8553.77595240848]
[1430.375731041682, 8553.771221263203]
[1430.3757326524371, 8553.771209661727]
[1430.3818139146395, 8553.766172583837]
[1430.3840979047495, 8553.764288257591]
[1430.3909639096617, 8553.758631612842]
[1430.3947862482444, 8553.755495513766]
[1430.3982313509619, 8553.75267564573]
[1430.3986143555087, 8553.752363068343]
[1430.3989973241823, 8553.75205124531]
[1430.4001471388624, 8553.751111687123]
[1430.4124433721151, 8553.741115933071]
[1430.4372116298828, 8553.721247860585]
[1430.443439329427, 8553.716315420865]
[1430.4528105433112, 8553.708917268812]
[1430.454375177631, 8553.707690488818]
[1430.4685036353253, 8553.696627979447]
[1430.4874569021167, 8553.681958765157]
[1430.5029543311532, 8553.670099605475]
[1430.5451106058663, 8553.638479980307]
[1430.5515911929658, 8553.633683346556]
[1430.5645945519748, 8553.624144802296]
[1430.5645963912714, 8553.624118020782]
[1430.5711192314707, 8553.619376029286]
[1430.595715464987, 8553.601610330696]
[1430.596127094411, 8553.601316416209]
[1430.6077812537303, 8553.592994557239]
[1430.6114002826137, 8553.590422046283]
[1430.6120210328716, 8553.589983234655]
[1430.6606327340414, 8553.55605339557]
[1430.6707445100255, 8553.549107489327]
[1430.6762352120409, 8553.545364875601]
[1430.6919161220007, 8553.53472624689]
[1430.708102448307, 8553.523853091912]
[1430.71644069998, 8553.518293810623]
[1430.794656277869, 8553.467491559972]
[1430.8051970161403, 8553.46084107969]
[1430.8157702308204, 8553.454194144488]
[1430.8246063643753, 8553.448670318276]
[1430.8246063643758, 8553.448670318274]
[1430.91059651483, 8553.396390345428]
[1430.918311263016, 8553.391820452505]
[1430.9269531768246, 8553.386726075032]
[1430.9442986339084, 8553.376575709188]
[1430.9452140201001, 8553.376044933013]
[1431.0229055167008, 8553.33182037155]
[1431.0378833541627, 8553.323491922405]
[1431.0558673947066, 8553.313617235443]
[1431.0699105196684, 8553.305959517715]
[1431.1891733150335, 8553.243229434709]
[1431.198679267919, 8553.238396316785]
[1433.6194128402674, 8553.170534793062]
[1436.2066981182415, 8552.650371792757]
[1439.2096942114642, 8552.221139155474]
[1449.211236746209, 8551.412048357344]
[1449.5234505540109, 8551.403906093276]
[1450.1411769360452, 8551.392474227208]
[1451.8516480311532, 8551.366530965031]
[1451.8632257638349, 8551.35416245722]
[1451.9275413992232, 8551.286940067836]
[1451.946447992002, 8551.267634806069]
[1451.9709250439842, 8551.24293283208]
[1452.0510158238922, 8551.164271386468]
[1452.1082115545184, 8551.109982140055]
[1452.2051554838492, 8551.021210892366]
[1452.2571006360902, 8550.975192211186]
[1452.2887867742693, 8550.947616153217]
[1452.296769071642, 8550.940726465538]
[1452.3208616890586, 8550.920068128975]
[1452.408292218686, 8550.846754204053]
[1452.4946634610717, 8550.776715321173]
[1452.5085064871344, 8550.765697790705]
[1452.5679153373287, 8550.719036321712]
[1452.671940349745, 8550.639640592057]
[1452.7359221981908, 8550.592178757413]
[1452.74824215385, 8550.583154143902]
[1452.7979467070109, 8550.547107805392]
[1452.8737755344912, 8550.493200320856]
[1452.8822950219387, 8550.487223010243]
[1452.9122611600599, 8550.46632251168]
[1453.0211580598059, 8550.391941662916]
[1453.3891880240308, 8550.156994388648]
[1453.5200710045394, 8550.078878715347]
[1454.5748219919376, 8549.53127405609]
[1455.87224669629, 8549.00759446729]
[1456.5316500399374, 8548.789532257264]
[1456.759630778788, 8548.720607460571]
[1456.9916184778479, 8548.653669238753]
[1477.1948351623778, 8531.224229927526]
[1480.3385908740333, 8529.842983932374]
[1483.8288741076947, 8529.282248735732]
[1509.978375066527, 8527.335555244998]
[1511.0859482441538, 8527.262876845281]
[1511.1212607773584, 8527.25932960059]
[1512.0648744827224, 8527.209987983691]
[1512.9680775906606, 8527.128546765949]
[1512.9747175303028, 8527.127689283514]
[1513.0805698963252, 8527.113923696748]
[1513.7001160814602, 8527.029572185966]
[1515.2668276022716, 8526.907172585417]
[1516.5401569381218, 8523.613472150788]
[1521.06603579003, 8509.74550596812]
[1538.8748661534337, 8497.497016279238]
[1539.6879460655712, 8496.812818801971]
[1540.034813064748, 8496.584887581286]
[1540.557398070571, 8496.13537957015]
[1540.7520957826753, 8495.929463842424]
[1540.7880806028666, 8495.892541148]
[1540.8979881574637, 8495.781882789903]
[1541.0791923868505, 8495.605580874846]
[1541.2676307262266, 8495.429590361937]
[1541.463267556994, 8495.25392151942]
[1541.6660619922359, 8495.078584577472]
[1541.8759678964411, 8494.90358972731]
[1541.891509138905, 8494.89086581393]
[1542.0929339091128, 8494.728947120197]
[1544.8323283577788, 8494.539818764611]
[1557.879101516263, 8491.18158775526]
[1561.002139399045, 8490.188462676728]
[1561.1141834801165, 8490.175866539801]
[1561.8469374704155, 8490.093146236928]
[1563.1548081508552, 8489.616342024718]
[1563.5451472324282, 8489.571494195003]
[1563.5690485576026, 8489.568740725572]
[1563.678209900742, 8489.556153945274]
[1564.4619156016017, 8489.22656497104]
[1604.1367632573963, 8479.475937478812]
[1605.1818426334191, 8479.210098325577]
[1608.8704392137156, 8478.375229121639]
[1624.1508961407237, 8477.473111385041]
[1632.5199861524188, 8472.13285834092]
[1670.0522606926233, 8470.211681860183]
[1672.7909977613856, 8460.973097620456]
[1691.722242403496, 8438.013294092885]
[1691.734549736899, 8437.98650095216]
[1691.7813451607124, 8437.94191040527]
[1691.7839688749689, 8437.940082777359]
[1691.7905970320978, 8437.935628505127]
[1691.8181382904957, 8437.919074850657]
[1691.833512283761, 8437.910859264664]
[1691.8973109327699, 8437.881670658588]
[1691.901772021187, 8437.879847530332]
[1691.9051544136498, 8437.878480273717]
[1691.912301758297, 8437.875632068986]
[1691.9312190086953, 8437.868342183336]
[1691.9345602153137, 8437.867089454194]
[1691.944429863596, 8437.86344551812]
[1691.9545224199808, 8437.859802128178]
[1691.959008002825, 8437.858208316817]
[1691.9753761763504, 8437.852516986868]
[1691.9861373251308, 8437.848875235612]
[1691.997121279593, 8437.845234030681]
[1692.0197574553547, 8437.837953260081]
[1692.0432843597614, 8437.83067467547]
[1692.0677015794472, 8437.823398277314]
[1692.0930086315557, 8437.816124066008]
[1692.0994743676995, 8437.814305854941]
[1692.1059956748832, 8437.812487780571]
[1692.1192049637764, 8437.808852042011]
[1692.1523331881529, 8437.799992220753]
[1692.160165483335, 8437.79794810818]
[1692.1742629122953, 8437.794314557694]
[1692.2328696188679, 8437.779785827764]
[1692.2703203340077, 8437.770936677252]
[1692.2950181687877, 8437.765265855745]
[1692.360700540645, 8437.75075464509]
[1692.3776722480777, 8437.747128211782]
[1692.4658297503545, 8437.729004264238]
[1692.5026291448323, 8437.721758521715]
[1692.5788538228574, 8437.70727361594]
[1692.6182760008119, 8437.700034453528]
[1692.6383138365559, 8437.696415695149]
[1692.658569220518, 8437.69279748538]
[1692.828417031423, 8437.66387156378]
[1693.0359684065554, 8437.63137190962]
[1693.2093340595352, 8437.60612517572]
[1693.209334059539, 8437.606125175707]
[1693.911998894108, 8437.516178385136]
[1697.852772951794, 8437.16338124028]
[1701.5128868224358, 8436.917218204251]
[1702.303626871644, 8436.868314524645]
[1715.854329482551, 8436.047191929756]
[1717.936858772157, 8433.64528817643]
[1721.2679317372153, 8433.348753944561]
[1721.6312340813174, 8433.32610864826]
[1722.402379811108, 8433.280936945715]
[1722.4274256272438, 8433.279527885985]
[1722.8099275989339, 8433.258410590559]
[1746.0403707377102, 8432.42714116707]
[1746.6103962440914, 8432.40978918458]
[1764.576035394955, 8431.763239217576]
[1765.6100509451426, 8431.706982563193]
[1767.1996521647538, 8431.605139351415]
[1767.3066771012132, 8431.597306451775]
[1767.5604719972823, 8431.578054774074]
[1767.682250670045, 8431.568444570841]
[1767.8006388105505, 8431.55884479541]
[1767.9368460544108, 8431.547458610155]
[1768.3611098255137, 8431.50921343018]
[1769.8245682260108, 8430.867149670461]
[1771.1835868002067, 8430.456988969849]
[1775.6998590422681, 8430.201315911516]
[1778.4141509525634, 8430.104798953238]
[1787.4636495564928, 8429.866014710067]
[1794.7057570174074, 8429.711583717297]
[1822.1032667971897, 8428.696918265816]
[1847.9184958392962, 8427.800431695445]
[1868.282202283154, 8427.561970044568]
[2032.5785725185015, 8421.724869478401]
[2073.4200871075736, 8420.87241522698]
[2357.767290661054, 8408.941171707687]
[2358.282284596091, 8408.926910108541]
[2358.720980795155, 8408.91428940093]
[2359.5444709421113, 8408.889207407825]
[2377.497610787595, 8408.06762878548]
[2378.1625903802105, 8408.059847914858]
[2378.844057232117, 8408.052129430254]
[2379.54159831288, 8408.044473420263]
[2380.2547702421025, 8408.036879972959]
[2416.3516796502167, 8407.769576069675]
[2426.3742409571732, 8407.693838895482]
[2430.5253736526224, 8407.635453682005]
[2430.625227291944, 8407.631141195377]
[2433.8321566850755, 8407.604536790019]
[2528.301835371397, 8403.313787981795]
[73274.2533813188, 5773.742744164432]
values
[1039.1243943485797, 9126.923542170094]
[1039.138159964143, 9126.923483856743]
[1039.141164977985, 9126.923421299396]
[1039.1418594091099, 9126.923311825734]
[1039.1458489280813, 9126.923021698873]
[1039.1480765016663, 9126.922492403488]
[1039.155289720293, 9126.922242512124]
[1039.1556441698572, 9126.92199018068]
[1039.1701752218728, 9126.920587441884]
[1039.173137174208, 9126.918928711535]
[1039.1863423446187, 9126.918396499317]
[1039.209020599663, 9126.914211917825]
[1039.2200409808383, 9126.912883116642]
[1039.247714786972, 9126.909535192552]
[1039.2556982432552, 9126.909254751457]
[1039.2817568698183, 9126.90762589069]
[1039.4197045945482, 9126.89932751904]
[1040.1348882760533, 9125.80929492885]
[1041.4353785632618, 9125.630098244797]
[1042.272952219676, 9121.764054002262]
[1046.6403812425024, 9102.622206381138]
[1092.5590402494936, 9091.936948397191]
[1109.8669322762846, 9088.113855326343]
[1151.8326575427404, 9086.044511601453]
[1154.577179698093, 9085.969911485987]
[1160.2115164542795, 9028.769485471217]
[1237.5663344360933, 9004.919077051583]
[1268.5527988407696, 8964.256727134421]
[1315.4748171807316, 8897.295607334736]
[1350.0550544611608, 8822.764367745485]
[1371.2473379476799, 8802.207500874438]
[1373.3088449017196, 8776.06827517769]
[1381.8742752683504, 8705.34450062574]
[1399.4819144515277, 8680.348828362461]
[1406.9035195873437, 8624.235660983572]
[1429.043103013709, 8556.431039361722]
[1429.3193844970979, 8555.333410314934]
[1429.4725045101743, 8555.245157832256]
[1429.5325213206788, 8555.088983807958]
[1429.6406757294342, 8554.662495006865]
[1429.6510888745686, 8554.60177057325]
[1429.69486469816, 8554.532100436263]
[1429.694953316624, 8554.531849907386]
[1429.7045349899397, 8554.517243502716]
[1429.713308644939, 8554.503904323996]
[1429.7608095046637, 8554.434122630995]
[1429.7621671195257, 8554.43217441]
[1429.7640544937415, 8554.429495515938]
[1429.7708439268122, 8554.419866337981]
[1429.771012704456, 8554.419630196946]
[1429.7711828748165, 8554.419389940105]
[1429.7749329988917, 8554.414106040182]
[1429.7750183409148, 8554.413986080574]
[1429.7756158931957, 8554.413146467148]
[1429.7839715816717, 8554.401473185017]
[1429.820624459118, 8554.351514482534]
[1429.8215743191597, 8554.350245553247]
[1429.8241622413755, 8554.346794682953]
[1429.828063406965, 8554.341612373975]
[1429.8301249871652, 8554.33888213758]
[1429.8332611423878, 8554.334735743036]
[1429.835542805719, 8554.33173443573]
[1429.8355428220782, 8554.33173440371]
[1429.8384021424422, 8554.32797971157]
[1429.839833972695, 8554.326103783507]
[1429.8562517494472, 8554.304808956047]
[1429.8843396254324, 8554.26918348453]
[1429.8869957914474, 8554.265876300547]
[1429.8967927039848, 8554.253717304917]
[1429.8976855605067, 8554.252617025386]
[1429.8998111159042, 8554.249995252083]
[1429.9020042485656, 8554.247297554643]
[1429.902163421771, 8554.24710111531]
[1429.9027608625756, 8554.246368317736]
[1429.9033543751677, 8554.245649890787]
[1429.907758049337, 8554.240248766906]
[1429.908154477043, 8554.239758601432]
[1429.9121700134929, 8554.234870102648]
[1429.912358010345, 8554.234641483614]
[1429.9482449237782, 8554.191784930257]
[1429.9618374531265, 8554.17592259452]
[1429.9618384647267, 8554.175918914038]
[1429.9641665862423, 8554.173222238287]
[1429.9667901184787, 8554.170189163717]
[1429.9679330342183, 8554.168870389569]
[1429.9717957375087, 8554.164423186181]
[1429.9724196286095, 8554.163707474407]
[1429.973902651296, 8554.162006965156]
[1429.9758570446645, 8554.15976684277]
[1429.978792131616, 8554.156412149963]
[1429.9789879850478, 8554.156188620893]
[1429.9793792676633, 8554.155743432711]
[1429.9833029727915, 8554.151272861342]
[1429.9849533458175, 8554.149398007956]
[1429.986836895531, 8554.147273591403]
[1430.0327671748344, 8554.0963208973]
[1430.0327680242467, 8554.096317539355]
[1430.0340597467025, 8554.094918273684]
[1430.03406017049, 8554.094916595655]
[1430.0398105731197, 8554.088686033449]
[1430.0404189897854, 8554.088028901377]
[1430.0405390574053, 8554.087904037498]
[1430.0416111732843, 8554.08674195358]
[1430.0430830954456, 8554.085155935438]
[1430.0431404418146, 8554.085089818793]
[1430.044277022836, 8554.083870112167]
[1430.0466672184298, 8554.081299976493]
[1430.0491624382469, 8554.07862265566]
[1430.0529368302007, 8554.074584838867]
[1430.0535680131788, 8554.073916997238]
[1430.05528740998, 8554.07207559156]
[1430.0577429229668, 8554.069461145848]
[1430.0616374796011, 8554.065325896305]
[1430.0618426824474, 8554.065108397237]
[1430.069324732925, 8554.057212640575]
[1430.074606094851, 8554.051665798192]
[1430.0905361069765, 8554.035095501113]
[1430.1066042691616, 8554.018591139486]
[1430.122805824644, 8554.002172413615]
[1430.1255197127402, 8553.99944132194]
[1430.1261561717351, 8553.998802209537]
[1430.1289165121261, 8553.996034230806]
[1430.1297666163587, 8553.995183038134]
[1430.1301918041315, 8553.994757528784]
[1430.1353014874987, 8553.989654234138]
[1430.1357274748316, 8553.989231185295]
[1430.1402104959272, 8553.98477134815]
[1430.1442744735132, 8553.98074485191]
[1430.155609057521, 8553.969591527773]
[1430.1882401927583, 8553.938047548636]
[1430.194549423272, 8553.932032962453]
[1430.2015797301217, 8553.925373717853]
[1430.2022835698183, 8553.924710946862]
[1430.210252151622, 8553.917204628511]
[1430.2115508011302, 8553.915985987078]
[1430.2118545921858, 8553.91570218047]
[1430.2150912820905, 8553.912670784104]
[1430.215534248869, 8553.912256643427]
[1430.2157110131052, 8553.912093311797]
[1430.215755766145, 8553.912049594712]
[1430.2159773060123, 8553.911842560427]
[1430.2171267102158, 8553.910781550121]
[1430.217362282672, 8553.9105497469]
[1430.218637546558, 8553.90935927422]
[1430.2199688867465, 8553.908118409978]
[1430.2209682418334, 8553.907186457309]
[1430.221079274315, 8553.907083107924]
[1430.2212733577137, 8553.906903488913]
[1430.2225786079525, 8553.90568906603]
[1430.2281528929705, 8553.900515639296]
[1430.2456855252017, 8553.884409598402]
[1430.2658942788294, 8553.866104214007]
[1430.2804420139307, 8553.853089131278]
[1430.2833624506031, 8553.850494385648]
[1430.2848232856416, 8553.849202415537]
[1430.2994231807288, 8553.83631890023]
[1430.30077431, 8553.835133702674]
[1430.3048323686628, 8553.831581084763]
[1430.3057537591576, 8553.830778882324]
[1430.3065034654414, 8553.830122302026]
[1430.3085221715878, 8553.828360955782]
[1430.3092146527486, 8553.827757590485]
[1430.3120329370631, 8553.825304601725]
[1430.3122465818399, 8553.825119780819]
[1430.313142548606, 8553.824340958829]
[1430.3136050827136, 8553.823939274665]
[1430.3395359591036, 8553.801758225054]
[1430.3395502435053, 8553.801663978864]
[1430.3395573880318, 8553.801616858094]
[1430.3636136478876, 8553.781317707277]
[1430.3700432069152, 8553.77595240848]
[1430.375731041682, 8553.771221263203]
[1430.3757326524371, 8553.771209661727]
[1430.3818139146395, 8553.766172583837]
[1430.3840979047495, 8553.764288257591]
[1430.3909639096617, 8553.758631612842]
[1430.3947862482444, 8553.755495513766]
[1430.3974176524753, 8553.75334003833]
[1430.3982313509619, 8553.75267564573]
[1430.3986143555087, 8553.752363068343]
[1430.3989973241823, 8553.75205124531]
[1430.399153245244, 8553.751922098354]
[1430.4001471388624, 8553.751111687123]
[1430.4019688784497, 8553.749623651238]
[1430.4062880690747, 8553.74610761405]
[1430.406528238143, 8553.745912414157]
[1430.4124433721151, 8553.741115933071]
[1430.4372116298828, 8553.721247860585]
[1430.443439329427, 8553.716315420865]
[1430.4528105433112, 8553.708917268812]
[1430.454375177631, 8553.707690488818]
[1430.4685036353253, 8553.696627979447]
[1430.4816183843889, 8553.686459688419]
[1430.4818655176705, 8553.686268885642]
[1430.4836578335305, 8553.684886726214]
[1430.4874569021167, 8553.681958765157]
[1430.4875559362008, 8553.681882870418]
[1430.4971075848985, 8553.674560331689]
[1430.5029543311532, 8553.670099605475]
[1430.5451106058663, 8553.638479980307]
[1430.5515911929658, 8553.633683346556]
[1430.5645945519748, 8553.624144802296]
[1430.5645963912714, 8553.624118020782]
[1430.5711192314707, 8553.619376029286]
[1430.590779518487, 8553.605155568985]
[1430.5919356941836, 8553.60432324148]
[1430.595715464987, 8553.601610330696]
[1430.596127094411, 8553.601316416209]
[1430.6032314395795, 8553.596236386913]
[1430.60778125373, 8553.592994557239]
[1430.6114002826137, 8553.590422046283]
[1430.6120210328716, 8553.589983234655]
[1430.6606327340414, 8553.55605339557]
[1430.6707445100255, 8553.549107489327]
[1430.6762352120409, 8553.545364875601]
[1430.6887312216463, 8553.536878726742]
[1430.6919161220007, 8553.53472624689]
[1430.6998924569718, 8553.529354760509]
[1430.7019562722867, 8553.527970033287]
[1430.708102448307, 8553.523853091912]
[1430.7132979324306, 8553.520386315482]
[1430.71644069998, 8553.518293810623]
[1430.794656277869, 8553.467491559972]
[1430.8002522377703, 8553.463966931276]
[1430.8022430678407, 8553.462709133591]
[1430.8051970161403, 8553.46084107969]
[1430.8118014588256, 8553.456685543699]
[1430.815556561077, 8553.454329444221]
[1430.8157702308204, 8553.454194144488]
[1430.8239428520726, 8553.449083855843]
[1430.8246063643753, 8553.448670318276]
[1430.8246063643758, 8553.448670318274]
[1430.8272962492672, 8553.446994481392]
[1430.8289222516469, 8553.445982367868]
[1430.91059651483, 8553.396390345428]
[1430.918311263016, 8553.391820452505]
[1430.9269531768246, 8553.386726075032]
[1430.9275225542513, 8553.386392649994]
[1430.9330776285753, 8553.383132773797]
[1430.939783328203, 8553.379209983565]
[1430.9401761528845, 8553.378981675123]
[1430.940640272388, 8553.378709906843]
[1430.9442986339084, 8553.376575709188]
[1430.9452140201001, 8553.376044933013]
[1431.0229055167008, 8553.33182037155]
[1431.0378833541627, 8553.323491922405]
[1431.040290469479, 8553.322182383206]
[1431.047042606526, 8553.318460532917]
[1431.0471895258115, 8553.318379729133]
[1431.0545057087345, 8553.314363790214]
[1431.0558673947066, 8553.313617235443]
[1431.059697731914, 8553.311522815218]
[1431.0653026485872, 8553.308465915652]
[1431.067037321535, 8553.307521407152]
[1431.0699105196684, 8553.305959517715]
[1431.1798254847638, 8553.248005953676]
[1431.1891733150335, 8553.243229434709]
[1431.198679267919, 8553.238396316785]
[1433.6194128402674, 8553.170534793062]
[1436.2066981182415, 8552.650371792757]
[1439.2096942114642, 8552.221139155474]
[1449.211236746209, 8551.412048357344]
[1449.5234505540109, 8551.403906093276]
[1450.1411769360452, 8551.392474227208]
[1451.8516480311532, 8551.366530965031]
[1451.8632257638349, 8551.35416245722]
[1451.9275413992232, 8551.286940067836]
[1451.946447992002, 8551.267634806069]
[1451.9709250439842, 8551.24293283208]
[1452.0510158238922, 8551.164271386468]
[1452.1082115545184, 8551.109982140055]
[1452.2051554838492, 8551.021210892366]
[1452.2571006360902, 8550.975192211186]
[1452.2887867742693, 8550.947616153217]
[1452.296769071642, 8550.940726465538]
[1452.3208616890586, 8550.920068128975]
[1452.408292218686, 8550.846754204053]
[1452.4946634610717, 8550.776715321173]
[1452.5085064871344, 8550.765697790705]
[1452.5679153373287, 8550.719036321712]
[1452.671940349745, 8550.639640592057]
[1452.7359221981908, 8550.592178757413]
[1452.74824215385, 8550.583154143902]
[1452.7979467070109, 8550.547107805392]
[1452.8737755344912, 8550.493200320856]
[1452.8822950219387, 8550.487223010243]
[1452.9122611600599, 8550.46632251168]
[1453.0211580598059, 8550.391941662916]
[1453.3891880240308, 8550.156994388648]
[1453.5200710045394, 8550.078878715347]
[1454.5748219919376, 8549.53127405609]
[1455.87224669629, 8549.00759446729]
[1456.5316500399374, 8548.789532257264]
[1456.759630778788, 8548.720607460571]
[1456.9916184778479, 8548.653669238753]
[1477.1158597405954, 8530.944334901884]
[1480.3385908740333, 8529.842983932374]
[1483.8288741076947, 8529.282248735732]
[1484.2752430008832, 8529.227272800903]
[1509.978375066527, 8527.335555244998]
[1511.0859482441538, 8527.262876845281]
[1511.1212607773584, 8527.25932960059]
[1512.0648744827224, 8527.209987983691]
[1512.9680775906606, 8527.128546765949]
[1512.9747175303028, 8527.127689283514]
[1513.0805698963252, 8527.113923696748]
[1513.7001160814602, 8527.029572185966]
[1515.2668276022716, 8526.907172585417]
[1516.5401569381218, 8523.613472150788]
[1521.06603579003, 8509.74550596812]
[1538.8748661534337, 8497.497016279238]
[1539.6879460655712, 8496.812818801971]
[1540.034813064748, 8496.584887581286]
[1540.557398070571, 8496.13537957015]
[1540.7520957826753, 8495.929463842424]
[1540.7880806028666, 8495.892541148]
[1540.8979881574637, 8495.781882789903]
[1541.0791923868505, 8495.605580874846]
[1541.2676307262266, 8495.429590361937]
[1541.463267556994, 8495.25392151942]
[1541.6660619922359, 8495.078584577472]
[1541.8759678964411, 8494.90358972731]
[1541.891509138905, 8494.89086581393]
[1542.0929339091128, 8494.728947120197]
[1542.3086373995106, 8494.56100315257]
[1542.7593296553725, 8494.226160564058]
[1542.9941948809217, 8494.05927984963]
[1543.4826219459098, 8493.726644058192]
[1544.0029313785226, 8493.390869498582]
[1544.0912202941465, 8493.252056547393]
[1544.2722923963022, 8493.223606729774]
[1557.879101516263, 8491.18158775526]
[1561.002139399045, 8490.188462676728]
[1561.1141834801165, 8490.175866539801]
[1561.8469374704155, 8490.093146236928]
[1563.1548081508552, 8489.616342024718]
[1563.2714356489057, 8489.602965250411]
[1563.5451472324282, 8489.571494195003]
[1563.5690485576026, 8489.568740725572]
[1563.678209900742, 8489.556153945274]
[1563.7906047758513, 8489.543174703043]
[1564.4619156016017, 8489.22656497104]
[1564.5446787330734, 8489.225537680371]
[1564.555323212506, 8489.221035814702]
[1604.1367632573963, 8479.475937478812]
[1605.1818426334191, 8479.210098325577]
[1608.8704392137156, 8478.375229121639]
[1624.1508961407237, 8477.473111385041]
[1632.5199861524188, 8472.13285834092]
[1670.0522606926233, 8470.211681860183]
[1672.7909977613856, 8460.973097620456]
[1691.722242403496, 8438.013294092885]
[1691.734549736899, 8437.98650095216]
[1691.7813451607124, 8437.94191040527]
[1691.7839688749689, 8437.940082777359]
[1691.7853015727312, 8437.939169014493]
[1691.7905970320978, 8437.935628505127]
[1691.8181382904957, 8437.919074850657]
[1691.833512283761, 8437.910859264664]
[1691.8462494701153, 8437.904471273385]
[1691.8500139966304, 8437.902646439854]
[1691.859669051009, 8437.898084952725]
[1691.87480459301, 8437.891244320512]
[1691.8973109327699, 8437.881670658588]
[1691.901772021187, 8437.879847530332]
[1691.9051544136498, 8437.878480273717]
[1691.9097130386676, 8437.876657384302]
[1691.912301758297, 8437.875632068986]
[1691.922536641507, 8437.871645142168]
[1691.9312190086953, 8437.868342183336]
[1691.9345602153137, 8437.867089454194]
[1691.944429863596, 8437.86344551812]
[1691.949448279371, 8437.86162375489]
[1691.9545224199808, 8437.859802128178]
[1691.959008002825, 8437.858208316817]
[1691.9753761763504, 8437.852516986868]
[1691.9861373251308, 8437.848875235612]
[1691.9916014538267, 8437.847054564852]
[1691.997121279593, 8437.845234030681]
[1692.0197574553547, 8437.837953260081]
[1692.0432843597614, 8437.83067467547]
[1692.0493052153022, 8437.828855370939]
[1692.0553817087439, 8437.827036203054]
[1692.0677015794472, 8437.823398277314]
[1692.0770874749, 8437.82067019178]
[1692.0930086315557, 8437.816124066008]
[1692.0994743676995, 8437.814305854941]
[1692.1059956748832, 8437.812487780571]
[1692.1125725435265, 8437.81066984293]
[1692.1192049637764, 8437.808852042011]
[1692.1523331881529, 8437.799992220753]
[1692.160165483335, 8437.79794810818]
[1692.1671864662906, 8437.796131264533]
[1692.1742629122953, 8437.794314557694]
[1692.2328696188679, 8437.779785827764]
[1692.2703203340077, 8437.770936677252]
[1692.2950181687877, 8437.765265855745]
[1692.3030353859258, 8437.763451475215]
[1692.3111078035674, 8437.761637231564]
[1692.3192354045595, 8437.759823124845]
[1692.3543929380592, 8437.752114698804]
[1692.360700540645, 8437.75075464509]
[1692.3712820511562, 8437.748488060077]
[1692.3776722480777, 8437.747128211782]
[1692.3948641010434, 8437.743502326344]
[1692.4166632562765, 8437.738970740058]
[1692.4410389569018, 8437.733986984056]
[1692.4658297503545, 8437.729004264238]
[1692.4749474120063, 8437.727192623042]
[1692.5026291448323, 8437.721758521715]
[1692.507290679503, 8437.720852958091]
[1692.5094804837806, 8437.720428486924]
[1692.5237137741503, 8437.717683755207]
[1692.559469894457, 8437.710894019827]
[1692.5788538228574, 8437.70727361594]
[1692.6182760008119, 8437.700034453528]
[1692.6383138365559, 8437.696415695149]
[1692.658569220518, 8437.69279748538]
[1692.6841940458266, 8437.688275494733]
[1692.7127730486927, 8437.68330229532]
[1692.7417618239201, 8437.678330133502]
[1692.828417031423, 8437.66387156378]
[1692.9300234623233, 8437.647616174594]
[1692.9942536625992, 8437.6376878016]
[1693.0359684065554, 8437.63137190962]
[1693.2093340595352, 8437.60612517572]
[1693.209334059539, 8437.606125175707]
[1693.4405553429724, 8437.574604656622]
[1693.911998894108, 8437.516178385136]
[1697.852772951794, 8437.16338124028]
[1701.5128868224358, 8436.917218204251]
[1702.303626871644, 8436.868314524645]
[1715.854329482551, 8436.047191929756]
[1717.936858772157, 8433.64528817643]
[1720.1219899786963, 8433.427811953228]
[1720.2123420463383, 8433.421066417222]
[1720.2733189798855, 8433.416571315263]
[1720.3348892745985, 8433.412077751154]
[1720.3970525395143, 8433.407585725085]
[1720.4914083261144, 8433.400850570273]
[1720.5231562643903, 8433.398606287908]
[1720.7824587871694, 8433.3806658788]
[1721.2679317372153, 8433.348753944561]
[1721.329309050935, 8433.344858965631]
[1721.6312340813174, 8433.32610864826]
[1722.402379811108, 8433.280936945715]
[1722.4274256272438, 8433.279527885985]
[1722.8099275989339, 8433.258410590559]
[1746.0403707377102, 8432.42714116707]
[1746.6103962440914, 8432.40978918458]
[1764.576035394955, 8431.763239217576]
[1765.6100509451426, 8431.706982563193]
[1766.2637826411685, 8431.667879237422]
[1766.4754136668769, 8431.654477992142]
[1766.593352949459, 8431.646829041332]
[1766.749294327642, 8431.636501890502]
[1767.0434216915785, 8431.616298025352]
[1767.157883042359, 8431.608153836187]
[1767.1996521647538, 8431.605139351415]
[1767.3066771012132, 8431.597306451775]
[1767.5604719972823, 8431.578054774074]
[1767.5912354690797, 8431.57565124582]
[1767.682250670045, 8431.568444570841]
[1767.8006388105505, 8431.55884479541]
[1767.9368460544108, 8431.547458610155]
[1768.3611098255137, 8431.50921343018]
[1769.8245682260108, 8430.867149670461]
[1771.1835868002067, 8430.456988969849]
[1775.6998590422681, 8430.201315911516]
[1778.4141509525634, 8430.104798953238]
[1787.4636495564928, 8429.866014710067]
[1794.7057570174074, 8429.711583717297]
[1822.1032667971897, 8428.696918265816]
[1847.9184958392962, 8427.800431695445]
[1868.282202283154, 8427.561970044568]
[2032.5785725185015, 8421.724869478401]
[2073.4200871075736, 8420.87241522698]
[2357.767290661054, 8408.941171707687]
[2358.282284596091, 8408.926910108541]
[2358.720980795155, 8408.91428940093]
[2359.5444709421113, 8408.889207407825]
[2363.6899393640097, 8408.69677576417]
[2376.3587969673317, 8408.081596293783]
[2376.4826454558684, 8408.080034667246]
[2377.497610787595, 8408.06762878548]
[2378.1625903802105, 8408.059847914858]
[2378.6293520969234, 8408.054534749683]
[2378.844057232117, 8408.052129430254]
[2379.54159831288, 8408.044473420263]
[2380.2547702421025, 8408.036879972959]
[2415.396076178195, 8407.775944679726]
[2415.846080632461, 8407.772953357051]
[2416.3516796502167, 8407.769576069675]
[2426.0454919968356, 8407.696881374322]
[2426.3742409571732, 8407.693838895482]
[2430.468524118212, 8407.637425558209]
[2430.5253736526224, 8407.635453682005]
[2430.625227291944, 8407.631141195377]
[2433.3272233383786, 8407.603176869108]
[2528.301835371397, 8403.313787981795]
[73274.2533813188, 5773.742744164432]
end_solutions
[-10.154424715474299, -27.307518296224494, -27.556634771347554]
[-10.129760322864358, -27.338119337548804, -27.522308178055575]
[-11.39782994522822, -27.7166280287823, -24.66158348861252]
[-11.397662544848302, -27.716835721954588, -24.661350509643636]
[-11.397662544848302, -27.716835721954588, -24.661350509643636]
[-11.366413184818416, -27.75560671351134, -24.617859308001456]
[-11.365988882865356, -27.7561331437302, -24.617268787050627]
[-11.3657531595581, -27.7564256049629, -24.61694071985572]
[-11.36554100858157, -27.756688820072327, -24.616645459380305]
[-11.414944625925763, -28.03297852485209, -23.885785035576717]
[-11.414944625925763, -28.03297852485209, -23.885785035576717]
[-11.475290791786675, -28.286639767589715, -23.192068502228658]
[-11.475568797133391, -28.28710036731286, -23.19053727665026]
[-11.475849204968988, -28.287564951824834, -23.1889928080034]
[-11.476113081179976, -28.28800220454859, -23.1875392553283]
[-11.476374554902083, -28.288435472483513, -23.186098945721668]
[-11.476620393095065, -28.28884292413769, -23.18474454256149]
[-11.476866231288046, -28.289250375791866, -23.18339013940131]
[-15.13761815559328, -28.887441539626202, -16.235308539620892]
[-15.137618155593284, -28.887441539626202, -16.23530853962088]
[-15.137618155593284, -28.887441539626202, -16.23530853962088]
[-15.137618155593284, -28.887441539626202, -16.23530853962088]
[-15.137618155593284, -28.887441539626202, -16.23530853962088]
[-14.876640068483173, -29.100985859352434, -16.113347285295205]
[-14.876640068483173, -29.100985859352434, -16.113347285295198]
[-14.876640068483173, -29.100985859352434, -16.113347285295205]
[-14.876640068483173, -29.100985859352434, -16.113347285295205]
[-14.876640068483173, -29.100985859352434, -16.1133472852952]
[-14.876640068483173, -29.100985859352434, -16.113347285295205]
[-14.876640068483173, -29.100985859352434, -16.113347285295205]
[-14.876640068483173, -29.100985859352434, -16.113347285295205]
end_values
[2433.32722334 8407.60317687]
[2376.35879697 8408.08159629]
[1720.39705254 8433.40758573]
[1720.12198998 8433.42781195]
[1720.12198998 8433.42781195]
[1692.46582975 8437.72900426]
[1692.17426291 8437.79431456]
[1692.04328436 8437.83067468]
[1691.94442986 8437.86344552]
[1544.09122029 8493.25205655]
[1544.09122029 8493.25205655]
[1430.94521402 8553.37604493]
[1430.71329793 8553.52038632]
[1430.49530642 8553.67593691]
[1430.30483237 8553.83158108]
[1430.1301918  8553.99475753]
[1429.97879213 8554.15641215]
[1429.83983397 8554.32610378]
[1046.64038124 9102.62220638]
[1046.64038124 9102.62220638]
[1046.64038124 9102.62220638]
[1046.64038124 9102.62220638]
[1046.64038124 9102.62220638]
[1039.12439435 9126.92354217]
[1039.12439435 9126.92354217]
[1039.12439435 9126.92354217]
[1039.12439435 9126.92354217]
[1039.12439435 9126.92354217]
[1039.12439435 9126.92354217]
[1039.12439435 9126.92354217]
[1039.12439435 9126.92354217]
