values
[7528.086733057096, 185115.25613869296]
[7629.284064268108, 51844.1223809298]
[7721.534233288681, 49980.78133933049]
[7831.495788042364, 38001.01596108774]
[7918.810329248345, 33494.388371138964]
[8123.3053615821445, 30843.786272490735]
[8761.120276084166, 29713.97179035494]
[8846.435799416371, 29097.77505004385]
[8919.646955674432, 28437.9143475709]
[9058.195140654321, 25277.474094081757]
values
[7061.605845290829, 24353.987166745774]
[7062.774011618241, 23873.555329600124]
[7070.117812276965, 23839.66363686509]
[7071.904206112649, 23774.016121822624]
[7075.577949676186, 23660.37929176985]
[7078.413664753853, 23643.521111642378]
[7080.827692993273, 23460.732902076576]
[7083.73163136776, 23444.942048680445]
[7086.16214215571, 23417.02464266278]
[7088.385612996677, 23369.244318993886]
[7089.795977657946, 23367.710009130395]
[7092.2128304841535, 23345.300656319192]
[7095.809430902993, 23203.303950225465]
[7118.66492622441, 23199.751264016435]
[7135.674670453187, 23088.056717787047]
[7139.577635174794, 23073.632694361975]
[7140.157648479426, 23071.828398645837]
[7155.480609602098, 23064.318471160554]
[7161.330100458279, 23023.94831264192]
[7178.62899818422, 22987.24989935907]
[7180.976359294062, 22972.899644934256]
[7181.842755902204, 22971.780561072665]
[7185.158959640545, 22963.55093799047]
[7185.409616119863, 22961.170970969568]
[7185.661003428197, 22959.315469048062]
[7185.975101386679, 22957.941511119338]
[7186.0394546951065, 22957.490705560467]
[7186.165970531922, 22957.128078187114]
[7186.393788794108, 22956.947801417038]
[7186.419550327311, 22956.75090121591]
[7186.753355396739, 22956.0421999935]
[7186.850990986233, 22955.93269860999]
[7186.9488190055545, 22955.89622527733]
[7187.070207088058, 22955.453966392153]
[7187.289520670656, 22954.983440156542]
[7187.679584782996, 22954.199745882914]
[7187.728440278179, 22954.064582988576]
[7188.143312636095, 22953.257323779897]
[7188.60744926251, 22952.298633064598]
[7189.071994662239, 22951.322486447796]
[7189.536948835281, 22950.32805070957]
[7190.272401545219, 22949.619573583288]
[7208.015527040925, 22949.349160287355]
[7222.355033385147, 22925.84760027605]
[7234.3192473070285, 22918.95229966412]
[7235.108514135189, 22911.356302158012]
[7237.984770780848, 22905.40473736017]
[7243.506124799847, 22896.192346221145]
[7249.167966521405, 22881.221046174414]
[7276.2300757467, 22873.980264691552]
[7289.2093257995475, 22843.70152039467]
[7294.084123398714, 22819.46676704841]
[7411.060032751446, 22800.896586529365]
[7411.413852016862, 22799.223595606876]
[7411.532173503132, 22799.086746867564]
[7418.252982585182, 22759.406630963844]
[7418.786158108816, 22756.893613790846]
[7418.893534108827, 22756.741110506842]
[7418.91178077006, 22756.73190918416]
[7418.915836096245, 22756.730518853175]
[7418.91708708714, 22756.730137942825]
[7418.917452808546, 22756.730030857543]
[7418.917818531467, 22756.729925704418]
[7418.918549981858, 22756.729721194137]
[7418.919525258476, 22756.72946053375]
[7418.919708433459, 22756.729413109428]
[7418.920768875563, 22756.72914808185]
[7418.921004531097, 22756.729091391673]
[7418.9214758440485, 22756.72898041647]
[7418.921947159517, 22756.728872647844]
[7418.922418477503, 22756.72876808555]
[7418.922553140248, 22756.7287387995]
[7418.9228897980065, 22756.728666729385]
[7418.9233611210275, 22756.728568579078]
[7418.923437612239, 22756.728552952594]
[7418.923950278342, 22756.728450399052]
[7418.923963150732, 22756.728447872883]
[7418.924206983833, 22756.728400472857]
[7418.924707772099, 22756.72830581241]
[7418.925206830363, 22756.72821507881]
[7418.925246438283, 22756.72820803161]
[7418.925265252052, 22756.728204692117]
[7418.925848480847, 22756.728103700465]
[7418.9268624565575, 22756.727939801815]
[7418.927274387515, 22756.72787745339]
[7418.929017193619, 22756.727640744575]
[7418.929643027843, 22756.72756642964]
[7418.9296628327975, 22756.72756417005]
[7418.929682637754, 22756.727561916126]
[7418.9298301848285, 22756.727545302296]
[7418.930221334302, 22756.727502777434]
[7418.931092762146, 22756.727415966532]
[7418.932502909065, 22756.727298670325]
[7418.933580339872, 22756.727228356296]
[7418.93395269034, 22756.7272079443]
[7418.935323270489, 22756.727150011553]
[7418.935343076719, 22756.727149372633]
[7418.935352979835, 22756.727149055303]
[7418.9361155230545, 22756.727128860548]
[7418.936733484996, 22756.72711863562]
[7418.938143722025, 22756.727115886413]
values
[7036.378936518222, 24004.392321724266]
[7036.641758012607, 23892.42537968143]
[7037.8450688151715, 23812.943653023172]
[7038.099627158266, 23784.612945033317]
[7038.377976817912, 23758.10070441894]
[7039.851374128833, 23689.755015570023]
[7040.803496096762, 23676.84929483014]
[7041.254000746074, 23664.99422724951]
[7041.3452977555935, 23619.51908076995]
[7042.887997645828, 23599.3889268587]
[7045.168930277139, 23571.140050792783]
[7047.546943768413, 23534.987972815445]
[7049.780216094308, 23489.32910844036]
[7053.451889683836, 23431.87707708856]
[7059.64518097642, 23419.410443248984]
[7060.602835392099, 23414.81282124075]
[7061.667778163506, 23402.719311955017]
[7064.078969779133, 23400.208241916353]
[7064.681880734644, 23388.278876413864]
[7066.381010311608, 23376.92598784269]
[7067.03006067535, 23372.767025992885]
[7067.692825635664, 23367.798465838463]
[7076.8978508523705, 23332.34404065218]
[7077.257264752956, 23305.430260131798]
[7082.749051877636, 23296.481348109523]
[7089.531671273915, 23258.69302231692]
[7091.114972517522, 23244.38820053222]
[7092.98677460531, 23236.853804027534]
[7095.226697079192, 23227.501616702197]
[7095.792160979237, 23225.997203643252]
[7095.809430902993, 23203.303950225465]
[7105.627889555843, 23166.766283003297]
[7107.7853071975715, 23156.6437252201]
[7113.675375071583, 23141.902303291397]
[7114.150552899517, 23140.777018694487]
[7115.102674065616, 23138.441740258168]
[7117.013978438725, 23133.316524141]
[7117.133747604483, 23132.973144962074]
[7117.8980966563595, 23128.487787770293]
[7118.934698866387, 23127.487468009585]
[7121.006434543673, 23120.537715205777]
[7122.8992410670235, 23113.872797750417]
[7123.65887313052, 23111.19949240843]
[7125.1824391789305, 23105.987962344734]
[7125.396843615619, 23072.398619202762]
[7125.503862718633, 23072.15987877277]
[7125.717985244719, 23071.73308372159]
[7125.789384403803, 23071.60573899242]
[7126.003656832214, 23071.26804869468]
[7126.146567577127, 23071.079544583194]
[7126.575599616517, 23070.686539086615]
[7145.434899480866, 23064.232700479828]
[7145.48955672931, 23064.08175129493]
[7146.800027203981, 23060.648115627268]
[7147.843680942944, 23058.610258034667]
[7149.45903136663, 23056.988271307608]
[7157.775406529125, 23016.637474129842]
[7158.1013832634, 23014.471694671825]
[7158.101389271829, 23014.471653668596]
[7158.101911041929, 23014.470571391077]
[7158.1026815608075, 23014.468976524444]
[7158.102926867348, 23014.46848120591]
[7158.103100559845, 23014.46810728308]
[7158.1031159989925, 23014.468075728128]
[7158.103186695544, 23014.467932004398]
[7158.943773137344, 23009.092432825637]
[7158.9644657076515, 23008.96402748141]
[7159.087632321478, 23008.204404577013]
[7159.149235222258, 23007.827396947843]
[7159.180035580326, 23007.63960514942]
[7159.203137633154, 23007.49907781129]
[7159.881291008591, 23003.505704717198]
[7160.093412208304, 23002.31280920526]
[7160.100163233894, 23002.275313771417]
[7171.810399372422, 22978.054693570662]
[7180.976359294062, 22972.899644934256]
[7181.640328927284, 22965.023592140788]
[7181.960200409947, 22964.41618201662]
[7181.981532169124, 22964.37614141231]
[7182.28027176238, 22963.82109174425]
[7185.158959640545, 22963.55093799047]
[7185.409616119863, 22961.170970969568]
[7185.661003428197, 22959.315469048062]
[7185.975101386679, 22957.941511119338]
[7186.0394546951065, 22957.490705560467]
[7186.165970531922, 22957.128078187114]
[7186.213419245374, 22957.020633803488]
[7186.213420155067, 22957.020632225278]
[7186.393788794108, 22956.947801417038]
[7186.419550327311, 22956.75090121591]
[7186.629429401821, 22956.268324133904]
[7186.752816262342, 22956.042801081534]
[7186.753355396739, 22956.0421999935]
[7186.7533553967405, 22956.04219999349]
[7186.850990986233, 22955.93269860999]
[7186.9488190055545, 22955.89622527733]
[7187.070207088058, 22955.453966392153]
[7187.289520670656, 22954.983440156542]
[7187.679584782996, 22954.199745882914]
[7187.728440278179, 22954.064582988576]
[7188.143312636095, 22953.257323779897]
[7188.17997290522, 22953.12979340233]
[7188.60744926251, 22952.298633064598]
[7189.071994662239, 22951.322486447796]
[7189.090344572054, 22951.23542124537]
[7189.275774208047, 22950.922821134256]
[7189.536948835281, 22950.32805070957]
[7190.19211332114, 22948.95435840183]
[7190.335435181332, 22948.640389026776]
[7190.410685454386, 22948.490017531116]
[7190.464458102013, 22948.35633012388]
[7190.8598141646835, 22947.76418233845]
[7191.810324597098, 22945.299416067708]
[7192.717083606509, 22943.378657800888]
[7192.731059391168, 22943.146359957904]
[7192.757623947982, 22943.090536093005]
[7193.1817866368, 22942.277832254727]
[7193.181789400594, 22942.277823236855]
[7193.192024058775, 22942.05112256991]
[7193.422655710225, 22941.49977224626]
[7193.653386906766, 22940.946355973912]
[7193.682235305598, 22940.87705058579]
[7193.768789834448, 22940.66897984064]
[7193.941940887735, 22940.252206972316]
[7194.071840923838, 22939.93915275304]
[7194.104320854223, 22939.86083485392]
[7194.13680275315, 22939.782497403423]
[7194.144923535467, 22939.76291011547]
[7194.146953750269, 22939.758013115395]
[7194.148983972762, 22939.75311604463]
[7194.153044440816, 22939.743321692087]
[7197.891970106733, 22930.95389173272]
[7197.891993889858, 22930.953818815124]
[7198.258501701779, 22930.163160848635]
[7198.522543714615, 22929.60702264624]
[7198.83075630685, 22928.973457180113]
[7198.918846359611, 22928.795655386257]
[7199.183208076885, 22928.271293800615]
[7199.199734996921, 22928.238986347682]
[7199.53037701983, 22927.604908809222]
[7199.5358893480425, 22927.594541074403]
[7199.712314911896, 22927.266364585343]
[7199.77113583386, 22927.158549517662]
[7199.771136765936, 22927.15854700191]
[7199.861218912511, 22926.995016694953]
[7200.006482922823, 22926.735431011577]
[7200.006483855281, 22926.73542854638]
[7200.006484787738, 22926.735426081184]
[7200.006485253967, 22926.735424848575]
[7200.006485720196, 22926.735423616]
[7200.10068686227, 22926.56986079859]
[7200.241917088213, 22926.325841002632]
[7200.241924550917, 22926.325821699607]
[7200.241928282268, 22926.325812048075]
[7200.241931080782, 22926.32580480946]
[7200.241932013621, 22926.325802396575]
[7200.241933412879, 22926.325798777267]
[7200.241933879297, 22926.325797570826]
[7200.241934112506, 22926.325796967616]
[7200.241934812135, 22926.325795157954]
[7200.457690802667, 22925.962945873856]
[7200.614628730076, 22925.706800081545]
[7200.772064280094, 22925.456624821436]
[7200.772064630231, 22925.456623962997]
[7200.904677120016, 22925.251289481548]
[7200.904677207569, 22925.25128926994]
[7200.954415103028, 22925.175570483552]
[7200.970995400861, 22925.15048783853]
[7201.004157495545, 22925.10055917475]
[7201.037321588923, 22925.050947342344]
[7201.286116435642, 22924.689116315]
[7201.335888808586, 22924.618958022686]
[7201.667819991397, 22924.17060180961]
[7201.70363446466, 22924.12429168683]
[7201.9999510439775, 22923.756997451575]
[7202.049787874836, 22923.6980442643]
[7202.050566585427, 22923.697129427568]
[7202.050826155868, 22923.69682452643]
[7202.098720613107, 22923.64096225637]
[7202.1226044978885, 22923.613390801936]
[7202.382148777611, 22923.32618115579]
[7202.574905665113, 22923.127820902115]
[7206.399156073197, 22922.10992068983]
[7206.91696328205, 22922.106084089286]
[7226.278294838596, 22914.60999317248]
[7226.671901406586, 22913.894886327664]
[7229.820042931149, 22909.807790208073]
[7237.567560890659, 22909.54163495744]
[7237.984770780848, 22905.40473736017]
[7240.56092178586, 22904.834540401844]
[7243.506124799847, 22896.192346221145]
[7244.478440353785, 22888.756073081906]
[7249.167966521405, 22881.221046174414]
[7276.2300757467, 22873.980264691552]
[7289.2093257995475, 22843.70152039467]
[7293.556367125861, 22818.772710659014]
[7343.772822236697, 22801.68669175241]
[7411.060032751446, 22800.896586529365]
[7411.413852016862, 22799.223595606876]
[7411.532173503132, 22799.086746867564]
[7417.0621097399, 22761.794354787733]
[7418.252982585182, 22759.406630963844]
[7418.786158108816, 22756.893613790846]
[7418.892905296956, 22756.69331545955]
[7418.894344822933, 22756.692518059597]
[7418.894360042215, 22756.692510745426]
[7418.894801879487, 22756.692285873047]
[7418.894843137885, 22756.69226571737]
[7418.895072071633, 22756.692153316893]
[7418.895137975138, 22756.692131717427]
[7418.895341461832, 22756.692025551347]
[7418.895452201708, 22756.69197383452]
[7418.895784424007, 22756.691822291166]
[7418.895895165659, 22756.691772979044]
[7418.896088964626, 22756.691688129293]
[7418.896091255967, 22756.691684740195]
[7418.896338136723, 22756.6915817417]
[7418.896572940665, 22756.69149987201]
[7418.896691268479, 22756.69143603518]
[7418.896711899086, 22756.691427865622]
[7418.89714270442, 22756.691260982694]
[7418.897204912608, 22756.69123339528]
[7418.897224100176, 22756.691228116924]
[7418.8973348476065, 22756.69118661818]
[7418.897380692568, 22756.69116493301]
[7418.897503798484, 22756.691114203088]
[7418.897626904916, 22756.691064176786]
[7418.897811133651, 22756.691055425785]
[7418.8978277179285, 22756.690998007263]
[7418.897916278911, 22756.69097860804]
[7418.898034624755, 22756.690953591256]
[7418.898133467552, 22756.690893780422]
[7418.8983664156185, 22756.69080420549]
[7418.898497722463, 22756.69078715791]
[7418.898614017822, 22756.690729671696]
[7418.898712053287, 22756.690709138635]
[7418.898750140002, 22756.690689429037]
[7418.8989164128325, 22756.690640791876]
[7418.898996112397, 22756.690636236395]
[7418.89910594588, 22756.690570667168]
[7418.899162638456, 22756.690557972626]
[7418.899237009004, 22756.69054610077]
[7418.899366826026, 22756.690503421465]
[7418.899423683264, 22756.690499039916]
[7418.89951823835, 22756.690455062875]
[7418.899677374971, 22756.690422598465]
[7418.899845495698, 22756.690363556703]
[7418.899983525625, 22756.69033575482]
[7418.900281478453, 22756.690272071588]
[7418.900513756105, 22756.690208228494]
[7418.900532173067, 22756.690200276356]
[7418.900585065076, 22756.69018286903]
[7418.900674335671, 22756.69016983849]
[7418.900698456586, 22756.690166082164]
[7418.900826526216, 22756.69014198426]
[7418.900974540022, 22756.69013697254]
[7418.901080831216, 22756.690079259566]
[7418.901123815409, 22756.690060182682]
[7418.901176362226, 22756.690055514246]
[7418.901296305428, 22756.69003184693]
[7418.901409699931, 22756.69001910759]
[7418.901463673699, 22756.690012963165]
[7418.901514145786, 22756.689998860853]
[7418.901586832362, 22756.68998027193]
[7418.901591959939, 22756.68997618652]
[7418.901662575967, 22756.689951298995]
[7418.901788440653, 22756.689929282977]
[7418.901887617567, 22756.689924731993]
[7418.901890991483, 22756.689908818378]
[7418.902007563811, 22756.68990517192]
[7418.90208445248, 22756.68990262118]
[7418.902121288258, 22756.689889212266]
[7418.902135511093, 22756.689887045202]
[7418.902178179638, 22756.68988060259]
[7418.902229439058, 22756.689879317746]
[7418.902363199764, 22756.68985096314]
[7418.902371142842, 22756.68983103663]
[7418.902635957053, 22756.6898190469]
[7418.902641531213, 22756.68981367766]
[7418.902708451662, 22756.689809178326]
[7418.902872508428, 22756.689800260923]
[7418.9029855877525, 22756.689772901635]
[7418.903029148516, 22756.689771507754]
[7418.903190230521, 22756.689748233286]
[7418.90327557089, 22756.68973976722]
[7418.903310182337, 22756.689736192766]
[7418.903331470043, 22756.689708521397]
[7418.903457342185, 22756.689696571215]
[7418.903583214895, 22756.689685383004]
[7418.903974852394, 22756.68967460751]
[7418.904031747528, 22756.689671065065]
[7418.904124459927, 22756.689656697352]
[7418.904311698214, 22756.689649240023]
[7418.904338463002, 22756.6896342532]
[7418.9046485480085, 22756.689629237026]
[7418.904841973032, 22756.689615402505]
[7418.905345492094, 22756.68960873855]
[7418.905676501747, 22756.68960422499]
[7418.906245916656, 22756.689457298537]
values
[7035.261203265642, 24083.572429032873]
[7035.481690319943, 23903.26816522629]
[7035.6111645144265, 23894.709364447]
[7035.692452797835, 23893.301814934173]
[7035.946333823193, 23887.984425125156]
[7035.990649722718, 23882.928014610938]
[7036.103503711945, 23873.776640118966]
[7036.522460652464, 23863.142789615835]
[7036.873221397027, 23847.26752267819]
[7037.717882351424, 23742.010321009708]
[7037.8264150786745, 23732.719381138802]
[7038.071445688496, 23721.18024795214]
[7038.219755852246, 23701.69046186983]
[7038.235290838289, 23701.030458737612]
[7038.349579853651, 23700.72232103493]
[7038.700415423284, 23698.69533207503]
[7038.711312990814, 23697.391828800584]
[7038.9848771617, 23692.495158505008]
[7039.318048131023, 23690.24057031682]
[7039.412120918083, 23689.70079854225]
[7039.491422610734, 23689.388501091984]
[7040.142721437953, 23683.95741187585]
[7040.318581239335, 23678.789343961478]
[7040.803496096762, 23676.84929483014]
[7041.254000746074, 23664.99422724951]
[7041.3452977555935, 23619.51908076995]
[7042.781743979291, 23601.737871883543]
[7042.887997645828, 23599.3889268587]
[7045.168930277139, 23571.140050792783]
[7047.546943768413, 23534.987972815445]
[7049.780216094308, 23489.32910844036]
[7052.519817942959, 23461.211265960326]
[7052.751947518969, 23453.650672282576]
[7052.80767479848, 23449.18793575664]
[7052.984669334452, 23446.179527056]
[7053.373229852497, 23436.89375261896]
[7053.423627314662, 23420.660582099583]
[7053.530276719301, 23419.8537944893]
[7053.583619240922, 23419.45799543353]
[7053.868740820502, 23402.220790581698]
[7053.904750853264, 23400.72387751637]
[7053.931812312152, 23399.709546963983]
[7054.013274065299, 23397.24177320781]
[7054.067813047799, 23396.088846533177]
[7054.137961362563, 23395.199183912413]
[7054.139676089326, 23395.185777725663]
[7054.143106084603, 23395.160151224598]
[7054.14996824216, 23395.11364127531]
[7054.16370122529, 23395.039587130625]
[7054.177445765776, 23394.990800089814]
[7054.3111830643775, 23394.452335407994]
[7064.681880734644, 23388.278876413864]
[7065.501106532904, 23386.40275390889]
[7065.65490121065, 23383.776817773105]
[7066.236412508071, 23378.0793384186]
[7066.381010311608, 23376.92598784269]
[7066.392718181145, 23375.71425059246]
[7066.9086366535375, 23372.79993689435]
[7067.03006067535, 23372.767025992885]
[7067.692825635664, 23367.798465838463]
[7075.53696193398, 23341.86737548015]
[7076.8978508523705, 23332.34404065218]
[7077.257264752956, 23305.430260131798]
[7078.273937213862, 23298.96510870319]
[7078.713739039738, 23295.050523461498]
[7079.325885392602, 23290.11482249991]
[7079.522732524179, 23289.264214947885]
[7079.563217615701, 23289.014728553888]
[7089.531671273915, 23258.69302231692]
[7091.114972517522, 23244.38820053222]
[7092.98677460531, 23236.853804027534]
[7094.115031173296, 23230.190609255482]
[7094.272479533864, 23229.829661590473]
[7094.393294811127, 23229.548463945346]
[7094.4163997755495, 23229.494260543048]
[7094.480322773747, 23229.34357651736]
[7094.544894783721, 23229.19027426474]
[7094.655802964264, 23228.924373910893]
[7094.713429027313, 23228.784906409164]
[7094.765821093422, 23228.65731859037]
[7094.771218460817, 23228.644131804842]
[7094.92223423896, 23228.271883846588]
[7094.957182560351, 23228.184823852862]
[7094.996830918168, 23228.085634862193]
[7095.226697079192, 23227.501616702197]
[7095.489588641127, 23226.81445649126]
[7095.792160979237, 23225.997203643252]
[7095.809430902993, 23203.303950225465]
[7104.389721822641, 23175.37006729676]
[7104.521533892093, 23174.38563299922]
[7104.681507636358, 23173.446104522056]
[7105.627889555843, 23166.766283003297]
[7107.7853071975715, 23156.6437252201]
[7113.675375071583, 23141.902303291397]
[7114.150552899517, 23140.777018694487]
[7115.102674065616, 23138.441740258168]
[7117.013978438725, 23133.316524141]
[7117.133747604483, 23132.973144962074]
[7117.8980966563595, 23128.487787770293]
[7118.934698866387, 23127.487468009585]
[7120.080794807214, 23125.044546695095]
[7120.149481506411, 23124.651839315906]
[7120.5080334500835, 23117.59963421838]
[7122.8992410670235, 23113.872797750417]
[7123.65887313052, 23111.19949240843]
[7123.957957591767, 23077.29179081244]
[7124.3393983109945, 23075.686501943823]
[7124.512899251427, 23075.0301920183]
[7124.547608349163, 23074.904434239885]
[7124.686474438944, 23074.419737988806]
[7124.721198386096, 23074.303144532023]
[7124.825388046855, 23073.964344443153]
[7124.844351564136, 23073.904458829078]
[7124.862183655325, 23073.848645487087]
[7124.913829430181, 23073.68972573486]
[7124.964349172898, 23073.538190930787]
[7124.9833191757625, 23073.482290068776]
[7125.028971078318, 23073.349998089994]
[7125.03384755522, 23073.33605338443]
[7125.053513403322, 23073.280182299837]
[7125.1026024967, 23073.143270253546]
[7125.103357817075, 23073.141192058247]
[7125.122334305523, 23073.089262540652]
[7125.151697514575, 23073.009979994193]
[7125.179269082029, 23072.93671767534]
[7125.2068425176585, 23072.86459470947]
[7125.207645483983, 23072.862511547937]
[7125.223431890548, 23072.821753237098]
[7125.225225845954, 23072.81714519348]
[7125.261994993443, 23072.723762638707]
[7125.270909226332, 23072.701428717668]
[7125.293667559521, 23072.644949759324]
[7125.29417072192, 23072.643709844553]
[7125.298767462133, 23072.632399861985]
[7125.336690853799, 23072.54029862705]
[7125.362529085405, 23072.478779279274]
[7125.381517659824, 23072.43420414309]
[7125.396843615619, 23072.398619202762]
[7125.451087319347, 23072.27548315893]
[7125.485876603931, 23072.19881287811]
[7125.501673798397, 23072.164591432986]
[7125.503862718633, 23072.15987877277]
[7125.520668858397, 23072.1239324113]
[7125.556267736572, 23072.04917185058]
[7125.583866703928, 23071.9925012934]
[7125.5930667748635, 23071.973860222737]
[7125.621865369125, 23071.916315839655]
[7125.640866029518, 23071.879018372372]
[7125.659867575105, 23071.84225039483]
[7125.666674815051, 23071.829207518713]
[7125.685078900846, 23071.794285494583]
[7125.691213780621, 23071.782754955995]
[7125.717985244719, 23071.73308372159]
[7125.789384403803, 23071.60573899242]
[7125.8497434727, 23071.503883463196]
[7125.850753036517, 23071.502224866163]
[7125.881366668238, 23071.45263278458]
[7125.887578644408, 23071.442735608663]
[7125.950327506416, 23071.345891183188]
[7126.003656832214, 23071.26804869468]
[7126.146567577127, 23071.079544583194]
[7126.198033116674, 23071.01878290156]
[7126.235931124256, 23070.97643603156]
[7126.305614443196, 23070.903854195123]
[7126.575599616517, 23070.686539086615]
[7145.434899480866, 23064.232700479828]
[7145.48955672931, 23064.08175129493]
[7146.800027203981, 23060.648115627268]
[7147.843680942944, 23058.610258034667]
[7149.45903136663, 23056.988271307608]
[7157.775406529125, 23016.637474129842]
[7158.1013832634, 23014.471694671825]
[7158.101389271829, 23014.471653668596]
[7158.101911041929, 23014.470571391077]
[7158.1026815608075, 23014.468976524444]
[7158.102926867348, 23014.46848120591]
[7158.103100559845, 23014.46810728308]
[7158.1031159989925, 23014.468075728128]
[7158.103186695544, 23014.467932004398]
[7158.943773137344, 23009.092432825637]
[7158.9644657076515, 23008.96402748141]
[7158.987613685107, 23008.820737962822]
[7158.989468861824, 23008.81058966745]
[7159.087632321478, 23008.204404577013]
[7159.149235222258, 23007.827396947843]
[7159.180035580326, 23007.63960514942]
[7159.203137633154, 23007.49907781129]
[7159.33871412396, 23006.680063945667]
[7159.343473040433, 23006.651494804464]
[7159.593150359156, 23005.170241929034]
[7159.601250977199, 23005.12277569126]
[7159.603876807383, 23005.10739757457]
[7159.604830933222, 23005.10181074702]
[7159.650486146877, 23004.835098101525]
[7159.651447620716, 23004.82949435746]
[7159.881291008591, 23003.505704717198]
[7159.958637782, 23003.06746072992]
[7159.959805586599, 23003.06252490749]
[7160.093412208304, 23002.31280920526]
[7160.100163233894, 23002.275313771417]
[7170.878330235761, 22979.8518891596]
[7171.604751643377, 22978.388073827304]
[7171.810399372422, 22978.054693570662]
[7179.487140254629, 22968.77485003423]
[7181.640328927284, 22965.023592140788]
[7181.960200409947, 22964.41618201662]
[7181.981532169124, 22964.37614141231]
[7182.28027176238, 22963.82109174425]
[7185.158959640545, 22963.55093799047]
[7185.409616119863, 22961.170970969568]
[7185.661003428197, 22959.315469048062]
[7185.975101386679, 22957.941511119338]
[7186.0394546951065, 22957.490705560467]
[7186.165970531922, 22957.128078187114]
[7186.213419245374, 22957.020633803488]
[7186.213420155067, 22957.020632225278]
[7186.393788794108, 22956.947801417038]
[7186.419550327311, 22956.75090121591]
[7186.629429401821, 22956.268324133904]
[7186.752816262342, 22956.042801081534]
[7186.753355396739, 22956.0421999935]
[7186.7533553967405, 22956.04219999349]
[7186.850990986233, 22955.93269860999]
[7186.9488190055545, 22955.89622527733]
[7187.070207088058, 22955.453966392153]
[7187.289520670656, 22954.983440156542]
[7187.679584782996, 22954.199745882914]
[7187.728440278179, 22954.064582988576]
[7188.143312636095, 22953.257323779897]
[7188.17997290522, 22953.12979340233]
[7188.60744926251, 22952.298633064598]
[7189.071994662239, 22951.322486447796]
[7189.090344572054, 22951.23542124537]
[7189.275774208047, 22950.922821134256]
[7189.536948835281, 22950.32805070957]
[7190.19211332114, 22948.95435840183]
[7190.335435181332, 22948.640389026776]
[7190.410685454386, 22948.490017531116]
[7190.464458102013, 22948.35633012388]
[7190.8598141646835, 22947.76418233845]
[7191.810324597098, 22945.299416067708]
[7192.717083606509, 22943.378657800888]
[7192.731059391168, 22943.146359957904]
[7192.757623947982, 22943.090536093005]
[7193.1817866368, 22942.277832254727]
[7193.181789400594, 22942.277823236855]
[7193.192024058775, 22942.05112256991]
[7193.422655710225, 22941.49977224626]
[7193.653386906766, 22940.946355973912]
[7193.682235305598, 22940.87705058579]
[7193.768789834448, 22940.66897984064]
[7193.941940887735, 22940.252206972316]
[7194.071840923838, 22939.93915275304]
[7194.104320854223, 22939.86083485392]
[7194.13680275315, 22939.782497403423]
[7194.144923535467, 22939.76291011547]
[7194.146953750269, 22939.758013115395]
[7194.148983972762, 22939.75311604463]
[7194.153044440816, 22939.743321692087]
[7197.891970106733, 22930.95389173272]
[7197.891993889858, 22930.953818815124]
[7198.258501701779, 22930.163160848635]
[7198.522543714615, 22929.60702264624]
[7198.83075630685, 22928.973457180113]
[7198.918846359611, 22928.795655386257]
[7199.183208076885, 22928.271293800615]
[7199.199734996921, 22928.238986347682]
[7199.53037701983, 22927.604908809222]
[7199.5358893480425, 22927.594541074403]
[7199.712314911896, 22927.266364585343]
[7199.77113583386, 22927.158549517662]
[7199.771136765936, 22927.15854700191]
[7199.861218912511, 22926.995016694953]
[7199.91112922028, 22926.905248521045]
[7200.006482922823, 22926.735431011577]
[7200.006483855281, 22926.73542854638]
[7200.006484787738, 22926.735426081184]
[7200.006485253967, 22926.735424848575]
[7200.006485720196, 22926.735423616]
[7200.0231909713875, 22926.70590321256]
[7200.07120028576, 22926.621447234054]
[7200.10068686227, 22926.56986079859]
[7200.241917088213, 22926.325841002632]
[7200.241924550917, 22926.325821699607]
[7200.241928282268, 22926.325812048075]
[7200.241931080782, 22926.32580480946]
[7200.241932013621, 22926.325802396575]
[7200.241933412879, 22926.325798777267]
[7200.241933879297, 22926.325797570826]
[7200.241934112506, 22926.325796967616]
[7200.241934812135, 22926.325795157954]
[7200.291612047109, 22926.241172052312]
[7200.381388961898, 22926.089869034666]
[7200.403434365706, 22926.053039278544]
[7200.448955448172, 22925.977397908173]
[7200.457690802667, 22925.962945873856]
[7200.614628730076, 22925.706800081545]
[7200.6229136401835, 22925.693464044653]
[7200.772064280094, 22925.456624821436]
[7200.772064630231, 22925.456623962997]
[7200.904677120016, 22925.251289481548]
[7200.904677207569, 22925.25128926994]
[7200.954147744891, 22925.17597559353]
[7200.954415103028, 22925.175570483552]
[7200.970995400861, 22925.15048783853]
[7201.004157495545, 22925.10055917475]
[7201.037321588923, 22925.050947342344]
[7201.286116435642, 22924.689116315]
[7201.335621265129, 22924.619333135644]
[7201.335621393029, 22924.619332956318]
[7201.335723258022, 22924.619190132566]
[7201.335888808586, 22924.618958022686]
[7201.38566567859, 22924.549547848063]
[7201.667284582316, 22924.171297218887]
[7201.667284838271, 22924.171296886423]
[7201.667488690884, 22924.17103210433]
[7201.667651169348, 22924.17082107216]
[7201.667819991397, 22924.17060180961]
[7201.70363446466, 22924.12429168683]
[7201.999147447108, 22923.757954775625]
[7201.9999510439775, 22923.756997451575]
[7202.049252351246, 22923.69867337504]
[7202.049787874836, 22923.6980442643]
[7202.050566585427, 22923.697129427568]
[7202.050826155868, 22923.69682452643]
[7202.098720613107, 22923.64096225637]
[7202.1226044978885, 22923.613390801936]
[7202.382148777611, 22923.32618115579]
[7202.574905665113, 22923.127820902115]
[7206.399156073197, 22922.10992068983]
[7206.91696328205, 22922.106084089286]
[7226.278294838596, 22914.60999317248]
[7226.671901406586, 22913.894886327664]
[7229.820042931149, 22909.807790208073]
[7237.320702917405, 22909.304007462088]
[7237.984770780848, 22905.40473736017]
[7240.56092178586, 22904.834540401844]
[7243.506124799847, 22896.192346221145]
[7244.307897694589, 22888.320837245337]
[7249.167966521405, 22881.221046174414]
[7276.2300757467, 22873.980264691552]
[7289.2093257995475, 22843.70152039467]
[7293.523638600351, 22818.7079778824]
[7343.772822236697, 22801.68669175241]
[7411.060032751446, 22800.896586529365]
[7411.413852016862, 22799.223595606876]
[7411.532173503132, 22799.086746867564]
[7417.0621097399, 22761.794354787733]
[7418.252982585182, 22759.406630963844]
[7418.786158108816, 22756.893613790846]
[7418.880962910118, 22756.720831564315]
[7418.892905296956, 22756.69331545955]
[7418.894344822933, 22756.692518059597]
[7418.894360042215, 22756.692510745426]
[7418.894801879487, 22756.692285873047]
[7418.894843137885, 22756.69226571737]
[7418.895072071633, 22756.692153316893]
[7418.895137975138, 22756.692131717427]
[7418.895341461832, 22756.692025551347]
[7418.895452201708, 22756.69197383452]
[7418.895534440342, 22756.691938903678]
[7418.8956545705005, 22756.69188593528]
[7418.895784424007, 22756.691822291166]
[7418.895895165659, 22756.691772979044]
[7418.89607217549, 22756.691721424715]
[7418.896088964626, 22756.691688129293]
[7418.896091255967, 22756.691684740195]
[7418.896246659824, 22756.691613005187]
[7418.896301194587, 22756.69158940785]
[7418.896338136723, 22756.6915817417]
[7418.896415341176, 22756.69154589584]
[7418.896572940665, 22756.69149987201]
[7418.896683444027, 22756.691427299666]
[7418.8968241348575, 22756.691371204663]
[7418.896828287472, 22756.691369954595]
[7418.8968448979285, 22756.69136496387]
[7418.896858025459, 22756.69135586076]
[7418.896939683835, 22756.691335657393]
[7418.89704924294, 22756.691282221727]
[7418.897056361286, 22756.69128049589]
[7418.89714270442, 22756.691260982694]
[7418.897204912608, 22756.69123339528]
[7418.897224100176, 22756.691228116924]
[7418.8973348476065, 22756.69118661818]
[7418.897380692568, 22756.69116493301]
[7418.897503798484, 22756.691114203088]
[7418.897523141492, 22756.691097818682]
[7418.8975570329185, 22756.69108358936]
[7418.897565338377, 22756.691081403213]
[7418.897598560236, 22756.691072696478]
[7418.897626904916, 22756.691064176786]
[7418.897665004084, 22756.691055464442]
[7418.897811133651, 22756.691055425785]
[7418.8978277179285, 22756.690998007263]
[7418.897916278911, 22756.69097860804]
[7418.898034624755, 22756.690953591256]
[7418.898104826729, 22756.69089859395]
[7418.898133467552, 22756.690893780422]
[7418.898289705752, 22756.690835422196]
[7418.898294102995, 22756.690820952423]
[7418.8983131604255, 22756.6908143426]
[7418.898352242884, 22756.690807932708]
[7418.8983664156185, 22756.69080420549]
[7418.898394761112, 22756.69079678264]
[7418.898418688641, 22756.69079327977]
[7418.898497722463, 22756.69078715791]
[7418.89857179279, 22756.69073118151]
[7418.898614017822, 22756.690729671696]
[7418.898712053287, 22756.690709138635]
[7418.898750140002, 22756.690689429037]
[7418.898783303997, 22756.69067087167]
[7418.898814220071, 22756.690650488843]
[7418.8989164128325, 22756.690640791876]
[7418.898972963854, 22756.69061132205]
[7418.899022886553, 22756.6905861001]
[7418.899039498396, 22756.69058298329]
[7418.899090672978, 22756.690562466367]
[7418.899162638456, 22756.690557972626]
[7418.899201224609, 22756.69053124147]
[7418.899347005861, 22756.690493353286]
[7418.899450493122, 22756.690466138665]
[7418.89951823835, 22756.690455062875]
[7418.89955063225, 22756.690437732832]
[7418.899589033159, 22756.69041537715]
[7418.899596951636, 22756.690412844906]
[7418.899607966463, 22756.69041190155]
[7418.899751689056, 22756.690376841463]
[7418.899774621548, 22756.690364500468]
[7418.89982363028, 22756.690354915492]
[7418.899857524413, 22756.69034434389]
[7418.899955031578, 22756.690326217864]
[7418.900067510585, 22756.690296658035]
[7418.900106335799, 22756.690277179416]
[7418.900257905292, 22756.690240928514]
[7418.9004423927145, 22756.6902024454]
[7418.900476886311, 22756.69020183588]
[7418.900480510496, 22756.690193171624]
[7418.900529371795, 22756.69018048921]
[7418.900543039877, 22756.69017245679]
[7418.90060626219, 22756.690155246037]
[7418.900614180946, 22756.69015309209]
[7418.900658746206, 22756.69015071042]
[7418.90073505327, 22756.690134123965]
[7418.90079258691, 22756.690128124166]
[7418.900800024056, 22756.690127509202]
[7418.900893516446, 22756.690097844654]
[7418.900899234546, 22756.690096792172]
[7418.900902109757, 22756.690096049013]
[7418.900924707406, 22756.69008996857]
[7418.90096546054, 22756.69007978941]
[7418.900993368361, 22756.690074965856]
[7418.901024788587, 22756.690065840936]
[7418.9010686952715, 22756.690062625166]
[7418.9011082910365, 22756.690059177716]
[7418.901125131839, 22756.69004328474]
[7418.901234270714, 22756.690033214098]
[7418.901279121283, 22756.690024974123]
[7418.90130652844, 22756.690010676248]
[7418.90133418135, 22756.690005200715]
[7418.901357394161, 22756.6900010831]
[7418.901425186079, 22756.689984866825]
[7418.901452839102, 22756.689979546813]
[7418.901456862028, 22756.689977488397]
[7418.901591959939, 22756.68997618652]
[7418.901614621514, 22756.6899715333]
[7418.901625875771, 22756.68994405257]
[7418.901696394469, 22756.68993788631]
[7418.9016994679205, 22756.689935441085]
[7418.901713828207, 22756.68993248926]
[7418.901732363171, 22756.689930819124]
[7418.90177676448, 22756.689927848693]
[7418.901821566298, 22756.68991358272]
[7418.901877109127, 22756.6899050039]
[7418.901884919103, 22756.689900052148]
[7418.901894154558, 22756.689899946374]
[7418.901973194397, 22756.68988990042]
[7418.902027083352, 22756.689881761322]
[7418.902050121173, 22756.68987775401]
[7418.902107337177, 22756.689867295187]
[7418.902121133842, 22756.689862230378]
[7418.902121932986, 22756.68985821391]
[7418.90222599815, 22756.6898459899]
[7418.902289351845, 22756.689833659246]
[7418.902371142842, 22756.68983103663]
[7418.902387128241, 22756.689821902975]
[7418.902417414789, 22756.68981839704]
[7418.90244841895, 22756.689816913076]
[7418.902516724158, 22756.689803691595]
[7418.902630435798, 22756.689786214825]
[7418.902641688235, 22756.689786100953]
[7418.902663346706, 22756.689785979415]
[7418.902679426932, 22756.689785802973]
[7418.902685744237, 22756.689778805918]
[7418.902713398495, 22756.689775156432]
[7418.902713525309, 22756.689772814374]
[7418.902741052783, 22756.68977154365]
[7418.902890921985, 22756.689756347827]
[7418.903008429199, 22756.689742576447]
[7418.903026833006, 22756.68973786925]
[7418.903034879233, 22756.689734256655]
[7418.903049170522, 22756.689732838575]
[7418.903057089954, 22756.68973159245]
[7418.903090188465, 22756.689727918267]
[7418.90310401579, 22756.689726356548]
[7418.903120317795, 22756.689721842195]
[7418.903145497805, 22756.689721726427]
[7418.903331470043, 22756.689708521393]
[7418.903334027664, 22756.689707532045]
[7418.903366736253, 22756.68969842519]
[7418.903457342185, 22756.689696571215]
[7418.903458342289, 22756.689688875394]
[7418.903494638485, 22756.689684846508]
[7418.903526316712, 22756.689680539832]
[7418.903540144251, 22756.689679266266]
[7418.903553971795, 22756.689678001872]
[7418.903605258862, 22756.68967475024]
[7418.903613900076, 22756.689673395653]
[7418.903660569213, 22756.68966992194]
[7418.903772379959, 22756.689664878035]
[7418.903809009715, 22756.689659707634]
[7418.903820203481, 22756.689654048525]
[7418.903937358627, 22756.689649026506]
[7418.903954405227, 22756.689645538725]
[7418.903970244588, 22756.689643720543]
[7418.904065027404, 22756.689637876058]
[7418.904152678044, 22756.68963276353]
[7418.904250650154, 22756.689630294648]
[7418.904288931859, 22756.689625536495]
[7418.904294914482, 22756.68962322684]
[7418.904358867623, 22756.689619166526]
[7418.904396896549, 22756.689618405497]
[7418.904414179451, 22756.689616332016]
[7418.904441835406, 22756.689614969753]
[7418.904469491388, 22756.68961364409]
[7418.904472366952, 22756.689613381553]
[7418.904510396034, 22756.68961283036]
[7418.9045248034345, 22756.689611102654]
[7418.904577240011, 22756.689608955825]
[7418.904635427853, 22756.689606459502]
[7418.904818648432, 22756.68959884314]
[7418.904873961164, 22756.689597225184]
[7418.904984586949, 22756.68959442887]
[7418.905039900004, 22756.689593250478]
[7418.905159168116, 22756.689590595597]
[7418.905223123207, 22756.689589166617]
[7418.905250779955, 22756.68958887425]
[7418.905499691909, 22756.689587891306]
[7418.905586918505, 22756.689587614783]
[7418.9056552609145, 22756.689587544108]
[7418.906245916656, 22756.689457298537]
end_solutions
[-10.720533819408878, 19.86123316182035, -3.100786536321768, 15.694063370882127, -58.27036773623601, 10.820238503617706, -45.43199531800026, 13.07235088700899, -6.506526238019182, -9.083063676799288]
[-10.720536115211674, 19.861165071614195, -3.100743593981341, 15.6940888845822, -58.27035748923918, 10.820268827017003, -45.432011695580066, 13.072330234567907, -6.506575086514501, -9.083097551412047]
[-10.720538863582076, 19.86108372800568, -3.1006922959468657, 15.694119365852321, -58.270345252418245, 10.82030504566962, -45.43203126902692, 13.072305548569322, -6.506633439047965, -9.083138032462443]
[-10.72054078747915, 19.861026732028385, -3.1006563514492074, 15.694140723049596, -58.27033667678852, 10.820330425682368, -45.432044981188724, 13.072288255942718, -6.50667432690897, -9.083166392632997]
[-10.720543535849552, 19.86094538841987, -3.100605053414732, 15.694171204319717, -58.27032443996758, 10.820366644334985, -45.43206455463557, 13.072263569944132, -6.506732679442434, -9.083206873683393]
[-10.72054627431909, 19.86086422446704, -3.1005538667906833, 15.694201617286662, -58.27031222701493, 10.820402787723502, -45.43208407943923, 13.07223894765032, -6.506790905830151, -9.083247256645521]
[-10.720549093229966, 19.860781077652074, -3.1005014363282952, 15.694232776723812, -58.27029972685743, 10.820439797394489, -45.43210410037285, 13.072213691368537, -6.506850545052457, -9.08328865686146]
[-10.720551892339113, 19.860698290148473, -3.1004492286867595, 15.694263799554609, -58.2702872744365, 10.820476656537274, -45.43212402402007, 13.0721885624963, -6.5069099319832695, -9.083329860900866]
[-10.720556136063658, 19.860573115789848, -3.1003702966065436, 15.694310708888974, -58.270268455894616, 10.820532373232583, -45.43215416471794, 13.0721505402191, -6.506999716585034, -9.083392187260205]
[-10.720559637664955, 19.860470358997816, -3.1003055091741922, 15.694349221746332, -58.270253022428804, 10.820578089440406, -45.43217893278252, 13.072119284447592, -6.507073408771172, -9.08344339243566]
[-10.066521304510223, 19.4827091839714, -2.6627947104430287, 15.674166912971973, -57.56860347176154, 11.835489552006866, -44.5449061529721, 14.609368819425065, -7.302101004838361, -7.478236745342474]
[-10.066520979458229, 19.482718724910704, -2.662800725959565, 15.674163337079168, -57.56860490482104, 11.835485307177429, -44.54490385336483, 14.609371721341253, -7.302094162483566, -7.478231991144401]
[-10.06652125033489, 19.482710774127952, -2.662795713029118, 15.674166316989838, -57.56860371060479, 11.835488844535293, -44.54490576970422, 14.609369303077763, -7.302099864445895, -7.478235952976128]
[-10.066520979458229, 19.482718724910704, -2.662800725959565, 15.674163337079168, -57.56860490482104, 11.835485307177429, -44.54490385336483, 14.609371721341253, -7.302094162483566, -7.478231991144401]
[-10.066521196159558, 19.482712364284502, -2.6627967156152073, 15.674165721007704, -57.56860394944804, 11.83548813706372, -44.54490538643634, 14.609369786730461, -7.30209872405343, -7.478235160609783]
[-10.066521304510223, 19.4827091839714, -2.6627947104430287, 15.674166912971973, -57.56860347176154, 11.835489552006866, -44.5449061529721, 14.609368819425065, -7.302101004838361, -7.478236745342474]
[-10.06652125033489, 19.482710774127952, -2.662795713029118, 15.674166316989838, -57.56860371060479, 11.835488844535293, -44.54490576970422, 14.609369303077763, -7.302099864445895, -7.478235952976128]
[-9.519516723688643, 19.2213896736692, -2.336708957022621, 15.635079565009946, -56.986351104140056, 12.655124074275268, -43.78724350527722, 15.91098145002043, -7.9274077095016064, -6.101746643854593]
[-9.51539762506141, 19.215640890186453, -2.3317645182803695, 15.636306993160478, -56.9814274046101, 12.663319145444852, -43.78249132278677, 15.919817018638875, -7.934947965737651, -6.093131675241748]
[-9.510656813259786, 19.209025249650523, -2.326074327317577, 15.637719376806867, -56.97576070146485, 12.672750726918188, -43.77702171295421, 15.92998636088015, -7.943625686482182, -6.083216073224223]
[-8.764898402286384, 19.647950807677518, -2.1259786595041117, 15.246837345592928, -56.50779741361961, 13.319813194912882, -42.634606297776585, 17.786889174285896, -8.08873228371961, -4.454004336788864]
[-8.763162690000112, 19.645528376007775, -2.123895163992316, 15.247354561287164, -56.505722657279726, 13.323266447058332, -42.63260381565004, 17.79061232011037, -8.09190960896711, -4.450374147732369]
[-8.76115263195738, 19.64272305591041, -2.1214823522055717, 15.247953527886056, -56.503319966015795, 13.32726551848575, -42.630284822300695, 17.7949239443431, -8.095589140683268, -4.446170172955634]
[-8.758388802148623, 19.638865740776534, -2.1181647359987985, 15.248777106959533, -56.50001626552789, 13.332764241698445, -42.62709620644534, 17.800852427663102, -8.100648496792985, -4.440389707637625]
[-8.755624972339866, 19.63500842564266, -2.1148471197920253, 15.249600686033009, -56.496712565039985, 13.338262964911141, -42.62390759058998, 17.806780910983107, -8.105707852902702, -4.434609242319615]
[-7.504527048160136, 20.882600796262317, -1.9206150966158804, 14.336488697424905, -55.911568411180085, 14.070216795958766, -40.59690694668038, 20.993027042271304, -7.864489140598396, -1.8837813476313718]
[-7.503678412034732, 20.883768367962535, -1.9206275833827995, 14.33573310094796, -55.91126709047123, 14.070527241745932, -40.59546988001502, 20.995242963014036, -7.864056311493886, -1.882050002285077]
[-7.5029358554250045, 20.884789993200233, -1.9206385093038536, 14.335071954030635, -55.91100343485098, 14.070798881809699, -40.59421244668283, 20.997181893663925, -7.86367758602744, -1.880535075107069]
[-7.5029358554250045, 20.884789993200233, -1.9206385093038536, 14.335071954030635, -55.91100343485098, 14.070798881809699, -40.59421244668283, 20.997181893663925, -7.86367758602744, -1.880535075107069]
[-6.889441583584222, 21.502270093691394, -1.8283161297069561, 13.88506219201131, -55.62557032987738, 14.426656136533385, -39.599187521578074, 22.56063996557267, -7.740843835897987, -0.6289244305619068]
[-6.362794546630909, 22.029158146288488, -1.7483214755505965, 13.500421546728003, -55.37922465059772, 14.734427840243923, -38.74572544677224, 23.902355191391763, -7.63850234846954, 0.4469302174747328]
end_values
[ 7418.90565526 22756.68958754]
[ 7418.90481865 22756.68959884]
[ 7418.9038202  22756.68965405]
[ 7418.90312032 22756.68972184]
[ 7418.90212193 22756.68985821]
[ 7418.90112513 22756.69004328]
[ 7418.90010634 22756.69027718]
[ 7418.89909067 22756.69056247]
[ 7418.89755703 22756.69108359]
[ 7418.89630119 22756.69158941]
[ 7293.5236386  22818.70797788]
[ 7293.52375007 22818.708922  ]
[ 7293.52365718 22818.70813522]
[ 7293.52375007 22818.708922  ]
[ 7293.52367576 22818.70829257]
[ 7293.5236386  22818.70797788]
[ 7293.52365718 22818.70813522]
[ 7201.6672754  22924.17123619]
[ 7201.00414833 22925.10050339]
[ 7200.24193411 22926.32579697]
[ 7125.62186537 23071.91631584]
[ 7125.38151766 23072.43420414]
[ 7125.10335782 23073.14119206]
[ 7124.72119839 23074.30314453]
[ 7124.33939831 23075.68650194]
[ 7054.16370123 23395.03958713]
[ 7054.14310608 23395.16015122]
[ 7054.12510667 23395.31233052]
[ 7054.12510667 23395.31233052]
[ 7038.71131299 23697.3918288 ]
[ 7035.26120327 24083.57242903]
