values
[18753.314645019203, 12191150.4153579]
[19121.843156408308, 8569846.581387896]
[19973.675651920672, 3920006.473489963]
[20091.719633664306, 3471391.790695214]
[20338.256776999166, 3391324.1795106214]
values
[18653.60157008073, 3512151.9765358972]
[18900.326964006454, 3416875.51323577]
[19354.084732172592, 3398236.4246089133]
[19454.72939936316, 3394632.133897478]
[19938.86856301113, 3393388.596188803]
[19943.20595895752, 3388206.7329535102]
[20006.66392606047, 3384980.0607809066]
[20143.793578076984, 3382258.708848585]
[20153.29709136041, 3382196.1913865795]
[20178.33201289805, 3377178.9605955603]
[20186.972195162703, 3377119.679058039]
[20187.68215214259, 3377007.7319123615]
[20190.34333628653, 3376959.6463336367]
[20208.29115187198, 3376260.8353149653]
[20224.902684207274, 3376231.917211926]
[20229.047990470575, 3376210.5087944316]
[20258.541416735705, 3375743.492466174]
[20260.617466587893, 3375238.4059033967]
[20267.21517050442, 3375079.6828560727]
[20268.44651004213, 3374813.886438791]
[20268.4919753938, 3374811.0057940646]
[20268.638960236804, 3374789.634459127]
[20268.82036717419, 3374783.876425956]
[20269.04727083251, 3374778.528980254]
[20271.190544824018, 3374762.0188376023]
[20271.195641667167, 3374748.1344460594]
[20274.71751079075, 3374729.847514471]
[20278.05114669153, 3374483.7588982517]
[20285.014885866374, 3374336.7789239204]
[20294.679514989635, 3373446.1353121647]
[20299.41516617956, 3373417.2941688523]
[20312.062894525327, 3373006.801281463]
[20313.802424732537, 3372815.861976601]
[20314.719243557058, 3372748.369045441]
[20316.343941585466, 3372634.6324771782]
[20327.138063693415, 3372358.492512241]
[20332.06207768819, 3369547.362091119]
[20359.62239930624, 3369441.565331163]
[20364.772900524153, 3369071.5019581947]
[20385.931617921284, 3369068.7385521973]
[20391.070796724143, 3368380.4499826413]
[20392.25842028031, 3368324.676719951]
[20393.386960497704, 3368296.1771208365]
[20398.79656145775, 3368203.8400075445]
[20403.549800099827, 3368180.0202188767]
[20405.787197164456, 3368093.112222591]
[20406.345411213773, 3368086.1173590296]
[20410.967774625322, 3368018.0006237337]
[20413.547450279886, 3367957.7693648566]
[20427.971973312273, 3367945.5631881785]
[20436.388667895902, 3367821.698439863]
[20445.151489253407, 3367762.5577647774]
[20449.36242638307, 3367704.0347645874]
[20456.004439288576, 3367597.5697978213]
[20460.09152559148, 3367463.855245729]
[20464.634538872488, 3367297.0745636644]
[20465.561138846286, 3367284.5613746345]
[20477.308777118415, 3367135.1807775404]
[20481.50710457811, 3367097.266617664]
[20488.912169478383, 3367042.048826566]
[20502.35314920825, 3366957.5785980057]
[20508.022546055665, 3366752.1273739315]
[20512.535454788558, 3366721.9024832947]
[20535.128412649283, 3366627.799016268]
[20546.997449261202, 3366596.811568575]
[20557.333971532724, 3366576.5231179735]
[20567.47751532239, 3366409.5530834724]
[20568.84556655069, 3366266.1206975845]
[20571.213426656883, 3366197.57325877]
[20572.094500137548, 3366175.7858389914]
[20575.457674737565, 3366107.221996072]
[20576.088217435376, 3366093.9438890954]
[20577.203008067445, 3366082.92878834]
[20579.691370032397, 3366047.205866419]
[20584.76930669899, 3365988.898119141]
[20587.301017934897, 3365966.327441712]
[20609.03722540691, 3365958.1786037805]
values
[18653.60157008073, 3512151.9765358972]
[18900.326964006454, 3416875.51323577]
[19354.084732172592, 3398236.4246089133]
[19454.72939936316, 3394632.133897478]
[19938.86856301113, 3393388.596188803]
[19943.20595895752, 3388206.7329535102]
[20006.66392606047, 3384980.0607809066]
[20143.793578076984, 3382258.708848585]
[20153.29709136041, 3382196.1913865795]
[20178.33201289805, 3377178.9605955603]
[20186.972195162703, 3377119.679058039]
[20187.68215214259, 3377007.7319123615]
[20190.34333628653, 3376959.6463336367]
[20208.29115187198, 3376260.8353149653]
[20224.902684207274, 3376231.917211926]
[20229.047990470575, 3376210.5087944316]
[20258.541416735705, 3375743.492466174]
[20260.617466587893, 3375238.4059033967]
[20267.21517050442, 3375079.6828560727]
[20268.44651004213, 3374813.886438791]
[20268.4919753938, 3374811.0057940646]
[20268.638960236804, 3374789.634459127]
[20268.82036717419, 3374783.876425956]
[20269.04727083251, 3374778.528980254]
[20271.190544824018, 3374762.0188376023]
[20271.195641667167, 3374748.1344460594]
[20274.71751079075, 3374729.847514471]
[20278.05114669153, 3374483.7588982517]
[20285.014885866374, 3374336.7789239204]
[20294.679514989635, 3373446.1353121647]
[20299.41516617956, 3373417.2941688523]
[20304.264116663257, 3373387.640975138]
[20308.959216647425, 3372767.0633454258]
[20314.719243557058, 3372748.369045441]
[20316.343941585466, 3372634.6324771782]
[20320.802832020552, 3372402.6250868756]
[20322.021702964812, 3372365.9702000674]
[20327.138063693415, 3372358.492512241]
[20329.252369806713, 3372035.124608472]
[20330.980793795417, 3371640.129890938]
[20332.06207768819, 3369547.362091119]
[20359.62239930624, 3369441.565331163]
[20362.554790711456, 3368977.683760021]
[20367.832458863562, 3368830.186489607]
[20370.887487284206, 3368780.4093554714]
[20372.242508306514, 3368727.811752593]
[20373.143130921675, 3368699.3424505857]
[20373.17682170895, 3368699.12257878]
[20391.070796724143, 3368380.4499826413]
[20392.25842028031, 3368324.676719951]
[20393.386960497704, 3368296.1771208365]
[20398.79656145775, 3368203.8400075445]
[20402.274605141585, 3368141.374569599]
[20405.787197164456, 3368093.112222591]
[20406.345411213773, 3368086.1173590296]
[20410.967774625322, 3368018.0006237337]
[20413.547450279886, 3367957.7693648566]
[20423.213467503912, 3367874.5016477345]
[20436.388667895902, 3367821.698439863]
[20437.68430315446, 3367605.0828650035]
[20439.430859468554, 3367587.9513322897]
[20453.042850256978, 3367423.1523035327]
[20456.401779182364, 3367378.275401453]
[20464.634538872488, 3367297.0745636644]
[20465.561138846286, 3367284.5613746345]
[20477.308777118415, 3367135.1807775404]
[20481.14553414914, 3367113.9612327497]
[20481.50710457811, 3367097.266617664]
[20488.315055922787, 3366788.5600720407]
[20503.34194569802, 3366779.7159113414]
[20508.022546055665, 3366752.1273739315]
[20512.535454788558, 3366721.9024832947]
[20524.667084145713, 3366572.7622606535]
[20528.804600448813, 3366547.092556538]
[20545.91955056487, 3366419.8952656174]
[20545.953878610228, 3366419.7065782696]
[20549.01492929803, 3366403.33121428]
[20553.432791776937, 3366077.2009153184]
[20560.704782742465, 3365954.403765931]
[20564.545999090307, 3365946.7400125978]
[20573.03753257296, 3365858.593005454]
[20578.50738844915, 3365814.995786224]
[20579.34438084472, 3365713.2079863907]
[20583.18609418531, 3365650.2370890593]
[20583.549380395198, 3365619.280787955]
[20583.90902490498, 3365613.480166209]
[20584.147556410993, 3365610.021768976]
[20584.162778778376, 3365608.6376824104]
[20584.590808815734, 3365605.240042075]
[20584.738939559556, 3365546.2133378345]
[20587.89219343268, 3365496.9470323515]
[20592.978123990193, 3365477.2499268623]
[20594.209289682058, 3365217.510543468]
[20596.764692023567, 3365210.738700177]
[20597.214753867876, 3365133.8293468934]
[20597.27965503566, 3365131.338780568]
[20599.098499410724, 3365131.2839967175]
[20599.891315771303, 3365130.631710999]
[20600.548442805626, 3365130.209968744]
[20600.62734141288, 3365129.805621099]
[20601.058377953632, 3365129.7963602855]
[20601.090874334663, 3365073.6683872757]
[20603.42121501822, 3365041.098745241]
[20604.673256255184, 3365025.6180702276]
[20605.108416316256, 3365020.5856420584]
[20608.768726490034, 3364982.3931117356]
[20610.275514935445, 3364969.1270251055]
[20610.83374989998, 3364964.921618134]
[20611.24006867086, 3364961.103933518]
[20611.27624767006, 3364955.418224833]
[20612.41827223653, 3364944.667497864]
[20615.413008703697, 3364936.105427342]
[20615.47673831269, 3364928.3197905626]
[20616.37239046944, 3364922.964665301]
[20617.810584639108, 3364914.0392265096]
[20618.331355761813, 3364913.115022533]
[20618.40834640424, 3364910.612534273]
[20619.040819090034, 3364902.308895498]
[20622.010267665428, 3364891.142645465]
[20622.636746814605, 3364888.1453986824]
[20622.64052672447, 3364886.134637825]
[20623.80441322015, 3364885.603770922]
[20624.2426162375, 3364879.836686753]
[20624.537645966673, 3364879.5246948786]
[20626.839783170984, 3364868.0773255443]
[20628.758817526104, 3364860.5988216666]
[20628.916997489705, 3364855.805971565]
[20630.212431436918, 3364854.82044082]
[20631.338992935278, 3364849.9877871955]
[20631.998015112666, 3364846.2216218943]
[20632.108740038933, 3364844.5205827146]
[20633.215225638836, 3364843.0635456275]
[20633.634003299605, 3364842.366539517]
[20634.536493958716, 3364839.5336004808]
[20634.779895150637, 3364836.2599864155]
[20636.67320146394, 3364831.1209400636]
[20637.748575030866, 3364828.3688040073]
[20638.49268579576, 3364826.596583938]
[20639.02446037973, 3364826.2121630046]
[20640.216055138822, 3364819.7540624435]
[20641.42349224251, 3364814.826591297]
[20644.98942285184, 3364806.2623608876]
[20647.653584092037, 3364800.898697661]
[20647.723993310727, 3364799.2173691597]
[20649.283135019385, 3364795.9738831944]
[20650.43571361049, 3364793.3856749632]
[20651.333435342953, 3364791.711461909]
[20651.840746765538, 3364791.2223075735]
[20652.22771717693, 3364790.172114388]
[20652.477255880465, 3364786.610667035]
[20654.4974941337, 3364786.3608310325]
[20655.766952383277, 3364785.3636610447]
[20656.696735533642, 3364784.178636828]
[20656.762564909623, 3364783.077046341]
[20656.78449705736, 3364782.710331129]
[20656.828344899513, 3364781.977623137]
[20657.7540544625, 3364779.205721119]
values
[18653.60157008073, 3512151.9765358972]
[18900.326964006454, 3416875.51323577]
[19354.084732172592, 3398236.4246089133]
[19454.72939936316, 3394632.133897478]
[19938.86856301113, 3393388.596188803]
[19943.20595895752, 3388206.7329535102]
[20006.66392606047, 3384980.0607809066]
[20143.793578076984, 3382258.708848585]
[20153.29709136041, 3382196.1913865795]
[20178.33201289805, 3377178.9605955603]
[20186.972195162703, 3377119.679058039]
[20187.68215214259, 3377007.7319123615]
[20190.34333628653, 3376959.6463336367]
[20208.29115187198, 3376260.8353149653]
[20224.902684207274, 3376231.917211926]
[20229.047990470575, 3376210.5087944316]
[20258.541416735705, 3375743.492466174]
[20260.617466587893, 3375238.4059033967]
[20267.21517050442, 3375079.6828560727]
[20268.44651004213, 3374813.886438791]
[20268.4919753938, 3374811.0057940646]
[20268.638960236804, 3374789.634459127]
[20268.82036717419, 3374783.876425956]
[20269.04727083251, 3374778.528980254]
[20271.190544824018, 3374762.0188376023]
[20271.195641667167, 3374748.1344460594]
[20274.71751079075, 3374729.847514471]
[20278.05114669153, 3374483.7588982517]
[20285.014885866374, 3374336.7789239204]
[20294.679514989635, 3373446.1353121647]
[20299.41516617956, 3373417.2941688523]
[20304.264116663257, 3373387.640975138]
[20308.959216647425, 3372767.0633454258]
[20314.719243557058, 3372748.369045441]
[20316.343941585466, 3372634.6324771782]
[20320.802832020552, 3372402.6250868756]
[20322.021702964812, 3372365.9702000674]
[20327.138063693415, 3372358.492512241]
[20329.252369806713, 3372035.124608472]
[20330.980793795417, 3371640.129890938]
[20332.06207768819, 3369547.362091119]
[20350.01306790028, 3369475.8557624416]
[20350.43624516212, 3369450.3522773664]
[20353.129533913154, 3369334.5469786627]
[20354.525246695874, 3369265.879333158]
[20355.599709338112, 3369216.5282449704]
[20355.900823348617, 3369214.028765159]
[20355.914291987083, 3369213.515055982]
[20356.083131755662, 3369204.1635890836]
[20359.739493718826, 3369066.866736355]
[20362.554790711456, 3368977.683760021]
[20367.832458863562, 3368830.186489607]
[20368.54164618071, 3368804.5273694335]
[20370.443379773726, 3368757.0077090277]
[20372.242508306514, 3368727.811752593]
[20372.887698576516, 3368698.9013248896]
[20374.159402262005, 3368667.425678515]
[20377.383382651788, 3368606.441100258]
[20391.070796724143, 3368380.4499826413]
[20392.25842028031, 3368324.676719951]
[20393.386960497704, 3368296.1771208365]
[20398.79656145775, 3368203.8400075445]
[20402.274605141585, 3368141.374569599]
[20405.787197164456, 3368093.112222591]
[20406.345411213773, 3368086.1173590296]
[20410.967774625322, 3368018.0006237337]
[20413.547450279886, 3367957.7693648566]
[20423.213467503912, 3367874.5016477345]
[20436.388667895902, 3367821.698439863]
[20437.68430315446, 3367605.0828650035]
[20439.430859468554, 3367587.9513322897]
[20453.042850256978, 3367423.1523035327]
[20456.401779182364, 3367378.275401453]
[20464.634538872488, 3367297.0745636644]
[20465.561138846286, 3367284.5613746345]
[20477.308777118415, 3367135.1807775404]
[20481.14553414914, 3367113.9612327497]
[20481.50710457811, 3367097.266617664]
[20488.315055922787, 3366788.5600720407]
[20503.34194569802, 3366779.7159113414]
[20508.022546055665, 3366752.1273739315]
[20512.535454788558, 3366721.9024832947]
[20522.00642677641, 3366721.654584509]
[20523.917169398734, 3366713.6514299405]
[20524.667084145713, 3366572.7622606535]
[20528.804600448813, 3366547.092556538]
[20540.77404219419, 3366489.3312007757]
[20545.91955056487, 3366419.8952656174]
[20545.953878610228, 3366419.7065782696]
[20546.165804081276, 3366414.124419449]
[20549.01492929803, 3366403.33121428]
[20549.022425033167, 3366373.4740816243]
[20552.741353968057, 3366319.6670435984]
[20553.432791776937, 3366077.2009153184]
[20560.704782742465, 3365954.403765931]
[20564.545999090307, 3365946.7400125978]
[20573.03753257296, 3365858.593005454]
[20578.50738844915, 3365814.995786224]
[20579.34438084472, 3365713.2079863907]
[20583.18609418531, 3365650.2370890593]
[20583.549380395198, 3365619.280787955]
[20583.90902490498, 3365613.480166209]
[20584.147556410993, 3365610.021768976]
[20584.162778778376, 3365608.6376824104]
[20584.590808815734, 3365605.240042075]
[20584.738939559556, 3365546.2133378345]
[20587.89219343268, 3365496.9470323515]
[20592.978123990193, 3365477.2499268623]
[20594.209289682058, 3365217.510543468]
[20596.764692023567, 3365210.738700177]
[20597.214753867876, 3365133.8293468934]
[20597.27965503566, 3365131.338780568]
[20598.222749011748, 3365127.522602723]
[20599.222999908045, 3365108.9422521885]
[20599.516748875318, 3365103.6256322474]
[20599.64111041064, 3365100.5783658386]
[20601.090874334663, 3365073.6683872757]
[20601.88936705748, 3365062.1904215557]
[20602.13607889057, 3365061.8813090827]
[20602.23601460378, 3365060.52166223]
[20602.290375613895, 3365053.208012961]
[20603.15998271035, 3365044.7042073584]
[20603.42121501822, 3365041.098745241]
[20604.665805144847, 3365021.691464907]
[20605.108416316256, 3365020.5856420584]
[20605.60931463247, 3365010.4366267803]
[20606.302710227956, 3364998.6060655704]
[20606.90439902678, 3364996.379652973]
[20607.01703664747, 3364986.9674037537]
[20608.264606556386, 3364983.213607749]
[20608.474994536467, 3364974.985228208]
[20608.602962400906, 3364971.9066185537]
[20609.86476305877, 3364967.9111028905]
[20610.83374989998, 3364964.921618134]
[20610.919962443506, 3364949.710484694]
[20612.41827223653, 3364944.667497864]
[20612.650137509605, 3364940.7886418193]
[20612.788319092437, 3364939.3072729125]
[20612.85757256368, 3364938.5684126476]
[20612.926934070572, 3364937.830768514]
[20613.44144417483, 3364931.4435795113]
[20614.759935228227, 3364929.650401633]
[20615.318916949585, 3364929.535138924]
[20615.47673831269, 3364928.3197905626]
[20616.079028864515, 3364906.523102832]
[20616.237634412766, 3364903.772131443]
[20616.396882831803, 3364901.029561075]
[20619.083908005658, 3364883.109144607]
[20619.676046692985, 3364882.774636342]
[20620.376686543044, 3364875.9372202405]
[20621.687311873455, 3364869.0461329883]
[20622.03493336214, 3364863.9840773493]
[20622.94740641248, 3364861.1855475353]
[20623.391319214377, 3364861.072194509]
[20623.660896333775, 3364852.2294192403]
[20624.894355461263, 3364848.8120163213]
[20624.956310783862, 3364844.6777967936]
[20626.32502936522, 3364844.1666484904]
[20626.54722442208, 3364843.58490662]
[20627.63241667987, 3364837.2821521135]
[20628.184648689974, 3364830.3492349642]
[20630.276753160706, 3364824.332776246]
[20630.739571635768, 3364815.482686015]
[20633.041110878105, 3364814.3869470432]
[20633.385268270304, 3364813.9363944586]
[20633.443511216294, 3364803.655006425]
[20634.550186580836, 3364802.887370826]
[20636.165681652, 3364792.9924076363]
[20637.26857751957, 3364791.640396026]
[20637.771815325643, 3364791.5461103898]
[20638.0238059236, 3364786.8605710883]
[20640.31754504317, 3364779.5333264507]
[20641.625985414506, 3364775.191223511]
[20642.60757094447, 3364773.033362338]
[20644.275511306158, 3364771.1224475238]
[20645.106866205308, 3364769.546778287]
[20645.211748315633, 3364765.5858496763]
[20645.6125467565, 3364764.5516190785]
[20646.60894394708, 3364762.0534208077]
[20647.571964035098, 3364755.62125515]
[20648.230731991316, 3364754.9463211824]
[20649.388963961126, 3364753.8938810453]
[20649.85292471601, 3364753.6160565508]
[20650.074728787324, 3364752.926081498]
[20650.729082620615, 3364752.8030424314]
[20651.04339450837, 3364752.7980879177]
[20651.164727361633, 3364752.5414036023]
[20651.22215897785, 3364752.453610788]
[20651.28214058868, 3364752.270950868]
[20651.33037997429, 3364752.2581904586]
[20651.33622947249, 3364752.2511557746]
[20651.33915416249, 3364752.247640582]
[20651.347927995987, 3364752.237103598]
[20651.37132315006, 3364752.2090680045]
[20651.41358378164, 3364752.159652809]
[20651.41810587677, 3364752.1532718637]
[20651.439307495515, 3364752.1441491037]
[20651.446014947014, 3364752.1191517306]
[20651.45671383506, 3364752.105737735]
[20651.51164092313, 3364752.0427797665]
[20651.520680856043, 3364752.0301713385]
[20651.52520067683, 3364752.023872353]
[20651.529720400496, 3364752.0175768514]
[20651.566106861203, 3364751.976087189]
[20651.57746185534, 3364751.9626203435]
[20651.588816245963, 3364751.9491751767]
[20651.611523215393, 3364751.9223498725]
[20651.635866437093, 3364751.9091274734]
[20651.660207041794, 3364751.8960000467]
[20651.7975966883, 3364751.517242095]
[20651.894353848456, 3364751.406092015]
[20651.91185707812, 3364751.3549489435]
[20651.91379930006, 3364751.2998310467]
[20651.960624440322, 3364751.287228104]
[20652.01132099729, 3364751.164857293]
[20652.034799377878, 3364751.14648485]
[20652.097544566423, 3364751.0315600713]
[20652.16596881917, 3364750.904979652]
[20652.23436910273, 3364750.779234969]
[20652.330824236647, 3364750.650437131]
[20654.807939843082, 3364748.335357065]
[20659.091284596652, 3364743.300272015]
end_solutions
[8.538297356713759, 11.035595171701845, -23.838207181283423, 21.513195181531366, -19.971809338358238, -4.829897448126765, -20.89784251363121, -30.774410873870117, -20.47008097036815, -11.254675083844758]
[8.538280441913752, 11.035585986611636, -23.83831440730085, 21.5134299450607, -19.97148522631199, -4.829919962764324, -20.897829415077915, -30.774351905250292, -20.470076289564666, -11.254842061615637]
[8.53902857596998, 11.035803863216056, -23.83353422639899, 21.503261440109718, -19.985931064121303, -4.828815193250602, -20.898410175598038, -30.776977386495624, -20.470519117437746, -11.247158512980608]
[8.538784836217905, 11.035734299377985, -23.835091878027132, 21.506572687250266, -19.98122382220028, -4.829175944875989, -20.898220954942428, -30.77612188228712, -20.47037306841455, -11.249664036601992]
[8.539320553930928, 11.035911921846143, -23.83167323834605, 21.49926664395201, -19.99155541065771, -4.828397347730938, -20.89863665802121, -30.777999929261398, -20.470663118803415, -11.244196264701463]
[8.539612531891876, 11.03601998047623, -23.829812250293102, 21.4952718477943, -19.99717975719411, -4.827979502211275, -20.898863140444384, -30.77902247202717, -20.470807120169077, -11.241234016422318]
[8.539615536788663, 11.036020526546947, -23.829792981265904, 21.495231373686124, -19.997237982964556, -4.8279748737676815, -20.898865474588476, -30.77903304944762, -20.470809311393953, -11.241202629279723]
[8.539615536788663, 11.036020526546947, -23.829792981265904, 21.495231373686124, -19.997237982964556, -4.8279748737676815, -20.898865474588476, -30.77903304944762, -20.470809311393953, -11.241202629279723]
[8.539612531891876, 11.03601998047623, -23.829812250293102, 21.4952718477943, -19.99717975719411, -4.827979502211275, -20.898863140444384, -30.77902247202717, -20.470807120169077, -11.241234016422318]
[8.539362236474012, 11.03595042001584, -23.831412138658845, 21.49866994743323, -19.9923449053562, -4.82835103364884, -20.89866880766418, -30.778143802318848, -20.470654803305422, -11.243809849910757]
[8.539517904498549, 11.036004512973777, -23.83041927230052, 21.496544183810478, -19.995345524043778, -4.8281262290912945, -20.898789589114223, -30.778689283229482, -20.47073597742969, -11.24222498905214]
[8.539185218076728, 11.03593064565706, -23.832553290985537, 21.501047570305143, -19.988897046593102, -4.828631645777124, -20.898532159376238, -30.777517728982662, -20.47050948866994, -11.245683525466482]
[8.539256519386337, 11.03595252517399, -23.832104143294174, 21.500090232109144, -19.99025472813627, -4.8285283706584075, -20.89858916582195, -30.777764660952887, -20.470549043717917, -11.24496184404491]
[8.539256519386337, 11.03595252517399, -23.832104143294174, 21.500090232109144, -19.99025472813627, -4.8285283706584075, -20.89858916582195, -30.777764660952887, -20.470549043717917, -11.24496184404491]
[8.539268462497699, 11.035954358449422, -23.83202630753236, 21.49992726423106, -19.99048985922981, -4.82850951850767, -20.89859812825749, -30.777807339945692, -20.470558413684365, -11.244834876545468]
[8.539280405609057, 11.035956191724853, -23.83194847177055, 21.499764296352986, -19.99072499032335, -4.828490666356933, -20.89860709069303, -30.7778500189385, -20.470567783650814, -11.244707909046026]
[8.539303967521473, 11.035954806281524, -23.831788691250523, 21.49943751403389, -19.991207313453316, -4.828449427144305, -20.898623408586836, -30.777937361128153, -20.470593585559378, -11.244442065469539]
[8.539268462497699, 11.035954358449422, -23.83202630753236, 21.49992726423106, -19.99048985922981, -4.82850951850767, -20.89859812825749, -30.777807339945692, -20.470558413684365, -11.244834876545468]
[8.539280405609057, 11.035956191724853, -23.83194847177055, 21.499764296352986, -19.99072499032335, -4.828490666356933, -20.89860709069303, -30.7778500189385, -20.470567783650814, -11.244707909046026]
[8.539715532382731, 11.035938720649398, -23.829118753989547, 21.49397119378591, -19.99927294804077, -4.827760144725951, -20.898940404998847, -30.77940093017665, -20.471010008718977, -11.239981319470655]
[8.539933095769568, 11.03592998511167, -23.82770389509905, 21.491074642502372, -20.003546926899478, -4.8273948839104595, -20.899107062151757, -30.780176385795723, -20.47123112125306, -11.23761802468297]
[8.540438582306063, 11.03590597047155, -23.82441450430618, 21.48434616945753, -20.013483324039875, -4.826543784759869, -20.899493934599487, -30.78197912245561, -20.471749784460307, -11.232119315982217]
[8.541976493352518, 11.035899496318034, -23.814394415421816, 21.46374535649096, -20.043751212844786, -4.823987225835772, -20.900663595251302, -30.787470872290207, -20.473249607286746, -11.215458764521536]
[8.542983501420615, 11.035955102412064, -23.807838690476494, 21.450173929750918, -20.063554883919934, -4.822346368868413, -20.901427248620116, -30.79106471278963, -20.474158103193112, -11.204634906682204]
[8.543990509488712, 11.036010708506094, -23.801282965531172, 21.436602503010874, -20.083358554995087, -4.820705511901053, -20.90219090198893, -30.794658553289054, -20.475066599099478, -11.193811048842871]
[8.544661848200775, 11.036047779235446, -23.79691248223429, 21.427554885184176, -20.09656100237852, -4.819611607256148, -20.90270000423481, -30.797054446955336, -20.475672263037055, -11.18659514361665]
[8.547357497901544, 11.036238994948121, -23.7793675711964, 21.391168035037744, -20.14956151675531, -4.815242741812469, -20.90474271624676, -30.806673135224997, -20.47805206959808, -11.157681639144915]
[8.548825737050903, 11.0364676424538, -23.769837230942255, 21.37120919189948, -20.178353356729588, -4.81293537884281, -20.905854645948214, -30.811900191227426, -20.479192241170527, -11.142131798161863]
[8.55131127912087, 11.036794828848773, -23.753688187892422, 21.337482543181533, -20.227139592622066, -4.808993912041737, -20.907736532046926, -30.82075620133381, -20.481198059460056, -11.115708215772631]
[8.599857210599202, 11.056875113645852, -23.452993061187776, 20.688322711323735, -21.136385080539824, -4.742576364293176, -20.947603741877867, -30.986311701774753, -20.500818082305656, -10.638354248859926]
[6.713506817989968, 6.7526409839984405, -18.93815940691075, 17.36247155237253, -33.88398408801346, -1.8641117288195688, -15.267478984355165, -32.837093878654485, -27.27860537305603, -1.5456124007574874]
end_values
[  20656.17707761 3364751.5768662 ]
[  20656.24362307 3364751.65532101]
[  20653.33605167 3364751.48872659]
[  20654.28759586 3364751.37077439]
[  20652.18319627 3364751.47526549]
[  20651.02449253 3364751.67088478]
[  20651.01270073 3364751.68198328]
[  20651.01270073 3364751.68198328]
[  20651.02449253 3364751.67088478]
[  20652.011321   3364751.16485729]
[  20651.39490507 3364751.30825751]
[  20652.70102883 3364750.49632646]
[  20652.42571928 3364750.57950418]
[  20652.42571928 3364750.57950418]
[  20652.37827701 3364750.6147854 ]
[  20652.33082424 3364750.65043713]
[  20652.2343691  3364750.77923497]
[  20652.37827701 3364750.6147854 ]
[  20652.33082424 3364750.65043713]
[  20650.63838688 3364753.44969633]
[  20649.78715043 3364755.03559872]
[  20647.79752301 3364759.24994382]
[  20641.62598541 3364775.19122351]
[  20637.5305071  3364788.10155157]
[  20633.44351122 3364803.65500642]
[  20630.73957164 3364815.48268601]
[  20620.26192694 3364873.60208607]
[  20614.95483045 3364910.87507041]
[  20607.01703665 3364986.96740375]
[  20362.55479071 3368977.68376002]
[  18737.0748269  4347942.29593506]
