values
[38.97964253355507, 109039.63050480146]
[84.55810964658775, -138.94590076995968]
[84.93329612864076, -139.15470583077925]
[91.9618275909757, -139.79908844790572]
[97.51773190446465, -140.3354593949693]
[116.23919275311451, -141.1883998936668]
[125.57003854748064, -141.57859675728048]
[127.94664474895743, -141.74691706539352]
[138.8880649040809, -141.85222283972615]
[140.4030214400424, -142.16182662181095]
[158.72308803499433, -142.88425209071497]
[165.12226119099736, -143.33112009982918]
[181.00846802167644, -143.89755895937492]
[187.0229076673464, -144.36497953801765]
values
[38.97964253355507, 109039.63050480146]
[59.93611022283445, -116.41813354151496]
[60.159173715684155, -119.49393347001826]
[60.60593099253345, -125.06628316906153]
[60.79571772986579, -127.03032987023006]
[61.41400714899236, -133.4084653256298]
[61.500510056728, -134.08041040288774]
[61.76018926286067, -135.94340362490615]
[61.80229930926851, -136.11271925836792]
[61.90248975291171, -136.77823889953385]
[62.404038802355906, -139.56954960955596]
[62.60493694337338, -140.4366418304504]
[62.71210149245497, -140.62681477292563]
[63.00195397905666, -141.8585683088175]
[63.06047433483206, -141.91813574411256]
[63.17020624020659, -142.19575738828337]
[63.32985031692599, -142.50202750118558]
[63.38000891515011, -142.54467171154928]
[63.38987148197716, -142.56383429934513]
[63.46060510919275, -142.61598673187711]
[63.48993260488616, -142.64475584856814]
[63.69020255962719, -142.67242157014255]
[103.64791821867544, -143.20802704893362]
[164.9824814662554, -143.32953331491333]
[165.12226119099736, -143.33112009982918]
[172.34388462724127, -143.7455961039049]
[181.00846802167644, -143.89755895937492]
[187.0229076673464, -144.36497953801765]
[188.2694665483904, -144.36654791973436]
values
[-49.40930781791105, 127481.18434404158]
[-49.380006093526916, 125820.15723242238]
[-49.12853890216174, 122376.0195791683]
[-48.98774461928732, 122250.20684619051]
[-48.869716106258, 118989.56586269537]
[-44.11467481093998, 54415.76213883434]
[-43.985136039852655, 54342.51566022237]
[-43.67844198553319, 53783.426361954196]
[-30.956561495046024, 32118.366334163544]
[-30.42944874886121, 31370.361778446706]
[-29.7794093996404, 30581.44975722598]
[-23.697248183945337, 24951.762205729938]
[-10.168148880032277, 15899.468661004974]
[-7.5345925020134175, 14399.299649373224]
[-7.09412500131895, 13815.989624113101]
[-1.7918220812724286, 11319.150849056978]
[-0.28624861632144416, 10644.98170392086]
[0.02788676977797877, 10483.820835089964]
[0.19208967580295422, 10415.832614577712]
[10.923420678915384, 6655.036272224635]
[18.126660393918193, 4633.31443499861]
[18.301884563256017, 4578.801012398786]
[18.604875763708414, 4485.96319742362]
[18.784897839597186, 4435.566224627836]
[20.533925043387065, 4024.8861754466707]
[20.902800824531276, 3929.8892124598538]
[23.108454436575222, 3586.5631197176717]
[23.685233523622962, 3452.703768012974]
[25.53574203074688, 3079.3344813290482]
[26.45873593624895, 2898.2616122884733]
[27.409583126340515, 2725.344289474214]
[29.001326421341908, 2447.583356679724]
[29.306756810403677, 2391.1082398057224]
[32.14772977158659, 1932.1082933207044]
[33.86794398048543, 1687.853264564778]
[34.47240853597486, 1592.3553937684721]
[35.121886918948654, 1498.6517821906316]
[38.057179634626344, 1184.0951022234547]
[42.48327321823543, 741.2327380446357]
[45.041786712632394, 536.7161193214354]
[48.84420615265065, 284.5446896859588]
[50.58822170734587, 189.70942093476506]
[51.22830075231462, 157.15264815768901]
[52.46573893409843, 99.99813274997774]
[52.87499124147495, 86.42680637659038]
[53.47546791526383, 57.4888785244878]
[53.72947496595339, 47.7371299854849]
[54.27486524521084, 27.589547680765975]
[55.00023704373721, -0.9626665035150666]
[55.05423299676128, -1.7519121847019221]
[55.25800193530731, -10.089219601345121]
[55.3207811482308, -12.743180174890512]
[55.415001948514266, -16.674905925999184]
[55.631551983290144, -18.795853092130756]
[55.74436167530529, -28.117290120730388]
[55.936618957237236, -34.86440806356143]
[56.27049645058586, -39.672188454879844]
[56.40035283052567, -42.32238673228176]
[56.53653486279533, -45.48554961613688]
[56.93347078179436, -60.23487527916896]
[57.275297930497494, -64.9168347684452]
[57.408568369359465, -75.20457480460777]
[57.472151925062526, -77.10097245455998]
[57.63902309989104, -81.37840830352692]
[57.911992574005914, -86.72737750104451]
[57.95511860562096, -87.73630440714355]
[58.05234165907603, -90.08723388543177]
[58.16438265803553, -113.91835267694447]
[58.5368206433299, -124.51937892338563]
[58.800000609420756, -125.95092339277124]
[58.91155591920073, -132.68208560722329]
[59.136985024278935, -135.69603377168545]
[59.14431404141886, -135.77423317045879]
[59.421714148195726, -138.66016730460373]
[59.97882307292742, -142.11701285584573]
[59.99359347583695, -142.16194660595056]
[60.02313962163439, -142.24662053639025]
[60.06310542894507, -142.28289995537003]
[60.08820056963986, -142.30551978013443]
[60.099214453477906, -142.3413499748859]
[60.1257149672791, -142.35316346848876]
[60.17836541643451, -142.38094319286807]
[60.21833949410274, -142.4114874211016]
[60.238789589132615, -142.42851851240184]
[60.24528604900748, -142.44849873803037]
[60.29829397565181, -142.46820614174865]
[60.32537267521909, -142.48588534033604]
[60.35130349594811, -142.48714081995442]
[60.37780885371571, -142.4963184462047]
[60.40431460989621, -142.50530296218284]
[60.45596471208524, -142.53377182327944]
[60.51034161874839, -142.53931039877685]
[60.64355223921533, -142.63268352361004]
[60.66324940417574, -142.6857344927866]
[60.84870096831171, -142.69106572272517]
[60.88287152592907, -142.7024884113964]
[61.057306145899524, -142.7170811429645]
[103.64791821867544, -143.20802704893362]
[164.9824814662554, -143.32953331491333]
[165.12226119099736, -143.33112009982918]
[172.34388462724127, -143.7455961039049]
[181.00846802167644, -143.89755895937492]
[187.0229076673464, -144.36497953801765]
[188.11002574451777, -144.3652846977903]
[188.11569900163667, -144.36691048887204]
values
[-50.26854963788345, 121272.1242406464]
[-48.869716106258, 118989.56586269537]
[-44.11467481093998, 54415.76213883434]
[-43.985136039852655, 54342.51566022237]
[-43.67844198553319, 53783.426361954196]
[-32.83651421691748, 34200.44380158734]
[-32.23304329568228, 33438.436465325656]
[-32.09130837165216, 33262.58579718909]
[-31.682050706399153, 32761.005351911153]
[-31.621512888021474, 32687.660637011293]
[-31.475787495399125, 32511.7109831144]
[-31.19236530997282, 32476.820578191553]
[-31.127478562637307, 32095.645277467753]
[-31.059992316651773, 32016.10005002068]
[-31.050426173276062, 32004.79116489927]
[-30.99973947346694, 31944.631502771263]
[-30.983513663328964, 31925.70960806851]
[-30.969600722242518, 31909.49546646635]
[-30.939439854441638, 31874.379468260842]
[-30.673961601795835, 31696.782721449345]
[-30.42944874886121, 31370.361778446706]
[-29.7794093996404, 30581.44975722598]
[-23.697248183945337, 24951.762205729938]
[-10.168148880032277, 15899.468661004974]
[-7.5345925020134175, 14399.299649373224]
[-7.09412500131895, 13815.989624113101]
[-1.7918220812724286, 11319.150849056978]
[-0.28624861632144416, 10644.98170392086]
[0.02788676977797877, 10483.820835089964]
[0.19208967580295422, 10415.832614577712]
[10.923420678915384, 6655.036272224635]
[18.126660393918193, 4633.31443499861]
[18.301884563256017, 4578.801012398786]
[18.604875763708414, 4485.96319742362]
[18.784897839597186, 4435.566224627836]
[20.533925043387065, 4024.8861754466707]
[20.902800824531276, 3929.8892124598538]
[23.108454436575222, 3586.5631197176717]
[23.685233523622962, 3452.703768012974]
[25.53574203074688, 3079.3344813290482]
[26.45873593624895, 2898.2616122884733]
[27.409583126340515, 2725.344289474214]
[29.001326421341908, 2447.583356679724]
[29.306756810403677, 2391.1082398057224]
[32.14772977158659, 1932.1082933207044]
[33.86794398048543, 1687.853264564778]
[34.47240853597486, 1592.3553937684721]
[35.121886918948654, 1498.6517821906316]
[38.057179634626344, 1184.0951022234547]
[42.48327321823543, 741.2327380446357]
[45.041786712632394, 536.7161193214354]
[48.84420615265065, 284.5446896859588]
[50.306895684725625, 81.90066581365895]
[52.97242209954826, -21.68550625283308]
[53.13779961097702, -27.05585361275085]
[55.04686391893845, -80.06662040924681]
[55.42515507425096, -88.62069669092278]
[55.8401643465321, -97.26138972877457]
[56.06986271094407, -101.71424880493774]
[56.34398718891644, -106.72099666578177]
[56.485786844157325, -109.17888810369828]
[56.804719217345756, -114.38416999895988]
[57.142141766905475, -119.40159657598792]
[57.31082109564128, -121.72344062297456]
[57.35520808941519, -122.31381540302743]
[57.43961474859895, -123.41253099355174]
[57.81463639054051, -127.91387473635439]
[57.85866492057426, -128.40462829171304]
[57.86260614752957, -128.44973018935656]
[58.01989821540017, -130.12186188136863]
[58.32660006796241, -133.08590336805185]
[58.397217301059406, -133.7127815273279]
[58.40743467239252, -133.79796834357077]
[58.41580097347035, -133.87170279011676]
[58.46402311168911, -134.28402400508818]
[58.57756629383433, -135.20734720547514]
[58.65395605747691, -135.80006905189708]
[58.689976990982906, -136.074178136131]
[58.71539333364701, -136.26105786962796]
[58.79158599747904, -136.80806278719368]
[58.81393043560963, -136.96389281081494]
[58.85281682248196, -137.23198039356453]
[58.902327361632224, -137.55908358020557]
[58.91730059196586, -137.65622011722036]
[58.96155384001694, -137.9402242567308]
[58.97040557346363, -137.99603489934876]
[59.03850506706032, -138.4135362159955]
[59.04308735447001, -138.4383142483027]
[59.05008743203016, -138.48348665284504]
[59.06710739894135, -138.58463958516043]
[59.07986254698428, -138.65864953978846]
[59.087366133275104, -138.69899173244315]
[59.11732213627557, -138.87041264195503]
[59.133456444102656, -138.9606304677708]
[59.14421330365732, -139.02017783479488]
[59.14486821126433, -139.02404634412528]
[59.15869485052101, -139.10070793200546]
[59.16562226078825, -139.13930854202997]
[59.17244850199031, -139.17507923829183]
[59.184811239181734, -139.24349760937343]
[59.19045929822611, -139.27548178922893]
[59.19698416304555, -139.30659589985004]
[59.20387478261291, -139.34246883080564]
[59.20876545383971, -139.36742242717273]
[59.22526994056569, -139.45654457018765]
[59.23454369377843, -139.50545634610518]
[59.24221780509624, -139.5437087344146]
[59.25756393607963, -139.62101525824218]
[59.27333644891572, -139.69746758918996]
[59.27667509588529, -139.7164198110814]
[59.29486430169525, -139.80366328947417]
[59.30921736681319, -139.87340000490724]
[59.3107698751059, -139.8840960760668]
[59.32848406902486, -139.970597568483]
[59.33074870938784, -139.97641489465678]
[59.33926469996363, -140.018642731156]
[59.35228214583942, -140.0775220995709]
[59.38458622653652, -140.22560732274962]
[59.39557511999579, -140.2807780068675]
[59.40513647890524, -140.3232191731461]
[59.40730274726074, -140.32747473875224]
[59.43140077723671, -140.43910994182679]
[59.43767703242785, -140.46592909523505]
[59.46716250350557, -140.58456698409097]
[59.472250936603636, -140.61212203810246]
[59.48631502025808, -140.66380710633658]
[59.4958918990424, -140.70286321709128]
[59.51293769544059, -140.7748546803359]
[59.51310863059046, -140.77828510068625]
[59.51436754023647, -140.7839301582844]
[59.51661690479805, -140.79347352100916]
[59.533673477731305, -140.86135147524536]
[59.543782497044084, -140.89250647609052]
[59.548953473130645, -140.91920022667563]
[59.54958230200713, -140.92246322387683]
[59.5926601416191, -141.0834275430328]
[59.59487719870439, -141.08444249103658]
[59.59835632617516, -141.1039900696146]
[59.60186609773326, -141.1178390079827]
[59.60725346643343, -141.12932082345233]
[59.61039755692713, -141.14890573031124]
[59.625583658542304, -141.1974350702244]
[59.64075163219501, -141.25553974085918]
[59.64462962144274, -141.26970001791776]
[59.647795170875604, -141.2766853845203]
[59.66115816213807, -141.3174606578098]
[59.66782871561117, -141.34721093457645]
[59.67136982558463, -141.35926986665393]
[59.687173458228195, -141.41224636746998]
[59.69710189634778, -141.4362961400664]
[59.70723185211509, -141.47646328749053]
[59.71174174010384, -141.49029832006966]
[59.71414392114503, -141.49079161871342]
[59.71505722953365, -141.49390216788547]
[59.71773005898563, -141.5081873797499]
[59.72187042504175, -141.51919172526448]
[59.72285765763697, -141.52331334058238]
[59.72453388376392, -141.53044140401857]
[59.7310520288891, -141.54972468611533]
[59.73410828624237, -141.55657145083202]
[59.74033801918761, -141.57825235622306]
[59.74503592291095, -141.58654724740316]
[59.74823189233101, -141.59623109164707]
[59.748523192558714, -141.60387568423425]
[59.75080064734522, -141.61036885668588]
[59.75490428861995, -141.6231794509149]
[59.756395868751746, -141.62588079130893]
[59.758494371519795, -141.62970344780032]
[59.76340980758642, -141.6486160274596]
[59.76976415851936, -141.66722189461072]
[59.77420298069493, -141.67527941679856]
[59.77930626987402, -141.6839586561999]
[59.78273535444729, -141.70363099709093]
[59.792980289607705, -141.72743791396843]
[59.79787829812117, -141.7458614936982]
[59.8056874055387, -141.7686890416379]
[59.81205411080004, -141.77220722669955]
[59.81216776974461, -141.78626959307894]
[59.81444584301972, -141.79220719198378]
[59.81813679332087, -141.8005080203679]
[59.8226556274629, -141.81555304308205]
[59.8257995919277, -141.8239072225046]
[59.832257113151435, -141.83940372460378]
[59.85052717862039, -141.8841612399309]
[59.85138307608104, -141.89172726401392]
[59.85644321434838, -141.90461000439495]
[59.86086078329854, -141.91593352080048]
[59.8715320213519, -141.94001293274005]
[59.8767459252446, -141.95616529101105]
[59.878109045251655, -141.95777821900128]
[59.881171840356764, -141.96716424230803]
[59.89054960145183, -141.9899902036522]
[59.892225125899664, -141.99200415354804]
[59.896650556275354, -142.0027662432417]
[59.89902749525387, -142.01054538027486]
[59.900120359095276, -142.01333756692685]
[59.9004876820107, -142.0140625846038]
[59.90300645417252, -142.02009576104638]
[59.90545786999852, -142.02414521536]
[59.90582194515026, -142.02526394599957]
[59.910964586450255, -142.0390026102775]
[59.91796236805076, -142.04650253889236]
[59.920345290140325, -142.05719469240813]
[59.92177201603605, -142.06289050009985]
[59.92463291638857, -142.07029384286636]
[59.92481867900211, -142.0712403084368]
[59.92538337065677, -142.07208029169746]
[59.93223644805166, -142.08308198393638]
[59.932749633154465, -142.08642389916136]
[59.934707404525234, -142.0910217322941]
[59.936128491124215, -142.09346266984826]
[59.93847434707245, -142.10221791011136]
[59.941619921762644, -142.10912004204587]
[59.94288768683017, -142.11230709271175]
[59.952198557212746, -142.12943167049357]
[59.95346649100005, -142.1353584247778]
[59.95641775159191, -142.14091488096577]
[59.95655504164382, -142.14168842326671]
[59.957539238528604, -142.1441759173949]
[59.96161330900225, -142.14631270811955]
[59.96615085251964, -142.16004394647155]
[59.967416047071644, -142.16535094376673]
[59.970562024090306, -142.17189069888934]
[59.97227946768479, -142.17543647666545]
[59.972961616821486, -142.17695676008213]
[59.97390406982414, -142.17697688258096]
[59.976883206368306, -142.18331386393876]
[59.97893729449627, -142.18886000111803]
[59.98033628373651, -142.1918480006891]
[59.989416210794396, -142.20583224398982]
[59.99486850906434, -142.22017251335978]
[59.99616216338678, -142.22466109395194]
[59.99773534620332, -142.22775604461813]
[60.00072192832105, -142.2332897358173]
[60.00372013765202, -142.23783094237666]
[60.0065779820054, -142.2448723114188]
[60.0081571053093, -142.2484337245902]
[60.00909795425287, -142.24982201386993]
[60.00984049680125, -142.25090548618311]
[60.01011644993944, -142.2517139289357]
[60.01100112457882, -142.25339034792907]
[60.01488589624292, -142.26137144187044]
[60.01728861533761, -142.2626993269539]
[60.019030797172555, -142.26874422545046]
[60.020590787102584, -142.27151531212036]
[60.02113962093859, -142.2723870570717]
[60.024466176930396, -142.2796480528617]
[60.02511135465134, -142.28103451827917]
[60.02682921159079, -142.28420834989686]
[60.02854708131198, -142.28737071661897]
[60.02992538400638, -142.28956559663098]
[60.032853774993974, -142.29502851987368]
[60.033254867732815, -142.295524133274]
[60.03462320814052, -142.29827002599282]
[60.03502430311446, -142.2987637489102]
[60.037575675514, -142.30067928154702]
[60.03931414733115, -142.307393011853]
[60.04142981812695, -142.31066533174848]
[60.04232779861383, -142.31266775523636]
[60.049965795870015, -142.32354099233774]
[60.05021445875419, -142.32553467376326]
[60.051267627462316, -142.32889445991572]
[60.053864907298966, -142.33363837235476]
[60.05578238147766, -142.33699483682057]
[60.0575004704045, -142.3399601181355]
[60.05913265727758, -142.3424004919917]
[60.0595337835258, -142.34286772761035]
[60.06258413530808, -142.34521987445078]
[60.062671949416675, -142.3485003644383]
[60.067780530010005, -142.35787660042078]
[60.069965913688755, -142.35863773432368]
[60.0750262041718, -142.36851976331064]
[60.07588592223663, -142.37113164102095]
[60.08466361885781, -142.38570653662842]
[60.08665704793143, -142.38951311928483]
[60.08855316923387, -142.39228335402865]
[60.09032303973449, -142.39513135926697]
[60.09315195834731, -142.39955360388433]
[60.096140701908844, -142.4048424822662]
[60.09653957856701, -142.40552868418456]
[60.096987557853474, -142.40554310462048]
[60.10642254743208, -142.42114952803175]
[60.113469741030805, -142.43148232789898]
[60.11523980607442, -142.43415556033386]
[60.11541852683913, -142.43497672910166]
[60.11992962038037, -142.44060044179403]
[60.123417777443684, -142.44657316302215]
[60.134299069558544, -142.462989710448]
[60.13478762439181, -142.46369937673563]
[60.13521606100664, -142.46431876527743]
[60.13621759629161, -142.46531083831545]
[60.137590462139976, -142.46768227339152]
[60.13841295013251, -142.46867200033583]
[60.143639064057005, -142.47578949280353]
[60.14418851754538, -142.4771056737596]
[60.14522187197954, -142.47840491835737]
[60.14698687863093, -142.4806937850607]
[60.14838781465068, -142.48214527534245]
[60.15247634123066, -142.48832054874316]
[60.1531812067254, -142.48956810031598]
[60.15638895420924, -142.49048281038122]
[60.15719736318653, -142.49468655598432]
[60.15807871559499, -142.49623702851676]
[60.16308551352109, -142.49701157043754]
[60.16632577312074, -142.50693421178815]
[60.16646858450185, -142.5071743182051]
[60.167755232605636, -142.50894837043114]
[60.17055847807378, -142.51256527178046]
[60.17215455485968, -142.51479246996803]
[60.172998465669274, -142.51590162674728]
[60.17913977144644, -142.52348048755837]
[60.17944282455566, -142.52398440207142]
[60.18154068055397, -142.52577323913061]
[60.18544026592692, -142.53149161872923]
[60.18791920801008, -142.53467375956728]
[60.188640499072, -142.5354933382903]
[60.190042247193226, -142.53718920740843]
[60.19249792582411, -142.53942145168426]
[60.194644324090696, -142.54280070916235]
[60.1958649824029, -142.5443472171824]
[60.19748366724205, -142.54617919758306]
[60.19822298009671, -142.5471196950649]
[60.19862428397652, -142.5474366756651]
[60.199162827009054, -142.54810192999858]
[60.20049808907486, -142.54985925378344]
[60.20181211827654, -142.55136626885425]
[60.202845887195956, -142.55248956425507]
[60.203811754887234, -142.55339783617345]
[60.20499121502392, -142.55431554980137]
[60.2095277202995, -142.56028057644565]
[60.209799667383045, -142.56060365964223]
[60.2107872481216, -142.56175000932438]
[60.21649592396191, -142.56806358507615]
[60.21742346778638, -142.56915943194127]
[60.21891802524468, -142.57063971460897]
[60.22118385926142, -142.5733519433475]
[60.22157242509895, -142.57379588028337]
[60.2216571557618, -142.57390480463812]
[60.22177783268835, -142.57395015412655]
[60.22331753730568, -142.5756440321084]
[60.22441210877458, -142.576868551727]
[60.224722858162316, -142.5771747743029]
[60.228820607672965, -142.58162408091383]
[60.22968403101897, -142.5825249623202]
[60.23230838099469, -142.58527606765034]
[60.233877293586154, -142.58687357563267]
[60.23417687832954, -142.58719500787674]
[60.23587122797098, -142.5888921390121]
[60.23964704120804, -142.59285423646554]
[60.241493283282885, -142.59477482579575]
[60.241721501279194, -142.59500069184963]
[60.24429858989782, -142.59754343264407]
[60.24858240836364, -142.60186772775623]
[60.24880833831367, -142.60207943918542]
[60.249729382274616, -142.60300570082282]
[60.25090036522975, -142.60339770506684]
[60.250931540794376, -142.6041064665778]
[60.253166707574955, -142.6062803528988]
[60.25341661949518, -142.6065330403519]
[60.256450702044326, -142.6095113481168]
[60.257544329300295, -142.61055784726335]
[60.25885623514505, -142.611787347738]
[60.25953405490008, -142.6123953848346]
[60.26021187647451, -142.61300175864082]
[60.260384466914026, -142.61322319205038]
[60.262102616340975, -142.61480784206574]
[60.26408002045617, -142.6160173026484]
[60.26422583787406, -142.61675806120138]
[60.264319273215726, -142.61690598589365]
[60.264882239637735, -142.61739831983127]
[60.26572365023011, -142.61818089467727]
[60.26668718703288, -142.61897604669943]
[60.26748238015565, -142.6197787857146]
[60.268160224472346, -142.62036457022646]
[60.26865392799619, -142.62081019980891]
[60.26953431080201, -142.62161821482823]
[60.27420361611461, -142.62534372872605]
[60.27535769315801, -142.62656254533636]
[60.277881109428186, -142.62897732394296]
[60.27843494788919, -142.62947912669122]
[60.282471065343564, -142.6319932538923]
[60.28309325101318, -142.6334578680427]
[60.28406405336036, -142.6337154679392]
[60.28877759776994, -142.6382638638378]
[60.292538745989, -142.64134459900535]
[60.29336270605176, -142.64194850535046]
[60.29408045328862, -142.6425050666715]
[60.29589890638989, -142.6434158578544]
[60.296518316894655, -142.64451907159952]
[60.29733743532572, -142.64513192120674]
[60.2992032318383, -142.6466158822201]
[60.299389635749726, -142.64672877775752]
[60.29990448536319, -142.6471456284926]
[60.30266811881935, -142.64924705252406]
[60.30404241863413, -142.65030937736398]
[60.30813340456367, -142.65343462318324]
[60.308291456480625, -142.65352731974235]
[60.30900924939569, -142.6540426208421]
[60.31020548778597, -142.65459992039285]
[60.31125277489826, -142.65578609383599]
[60.311879882736655, -142.65619975718963]
[60.31266007865948, -142.6565260054125]
[60.312673178088325, -142.6568189491247]
[60.313530881557405, -142.65743526918325]
[60.31441777760842, -142.65804871740886]
[60.315259585016484, -142.65865955962462]
[60.3157429499905, -142.65904404168447]
[60.3162415172098, -142.65935425169314]
[60.31722957767945, -142.66007133289784]
[60.31839120159237, -142.66089086579322]
[60.321716302123924, -142.66320243075094]
[60.323136770934276, -142.6641765340215]
[60.323356146167136, -142.66437129117793]
[60.324557248657776, -142.6651426570757]
[60.326051924517465, -142.66617768242702]
[60.32616805965208, -142.66629237041815]
[60.32681810500534, -142.66667333337412]
[60.326911405626696, -142.66677704243196]
[60.32983360606517, -142.66872818070226]
[60.33135052522676, -142.66973568516673]
[60.335183725724086, -142.67220437333987]
[60.335875012397004, -142.67264929480717]
[60.33613855742998, -142.6727870028933]
[60.33749134441182, -142.67352048722518]
[60.33769882396674, -142.67378035752557]
[60.338028719871666, -142.67397812987932]
[60.339363679469734, -142.67481809220058]
[60.33969294373873, -142.67503632297996]
[60.344247550056515, -142.67778490828942]
[60.34560650783083, -142.67862956214503]
[60.34609573760154, -142.67894248002298]
[60.34660137008505, -142.6792263124731]
[60.34701973315581, -142.67948511403202]
[60.34709125197151, -142.6794860270413]
[60.35129061064938, -142.6819271600431]
[60.35150100417636, -142.68208428889804]
[60.35376603662505, -142.68338485055267]
[60.35504269517342, -142.68407427872108]
[60.355338423731304, -142.6842332382627]
[60.35587767802469, -142.6844668446597]
[60.35602589731298, -142.68463412656845]
[60.357121967932805, -142.6851709851562]
[60.35744629699803, -142.6854296919963]
[60.35751781522904, -142.68543061051275]
[60.361337111890286, -142.68592686059924]
[60.36194614500425, -142.68748130852126]
[60.36232539088508, -142.68801833767358]
[60.36275988226593, -142.68827730450954]
[60.36328440116309, -142.68854945172728]
[60.36383009252258, -142.68886113076098]
[60.364193675053336, -142.68902785076085]
[60.36497410157228, -142.68946131159436]
[60.36505310166991, -142.6894832667554]
[60.3664457715222, -142.69020425938302]
[60.36948012055597, -142.69176090533412]
[60.37193217625718, -142.6929238316208]
[60.37267318119391, -142.69328902586682]
[60.37391852879697, -142.69392949916738]
[60.37415519850429, -142.69401276350544]
[60.37556976704489, -142.69472863291375]
[60.37755736881163, -142.6956788903777]
[60.377722686790214, -142.69575492960593]
[60.37806234517891, -142.69591344314335]
[60.37830087886308, -142.69601566877026]
[60.37910338690211, -142.69639360597523]
[60.379589346812345, -142.6965906027085]
[60.380330377365304, -142.69693288979772]
[60.38107141039729, -142.69727296023473]
[60.3826664647709, -142.69802110852228]
[60.38351358464708, -142.69839613398383]
[60.38497667361998, -142.69854021146728]
[60.38502903041708, -142.69907136306028]
[60.385194353782815, -142.6991425604819]
[60.38596738759848, -142.6994777001945]
[60.38724678206864, -142.7000206814086]
[60.38872889688603, -142.70065723131697]
[60.38906666286784, -142.70075590870465]
[60.38970820561887, -142.7010216890392]
[60.391298714317905, -142.7017428168902]
[60.393250187193296, -142.7024972892869]
[60.39425603749722, -142.70295286080542]
[60.39479973892846, -142.70314767596687]
[60.39498545571784, -142.70323680556146]
[60.39516185100961, -142.70331317441332]
[60.395593191946524, -142.703477635189]
[60.395646884944206, -142.70350662704143]
[60.39566183743296, -142.7035105830912]
[60.39579305784316, -142.70352615302812]
[60.39603048675101, -142.70361562695564]
[60.39816569758673, -142.70445104305114]
[60.3984477578062, -142.70455858285086]
[60.39916177324499, -142.70486486702745]
[60.400074610650286, -142.70521479755666]
[60.40245769742523, -142.7061096423106]
[60.40416177519911, -142.7067158475816]
[60.40466534207048, -142.70691732779068]
[60.40755911249284, -142.7079443860622]
[60.40890426341142, -142.70838491937386]
[60.40932241332208, -142.70855327617812]
[60.40963580936441, -142.70866424226062]
[60.410549900846426, -142.70896253302718]
[60.410703306443544, -142.70901889493575]
[60.41109555436049, -142.70911001032073]
[60.411161963032505, -142.70914178388196]
[60.41304486290817, -142.7097613595838]
[60.413896226121956, -142.71004970814354]
[60.415162167322016, -142.71044138434073]
[60.41570721471877, -142.71064992938165]
[60.4161873396371, -142.71080856030764]
[60.41647474971905, -142.71085408556215]
[60.41662319793175, -142.7109365161745]
[60.417403767704066, -142.71114208526825]
[60.41766233081045, -142.7112216362317]
[60.418162366813625, -142.71137473303642]
[60.418949218198584, -142.71165705607234]
[60.419365582961085, -142.71173908760133]
[60.42041254246151, -142.71205148555265]
[60.42066256335517, -142.71212544968225]
[60.42110332371961, -142.71229768075477]
[60.42212314013509, -142.71255261473354]
[60.42255336051351, -142.71272714670107]
[60.423162787441264, -142.71285155484807]
[60.4239050528768, -142.7131117923554]
[60.42456136230266, -142.71324698634527]
[60.42469865121638, -142.71333630550748]
[60.42500648259672, -142.71341477551056]
[60.4271632032713, -142.7139621340139]
[60.42741323160184, -142.71402945343473]
[60.42766326020806, -142.71409652677082]
[60.42912388204204, -142.7144834378292]
[60.42916343762881, -142.71449379907037]
[60.429753351594805, -142.71469001903873]
[60.43002292544747, -142.71474765345332]
[60.430531639907606, -142.7148429669502]
[60.43055814791618, -142.7148777000579]
[60.432163822218236, -142.71526176760125]
[60.43253887308084, -142.71535527223458]
[60.43316334879233, -142.71550973274563]
[60.43316395922904, -142.7155098829825]
[60.43328897666516, -142.7155406205872]
[60.433664029386954, -142.71563246431407]
[60.434164100646775, -142.71575406141812]
[60.434414136689746, -142.71581449088765]
[60.4349767187938, -142.71594955756254]
[60.43516424647154, -142.71599430297948]
[60.43539865628676, -142.7160500401212]
[60.435445538278906, -142.716061161599]
[60.43553930229209, -142.71608337860417]
[60.43591435873228, -142.71617190061968]
[60.43595344105983, -142.7162224908467]
[60.43613241407433, -142.7162368842389]
[60.436270624374295, -142.71628551790374]
[60.43669281075335, -142.71638966489985]
[60.436896944717695, -142.7164385651227]
[60.437202887435696, -142.7164718041109]
[60.43728175725291, -142.71648994869705]
[60.43760212038311, -142.7165633988773]
[60.43883236576422, -142.71685487833997]
[60.43903203409831, -142.71687316984708]
[60.439320855187965, -142.71697647265424]
[60.43943402796297, -142.71698868362355]
[60.43975849375503, -142.71708205845545]
[60.4408521769818, -142.7172984323211]
[60.44192267158352, -142.71751451553735]
[60.44239980768979, -142.71761504617274]
[60.44362758428688, -142.71789533520266]
[60.443831724652334, -142.71793849606306]
[60.44496278318116, -142.718139721683]
[60.44564260165826, -142.71827455166851]
[60.44888544195286, -142.7188926822231]
[60.45000213254543, -142.71909596053828]
[60.450287524299476, -142.71913514545514]
[60.45029199722024, -142.71915855850486]
[60.450893689794306, -142.71926523465748]
[60.45109783683957, -142.7193024110184]
[60.45189780456696, -142.71942466311089]
[60.45212832857397, -142.71946944027212]
[60.45243307598111, -142.71951134131075]
[60.45372256132, -142.71973780874853]
[60.45379472146488, -142.71974971942242]
[60.4568247539381, -142.72024972409892]
[60.457233059301366, -142.72031395350157]
[60.45776246584958, -142.72037309945839]
[60.45847243788942, -142.72049423019828]
[60.45912291411204, -142.72057258385811]
[60.460122559401874, -142.72071452286528]
[60.46019472158094, -142.72072461700597]
[60.4602835709263, -142.72075424018718]
[60.46080278958551, -142.72080886084444]
[60.461483021807474, -142.72090137900565]
[60.46235393015963, -142.72102513636906]
[60.46248267748931, -142.72103403912746]
[60.46262700337096, -142.721052867301]
[60.46277953078421, -142.72108815455783]
[60.46298368888274, -142.7211154122403]
[60.46384315403795, -142.72120826755045]
[60.46387051128463, -142.72121598773145]
[60.46659366983834, -142.72153123814857]
[60.46788323866854, -142.7216827510782]
[60.46832613710141, -142.72174205968594]
[60.4685634921051, -142.7217563285938]
[60.47098563090369, -142.72201562558368]
[60.47160396048756, -142.72206294800066]
[60.4721347769432, -142.72211854786536]
[60.472603660733434, -142.7221558227402]
[60.47320519939492, -142.72222351545346]
[60.47352934821428, -142.72223006273623]
[60.47638615370911, -142.72248181535062]
[60.47694077908424, -142.7225225520081]
[60.4794197542388, -142.72268903059168]
[60.48124822303863, -142.72280298529785]
[60.48374441305484, -142.72293148260474]
[60.48555574896833, -142.7230102176834]
[60.48744582578468, -142.72307249686978]
[60.48920133647261, -142.72312592356013]
[60.48980622790328, -142.72313847490918]
[60.49297573876958, -142.7231914334792]
[60.49567636537383, -142.7232070261858]
[60.683642512421706, -142.72350273629448]
[60.785384583394055, -142.72546110254075]
[60.787360913834085, -142.72570736692526]
[60.96949530489835, -142.72942527874284]
[103.64791821867544, -143.20802704893362]
[164.9824814662554, -143.32953331491333]
[165.12226119099736, -143.33112009982918]
[172.34388462724127, -143.7455961039049]
[181.00846802167644, -143.89755895937492]
[187.0229076673464, -144.36497953801765]
[187.78820343607643, -144.36726947397491]
[187.79673106771347, -144.36735984659285]
[187.7990098058279, -144.36738060666764]
[187.8035673556626, -144.3674178400009]
[187.8058461673829, -144.36743431335648]
[187.80617456870422, -144.36743656953956]
[187.8156184910554, -144.3674887548093]
[187.81718363568862, -144.36749500365357]
[187.81724059401338, -144.3674952490753]
[187.82065205778494, -144.36750673831006]
[187.8266850100965, -144.3675186870389]
end_solutions
[-2.108061183481197, -0.9597609935747212]
[-0.9840750550127946, -0.9245961457749672]
[-0.9839382341395375, -0.9244410798894234]
[-0.9838014132662805, -0.9242860140038794]
[-0.9836263519365234, -0.924087184899754]
[-0.9834140213725543, -0.9238463397721245]
[-0.983194916127075, -0.9235979249323285]
[-0.9830204093884507, -0.9233991706186775]
[-0.9827920585672136, -0.9231411252601415]
[-0.9824930018837821, -0.9228030198867956]
[-0.9822292981314477, -0.9225049445208546]
[-0.9819409603759579, -0.9221791473456735]
[-0.9815362387081261, -0.9217211123910075]
[-0.9811037772599157, -0.921232583042281]
[-0.9807718912004215, -0.9208561724182851]
[-0.9802943339242522, -0.920316513132949]
[-0.9796893432950906, -0.9196324667225881]
[-0.9790843526659291, -0.9189484203122271]
[-0.9781619301297159, -0.9179057290264685]
[-0.9773982235470284, -0.9170423601784087]
[-0.9762493284045526, -0.9157437003018585]
[-0.9748811107292679, -0.914197501005479]
[-0.9734635985985796, -0.9125951410002947]
[-0.9712963906891496, -0.9101421310184334]
[-0.9685513489705175, -0.907028123576352]
[-0.9643748325181559, -0.9022869423551318]
[-0.9588847490808918, -0.8960589274709689]
[-0.9493360569400933, -0.8852300714817818]
[-0.930108145047396, -0.8634208307563527]
[-0.8643103469278037, -0.7887942235277318]
[2.9677734228686354, 3.5446599814431927]
end_values
[ 187.82668501 -144.36751869]
[  60.48555575 -142.72301022]
[  60.47694078 -142.72252255]
[  60.46832614 -142.72174206]
[  60.45723306 -142.72031395]
[  60.44383172 -142.7179385 ]
[  60.43002293 -142.71474765]
[  60.41894922 -142.71165706]
[  60.40466534 -142.70691733]
[  60.38596739 -142.6994777 ]
[  60.36948012 -142.69176091]
[  60.351501   -142.68208429]
[  60.32616806 -142.66629237]
[  60.29920323 -142.64661588]
[  60.27843495 -142.62947913]
[  60.24858241 -142.60186773]
[  60.21078725 -142.56175001]
[  60.17299847 -142.51590163]
[  60.11541853 -142.43497673]
[  60.06778053 -142.3578766 ]
[  59.99616216 -142.22466109]
[  59.91096459 -142.03900261]
[  59.82265563 -141.81555304]
[  59.68717346 -141.41224637]
[  59.5166169  -140.79347352]
[  59.25756394 -139.62101526]
[  58.91730059 -137.65622012]
[  58.32660007 -133.08590337]
[  57.14214177 -119.40159658]
[ 53.13779961 -27.05585361]
[-5.04995233e+01  1.19256672e+05]
