values
[85.6759376411237, 20219.073841524467]
[86.99064566137149, 19976.905340914687]
[97.84624855011731, 19497.266746226847]
[103.28292487533494, 19475.686785350954]
[104.16740386002402, 18459.459493428556]
[120.799426571093, 18429.054000757707]
[122.9945817938595, 17026.385804262805]
[125.57635862619749, 16830.084247731334]
[137.2800045679352, 16743.138154221855]
[146.29935719803754, 16732.268750810992]
[146.46742072876864, 16354.421776765881]
[242.00567859186685, 16219.267932168394]
[243.03604415816886, 14926.082825890391]
[265.9363558303695, 14459.376039035847]
values
[85.6759376411237, 20219.073841524467]
[86.48648872577438, 20122.17662292042]
[86.99064566137149, 19976.905340914687]
[97.84624855011731, 19497.266746226847]
[98.52594261019527, 18536.94780910632]
[104.16740386002402, 18459.459493428556]
[105.14320288100892, 16098.27456704184]
[131.01872929740904, 15919.843486056527]
[131.68526265399385, 15800.99482664696]
[141.1853187746548, 15473.168872211805]
[145.13773098386122, 15301.07843871792]
[148.52731266402265, 15248.482040218445]
[182.5316018637333, 15010.861079421038]
[183.82124425203884, 14974.58821791927]
[192.91359890833883, 13987.377959229872]
[232.3320670849969, 13613.99767072447]
[238.0472006482163, 12598.065484062274]
[256.6117627555267, 11804.413852268117]
[297.7034954705297, 10852.35199217447]
[299.11135596726, 10767.220991941906]
[300.9155260460948, 10712.27488198343]
[315.9204657784811, 10349.099160162405]
[328.2199018753736, 9830.4459215556]
[373.41083998783427, 9792.175371374282]
[375.1703219039466, 9588.810473203648]
[376.6033890468675, 9562.132915143116]
[385.89272371974107, 9540.5987755819]
[409.44362176103505, 9335.705904939206]
[413.8982114231736, 9284.749917670446]
[434.0855818554684, 9193.960809733193]
[471.4506161010203, 9162.205643306597]
[476.9437881869169, 9139.15639283365]
[480.05489474804926, 9136.97377726932]
[486.74624730756113, 9041.729405695722]
[494.36989228759865, 9002.740616126279]
[495.71421372697375, 8989.887552229056]
[501.1086040936749, 8977.040355533845]
[502.91872690037076, 8905.678065152388]
[549.3651343815383, 8873.04756569657]
[549.9901856360644, 8862.42029248621]
[550.9208389554049, 8811.494955677881]
[551.5790095164926, 8781.764121991253]
[551.6000605070335, 8773.563790659258]
[577.1998469687726, 8741.545327097998]
[594.2788604302018, 8697.853102900586]
[607.1630556626243, 8668.432768121085]
[608.9627152674391, 8629.23951989884]
[609.2150272758327, 8622.937904345416]
[610.086446876785, 8616.705883538705]
[644.794395369675, 8606.494894396248]
[652.8603783908453, 8570.784489098365]
[662.1842696919425, 8559.287367724755]
[664.5951612423471, 8493.944797936902]
[712.9793289763286, 8492.427856756649]
[718.0452307772576, 8406.781665617553]
[827.6139378413857, 8208.912637155347]
[851.4370235333733, 8078.823203753921]
[891.6075476875691, 7969.441334460852]
[970.4934035522451, 7873.398556367058]
[1004.6137544156747, 7811.191673740179]
values
[85.6759376411237, 20219.073841524467]
[86.48648872577438, 20122.17662292042]
[86.99064566137149, 19976.905340914687]
[97.84624855011731, 19497.266746226847]
[98.52594261019527, 18536.94780910632]
[100.03569282730732, 17863.584428146904]
[105.14320288100892, 16098.27456704184]
[109.35045610115625, 15136.020351016974]
[132.2349038970533, 14880.52212522344]
[142.12414053080735, 14600.082138726273]
[163.70524463045865, 13615.55996838033]
[187.35027471316226, 13042.852293173759]
[217.64846215507302, 12780.306848461145]
[222.66609822865072, 11845.525405355944]
[233.37129546403705, 11744.204617461875]
[244.92396138176412, 11043.803701227862]
[245.2086141390464, 11031.537637333595]
[286.08459758416944, 10698.919340671579]
[287.89762616257553, 10488.530474676754]
[287.9499143000728, 10484.888765795708]
[288.6083278516009, 10404.011339314575]
[289.2879999200285, 10343.291125892532]
[291.5917297361811, 10246.251428733687]
[291.59639462709754, 10246.142668990162]
[296.3658469179245, 10169.020686014957]
[303.44252602695406, 10094.716672385957]
[303.57311565277377, 10093.803762765765]
[303.58130543654954, 10093.757873536648]
[309.26865945746334, 9727.094454811338]
[309.3015429284675, 9726.580411472882]
[310.0296297857041, 9596.258256945504]
[310.03945294187145, 9596.135069506725]
[310.04436878068447, 9596.073477134541]
[333.31051372076206, 9470.698429805927]
[333.3176241145304, 9470.636447183097]
[333.6190503366273, 9467.992748185736]
[333.9991373012615, 9465.152251315658]
[361.54189849053296, 9238.3148989149]
[365.26166587156, 9231.815213664673]
[369.1336054728465, 9225.349079018544]
[391.58317295965526, 9183.287137541844]
[391.60598706436554, 9183.251756986336]
[391.7861598347155, 9172.518141764249]
[392.302183168463, 9157.575720783227]
[397.8379026318041, 8884.511654104714]
[415.502930438735, 8873.140515419329]
[415.7834022164727, 8868.959634356233]
[416.1562007596651, 8864.78589142796]
[416.28473260986436, 8864.476228951882]
[416.78428092192576, 8863.359173409002]
[417.1851584550742, 8856.459815219421]
[417.30501969702675, 8852.824081918634]
[417.341065014444, 8852.763217798803]
[417.3773020415125, 8852.70235409022]
[417.5241668876811, 8852.458903519166]
[417.7502113816578, 8852.093741282351]
[417.82017951796956, 8852.016880344185]
[417.8270909494406, 8851.97202441058]
[417.8305503779627, 8851.949596758248]
[417.8340122817092, 8851.92716931557]
[417.8478846494593, 8851.837461641337]
[417.8530214170423, 8851.804309654099]
[417.87210484201, 8851.681456284427]
[418.14225501060423, 8851.485177908506]
[418.4335688020384, 8851.349712554493]
[422.49669739429316, 8843.303175211473]
[460.2020679738057, 8808.022702320506]
[467.1522915366205, 8735.398624040754]
[467.2794499840759, 8735.316382069163]
[467.8273841935727, 8735.185182349003]
[468.4635724061825, 8734.697473088107]
[487.65321251503156, 8682.202035781842]
[499.612946615222, 8660.094392932338]
[507.8956922913227, 8654.214740175128]
[509.14214586003015, 8614.981222060216]
[509.4766974561585, 8612.338749984385]
[509.4766974561586, 8612.338749984368]
[509.4882912381264, 8612.308750446651]
[509.6165972128632, 8611.988793202125]
[509.6248986127822, 8611.968798183634]
[509.63323329082743, 8611.948803438274]
[509.65421565056647, 8611.898817771436]
[509.66690500559525, 8611.868827193015]
[509.6839408171544, 8611.82884071545]
[509.7184127755753, 8611.748871060012]
[509.7534190681945, 8611.668905816838]
[509.8030135596355, 8611.557657194646]
[509.88015810789057, 8611.389062429973]
[509.88480603553126, 8611.379069034445]
[509.89412707056056, 8611.359082453468]
[509.89880018011763, 8611.349089268091]
[509.9053158650959, 8611.335185822476]
[510.0117794740206, 8611.112749212554]
[510.0134760470536, 8611.109273918035]
[510.0527784748018, 8611.029344510327]
[510.0926202810225, 8610.949419647868]
[510.09763845465295, 8610.93942936037]
[510.11274359351296, 8610.909458925593]
[510.14318172807305, 8610.849519983374]
[510.23723380603053, 8610.667981531615]
[510.25739002997136, 8610.62976593582]
[510.32680085733466, 8610.49992766105]
[510.3430219314064, 8610.469966719547]
[510.3866508654311, 8610.390074069981]
[510.3976428373642, 8610.37010163477]
[510.6129367813286, 8609.990680952935]
[510.8899654185235, 8609.531524978167]
[510.8961875676688, 8609.521545079786]
[511.1849868670698, 8609.072527654975]
[511.1982221094768, 8609.052574885318]
[511.3845457201114, 8602.723676004609]
[569.7328794795022, 8562.283391337762]
[580.747923139447, 8538.165756736871]
[581.7803556953211, 8537.219988653633]
[582.2674017401757, 8536.987116294284]
[582.3006072709231, 8536.75707331031]
[582.8072873450564, 8536.313929974294]
[582.8299945277313, 8536.29423639983]
[583.3795972254729, 8535.821634060374]
[585.7615792518048, 8527.36998183429]
[588.3318012966089, 8524.482527425778]
[588.3614632273881, 8523.636305905386]
[588.9996635398974, 8521.168462731914]
[593.7063908990252, 8493.20205182038]
[609.3858219732329, 8486.082033932684]
[617.8252459030981, 8484.948206702118]
[618.2367831595386, 8481.422516843639]
[618.4059919575832, 8470.932239594627]
[620.204380229293, 8464.998020286532]
[621.5561103161294, 8464.98282128821]
[621.603478515271, 8464.73525272696]
[621.6194778859237, 8464.65291581437]
[621.6355851428556, 8464.570671958498]
[621.68457183796, 8464.32449924677]
[621.7498289440643, 8464.292121515005]
[629.9754952205891, 8454.342003302912]
[653.1481026085149, 8453.45668203563]
[656.5267124927926, 8450.333488403914]
[658.5036013798401, 8439.79292589472]
[660.3831082095226, 8437.02046249289]
[660.4305749650381, 8436.013509803211]
[660.9585607317686, 8435.7372570799]
[661.336736207148, 8434.96863037242]
[661.7589121038978, 8433.622961604413]
[662.1721871089379, 8433.4342945948]
[662.3221009349217, 8433.178950217489]
[662.4751506417924, 8432.923713921587]
[662.9121909159105, 8431.868737937963]
[663.4913998146616, 8407.662446263395]
[673.9680525264299, 8390.644884795249]
[679.2979156883928, 8310.181361183726]
[718.1081966991295, 8225.567631710208]
[770.1124709277667, 8212.617524108977]
[827.6139378413857, 8208.912637155347]
[845.857809602722, 8177.621774037335]
[851.4370235333733, 8078.823203753921]
[891.6075476875691, 7969.441334460852]
[927.2038978628595, 7925.94299677717]
[970.4934035522451, 7873.398556367058]
[988.80306153873, 7832.459370648784]
[997.8682869038885, 7826.9336722411335]
[1004.6137544156747, 7811.191673740179]
values
[85.6759376411237, 20219.073841524467]
[86.4783585640528, 20120.734049120187]
[86.99064566137149, 19976.905340914687]
[97.84624855011731, 19497.266746226847]
[98.52594261019527, 18536.94780910632]
[100.03569282730732, 17863.584428146904]
[100.55087633745964, 17712.21798790331]
[100.57570900401704, 17709.017544826143]
[100.57853520521601, 17708.75046669868]
[105.14320288100892, 16098.27456704184]
[109.35045610115625, 15136.020351016974]
[132.2349038970533, 14880.52212522344]
[133.2083766004155, 14875.895075551432]
[133.4842033689662, 14874.603651978603]
[142.12414053080735, 14600.082138726273]
[163.70524463045865, 13615.55996838033]
[187.35027471316226, 13042.852293173759]
[216.33633613708545, 11949.675525827462]
[222.66609822865072, 11845.525405355944]
[233.37129546403705, 11744.204617461875]
[233.86832052887104, 11742.129077257303]
[233.88098807769896, 11742.07017707457]
[234.12290519695247, 11741.03620677014]
[234.12299030194302, 11741.03581237968]
[234.12307540702488, 11741.035417989231]
[234.40394360306163, 11739.840624719005]
[244.92396138176412, 11043.803701227862]
[245.20861267967396, 11031.537654186213]
[245.2086141390464, 11031.537637333595]
[256.1040361363443, 10851.757268151816]
[256.4039342880173, 10850.674865416899]
[256.64677722766646, 10849.756783995848]
[256.8979480973906, 10848.812157184835]
[286.08459758416944, 10698.919340671579]
[287.89762616257553, 10488.530474676754]
[287.9499143000728, 10484.888765795708]
[288.6083278516009, 10404.011339314575]
[289.2879999200285, 10343.291125892532]
[291.5917297361811, 10246.251428733687]
[291.59639462709754, 10246.142668990162]
[296.3658469179245, 10169.020686014957]
[303.44252602695406, 10094.716672385957]
[303.5563296262122, 10094.044357692155]
[303.57311565277377, 10093.803762765765]
[303.58130543654954, 10093.757873536648]
[303.7391634484045, 10092.845839824306]
[303.7454403563279, 10092.806845648629]
[303.7464869001956, 10092.800346661708]
[303.88519410931804, 10092.003921735719]
[303.88545950506375, 10092.002297383302]
[303.8855092675361, 10092.001992817322]
[303.88555903025167, 10092.001688251354]
[303.88559324225946, 10092.00147886227]
[303.95796622046475, 10091.590893234827]
[304.01258797373407, 10091.283016407388]
[309.26865945746334, 9727.094454811338]
[309.3015429284675, 9726.580411472882]
[309.9740724538384, 9596.302230603043]
[310.0296297857041, 9596.258256945504]
[310.0309171644491, 9596.12079553499]
[310.03092074477547, 9596.120782931954]
[310.0309243251031, 9596.120770328918]
[310.0313245339321, 9596.119361591544]
[310.04409681769323, 9596.109532887267]
[310.04436878068447, 9596.073477134541]
[333.31051372076206, 9470.698429805927]
[333.3176241145304, 9470.636447183097]
[333.6190503366273, 9467.992748185736]
[333.9991373012615, 9465.152251315658]
[361.54189849053296, 9238.3148989149]
[365.26166587156, 9231.815213664673]
[369.1336054728465, 9225.349079018544]
[390.1269845127491, 9185.547066639061]
[390.1783911239879, 9185.468021519637]
[390.2808719209106, 9185.309931289077]
[390.3319454000133, 9185.230886169036]
[390.3829071306558, 9185.15184104025]
[390.4844939477317, 9184.993750740889]
[390.68628464877577, 9184.677615581033]
[390.68630809044623, 9184.677575362166]
[390.6863144836259, 9184.677564393378]
[390.68631448362635, 9184.677564393367]
[390.6863176802144, 9184.677558908992]
[390.68632087680317, 9184.677553424603]
[390.68632726997805, 9184.677542455816]
[390.68633366315214, 9184.677531487036]
[390.68635284266145, 9184.677498580699]
[390.68637841531574, 9184.677454705576]
[390.68655742307476, 9184.67714757969]
[390.6872393443024, 9184.67597757641]
[391.0717437590738, 9184.064940491526]
[391.5403752861565, 9183.433181627643]
[391.5660150534893, 9183.26053752046]
[391.57743736567124, 9183.24284773428]
[391.7861598347155, 9172.518141764249]
[392.302183168463, 9157.575720783227]
[397.119027862802, 8885.348556679199]
[397.8379026318041, 8884.511654104714]
[397.92978983035357, 8884.31615245794]
[398.1020938900167, 8884.133202386929]
[398.2298116924369, 8884.005657576778]
[415.502930438735, 8873.140515419329]
[415.5384449288724, 8856.611756346594]
[415.59061266320884, 8856.47592485947]
[415.6436038796345, 8856.340094597579]
[415.69741999818484, 8856.204265616749]
[415.7382980937808, 8856.10246138226]
[415.863831121216, 8855.796786925863]
[416.09733374137284, 8855.253512810088]
[416.0973375051112, 8855.253503406022]
[416.09734126885235, 8855.253494001958]
[416.0973450325971, 8855.253484597893]
[416.09734879634516, 8855.253475193835]
[416.0973563238513, 8855.253456385703]
[416.0973713789034, 8855.253418769445]
[416.0973864340084, 8855.253381153196]
[416.0974014891665, 8855.25334353694]
[416.0974466549609, 8855.25323068818]
[416.0974667288009, 8855.25318053316]
[416.09749182123437, 8855.253117839418]
[416.09750687676535, 8855.253080223154]
[416.0976273229303, 8855.252779293116]
[416.0977879231175, 8855.252378053101]
[416.0979485293633, 8855.25197681311]
[416.0984303844515, 8855.25077309329]
[416.0986445597705, 8855.250238106775]
[416.0990729427202, 8855.249168133892]
[416.10035835006784, 8855.245958216407]
[416.3355548467749, 8854.728256009677]
[416.5867236369081, 8854.202023923965]
[416.5905230950067, 8854.1934654326]
[416.59432532839537, 8854.184906954744]
[416.598130337164, 8854.176348490426]
[416.6019381214013, 8854.167790039644]
[416.6045090512748, 8854.166873473721]
[416.6171970147942, 8854.13355637208]
[416.6478480503266, 8854.06508968978]
[416.7096832616411, 8853.928158954726]
[416.73074612298944, 8853.911909767585]
[416.8484805076573, 8853.680104170373]
[416.8786051956756, 8853.62180630807]
[416.9476569807232, 8853.488845963455]
[417.0175155477559, 8853.355888052107]
[417.3041855364703, 8852.902217343522]
[417.3044624065511, 8852.87617192291]
[417.30501969702675, 8852.824081918634]
[417.3230183911727, 8852.793649807782]
[417.341065014444, 8852.763217798803]
[417.3773020415125, 8852.70235409022]
[417.43411508423026, 8852.656535872602]
[417.503058030347, 8809.09520710875]
[460.2020679738057, 8808.022702320506]
[463.92689031603913, 8737.469959841013]
[464.63280660725843, 8737.040474660476]
[465.30222755124294, 8736.644982806783]
[466.9648153833, 8726.096501937704]
[487.5034793665794, 8681.396428292954]
[495.23113086586125, 8664.06606094358]
[495.2469639038811, 8664.04951177911]
[495.26014606594015, 8664.046409302962]
[495.57788413701155, 8663.796397041053]
[495.74646885199934, 8663.662074613305]
[496.5097210503578, 8663.080457156615]
[497.14061882632984, 8662.363808596916]
[497.141078391111, 8662.324322140254]
[498.03708794176805, 8661.641218105511]
[498.3655762115583, 8661.411065250077]
[499.05420152093063, 8660.95009155195]
[499.612946615222, 8660.094392932338]
[507.8956922913227, 8654.214740175128]
[509.14214586003015, 8614.981222060216]
[509.306925787209, 8612.802522647467]
[509.3256848151009, 8612.748803883942]
[509.4604081884654, 8612.38122709095]
[509.4766974561585, 8612.338749984385]
[509.4766974561586, 8612.338749984368]
[509.482018124221, 8612.324953576994]
[509.4882912381264, 8612.308750446651]
[509.51121134434686, 8612.250003105852]
[509.51123587054553, 8612.249933293017]
[509.6165972128632, 8611.988793202125]
[509.6248986127822, 8611.968798183634]
[509.6285409389999, 8611.960050448934]
[509.63323329082743, 8611.948803438274]
[509.65421565056636, 8611.89881777144]
[509.65421565056647, 8611.898817771436]
[509.66690500559525, 8611.868827193015]
[509.6839408171544, 8611.82884071545]
[509.68395865748255, 8611.828794186606]
[509.6955740694534, 8611.803621622157]
[509.7184127755753, 8611.748871060012]
[509.7534190681945, 8611.668905816838]
[509.8030135596355, 8611.557657194646]
[509.8455660627386, 8611.464015125592]
[509.88015810789057, 8611.389062429973]
[509.88480603553126, 8611.379069034445]
[509.89412707056056, 8611.359082453468]
[509.89880018011763, 8611.349089268091]
[509.9053158650959, 8611.335185822476]
[509.9064314987819, 8611.332803978197]
[510.0117794740206, 8611.112749212554]
[510.0134760470536, 8611.109273918035]
[510.0527784748018, 8611.029344510327]
[510.0738772461134, 8610.986883860305]
[510.0926202810225, 8610.949419647868]
[510.09763845465295, 8610.93942936037]
[510.1020468013144, 8610.930664667112]
[510.11274359351296, 8610.909458925593]
[510.12792467713734, 8610.879489133004]
[510.14318172807305, 8610.849519983374]
[510.23723380603053, 8610.667981531615]
[510.25739002997136, 8610.62976593582]
[510.32141077033964, 8610.509914786562]
[510.32680085733466, 8610.49992766105]
[510.34166726380136, 8610.472463439744]
[510.3430219314064, 8610.469966719547]
[510.3518515590538, 8610.453714906458]
[510.3593192380389, 8610.440006431038]
[510.3620542860888, 8610.434989871095]
[510.3866508654311, 8610.390074069981]
[510.3976428373642, 8610.37010163477]
[510.58824912301327, 8610.033110892782]
[510.5991218275217, 8610.014391637444]
[510.61002438884964, 8609.99567264139]
[510.6129367813286, 8609.990680952935]
[510.8397127922075, 8609.612637658294]
[510.87444725111743, 8609.556475052117]
[510.8899654185235, 8609.531524978167]
[510.8961875676688, 8609.521545079786]
[510.8977444337428, 8609.519050116913]
[511.1430127717848, 8609.136152358966]
[511.1849868670698, 8609.072527654975]
[511.1924275056557, 8609.061304184586]
[511.1982221094768, 8609.052574885318]
[511.2048524856474, 8609.042598614704]
[511.3845457201114, 8602.723676004609]
[569.7328794795022, 8562.283391337762]
[579.4088802280598, 8539.28741881298]
[580.0895127680847, 8538.531373902228]
[580.5863767772644, 8538.061169417562]
[580.6588807658428, 8438.871878883761]
[580.6758302935357, 8438.661288184612]
[660.3831082095226, 8437.02046249289]
[660.4305749650381, 8436.013509803211]
[660.9585607317686, 8435.7372570799]
[661.336736207148, 8434.96863037242]
[661.7589121038978, 8433.622961604413]
[662.1721871089379, 8433.4342945948]
[662.3221009349217, 8433.178950217489]
[662.4751506417924, 8432.923713921587]
[662.9121909159105, 8431.868737937963]
[663.4913998146616, 8407.662446263395]
[673.9680525264299, 8390.644884795249]
[678.3183660868771, 8311.276605373474]
[679.2979156883928, 8310.181361183726]
[690.586336316136, 8278.267512707247]
[718.1081966991295, 8225.567631710208]
[770.1124709277667, 8212.617524108977]
[827.6139378413857, 8208.912637155347]
[845.857809602722, 8177.621774037335]
[851.4370235333733, 8078.823203753921]
[891.6075476875691, 7969.441334460852]
[927.2038978628595, 7925.94299677717]
[970.4934035522451, 7873.398556367058]
[988.80306153873, 7832.459370648784]
[997.8682869038885, 7826.9336722411335]
[1004.6137544156747, 7811.191673740179]
end_solutions
[-4.717270803941021, 1.2541301840226453, -4.3182295565799995]
[-4.717971653857219, 1.2491067598674128, -4.31700065797824]
[-4.7186725037734165, 1.24408333571218, -4.315771759376481]
[-4.7195953233854055, 1.2374535925975196, -4.314150362295004]
[-4.720529789940336, 1.2307556937238762, -4.312511830825992]
[-4.721440962609384, 1.224194106368199, -4.310907568132052]
[-4.7227052227055495, 1.2156643876597162, -4.308803050052017]
[-4.723245834657854, 1.2122986185188618, -4.307962963576861]
[-4.724265078050127, 1.2063598715633521, -4.306464935345559]
[-4.72541709285881, 1.199752546744897, -4.304794020110511]
[-4.725732579622575, 1.1980130834430922, -4.304351254224676]
[-4.726569107667492, 1.1931452219264422, -4.303123104875462]
[-4.727425090028034, 1.1886827807271891, -4.301976320147229]
[-4.728281072388576, 1.1842203395279363, -4.3008295354189965]
[-4.728586726530933, 1.182656331277899, -4.3004262878129795]
[-4.7289944507112995, 1.180601931243396, -4.299895155974328]
[-4.654926943793713, 0.14082101472912734, -4.089608909670344]
[-4.654926943793713, 0.14082101472912734, -4.089608909670344]
[-4.627189480215492, -0.23576778942853904, -4.01361908927148]
[-4.626630647932494, -0.23767526214784648, -4.0133261544031775]
[-4.626092930219383, -0.23951066410949748, -4.013044287602947]
[-4.625618582921109, -0.24112977492483337, -4.0127956360169]
[-4.348245610387264, -0.3368280159234965, -4.052523541829837]
[-4.348245610387263, -0.33682801592349654, -4.052523541829837]
[-4.348245610387264, -0.3368280159234965, -4.052523541829837]
[-4.348245610387263, -0.33682801592349654, -4.052523541829837]
[-4.348245610387263, -0.33682801592349654, -4.052523541829837]
[-3.8337765950817193, -0.48907132068070336, -4.136136064333144]
[-3.8337765950817193, -0.48907132068070336, -4.136136064333144]
[-3.1905209015699265, -0.6848017235565339, -4.242144398220172]
[-0.7574746411190165, -1.4528052342102837, -4.643411423663886]
end_values
[ 994.23168547 8084.21182868]
[ 992.14467245 8084.25125764]
[ 990.03513945 8084.36201436]
[ 987.23147314 8084.61824503]
[ 984.41149457 8085.00205598]
[ 981.70317296 8085.50252667]
[ 978.3723281  8086.28111503]
[ 977.14040958 8086.62037981]
[ 975.10115085 8087.25330363]
[ 973.03598651 8088.06469626]
[ 972.53353663 8088.2914931 ]
[ 971.21069053 8089.00070113]
[ 970.13581948 8089.65649107]
[ 969.17985016 8090.36953319]
[ 968.87383026 8090.62967396]
[ 968.49468443 8090.97853103]
[ 617.2571075  8466.57398514]
[ 617.2571075  8466.57398514]
[ 511.20485249 8609.04259861]
[ 510.58824912 8610.03311089]
[ 510.07387725 8610.98688386]
[ 509.68395866 8611.82879419]
[ 415.53844493 8856.61175635]
[ 415.53844493 8856.61175635]
[ 415.53844493 8856.61175635]
[ 415.53844493 8856.61175635]
[ 415.53844493 8856.61175635]
[ 309.97407245 9596.3022306 ]
[ 309.97407245 9596.3022306 ]
[  245.20861268 11031.53765419]
[   86.47835856 20120.73404912]
