values
[752686.28004891, 1412720.4531278398]
[758724.2335394531, 1404891.116499911]
[760257.0102760084, 1396915.956982704]
values
[741951.857685093, 1394785.5736154958]
[742516.0717263658, 1394245.6792426694]
[743216.3746984269, 1394221.3357125178]
[743248.8603627263, 1394110.2139172647]
[743339.6849726822, 1393921.0333424823]
[743379.0105368933, 1393803.5283949594]
[743434.6239099156, 1393736.4179211254]
[743483.6369004562, 1393645.8216554986]
[743533.6793375838, 1393556.366078439]
[743552.9932905742, 1393532.1243909467]
[743557.8385225612, 1393526.0817639611]
[743582.1651536773, 1393495.975393784]
[743631.3208440713, 1393436.296440273]
[743681.1465951885, 1393377.329124701]
[743756.4701166984, 1393274.1627071756]
[743795.7023646074, 1393149.624571913]
[743865.157707514, 1393139.4434900153]
[743908.9640428193, 1392985.3357121448]
[744026.5506572004, 1392822.7663979721]
[744209.3877731094, 1392598.968984983]
[744304.2922644911, 1392490.9540753264]
[744319.1271920617, 1392478.8067142635]
[744602.9700088403, 1392182.4328543849]
[744838.8655939697, 1392127.6475210339]
[745080.9148126825, 1392078.8643447247]
[745266.0542107257, 1391959.2066554658]
[745313.1935489392, 1391930.2166283801]
[745336.8913904935, 1391915.860239269]
[745360.6746786102, 1391901.596258021]
[745480.8727417717, 1391831.6622492084]
values
[739561.4158709409, 1395558.4824223146]
[739562.7034763272, 1395446.5274296643]
[739562.7613765058, 1395391.9184332846]
[739563.4519176064, 1395383.6266238112]
[739565.2297143479, 1395336.934403013]
[739566.8172903013, 1395256.3432001383]
[739572.6082888369, 1395122.46232655]
[739576.7429548837, 1395019.4307431607]
[739580.4637452326, 1394963.3920364825]
[739580.9812464309, 1394911.8766540722]
[739586.4200168737, 1394816.3195156006]
[739587.4346377769, 1394812.508098289]
[739588.6440573668, 1394808.9192126314]
[739590.2537777344, 1394806.2964138791]
[739594.3797980073, 1394710.0992932105]
[739603.5256573573, 1394605.010690495]
[739631.9575738772, 1394321.3622685072]
[739637.8152705176, 1394252.9119294628]
[739648.5106400021, 1394169.1344199486]
[739653.2359172807, 1394122.7973046694]
[739668.7100729905, 1394022.8965818004]
[739673.5409355094, 1393981.3815693872]
[739679.464977998, 1393936.1700801942]
[739684.0723566049, 1393924.695280162]
[739692.0871805166, 1393893.9575511548]
[739694.6941870591, 1393841.42602307]
[739715.5714552671, 1393802.3254599355]
[739719.260810364, 1393745.5966870307]
[739724.5198409844, 1393694.5922766454]
[739730.1601532629, 1393628.6140216556]
[739756.2378370037, 1393573.9434322072]
[739759.6516805044, 1393541.9890698097]
[739770.7908909702, 1393470.1610602525]
[739781.5217104164, 1393423.9835159075]
[739784.7995519057, 1393397.215115603]
[739804.6267931834, 1393342.8804207377]
[739819.17148317, 1393266.4244952616]
[739833.4479318672, 1393153.477748976]
[739859.8323342735, 1393111.7990738992]
[739860.0444290425, 1393055.4049211727]
[739871.127842413, 1393021.7881810525]
[739883.86502539, 1392933.7374300908]
[739888.7131489738, 1392925.2648638505]
[739921.3673062717, 1392898.1674180564]
[739935.9443637899, 1392865.3054615573]
[739944.2576216538, 1392818.7034879976]
[739950.1912949287, 1392811.3500060956]
[739962.3973576346, 1392797.0000360978]
[739971.4328017789, 1392774.4372944862]
[739977.7043304343, 1392770.0512332744]
[740001.5951238978, 1392741.954744758]
[740011.372153752, 1392740.09877839]
[740048.1003420608, 1392713.4032839672]
[740068.5781092925, 1392687.1457467878]
[740156.0067792626, 1392587.5641331156]
[740203.0330340092, 1392541.043896324]
[740307.4620124751, 1392448.2565952789]
[740403.1149313656, 1392358.4621651738]
[740468.3026876571, 1392281.660667614]
[740510.7512709593, 1392151.8502742816]
[740616.69614751, 1392108.2444739817]
[740740.9057477048, 1391998.35455494]
[740781.7174831611, 1391985.9397604126]
[740861.0551488496, 1391927.4522312079]
[741130.4662362331, 1391770.4250737752]
[741321.7086418908, 1391678.6961109254]
[741328.059854243, 1391615.817264319]
[741524.2044484508, 1391597.6587524617]
[741574.6081696706, 1391594.334387008]
[741778.489744526, 1391218.4760957104]
[742138.0223841378, 1390733.0503198074]
[742198.2619760716, 1390266.2190193427]
[743498.4319360071, 1388917.509664717]
values
[739556.0931592846, 1394898.8461534623]
[739571.2412239504, 1394806.692380223]
[739572.4787081492, 1394759.8360176638]
[739573.9429436554, 1394731.0085911248]
[739579.6039685021, 1394644.204880892]
[739580.6235487781, 1394625.9237136336]
[739584.3062095583, 1394578.1582641802]
[739586.9839213653, 1394497.8173610335]
[739589.0858829488, 1394475.413725805]
[739594.3666260549, 1394412.2342041144]
[739601.4536754471, 1394348.1919950328]
[739602.5486109187, 1394330.7618378385]
[739609.5789095769, 1394227.9551625515]
[739613.160314463, 1394185.1861841227]
[739616.0033347672, 1394150.187016226]
[739620.6969208454, 1394073.4967492158]
[739623.5633753358, 1394046.299200708]
[739636.1741704019, 1394015.0787083374]
[739636.2578312907, 1394009.9393554488]
[739636.4521283724, 1393936.0781916694]
[739641.8887005656, 1393701.524820799]
[739666.34591421, 1393680.279983717]
[739670.0031796618, 1393665.245063734]
[739683.7918816874, 1393562.9392533586]
[739690.1420485498, 1393528.9704001234]
[739690.4022055492, 1393516.6617969377]
[739695.2874942987, 1393496.3430086968]
[739705.4134159551, 1393420.951834999]
[739712.6703728524, 1393370.319892748]
[739726.723744262, 1393310.3723918602]
[739727.1112762453, 1393285.9174566483]
[739751.5215512981, 1393180.9350523374]
[739752.2145669879, 1393142.8334718249]
[739758.6524518235, 1393113.8259243644]
[739776.2269326905, 1393035.915176818]
[739788.6339897565, 1392973.690672336]
[739809.231463493, 1392872.0048050438]
[739812.9042230082, 1392849.715455256]
[739832.7836179802, 1392574.6932710824]
[739876.5524629635, 1392265.1873273556]
[739918.3061475613, 1392085.3696971086]
[739950.2936799473, 1392061.4604446937]
[739950.5370247093, 1392055.96941131]
[739985.771461468, 1392029.6667454687]
[739995.4194709541, 1391910.2928725926]
[740044.5023956554, 1391805.2143493656]
[740077.3591146728, 1391740.3606551567]
[740105.602561103, 1391586.541363954]
[740255.8674514068, 1391575.1175313676]
[740279.9953469611, 1391505.572505209]
[740327.873892366, 1391479.9869424505]
[740337.2506165451, 1391418.7091375485]
[740337.4182644889, 1391402.7272712716]
[740337.8329182281, 1391370.8695469953]
[740403.6329124068, 1391366.3337253262]
[740420.6344184666, 1391338.3612726969]
[740440.7886599754, 1391252.3518236566]
[740508.8440312382, 1391230.2548692806]
[740513.4810179154, 1391210.6205326284]
[740532.0698542418, 1391194.7715368234]
[740540.7447365278, 1391193.0744338615]
[740544.8410791258, 1391187.9061811992]
[740550.8417267831, 1391121.9699210087]
[740576.4957289515, 1391083.021805479]
[740592.1182042258, 1391057.1279785868]
[740650.3700753071, 1391037.8741451544]
[740654.8750854795, 1391025.2506140065]
[740655.4388005706, 1390969.4428396157]
[740674.4855621147, 1390938.3916381064]
[740724.5527602286, 1390923.6796958158]
[740733.6783086506, 1390898.455618769]
[740737.583248466, 1390857.8306533908]
[740740.9018487982, 1390853.3918470778]
[740780.294312756, 1390848.4958860455]
[740796.7865190187, 1390816.8698931043]
[740802.5429145548, 1390808.4161388378]
[740823.0657447402, 1390800.1300704202]
[740829.9642783649, 1390740.8030428502]
[740865.0265263208, 1390734.2694597344]
[740908.6099431607, 1390691.0055624077]
[740909.0905755647, 1390683.6540811197]
[740922.6269278493, 1390631.677238641]
[740947.1645323689, 1390616.092200771]
[740982.9476706237, 1390589.247441922]
[740983.6724990875, 1390587.373154688]
[741010.6221034054, 1390535.7454201619]
[741018.8904203483, 1390526.015275016]
[741058.4626353272, 1390505.9966776138]
[741064.695880581, 1390504.908468749]
[741096.6369001517, 1390467.8144352743]
[741097.8358255486, 1390463.1466070795]
[741118.7551652757, 1390423.8180212907]
[741164.2892314774, 1390418.0007669905]
[741176.2739170261, 1390382.7741271234]
[741243.998949274, 1390347.301543992]
[741254.4684689315, 1390300.4415794073]
[741298.2233107887, 1390278.6772643072]
[741313.1433593344, 1390266.673941872]
[741319.5086787173, 1390238.2108990764]
[741329.2890264753, 1390229.821265541]
[741404.4929520531, 1390173.112293723]
[741406.4310389011, 1390164.6869946558]
[741419.5108845648, 1390154.0336736015]
[741429.6732933641, 1390145.9660744919]
[741434.800350537, 1390141.9792141512]
[741439.9579774122, 1390138.0236481242]
[741471.3388653742, 1390113.1602316324]
[741495.3263138941, 1390093.1846213753]
[741526.2104375133, 1390075.45282748]
[741532.7718499996, 1390064.8097993375]
[741547.4171121002, 1390061.9139636615]
[741554.2278874696, 1390049.6945110369]
[741554.2278874697, 1390049.6945110366]
[741562.2025387483, 1390044.8910690392]
[741597.1341074442, 1390044.1853866412]
[741598.6078651218, 1390020.96664834]
[741630.3889114611, 1390003.8546992838]
[741642.371403264, 1389998.4216624976]
[741644.9454214515, 1389994.2428812617]
[741654.5848807007, 1389990.9744743768]
[741702.4117803933, 1389977.4782446746]
[741711.1665804647, 1389972.608622733]
[741712.6339537938, 1389964.2945172559]
[741719.7545311133, 1389951.969509073]
[741743.4950566961, 1389946.8099122315]
[741753.7876654656, 1389934.7879151232]
[741787.3280271695, 1389934.7410285121]
[741792.4441979207, 1389918.679735082]
[741794.9730474699, 1389915.623935036]
[741805.5745971231, 1389913.5610920729]
[741819.0790770842, 1389861.437418143]
[741924.7608614871, 1389855.296163716]
[741944.3726304446, 1389849.060038574]
[741982.7388301493, 1389842.6245126992]
[741989.3498437718, 1389833.6394010363]
[742025.2496040607, 1389826.6124518504]
[743498.4319360071, 1388917.509664717]
end_solutions
[10.51911175709418, 22.3003241082481, 6.513028296603814, -19.60210871750234, 14.805713277509145, 1.3197246174180393, -7.320366183409883, -0.4932255718894205, 4.800219297187968, -9.165476699099425]
[10.51911175709418, 22.3003241082481, 6.513028296603814, -19.60210871750234, 14.805713277509145, 1.3197246174180393, -7.320366183409883, -0.4932255718894205, 4.800219297187968, -9.165476699099425]
[10.515514443439013, 22.27071456307802, 6.504029133690479, -19.58921624775921, 14.829555269388164, 1.3206085884410979, -7.295735640134393, -0.49588665693452527, 4.799676112285892, -9.17743001303817]
[10.515514443439013, 22.27071456307802, 6.504029133690479, -19.58921624775921, 14.829555269388164, 1.3206085884410979, -7.295735640134393, -0.49588665693452527, 4.799676112285892, -9.17743001303817]
[10.51069758396503, 22.224217763500608, 6.485944923040876, -19.569729177809446, 14.86457452344856, 1.323358746303331, -7.258505005398227, -0.49946043055584055, 4.799047623202835, -9.19647145532014]
[10.51069758396503, 22.224217763500608, 6.485944923040876, -19.569729177809446, 14.86457452344856, 1.323358746303331, -7.258505005398227, -0.49946043055584055, 4.799047623202835, -9.19647145532014]
[10.511195739013164, 22.226662618923676, 6.485731588104068, -19.570977194020774, 14.862020168924706, 1.323615509776505, -7.260889078249511, -0.49909429273489797, 4.799146762697161, -9.195550088602854]
[10.511195739013164, 22.226662618923676, 6.485731588104068, -19.570977194020774, 14.862020168924706, 1.323615509776505, -7.260889078249511, -0.49909429273489797, 4.799146762697161, -9.195550088602854]
[10.510685319841004, 22.18446765697579, 6.4522309953137595, -19.556593294419805, 14.883357311849638, 1.331782387558513, -7.233258456822642, -0.4997430503855817, 4.799584165318323, -9.21388563874115]
[10.503803400028737, 22.15911350107825, 6.462637333444269, -19.54207940772276, 14.914865909508933, 1.326288413482387, -7.205530283074399, -0.504795045323441, 4.798091957382081, -9.222875223275846]
[10.516465802287023, 22.118000595945393, 6.369498823037759, -19.53970625414649, 14.898644956717563, 1.3547421390212826, -7.200597343854087, -0.4962015700961378, 4.80201394004712, -9.244699943687511]
[10.516465802287023, 22.118000595945393, 6.369498823037759, -19.53970625414649, 14.898644956717563, 1.3547421390212826, -7.200597343854087, -0.4962015700961378, 4.80201394004712, -9.244699943687511]
[10.503292980856575, 22.11691853913036, 6.429136740653961, -19.52769550812179, 14.936203052433864, 1.334455291264395, -7.177899661647531, -0.5054438029741247, 4.7985293600032435, -9.241210773414142]
[10.48651183865464, 22.111615672570863, 6.501779846246495, -19.511098417902247, 14.985902054164153, 1.309443349271182, -7.146492700721716, -0.5172452670767738, 4.794143485912178, -9.238484958958736]
[10.476947337995677, 22.114754425500294, 6.548412575886365, -19.50367401607239, 15.011319243866467, 1.2938815957506198, -7.1325042972344175, -0.5239282687300986, 4.791560199915491, -9.234232432867406]
[10.465258615957541, 22.109791751962263, 6.597936782986617, -19.491693855210947, 15.046537326942795, 1.2767274897322927, -7.109821183475332, -0.5321578038171095, 4.788522402994484, -9.232889289646327]
[10.450713514003187, 22.10274941242732, 6.658822973005356, -19.476500501227278, 15.090768193148907, 1.255567506511918, -7.081046500709801, -0.5424037316009152, 4.784754133316733, -9.231598402619424]
[10.423890219025168, 22.081066537972642, 6.788302441320379, -19.44131244011233, 15.191957554890976, 1.2056309450375307, -7.011435083495561, -0.5655451594901769, 4.777258385706267, -9.229082206740229]
[10.40770175529576, 22.083105105604595, 6.867406548435666, -19.42714821954395, 15.238388502889483, 1.178452227529045, -6.984354723474608, -0.577382643292143, 4.772850542795758, -9.222844532931216]
[10.41689003928137, 22.006118139046894, 6.791634498519786, -19.40428410706, 15.268979571630688, 1.1925694881624564, -6.9365526047678365, -0.5768997192294497, 4.775475199643331, -9.254227578210404]
[10.405433966885177, 22.021525867358935, 6.853979032231237, -19.39983307971124, 15.291778975366844, 1.173224458889227, -6.928718064350488, -0.5842439845407146, 4.7723149225682375, -9.244576760084978]
[10.41689003928137, 22.006118139046894, 6.791634498519786, -19.40428410706, 15.268979571630688, 1.1925694881624564, -6.9365526047678365, -0.5768997192294497, 4.775475199643331, -9.254227578210404]
[10.405433966885177, 22.021525867358935, 6.853979032231237, -19.39983307971124, 15.291778975366844, 1.173224458889227, -6.928718064350488, -0.5842439845407146, 4.7723149225682375, -9.244576760084978]
[10.385199595707423, 22.110300779833878, 6.989439487785351, -19.417010865920986, 15.285995955139779, 1.1399736191722871, -6.966040037700781, -0.5922010414366847, 4.766625775068717, -9.204882590517208]
[10.374636114516107, 22.145028326762873, 7.055374484207206, -19.421253118874645, 15.291668082976141, 1.1224416628422307, -6.9758691820117615, -0.5973014821724297, 4.763675966877178, -9.188434261286144]
[10.364072633324792, 22.179755873691867, 7.121309480629061, -19.42549537182831, 15.297340210812505, 1.1049097065121742, -6.985698326322743, -0.6024019229081747, 4.760726158685641, -9.171985932055078]
[10.353509152133476, 22.214483420620862, 7.187244477050916, -19.42973762478197, 15.30301233864887, 1.0873777501821178, -6.995527470633725, -0.6075023636439197, 4.757776350494103, -9.155537602824012]
[10.312963232405032, 22.26453753694556, 7.393980868767581, -19.41427380070624, 15.37943313937773, 1.0251111946686686, -6.969493808434242, -0.6318043471756974, 4.746925515473237, -9.124966133837944]
[10.312963232405032, 22.26453753694556, 7.393980868767581, -19.41427380070624, 15.37943313937773, 1.0251111946686686, -6.969493808434242, -0.6318043471756974, 4.746925515473237, -9.124966133837944]
[10.282645672608409, 22.311891525600515, 7.553883859834128, -19.406533176912305, 15.42992749032424, 0.9780605864667844, -6.9577243341447375, -0.649376987070663, 4.738761361990325, -9.098256903170014]
[10.261853831485274, 22.349319200199254, 7.666652256906103, -19.403052229584173, 15.461526067942954, 0.9453126828251631, -6.95328929054574, -0.6612067714432202, 4.733124872260833, -9.07794633562081]
end_values
[ 742191.10636026 1389827.04103799]
[ 742191.10636026 1389827.04103799]
[ 742096.15848589 1389829.89067498]
[ 742096.15848589 1389829.89067498]
[ 741978.01717828 1389837.40518643]
[ 741978.01717828 1389837.40518643]
[ 741989.34984377 1389833.63940104]
[ 741989.34984377 1389833.63940104]
[ 741968.98230333 1389803.130482  ]
[ 741823.8561725 1389873.9174244]
[ 742087.10863393 1389695.98485651]
[ 742087.10863393 1389695.98485651]
[ 741819.07907708 1389861.43741814]
[ 741495.32631389 1390093.18462138]
[ 741319.50867872 1390238.21089908]
[ 741118.75516528 1390423.81802129]
[ 740886.86635814 1390671.62578162]
[ 740386.09296727 1391187.3055369 ]
[ 740178.32988498 1391536.24511651]
[ 740197.16930667 1391370.28229196]
[ 740075.7046771  1391620.06350585]
[ 740197.16930667 1391370.28229196]
[ 740075.7046771  1391620.06350585]
[ 739950.53702471 1392055.96941131]
[ 739887.00486152 1392309.16229904]
[ 739832.78361798 1392574.69327108]
[ 739787.85778989 1392852.57811187]
[ 739609.58222253 1393974.43510826]
[ 739609.58222253 1393974.43510826]
[ 739556.09315928 1394898.84615346]
[ 739557.64289913 1395578.39926431]
