values
[424.4195448225708, 3210.8400106547606]
[424.60669289083137, 2635.1511980998484]
[425.87396956717885, 2552.5333820038322]
[447.5628864871896, 2385.79279670096]
[457.4151019894386, 1995.2925353802168]
[468.0149573717922, 1877.2444897876253]
[473.7137027240286, 1843.1838260490642]
[493.250902842594, 1694.692882514398]
[504.5257286936723, 1662.1214851389318]
[516.0267023451346, 1550.8152538331562]
[516.8530038764338, 1506.7883401799984]
[523.3825491217439, 1499.7810700766122]
[528.0119095471237, 1452.6189821456117]
[532.1412931772988, 1450.2083808245418]
[535.066576159135, 1445.4641551035247]
[536.2710387809924, 1429.6245423998303]
[541.4364635805863, 1426.1037475989233]
[542.0411012316505, 1415.739197189048]
[543.7186457362187, 1410.851718235581]
[546.9168219597069, 1409.682372190201]
[549.1299630916903, 1402.3694554369065]
[550.8734482069315, 1401.4471717491588]
[553.1573607120915, 1397.458332967038]
[553.681608488738, 1394.1136286843853]
[568.246942564686, 1372.9492526858915]
[574.5550865644732, 1358.7440950967755]
values
[415.98091526420797, 2670.185084155075]
[416.10784299218903, 2582.946679318305]
[417.039678375583, 2481.490033656584]
[418.52991294902523, 2476.4949736964663]
[418.6218610891111, 2380.051416261615]
[421.09612554833444, 2355.112554477493]
[428.208684086125, 2275.6543053435093]
[428.2289395703541, 2041.328488854841]
[431.29963993686545, 1954.1983252224868]
[434.9628283331897, 1834.493485078107]
[440.8480614044697, 1289.0004792861087]
[458.8797471521222, 1190.1195089489236]
[464.2607396842129, 1156.7756681918472]
[475.42565384034646, 1156.5520572017174]
[478.31363126781605, 1154.0792240337153]
[479.40749129270404, 1144.2712312207166]
[482.1320821413724, 1102.9841230086722]
[489.0062236323417, 1078.6558502528085]
[491.7386860800222, 1010.8505860954824]
[491.96159389189927, 1010.8372413996364]
[493.27641950636007, 1010.3960781991307]
[494.60809749012526, 1010.0477119275187]
[494.76656106436803, 1005.1545316435447]
[497.52494273072864, 1003.205383475401]
[503.2314055943572, 1001.0942406983311]
values
[402.1498197116324, 2338.1590173865297]
[402.16525859947745, 2333.0807741592816]
[404.0927033972051, 2016.5715967909223]
[404.2932182181414, 2008.1736242970064]
[404.54266664701834, 1994.4196062320827]
[404.7403224336041, 1977.2587620458276]
[410.0855451937821, 1751.255711727812]
[411.89850760290705, 1706.5434528329597]
[412.3127409909895, 1697.8847644193443]
[414.28838664082195, 1653.3477935813016]
[418.2142442779868, 1587.7150008467831]
[419.2100636872322, 1514.9802186185307]
[420.2061963754079, 1512.5810888930741]
[423.01254801015534, 1452.0640183003027]
[425.23519654679774, 1434.690507056131]
[429.113317087109, 1350.3140067994323]
[432.0232978316623, 1326.8600376174209]
[436.840963143263, 1223.274359622433]
[438.64140934341737, 1201.5436329912422]
[442.1455187815353, 1163.2016975847512]
[443.40680995930865, 1153.8707560512792]
[444.65181823435637, 1140.024928250425]
[444.7143320865769, 1139.3815574777366]
[445.8560496333836, 1128.5570709894898]
[447.27554525747814, 1117.7584911283056]
[447.52008294860025, 1114.7767861705797]
[447.6315253738292, 1114.0237443310689]
[448.55790999128527, 1107.1281501474673]
[450.5715411161496, 1096.8807593395834]
[451.66228660662426, 1084.970137280188]
[452.43845664383355, 1082.854728090845]
[452.60251190843627, 1081.6720100407797]
[453.00155857948516, 1076.6927093924428]
[454.06485245799786, 1072.0892944870077]
[454.3578754309838, 1070.285935970553]
[454.4097518705901, 1068.7635624021907]
[454.6541477362092, 1068.4993119632807]
[454.6580070627307, 1067.1020462439383]
[455.2184968813886, 1065.1950609592059]
[455.2564403433785, 1064.9762993618901]
[455.8008292479742, 1061.8882050933012]
[455.9891187106462, 1060.8307119064063]
[456.0146831689917, 1060.738593995227]
[456.2208835204459, 1059.6413401908906]
[456.2702444535557, 1059.3522312641762]
[456.5296758902391, 1057.9065732004153]
[457.069771856342, 1055.178217928689]
[457.24959760841034, 1054.2638220707647]
[457.4473216914096, 1053.2546511618086]
[457.5282428044367, 1052.3822460058093]
[457.6463870137626, 1052.2526241433911]
[458.01682236071974, 1050.4875611318462]
[458.3454133857108, 1048.5471958153744]
[459.19878994497327, 1044.977044559836]
[459.795264502759, 1042.3416593047764]
[459.9138578349931, 1041.8575765530531]
[460.18259476919195, 1040.6755704275777]
[460.54268504321766, 1039.2122803147934]
[460.78109482720845, 1038.2339288705236]
[461.2209876712845, 1036.4447372005643]
[461.8305891283976, 1034.080568901173]
[461.911989943266, 1033.7532267050265]
[461.91684600427186, 1033.725707785774]
[462.1137767806444, 1032.9761164522527]
[462.4896048068125, 1031.583211730771]
[462.5727433464042, 1031.2748382583482]
[462.87889733621597, 1030.1605414704202]
[462.90692712429427, 1030.054244903416]
[462.96314387435694, 1029.9093598036502]
[463.04750853665223, 1029.6813405175326]
[463.2165922337057, 1029.295577427799]
[463.63119811696276, 1027.4833254759405]
[464.17671558396, 1026.835149369328]
[464.18894796109265, 1026.8259022473808]
[464.2255729562851, 1025.4574059684442]
[464.4419497255784, 1024.7334935635254]
[464.50576186305614, 1024.5488953727722]
[464.62576105011476, 1024.4225742835727]
[464.7038982835902, 1023.8664013213211]
[464.8394286460472, 1023.4859709027453]
[464.8786436866829, 1023.2971916732138]
[465.05401929120745, 1022.7313463691515]
[465.09585454556264, 1022.6046697437259]
[465.161660757248, 1022.4239218383489]
[465.21352672295575, 1022.2635837225033]
[465.2537002596369, 1022.0950118868539]
[465.49343626533425, 1021.338468420212]
[465.55472952054026, 1021.1617059745583]
[465.5823961943373, 1021.0584052643158]
[466.0993452832664, 1019.4681206265093]
[466.1790814052023, 1019.2446182410876]
[466.18076621688044, 1019.2236321929608]
[466.2992941629725, 1018.8649167727592]
[466.3677939833272, 1018.7380106545681]
[466.4225119849999, 1018.5103020355881]
[466.4797113789523, 1018.326110947206]
[466.8139742532446, 1017.5343996366588]
[466.8416977296972, 1017.2608180761162]
[466.8622527484272, 1017.2016342940631]
[467.029974538769, 1016.8332227672973]
[467.20622033043196, 1016.2091115370666]
[467.25704488128065, 1016.069980724855]
[467.9457363583381, 1014.1382900101237]
[468.3391470763021, 1013.0715553525819]
[468.49990810369786, 1012.8972272052396]
[468.63628106891815, 1012.2740922313521]
[468.6767899096423, 1012.2112174786844]
[468.6979554952449, 1012.123321889503]
[468.86043559114603, 1011.724843090156]
[468.8930616955831, 1011.6020309631599]
[468.9344344411379, 1011.5058360854166]
[469.05074430384593, 1011.1942034011532]
[469.1014299947359, 1011.1734002867322]
[469.35453753850925, 1010.7385100347324]
[469.46223036436453, 1010.1520068980666]
[469.5739740080774, 1009.8611907722825]
[469.6141765053834, 1009.7610130851158]
[469.6865206150719, 1009.6133467767983]
[469.79022118730757, 1009.3210290046578]
[469.80294314818946, 1009.3037718472947]
[469.8563742958181, 1009.1615764081588]
[469.87337601278045, 1009.1144109136987]
[469.88935321332536, 1009.0520734833932]
[469.9092000367307, 1009.032906604768]
[469.9385145092863, 1008.9571944728784]
[469.9447846530946, 1008.9514887498966]
[470.00337558739477, 1008.8315258236314]
[470.18794337776694, 1008.4796909291645]
[470.20949853298634, 1008.3552434930023]
[470.36829931987626, 1007.9055674268096]
[470.58656571802476, 1007.3896043111607]
[470.8889150904207, 1007.1762711080436]
[470.9535660637256, 1006.5263005632014]
[470.9987849920329, 1006.4241707099765]
[471.04792532762474, 1006.3335572429553]
[471.19160587440285, 1006.0128408390332]
[471.2722450135891, 1005.807512227037]
[471.4980128460868, 1005.3005492001595]
[471.5848678157654, 1005.2158843622989]
[471.7885328945538, 1004.6322732223473]
[471.926800458677, 1004.3384210421962]
[472.07929979496305, 1003.9983889089555]
[472.0909782565394, 1003.9754986316354]
[472.1627200238447, 1003.8097778289867]
[472.184687544353, 1003.8037367678052]
[472.20909999653225, 1003.7122192058046]
[472.36257521851564, 1003.3782800845357]
[472.46644141445125, 1003.3611056077248]
[472.5858086463419, 1002.9037003360753]
[472.63747258182667, 1002.8255252441676]
[472.787022509574, 1002.4796776237748]
[473.24675710342393, 1001.5308942329062]
[473.3481793912535, 1001.3203145165581]
[473.3819825936513, 1001.2703918580441]
[473.3956614904369, 1001.2264366272888]
[473.46353239181616, 1001.1168341642228]
[473.5019498945661, 1001.0535635749916]
[473.53846129529416, 1000.9492401718421]
[474.21316519229197, 999.6125464695413]
[474.28845738071914, 999.4645738687236]
[474.43498072580843, 999.2661864932641]
[474.4467044284158, 999.2032941006888]
[474.54018823406193, 998.9896093155139]
[474.55516309425934, 998.9579958363631]
[474.6037473199385, 998.8676186533528]
[474.64152608185634, 998.8146549299238]
[474.8012476359036, 998.5609670442135]
[474.9941301318663, 998.1409311366795]
[475.04365665585385, 998.0879226634698]
[475.43602731040755, 997.3400592971243]
[475.6459657279888, 996.9669089726269]
[475.7538913954224, 996.7790311720572]
[475.83335748503725, 996.638319749838]
[475.8831027550968, 996.5519963762484]
[476.0478336660373, 996.2697114042732]
[476.1828116510284, 996.0498913506887]
[476.3935587206545, 995.6879216590852]
[476.4486672584518, 995.6458310965526]
[476.5972466141169, 995.3353370336542]
[477.0197240722097, 994.6407849094104]
[477.1353393822883, 994.4582909353533]
[477.5910020758362, 993.7364761248523]
[477.83282073372095, 993.3828177209455]
[477.85546690853886, 993.3668112201019]
[478.12665298453237, 992.9250069468752]
[478.2783327785742, 992.6802856630821]
[478.429762683327, 992.5411661835294]
[478.4482594773384, 992.3976505954436]
[478.48713510068706, 992.3812182687122]
[478.51317614483264, 992.3418928687273]
[478.56891518853934, 992.2876360846767]
[478.6527133595015, 992.1430628887925]
[478.7021204492713, 992.0202423998751]
[478.87270224617964, 991.825907603606]
[478.9004548496304, 991.7898177303558]
[478.9021879625735, 991.7744721883284]
[479.24770281112615, 991.3408680078323]
[479.29368843775484, 991.222810244043]
[479.3782102576571, 991.0793270395487]
[479.4626463210346, 991.0066077439774]
[479.50646357852804, 990.9179344749919]
[479.52113439413176, 990.8494309522008]
[479.6254685540754, 990.7602014341421]
[479.6785867767221, 990.6865946044943]
[479.6914682070548, 990.6803134975682]
[479.77848500003984, 990.5350789724815]
[479.7996206576702, 990.4834765593869]
[480.0470992616617, 990.223736312419]
[480.0907552228107, 990.0838234702134]
[480.19939464250166, 990.0103815378513]
[480.34996256761724, 989.7319995773048]
[480.4320266314999, 989.6786510415443]
[480.60991047923363, 989.3878693753462]
[480.81406443866285, 989.2476893581032]
[480.86321749235407, 989.1356809714578]
[480.86956318117257, 989.0955694103652]
[480.951618731301, 989.0810991417425]
[480.9963918360497, 988.9878352755701]
[481.1112949075359, 988.7692763931675]
[481.3687810342067, 988.6716356465904]
[481.4629980305517, 988.3487287664693]
[481.46549994803166, 988.3475413965738]
[481.59238901889046, 988.2105942898029]
[481.65126713631344, 988.1888518777569]
[481.70446425179756, 988.0413777001866]
[481.83766185303944, 987.890458601371]
[481.93929580916586, 987.8684228585478]
[481.96864256041385, 987.7212855572835]
[482.0670682917285, 987.6894817032849]
[482.2926382785172, 987.4257793666934]
[482.30235588495316, 987.3388899110086]
[482.3294900144051, 987.3348278188081]
[482.57127936384825, 987.0512282300512]
[482.94350680866637, 986.6839332078042]
[483.13265443483664, 986.5142478827534]
[483.47312315390485, 986.157204977251]
[483.6948566222921, 986.0426814358714]
[483.75090867952395, 985.8772024783432]
[483.82748041236914, 985.7329566913133]
[483.87220904568915, 985.6692150753365]
[483.9791396331826, 985.5760206794437]
[484.03405820517276, 985.5033687293586]
[484.215665967319, 985.4698774488346]
[484.23526740783564, 985.3129882055589]
[484.2936796737383, 985.2539346377936]
[484.4106219411707, 985.1365366196475]
[484.6128447378473, 984.9519394353857]
[484.84145306253174, 984.7041004522633]
[484.8928539655356, 984.6772121329573]
[484.91463070822005, 984.6656650291575]
[485.16918733714544, 984.4325683400958]
[485.3470081959242, 984.2617547831279]
[485.35123192742043, 984.2584301960125]
[485.4682583273763, 984.1639821757792]
[485.76127784219125, 983.9064527489143]
[485.7818827762794, 983.8744579407501]
[486.2151732698095, 983.5156322859863]
[486.23079628577057, 983.5035987330398]
[486.3098844285704, 983.4718646230828]
[486.33933471575006, 983.4295739465745]
[486.3426427315935, 983.421473644822]
[486.55610965964735, 983.3541887652822]
[486.682163352418, 983.1461038564051]
[487.2302511970754, 982.7983878885085]
[487.5270099443806, 982.5321600692847]
[487.5692976355476, 982.4784607021941]
[487.71664917710086, 982.3753047745516]
[488.01211696826687, 982.1731954385464]
[488.5256789066151, 981.8499371689321]
[488.5384742556157, 981.8437777623002]
[488.711667820585, 981.8025232395472]
[488.7621867447366, 981.697011773267]
[488.8669303450906, 981.6532348304282]
[488.9614562654874, 981.5749550169161]
[489.3326416533258, 981.3715751876261]
[489.49196970427454, 981.277186421229]
[489.65871425156683, 981.2218540549704]
[489.7193984285698, 981.1302905624837]
[490.0154148296382, 980.9673746701824]
[490.12473101243575, 980.6601945475443]
[490.6487981037937, 980.6424929685211]
[490.8351225028875, 980.0541698507694]
[491.52952772735193, 979.7260102530387]
[492.472964643641, 979.5159161356698]
[492.81698999926647, 979.3735537291549]
[493.4688896765207, 978.7183740248273]
[494.6490253565202, 978.5413005115323]
values
[402.1498197116324, 2338.1590173865297]
[402.15262069284654, 2326.0880290642845]
[402.1639659746984, 2318.198992721322]
[402.3440606617785, 2306.832548168002]
[402.6561064497859, 2262.9407047953755]
[402.8858790770354, 2109.776191679247]
[403.28434479883117, 2060.7388945782623]
[403.3836134953039, 2053.764207438205]
[403.51519765309274, 2046.9262057488254]
[404.0927033972051, 2016.5715967909223]
[404.2932182181414, 2008.1736242970064]
[404.54266664701834, 1994.4196062320827]
[404.7403224336041, 1977.2587620458276]
[406.659819158948, 1956.0742180783511]
[407.2288712773782, 1873.1800999552047]
[407.23999182824036, 1864.2196328845666]
[407.5443345430645, 1838.2452277239574]
[407.67930447124206, 1830.1225638319174]
[408.6923589918862, 1791.388574765648]
[409.16105229428956, 1775.2953250996607]
[409.7675994836995, 1759.7911810062828]
[410.0855451937821, 1751.255711727812]
[411.23920923036576, 1728.0598051319505]
[411.4746644145056, 1713.788310733692]
[411.89850760290705, 1706.5434528329597]
[412.3127409909895, 1697.8847644193443]
[412.7901363615754, 1690.8429929762028]
[413.2998471934774, 1683.9386173056937]
[414.28838664082195, 1653.3477935813016]
[415.8345057235145, 1608.8882233511608]
[416.1966016631516, 1589.6010858149616]
[416.5121517399413, 1579.6366837626515]
[417.04198533968963, 1561.8247781073069]
[419.2100636872322, 1514.9802186185307]
[419.90936506737944, 1497.0831476631192]
[420.1749144186539, 1492.6623924028454]
[420.3689094874857, 1488.6209991737014]
[421.84629739236783, 1459.4660245587424]
[423.01254801015534, 1452.0640183003027]
[423.4736391640604, 1433.832685472825]
[425.33015207284404, 1409.0293099006954]
[426.34434770364504, 1396.939111073801]
[427.73480762973236, 1372.0921305167149]
[429.113317087109, 1350.3140067994323]
[430.0248167756944, 1333.3876239999815]
[432.0232978316623, 1326.8600376174209]
[432.7232463501918, 1289.2847041561197]
[433.72970381100595, 1269.8062805240277]
[433.75187943227183, 1269.3303944968336]
[435.529283118101, 1241.5194942242044]
[436.840963143263, 1223.274359622433]
[438.64140934341737, 1201.5436329912422]
[439.5924157405279, 1191.1477573366305]
[439.7081022021435, 1190.3478163375244]
[440.34421919124674, 1182.3590862756541]
[441.0606321682606, 1174.6016181006723]
[441.90410196752487, 1165.6145271457974]
[442.1455187815353, 1163.2016975847512]
[442.59441328354865, 1160.5599346105737]
[442.74177306174425, 1157.1983321962862]
[442.96058219131413, 1155.060192913227]
[443.29668785239994, 1152.4614287761144]
[443.9881669654792, 1146.9732093111916]
[444.0542820460942, 1145.2991082818821]
[444.2723530284363, 1143.2309788821995]
[444.65181823435637, 1140.024928250425]
[444.7143320865769, 1139.3815574777366]
[445.04657320273566, 1136.269898114462]
[445.8560496333836, 1128.5570709894898]
[446.32435226836895, 1125.236416905187]
[446.51761650973134, 1124.2247933145675]
[446.54503605629736, 1123.4730644108804]
[447.1259265119689, 1117.8463844984908]
[447.27554525747814, 1117.7584911283056]
[447.52008294860025, 1114.7767861705797]
[447.55100183299146, 1114.4173380675581]
[447.6315253738292, 1114.0237443310689]
[447.72790425901377, 1113.3347232204744]
[448.55790999128527, 1107.1281501474673]
[448.8948939912496, 1104.1319052211484]
[449.49892892905194, 1101.7911312832555]
[449.505931607603, 1099.7245720022595]
[449.614451149689, 1098.9674583340852]
[449.76043141563343, 1097.9110088696057]
[450.20952994348215, 1094.749143539068]
[450.55327133661945, 1092.4453301664062]
[450.76149773162024, 1090.9235024271984]
[451.31119237943864, 1087.2536672998012]
[451.66228660662426, 1084.970137280188]
[451.93081245925964, 1083.2535893589538]
[452.43845664383355, 1082.854728090845]
[452.60251190843627, 1081.6720100407797]
[452.7097646774803, 1078.5583798093123]
[452.73935706665156, 1078.305260488914]
[453.00155857948516, 1076.6927093924428]
[453.09921394332935, 1076.069414861908]
[453.6753973922757, 1072.646358044311]
[453.95649549265215, 1071.0194720600896]
[454.23904738989245, 1069.4097988260703]
[454.4097518705901, 1068.7635624021907]
[454.6541477362092, 1068.4993119632807]
[454.6580070627307, 1067.1020462439383]
[454.8261379180681, 1066.1625620282512]
[454.90916179888126, 1065.7402360162723]
[455.1998674939971, 1064.191634429672]
[455.7081412195773, 1061.5146831746986]
[455.9891187106462, 1060.8307119064063]
[456.0146831689917, 1060.738593995227]
[456.09343412070524, 1059.4416783595223]
[456.2702444535557, 1059.3522312641762]
[456.3885582656866, 1057.931832284658]
[456.5296758902391, 1057.9065732004153]
[456.99936162350656, 1054.908524684702]
[457.24959760841034, 1054.2638220707647]
[457.4473216914096, 1053.2546511618086]
[457.5282428044367, 1052.3822460058093]
[457.6463870137626, 1052.2526241433911]
[457.7152406823885, 1051.5086990087873]
[457.91765000240105, 1050.6108795534772]
[458.01682236071974, 1050.4875611318462]
[458.02015852231546, 1050.0592706086406]
[458.3454133857108, 1048.5471958153744]
[458.6493247361413, 1047.1626091224384]
[458.9584749257276, 1045.785462966412]
[459.19878994497327, 1044.977044559836]
[459.2838409236056, 1044.3909466106695]
[459.5957696659873, 1043.0683336211157]
[459.67668231185, 1042.7821797355746]
[459.795264502759, 1042.3416593047764]
[459.9138578349931, 1041.8575765530531]
[459.99002086967556, 1041.5046116263711]
[460.18259476919195, 1040.6755704275777]
[460.36846775778656, 1039.7869746039237]
[460.54268504321766, 1039.2122803147934]
[460.78109482720845, 1038.2339288705236]
[460.9913062135016, 1037.284312537589]
[461.0213468012567, 1037.1586103004922]
[461.2209876712845, 1036.4447372005643]
[461.8295069058287, 1034.0510433650322]
[461.911989943266, 1033.7532267050265]
[461.91684600427186, 1033.725707785774]
[461.93674357149087, 1033.6595892166756]
[462.1137767806444, 1032.9761164522527]
[462.4896048068125, 1031.583211730771]
[462.4979702525093, 1031.5143481083294]
[462.5727433464042, 1031.2748382583482]
[462.6187184796926, 1031.0751289334403]
[462.8280325879182, 1030.313594425591]
[462.87889733621597, 1030.1605414704202]
[462.90692712429427, 1030.054244903416]
[462.96314387435694, 1029.9093598036502]
[463.0147138215739, 1029.6416884309233]
[463.2165922337057, 1029.295577427799]
[463.22563311136855, 1028.9025828736803]
[463.63119811696276, 1027.4833254759405]
[463.838919146101, 1026.886607430729]
[463.9622843259727, 1026.3705226517206]
[464.2255729562851, 1025.4574059684442]
[464.4419497255784, 1024.7334935635254]
[464.4640650002608, 1024.6583391094948]
[464.50576186305614, 1024.5488953727722]
[464.60925519403094, 1024.2023353441718]
[464.7038982835902, 1023.8664013213211]
[464.8394286460472, 1023.4859709027453]
[464.8786436866829, 1023.2971916732138]
[465.05401929120745, 1022.7313463691515]
[465.07912492876994, 1022.724693857354]
[465.09585454556264, 1022.6046697437259]
[465.161660757248, 1022.4239218383489]
[465.21352672295575, 1022.2635837225033]
[465.2537002596369, 1022.0950118868539]
[465.3344315167769, 1021.9337624693474]
[465.39885301271056, 1021.7236089297015]
[465.49343626533425, 1021.338468420212]
[465.55472952054026, 1021.1617059745583]
[465.5823961943373, 1021.0584052643158]
[465.758249689449, 1020.5222174353592]
[465.8769814239282, 1020.1364866627395]
[466.0993452832664, 1019.4681206265093]
[466.1790814052023, 1019.2446182410876]
[466.18076621688044, 1019.2236321929608]
[466.1999103531859, 1019.1826038457731]
[466.2992941629725, 1018.8649167727592]
[466.3677939833272, 1018.7380106545681]
[466.4225119849999, 1018.5103020355881]
[466.45900978341274, 1018.4145710511655]
[466.4797113789523, 1018.326110947206]
[466.5116799515323, 1018.2364147977441]
[466.6395703992614, 1017.8525960944448]
[466.64894388827264, 1017.8299825192022]
[466.74062510766055, 1017.58866912128]
[466.8139742532446, 1017.5343996366588]
[466.8416977296972, 1017.2608180761162]
[466.8622527484272, 1017.2016342940631]
[466.91327158307865, 1017.1421294212656]
[466.9704193137233, 1016.9482262180361]
[467.0098331953034, 1016.8385599222365]
[467.029974538769, 1016.8332227672973]
[467.20622033043196, 1016.2091115370666]
[467.25704488128065, 1016.069980724855]
[467.36226147339886, 1015.8812155524752]
[467.71614354835833, 1014.9582660025246]
[467.73926587060726, 1014.7072162872819]
[467.7920715804072, 1014.6519316817408]
[467.90407700420985, 1014.3085147067857]
[467.9457363583381, 1014.1382900101237]
[468.1804080109869, 1013.5244841955978]
[468.29654102140194, 1013.1837848571415]
[468.3037259817198, 1013.162214788726]
[468.3391470763021, 1013.0715553525819]
[468.4324672026378, 1012.9987413126727]
[468.49990810369786, 1012.8972272052396]
[468.63628106891815, 1012.2740922313521]
[468.64558329961307, 1012.2580132910489]
[468.6767899096423, 1012.2112174786844]
[468.6979554952449, 1012.123321889503]
[468.86043559114603, 1011.724843090156]
[468.8930616955831, 1011.6020309631599]
[468.9344344411379, 1011.5058360854166]
[469.05074430384593, 1011.1942034011532]
[469.0745359591906, 1011.1328665311828]
[469.1713430696366, 1010.9025712677185]
[469.19504951833835, 1010.8155438190659]
[469.2180744524429, 1010.7628396402154]
[469.3246960481671, 1010.5790203197812]
[469.3968239742474, 1010.3319280863786]
[469.4187273876667, 1010.2500551079847]
[469.46223036436453, 1010.1520068980666]
[469.5739740080774, 1009.8611907722825]
[469.6141765053834, 1009.7610130851158]
[469.6865206150719, 1009.6133467767983]
[469.78094855189215, 1009.3584678241044]
[469.79022118730757, 1009.3210290046578]
[469.79550409112665, 1009.3037569816453]
[469.8563742958181, 1009.1615764081588]
[469.87337601278045, 1009.1144109136987]
[469.88935321332536, 1009.0520734833932]
[469.9092000367307, 1009.032906604768]
[469.9226088555919, 1009.0165286260558]
[469.9385145092863, 1008.9571944728784]
[469.9447846530946, 1008.9514887498966]
[470.00337558739477, 1008.8315258236314]
[470.0095543911502, 1008.7754155452247]
[470.18794337776694, 1008.4796909291645]
[470.20949853298634, 1008.3552434930023]
[470.2267064043152, 1008.2526068748035]
[470.36829931987626, 1007.9055674268096]
[470.4728248327848, 1007.6454384641646]
[470.58656571802476, 1007.3896043111607]
[470.8889150904207, 1007.1762711080436]
[470.93065303951823, 1006.5737202776495]
[470.9535660637256, 1006.5263005632014]
[470.9987849920329, 1006.4241707099765]
[471.0378012295226, 1006.3468255593987]
[471.04792532762474, 1006.3335572429553]
[471.1246024538201, 1006.3041141791402]
[471.1607965619226, 1006.0456386716485]
[471.17987355281974, 1006.0175221996349]
[471.19160587440285, 1006.0128408390332]
[471.2722450135891, 1005.807512227037]
[471.4980128460868, 1005.3005492001595]
[471.5848678157654, 1005.2158843622989]
[471.7664291165638, 1004.6739336929012]
[471.77906230167747, 1004.6290078805936]
[471.91192875484467, 1004.5424518881891]
[471.926800458677, 1004.3384210421962]
[472.07929979496305, 1003.9983889089555]
[472.0909782565394, 1003.9754986316354]
[472.1334565085838, 1003.8782949520302]
[472.1416631151054, 1003.8412425048384]
[472.1627200238447, 1003.8097778289867]
[472.184687544353, 1003.8037367678052]
[472.20909999653225, 1003.7122192058046]
[472.36257521851564, 1003.3782800845357]
[472.3657073925381, 1003.3701708813875]
[472.4654679532184, 1003.1255721236429]
[472.5055642000223, 1003.0351221013209]
[472.5858086463419, 1002.9037003360753]
[472.63747258182667, 1002.8255252441676]
[472.74010399099143, 1002.5754407151715]
[472.787022509574, 1002.4796776237748]
[472.9804548725563, 1002.0732212276448]
[473.04158726550327, 1001.9713286202738]
[473.0981841402511, 1001.813900487387]
[473.1137619250163, 1001.7674669490232]
[473.2349752412016, 1001.5429374511856]
[473.24675710342393, 1001.5308942329062]
[473.33585734275994, 1001.3357516006236]
[473.3481793912535, 1001.3203145165581]
[473.35503220492615, 1001.3026297625918]
[473.3819825936513, 1001.2703918580441]
[473.3956614904369, 1001.2264366272888]
[473.46353239181616, 1001.1168341642228]
[473.5019498945661, 1001.0535635749916]
[473.53846129529416, 1000.9492401718421]
[473.5587000831306, 1000.831715464091]
[473.8251890375488, 1000.2793556370507]
[474.12155745575967, 999.7176329300752]
[474.21316519229197, 999.6125464695413]
[474.223803258561, 999.5519212126941]
[474.28845738071914, 999.4645738687236]
[474.3127438139629, 999.4054351264049]
[474.346085820772, 999.3298055237842]
[474.43498072580843, 999.2661864932641]
[474.4467044284158, 999.2032941006888]
[474.4610086454078, 999.1289209473737]
[474.5383928675543, 998.9571215702691]
[474.57713844846955, 998.9201509782316]
[474.5794478423634, 998.9127143896822]
[474.5870211294638, 998.8924850207183]
[474.6037473199385, 998.8676186533528]
[474.64152608185634, 998.8146549299238]
[474.8012476359036, 998.5609670442135]
[474.915219624061, 998.1883048386525]
[474.97745041653286, 998.1638580147102]
[474.9941301318663, 998.1409311366795]
[475.04365665585385, 998.0879226634698]
[475.0481341483952, 998.0231803562796]
[475.0663701562212, 998.0177204200342]
[475.0788689893275, 997.8213377966862]
[475.1759766095095, 997.7306893233974]
[475.208767952971, 997.6696574010238]
[475.43602731040755, 997.3400592971243]
[475.4597890313854, 997.1827547690857]
[475.6459657279888, 996.9669089726269]
[475.7213226206494, 996.8185776818985]
[475.7538913954224, 996.7790311720572]
[475.7786328067303, 996.6230968060031]
[475.8021836623602, 996.6207620705064]
[475.84998172321474, 996.5955145716557]
[475.8831027550968, 996.5519963762484]
[475.97343431384104, 996.3399135926281]
[475.99327572626544, 996.3244458309639]
[476.0478336660373, 996.2697114042732]
[476.1828116510284, 996.0498913506887]
[476.2305773780241, 995.9539059844949]
[476.3000698444076, 995.6977575254077]
[476.3935587206545, 995.6879216590852]
[476.4276381011191, 995.5768623023723]
[476.5701744897816, 995.4250079522858]
[476.5972466141169, 995.3353370336542]
[476.6769788590492, 995.2072849097252]
[476.8568441475573, 994.7190105587382]
[476.9843210112988, 994.5415789292285]
[477.1279735043081, 994.4491419949592]
[477.13706117250626, 994.430238838444]
[477.23762605190933, 994.3311422987446]
[477.3518602739867, 994.0407951345927]
[477.44946653541, 993.8232137382051]
[477.47679025293417, 993.7538054323911]
[477.57974829608145, 993.5760103958334]
[477.6769283161911, 993.3564934713563]
[477.9248109681804, 993.1479334510101]
[478.12665298453237, 992.9250069468752]
[478.1806467362735, 992.7924403029436]
[478.2298137915483, 992.6010680564101]
[478.32992552113495, 992.5190721706566]
[478.4384146185914, 992.4166311420245]
[478.4482594773384, 992.3976505954436]
[478.48713510068706, 992.3812182687122]
[478.51317614483264, 992.3418928687273]
[478.545581883163, 992.2771672309123]
[478.55035333678603, 992.0634748435979]
[478.7021204492713, 992.0202423998751]
[478.7802775634144, 991.8998464015076]
[478.87270224617964, 991.825907603606]
[478.9004548496304, 991.7898177303558]
[478.9021879625735, 991.7744721883284]
[479.1209113356178, 991.5854026644158]
[479.15476232334913, 991.1797558394054]
[479.3746555777404, 991.0542351594686]
[479.3823576225804, 990.8285960940516]
[479.39038476483825, 990.8064316153072]
[479.4280535968659, 990.7830039204372]
[479.50836321783754, 990.7799223143381]
[479.6254685540754, 990.7602014341421]
[479.6364631462784, 990.7033404062831]
[479.6785867767221, 990.6865946044943]
[479.6914682070548, 990.6803134975682]
[479.7003120147457, 990.4624647380955]
[479.9284494771556, 990.2985498190973]
[479.9321252097641, 990.2050113092148]
[480.06293106159774, 990.0405559601153]
[480.15075332387704, 989.8804442069019]
[480.24031106986934, 989.6021340421489]
[480.4574802903132, 989.5570030064557]
[480.5455020299437, 989.2971885342688]
[480.6941826470961, 989.2148763198645]
[480.76994636590325, 989.0857130274092]
[480.951618731301, 989.0810991417425]
[480.97548718644384, 988.8690176917338]
[481.1112949075359, 988.7692763931675]
[481.14301265362457, 988.7355323479417]
[481.18322769540987, 988.4249437834237]
[481.2804095190966, 988.3519328998427]
[481.43304899100247, 988.099565706479]
[481.55576000958126, 987.9068839917289]
[481.70791039540126, 987.8851181229849]
[481.83003282043165, 987.5805952963235]
[481.9221901412129, 987.5555924666819]
[482.1393913014284, 987.3183747281944]
[482.29802797976714, 987.0398849672619]
[482.66315768306083, 986.9734286489103]
[482.94350680866637, 986.6839332078042]
[483.13265443483664, 986.5142478827534]
[483.15161131139496, 986.38639602125]
[483.16933389942494, 986.3322163291248]
[483.1728075679471, 986.0326850244592]
[483.50948413606454, 985.9936906471951]
[483.72446505589573, 985.9270333008176]
[483.75090867952395, 985.8772024783432]
[483.82590316742676, 985.4606502971861]
[483.8360657773809, 985.3847017151477]
[484.0905136693266, 984.9959343401193]
[484.5557076175413, 984.8553532530814]
[484.7928176606554, 984.3953834206781]
[484.8487186113173, 984.2834213929815]
[484.98508223107314, 984.0944750699214]
[485.4119686822688, 983.8826967870988]
[485.56923368893314, 983.5622628482331]
[485.7326784317918, 983.300174913348]
[485.88945139223495, 983.245546950271]
[485.90620446503715, 983.2055733619836]
[486.0328953285683, 983.2042886513295]
[486.3992281090032, 982.8507443823529]
[486.4633316130101, 982.7127771343854]
[486.75539613385257, 982.633935943306]
[486.756252536361, 982.44936640881]
[486.8373166339351, 982.3702424554997]
[487.0419318689024, 982.091140909624]
[487.360959111262, 982.0218730874774]
[487.43361816655045, 981.9312476952377]
[487.55889913864644, 981.8835932723307]
[487.69085415006725, 981.8186255870785]
[487.7483164579778, 981.606464238108]
[488.03594645023463, 981.4681027207341]
[488.0711040160787, 981.3568404027695]
[488.3707306428052, 980.9874304246297]
[488.66876167011657, 980.8932766304491]
[488.8826529058523, 980.7214934377504]
[488.96908154187656, 980.6694813800216]
[489.11897343531035, 980.4524813608137]
[489.2997548148772, 980.3965713234601]
[489.57270337487876, 980.2378663679713]
[489.75125037924033, 980.1725963337265]
[489.81715019694445, 979.9153515483329]
[490.5688954896646, 979.6054160224285]
[490.5998106333561, 979.592285461885]
[490.79187539881184, 979.4385526864271]
[491.0342763596393, 979.349253101589]
[491.07389791010456, 979.3336482353409]
[491.0864630135255, 979.3045587623702]
[491.2860004348441, 978.9657170685374]
[491.48543386590376, 978.8354274235189]
[491.8854923196318, 978.5815678275266]
[492.37214447418063, 978.374830356202]
[492.45428978838015, 978.3262883690213]
[492.48522237848437, 978.280155403229]
[492.72134705111773, 978.171419034025]
[492.7667254537686, 978.167510040444]
[492.878440745518, 978.0827082250552]
[492.9067660502492, 977.9844695235488]
[493.52666297717, 977.7309743644885]
[493.9382034105453, 977.4474193018278]
[494.50067638219593, 977.4425820339978]
[494.6100872001984, 977.2010830466929]
[495.5293672615529, 976.8959181368224]
[495.7599919703625, 976.6775679701135]
[495.8429642023104, 976.563801805231]
[496.03156902017395, 976.5607527320398]
[496.5765851515339, 976.3473258712986]
[496.7787657098259, 976.3165020144583]
[496.8072458687551, 976.2356057237705]
[497.0044004045875, 976.1712944364454]
[497.335382496466, 976.1509145862946]
[497.49705376147574, 976.1362670166257]
[497.56351457021367, 976.1238445753917]
[497.62305655060993, 976.0174888433384]
[497.67406554120186, 976.0083788582442]
[497.7960621357864, 975.9845850700095]
[497.9949167401271, 975.9470054514335]
[498.0016808850745, 975.9328703772047]
[498.08774471927893, 975.9279865209743]
[498.1240024700877, 975.906866083199]
[498.3168737221085, 975.8941455665725]
[498.37102918076346, 975.8592812761951]
[498.6187887257374, 975.8218656991552]
[498.87117435402683, 975.7742212033703]
[499.3657797160196, 975.7708814389318]
[499.92820837650163, 975.7480389203299]
end_solutions
[2.1685232632850684, 2.745953445271273, 2.2233565229113488]
[2.16782401922043, 2.7309670041672964, 2.228195592212202]
[2.16782401922043, 2.7309670041672964, 2.228195592212202]
[2.1591683557336387, 2.705570772942915, 2.2293618552136096]
[2.153171470471518, 2.6893290229183417, 2.229673331938081]
[2.1418570287600556, 2.654778310494151, 2.231694381216425]
[2.125845822385584, 2.617274753995285, 2.2303759292835004]
[2.113172723048562, 2.586858466321183, 2.229600786903041]
[2.0826742626913104, 2.517292854106384, 2.226411894737528]
[2.0826742626913104, 2.517292854106384, 2.226411894737528]
[2.043606379210428, 2.4268133295977536, 2.22295832562975]
[2.0045384957295456, 2.336333805089123, 2.219504756521972]
[1.9215358355661052, 2.1331936092262516, 2.2166534402162505]
[1.8817665361860092, 2.035044569917386, 2.215938744656366]
[1.8446672875606178, 1.9434150431800181, 2.2153522487869237]
[1.8075680389352267, 1.8517855164426507, 2.214765752917481]
[1.6992987865177307, 1.5889017011247641, 2.214646966184462]
[1.6992987865177307, 1.5889017011247641, 2.214646966184462]
[1.5620595580956858, 1.2556181486059603, 2.2134825821339428]
[1.5359187087682709, 1.1903183090663905, 2.2136420877133802]
[1.4282077432104807, 0.9422734624580674, 2.2109377668708667]
[1.32582526836252, 0.7012870810385635, 2.2092205588730476]
[1.2181143028047297, 0.4532422344302405, 2.2065162380305336]
[1.0876449024994579, 0.16161480004430157, 2.2016369897394785]
[0.9261120462313335, -0.17316040145693012, 2.187761874368248]
[0.6996624220583939, -0.5854027468727196, 2.151873078354464]
[0.4421493419226017, -1.040792859403802, 2.1069884152605045]
[0.07865232729206573, -1.605378165425119, 2.0206424439488777]
[-0.6969369975422404, -2.4465307044741262, 1.729588594572883]
[-3.260525141288794, -2.4402639320745667, -0.05119412998082684]
[-5.698631210504494, -2.2140394580357414, -1.8095317861856124]
end_values
[499.36577972 975.77088144]
[499.24692404 975.72205044]
[499.24692404 975.72205044]
[498.87117435 975.7742212 ]
[498.62080191 975.81508056]
[498.12400247 975.90686608]
[497.50040434 976.04223928]
[497.0044004  976.17129444]
[495.8429642  976.56380181]
[495.8429642  976.56380181]
[494.36514036 977.20003801]
[492.90676605 977.98446952]
[489.8171502  979.91535155]
[488.37073064 980.98743042]
[487.04193187 982.09114091]
[485.73267843 983.30017491]
[482.08322963 987.14031482]
[482.08322963 987.14031482]
[477.67692832 993.35649347]
[476.85684415 994.71901056]
[ 473.70236702 1000.49326376]
[ 470.81232749 1006.81615535]
[ 467.94573636 1014.13829001]
[ 464.70389828 1023.86640132]
[ 461.0213468 1037.1586103]
[ 456.38855827 1057.93183228]
[ 451.66228661 1084.97013728]
[ 445.85604963 1128.55707099]
[ 435.52928312 1241.51949422]
[ 409.16105229 1775.2953251 ]
[ 402.14981971 2338.15901739]
