values
[17602.897079771945, 5006563.803194943]
[17653.70192439907, 4975349.647317263]
values
[17469.95908682319, 5130320.080793587]
[17511.497246345145, 5057425.311278736]
[17566.865303868683, 4980690.299942543]
[17599.532948299642, 4912511.20553052]
[17686.26656886415, 4864654.503714904]
[17694.980058865312, 4579347.243440213]
[17695.15135986182, 4488733.146272494]
[17720.79446016043, 4486375.2318371935]
[17722.199828800465, 4458096.632649485]
[17727.04228537608, 4457745.396258115]
[17728.698665359363, 4456799.5753503265]
[17732.593973100807, 4456493.926750002]
[17736.50859368655, 4456254.577316679]
[17737.490266464905, 4456205.789704001]
[17738.473146296023, 4456161.467372864]
[17740.44252711657, 4456086.219434292]
[17741.48195750852, 4447988.046839936]
values
[17330.48373807435, 5067996.864884736]
[17330.518961103433, 5067819.9441971285]
[17331.058300020377, 5065206.2269424135]
[17331.16565548124, 5064673.582289277]
[17331.701692840692, 5062109.4851929825]
[17331.879525585682, 5061249.116351047]
[17418.141825535164, 4786127.6787722865]
[17418.297057282554, 4785782.983355292]
[17419.6450269302, 4782699.402342212]
[17420.452687189383, 4780879.207201611]
[17421.005227302107, 4779625.785481126]
[17421.460521680776, 4778598.95768505]
[17482.490369004794, 4663097.539619517]
[17483.652185421473, 4661245.8408312565]
[17484.726530781816, 4659555.095893993]
[17487.50674626161, 4655187.868216683]
[17516.788011177356, 4612727.754502324]
[17517.10094557323, 4612296.5895253]
[17517.3215236517, 4612013.111250787]
[17517.358920130246, 4611917.559840011]
[17517.908922089147, 4611394.961599793]
[17518.25199412008, 4610739.5904383445]
[17518.349975558078, 4610603.384677649]
[17518.880719973324, 4609902.476748119]
[17570.530062260164, 4549722.012644491]
[17571.9706686986, 4548245.657437087]
[17572.282906634005, 4547923.880638698]
[17572.803186837817, 4547390.744417453]
[17573.886317618977, 4546299.338820289]
[17598.634269988295, 4522889.38841032]
[17640.66183369189, 4489988.655859496]
[17642.368644265225, 4488805.346232116]
[17644.607585450787, 4487229.629776787]
[17645.18445063807, 4486808.900257772]
[17657.425772424875, 4478650.193849007]
[17699.841050730793, 4456695.863512132]
[17700.81567925139, 4456265.832088008]
[17719.465774592925, 4448396.823646711]
[17719.988575446278, 4448170.663195558]
[17721.154241835302, 4447918.909284376]
[17721.99923251484, 4447903.139037638]
[17723.534195089072, 4447903.033786381]
[17724.0390418266, 4447795.133781342]
[17724.8751698697, 4447669.295870604]
[17726.63062602643, 4447662.117333504]
[17727.245163460968, 4447455.621730413]
[17727.546261919426, 4447362.644695385]
[17728.32020786959, 4447228.047279635]
[17728.66068959739, 4447055.663005199]
[17728.876406258776, 4446965.32529348]
[17730.87782288629, 4446479.960611786]
[17732.759961371885, 4446184.461796127]
[17733.606628226436, 4446001.922991696]
[17735.11845694107, 4445617.17779188]
[17735.330103160268, 4445390.603457559]
[17735.364587947723, 4445388.954097532]
[17735.37092031236, 4445370.983370708]
[17736.072879530766, 4443688.829735275]
[17740.581280850503, 4443621.143463855]
[17743.779752736642, 4443239.340146796]
[17745.89566841976, 4442993.233484624]
[17746.23733837087, 4442946.961350072]
[17747.432215618097, 4442939.864177134]
[17748.01666808049, 4442764.449465656]
[17748.70175695942, 4442677.875104075]
[17749.847420805898, 4442650.964968898]
[17749.901904878505, 4442530.617067785]
[17750.56932742676, 4442515.139756519]
[17751.99538691276, 4442269.359881804]
[17752.769701614594, 4442173.232152438]
[17753.381698079087, 4442022.208785697]
[17753.74910923383, 4441932.342079443]
[17755.301291215204, 4441902.941235461]
[17755.937652574263, 4441861.545936055]
[17756.314003870833, 4441578.809182761]
[17756.604162719505, 4441334.622898464]
[17758.23843309426, 4441120.658442254]
[17758.967259098572, 4441108.260288051]
[17760.349039299177, 4440990.893736334]
[17761.46987036955, 4440957.079449782]
[17762.11653564864, 4440854.664915416]
[17762.297677201164, 4440795.55854067]
[17762.69250763851, 4440749.7296977965]
[17763.001710964378, 4440694.315924277]
[17763.4114638088, 4440655.505734529]
[17763.49695312305, 4440593.385336489]
[17763.89899555183, 4440474.02160988]
[17764.236546854463, 4440332.138570867]
[17764.789620848995, 4440324.919683602]
[17765.60469835618, 4440129.287973304]
[17765.657756910216, 4440120.571113353]
[17766.17072194799, 4439903.795985938]
[17768.448687753968, 4439901.090722668]
[17768.543006799646, 4439899.888645019]
[17768.608682697082, 4439897.169256275]
[17768.78422186858, 4439828.90286445]
[17768.9148136864, 4439803.900289533]
[17768.980117463416, 4439791.427134939]
[17769.045426485824, 4439778.972735912]
[17769.17606026684, 4439754.120205595]
[17770.481055877382, 4439662.248594296]
[17771.287644232314, 4439651.223181896]
[17771.680533784485, 4439649.899970014]
[17772.291540209906, 4439642.571895338]
[17772.773223555025, 4439631.41399359]
[17773.154973002587, 4439616.959325416]
[17773.47896844934, 4439608.089578514]
[17773.586992161832, 4439605.222084255]
[17775.21671133923, 4439560.541283495]
[17775.31886186915, 4439352.353737961]
[17776.150860825313, 4439308.675209235]
[17778.122774369305, 4439280.247470715]
[17778.29977958278, 4439231.762644515]
[17778.52362782321, 4439053.066564227]
[17780.914223872773, 4438887.7520923]
[17781.739135674616, 4438792.127798961]
[17783.404185059266, 4438693.154501572]
[17784.28656304462, 4438663.034300564]
[17784.410726914004, 4437764.762426966]
[17784.60982389507, 4437691.014199316]
[17787.326273245344, 4437597.533392261]
[17788.3471950907, 4437570.464917775]
[17789.36934603005, 4437547.753103009]
[17790.53941879066, 4437501.7886882275]
[17790.58044022618, 4437477.750907272]
[17791.055854219183, 4437453.288739651]
[17792.3601512543, 4437425.236631396]
[17793.219998195033, 4437416.884132534]
[17793.285754282046, 4437413.627953137]
[17793.30326943653, 4437412.896823943]
[17793.390681344204, 4437411.144134734]
[17793.410469153605, 4437409.6070695445]
[17793.440151549843, 4437407.303931051]
[17793.441724579996, 4437406.519962827]
[17793.454993054922, 4437406.153468519]
[17793.461577099064, 4437405.312325495]
[17793.46983476465, 4437405.003743786]
[17793.473545224057, 4437404.716427878]
[17793.47725569625, 4437404.429158093]
[17793.478183316292, 4437404.357347852]
[17793.481429992757, 4437404.106034699]
[17793.48282142853, 4437403.998339873]
[17793.483865006532, 4437403.917573008]
[17793.484676679014, 4437403.854756861]
[17793.48630002581, 4437403.729131153]
[17793.523572008606, 4437401.509357965]
[17793.532890210925, 4437400.95515719]
[17793.56084531375, 4437399.29433686]
[17793.579482462206, 4437398.188608332]
[17794.739820677034, 4437380.343435323]
[17795.30188398039, 4437374.414584826]
[17795.645834687177, 4437372.07954012]
[17795.88298269278, 4437368.796014729]
[17796.83947376773, 4437365.926390535]
[17797.35985764947, 4437362.376424907]
[17797.50215000981, 4437361.146615389]
[17797.781874729746, 4437359.704537201]
[17797.78351645315, 4437359.44269886]
[17797.786799906677, 4437358.919047229]
[17797.878621686108, 4437358.257815688]
[17798.01324300113, 4437358.013097206]
[17798.194921733455, 4437357.762136334]
[17798.2040842304, 4437357.71744748]
[17798.271416382664, 4437357.671529421]
[17798.407588524897, 4437357.55828173]
[17798.50045008807, 4437356.703796057]
[17798.520312091045, 4437355.995474815]
[17798.607701264584, 4437355.566619119]
[17798.762005164954, 4437354.497228232]
[17798.98547356489, 4437353.74839653]
[17799.099999320286, 4437353.429615138]
[17799.2966995503, 4437351.181856822]
[17799.3707392839, 4437350.806387147]
[17799.52953192264, 4437349.483444085]
[17799.529531922642, 4437349.483444074]
[17799.579615712933, 4437349.2769743]
[17799.62377219397, 4437349.195750836]
[17799.675237553427, 4437348.793086544]
[17799.71095169116, 4437348.300823828]
[17799.728006136553, 4437348.240853134]
[17799.859790677237, 4437348.094126106]
[17799.87819520016, 4437347.208363123]
[17799.952896813436, 4437346.909909973]
[17799.98154326634, 4437346.769403428]
[17800.07389170211, 4437346.2941301605]
[17800.099518585528, 4437346.205427295]
[17800.114729691904, 4437346.0687892]
[17800.12537794362, 4437346.041188196]
[17800.18603729454, 4437345.838246154]
[17800.251218398076, 4437345.765972433]
[17800.28252943109, 4437345.472115945]
[17800.326586122374, 4437345.293257332]
[17800.37089040795, 4437345.264079282]
[17800.37395077166, 4437345.198877203]
[17800.377450995566, 4437345.1824618485]
[17800.407711573072, 4437344.991581278]
[17800.436965678273, 4437344.7654997045]
[17800.497491032034, 4437344.557206391]
[17800.53997830768, 4437344.402951385]
[17800.55802010704, 4437344.362192645]
[17800.60050991435, 4437344.216982289]
[17800.62175546713, 4437344.146699361]
[17800.661045242276, 4437344.044292746]
[17800.67908942083, 4437344.012003812]
[17800.744308326783, 4437343.707817921]
[17800.832126357323, 4437343.506963567]
[17801.042820930958, 4437343.249239522]
[17801.288645048742, 4437342.442089032]
values
[17328.36682378686, 5074719.622687801]
[17328.554261210134, 5074345.647237667]
[17328.630805864494, 5074220.180300558]
[17328.707927828906, 5074178.131613925]
[17328.781247309966, 5074091.710674872]
[17329.06009731265, 5073174.865674308]
[17329.216188934857, 5073001.27672133]
[17329.447326275105, 5072243.870705141]
[17329.654946834762, 5071732.022996053]
[17329.83603161412, 5070856.259769762]
[17330.101887728, 5069838.545915361]
[17330.226283285272, 5069244.680129215]
[17330.48373807435, 5067996.864884736]
[17330.518961103433, 5067819.9441971285]
[17330.608070254202, 5067397.889416464]
[17330.61300536548, 5067356.140595312]
[17330.63114541312, 5067258.707192086]
[17331.058300020377, 5065206.2269424135]
[17331.16565548124, 5064673.582289277]
[17331.701692840692, 5062109.4851929825]
[17331.879525585682, 5061249.116351047]
[17418.141825535164, 4786127.6787722865]
[17418.297057282554, 4785782.983355292]
[17419.6450269302, 4782699.402342212]
[17420.452687189383, 4780879.207201611]
[17421.005227302107, 4779625.785481126]
[17421.460521680776, 4778598.95768505]
[17479.157357895794, 4667069.270346584]
[17480.256555383305, 4666230.451914685]
[17481.245234423794, 4664594.590597181]
[17482.24085311081, 4663488.517303765]
[17482.26224699823, 4663132.448010761]
[17482.490369004794, 4663097.539619517]
[17482.535473327596, 4662967.06870845]
[17483.225306906596, 4662069.018543117]
[17483.45457046798, 4661562.367019318]
[17483.652185421473, 4661245.8408312565]
[17484.698485996465, 4660001.67353687]
[17484.726530781816, 4659555.095893993]
[17485.066004640055, 4659017.65976892]
[17485.41225467073, 4658473.33516204]
[17485.812900792906, 4657843.850725342]
[17487.50674626161, 4655187.868216683]
[17516.788011177356, 4612727.754502324]
[17517.10094557323, 4612296.5895253]
[17517.3215236517, 4612013.111250787]
[17517.358920130246, 4611917.559840011]
[17517.908922089147, 4611394.961599793]
[17518.25199412008, 4610739.5904383445]
[17518.349975558078, 4610603.384677649]
[17518.880719973324, 4609902.476748119]
[17570.530062260164, 4549722.012644491]
[17571.9706686986, 4548245.657437087]
[17572.282906634005, 4547923.880638698]
[17572.803186837817, 4547390.744417453]
[17573.886317618977, 4546299.338820289]
[17598.634269988295, 4522889.38841032]
[17640.66183369189, 4489988.655859496]
[17642.368644265225, 4488805.346232116]
[17644.607585450787, 4487229.629776787]
[17645.18445063807, 4486808.900257772]
[17657.425772424875, 4478650.193849007]
[17699.841050730793, 4456695.863512132]
[17700.81567925139, 4456265.832088008]
[17719.465774592925, 4448396.823646711]
[17719.988575446278, 4448170.663195558]
[17721.154241835302, 4447918.909284376]
[17721.99923251484, 4447903.139037638]
[17723.534195089072, 4447903.033786381]
[17724.0390418266, 4447795.133781342]
[17724.8751698697, 4447669.295870604]
[17726.63062602643, 4447662.117333504]
[17727.245163460968, 4447455.621730413]
[17727.546261919426, 4447362.644695385]
[17728.32020786959, 4447228.047279635]
[17728.66068959739, 4447055.663005199]
[17728.876406258776, 4446965.32529348]
[17730.87782288629, 4446479.960611786]
[17732.759961371885, 4446184.461796127]
[17733.606628226436, 4446001.922991696]
[17735.11845694107, 4445617.17779188]
[17735.330103160268, 4445390.603457559]
[17735.364587947723, 4445388.954097532]
[17735.37092031236, 4445370.983370708]
[17736.072879530766, 4443688.829735275]
[17740.581280850503, 4443621.143463855]
[17743.779752736642, 4443239.340146796]
[17745.89566841976, 4442993.233484624]
[17746.23733837087, 4442946.961350072]
[17747.432215618097, 4442939.864177134]
[17748.01666808049, 4442764.449465656]
[17748.70175695942, 4442677.875104075]
[17749.847420805898, 4442650.964968898]
[17749.901904878505, 4442530.617067785]
[17750.56932742676, 4442515.139756519]
[17751.99538691276, 4442269.359881804]
[17752.769701614594, 4442173.232152438]
[17753.381698079087, 4442022.208785697]
[17753.74910923383, 4441932.342079443]
[17755.301291215204, 4441902.941235461]
[17755.937652574263, 4441861.545936055]
[17756.314003870833, 4441578.809182761]
[17756.604162719505, 4441334.622898464]
[17758.23843309426, 4441120.658442254]
[17758.967259098572, 4441108.260288051]
[17760.349039299177, 4440990.893736334]
[17761.46987036955, 4440957.079449782]
[17762.11653564864, 4440854.664915416]
[17762.297677201164, 4440795.55854067]
[17762.69250763851, 4440749.7296977965]
[17763.001710964378, 4440694.315924277]
[17763.4114638088, 4440655.505734529]
[17763.49695312305, 4440593.385336489]
[17763.89899555183, 4440474.02160988]
[17764.236546854463, 4440332.138570867]
[17764.789620848995, 4440324.919683602]
[17765.60469835618, 4440129.287973304]
[17765.657756910216, 4440120.571113353]
[17766.17072194799, 4439903.795985938]
[17768.448687753968, 4439901.090722668]
[17768.543006799646, 4439899.888645019]
[17768.608682697082, 4439897.169256275]
[17768.78422186858, 4439828.90286445]
[17768.9148136864, 4439803.900289533]
[17768.980117463416, 4439791.427134939]
[17769.045426485824, 4439778.972735912]
[17769.17606026684, 4439754.120205595]
[17770.481055877382, 4439662.248594296]
[17771.287644232314, 4439651.223181896]
[17771.680533784485, 4439649.899970014]
[17772.291540209906, 4439642.571895338]
[17772.773223555025, 4439631.41399359]
[17773.154973002587, 4439616.959325416]
[17773.47896844934, 4439608.089578514]
[17773.586992161832, 4439605.222084255]
[17775.21671133923, 4439560.541283495]
[17775.31886186915, 4439352.353737961]
[17776.150860825313, 4439308.675209235]
[17778.122774369305, 4439280.247470715]
[17778.29977958278, 4439231.762644515]
[17778.52362782321, 4439053.066564227]
[17780.914223872773, 4438887.7520923]
[17781.739135674616, 4438792.127798961]
[17783.404185059266, 4438693.154501572]
[17784.28656304462, 4438663.034300564]
[17784.410726914004, 4437764.762426966]
[17784.60982389507, 4437691.014199316]
[17787.326273245344, 4437597.533392261]
[17788.3471950907, 4437570.464917775]
[17789.36934603005, 4437547.753103009]
[17790.53941879066, 4437501.7886882275]
[17790.58044022618, 4437477.750907272]
[17791.055854219183, 4437453.288739651]
[17792.3601512543, 4437425.236631396]
[17793.219998195033, 4437416.884132534]
[17793.285754282046, 4437413.627953137]
[17793.30326943653, 4437412.896823943]
[17793.390681344204, 4437411.144134734]
[17793.410469153605, 4437409.6070695445]
[17793.440151549843, 4437407.303931051]
[17793.441724579996, 4437406.519962827]
[17793.454993054922, 4437406.153468519]
[17793.461577099064, 4437405.312325495]
[17793.46983476465, 4437405.003743786]
[17793.473545224057, 4437404.716427878]
[17793.47725569625, 4437404.429158093]
[17793.478183316292, 4437404.357347852]
[17793.481429992757, 4437404.106034699]
[17793.48282142853, 4437403.998339873]
[17793.483865006532, 4437403.917573008]
[17793.484676679014, 4437403.854756861]
[17793.48630002581, 4437403.729131153]
[17793.523572008606, 4437401.509357965]
[17793.532890210925, 4437400.95515719]
[17793.56084531375, 4437399.29433686]
[17793.579482462206, 4437398.188608332]
[17794.739820677034, 4437380.343435323]
[17795.30188398039, 4437374.414584826]
[17795.645834687177, 4437372.07954012]
[17795.88298269278, 4437368.796014729]
[17796.83947376773, 4437365.926390535]
[17797.35985764947, 4437362.376424907]
[17797.50215000981, 4437361.146615389]
[17797.781874729746, 4437359.704537201]
[17797.78351645315, 4437359.44269886]
[17797.786799906677, 4437358.919047229]
[17797.878621686108, 4437358.257815688]
[17797.883603980885, 4437358.112199346]
[17798.01324300113, 4437358.013097206]
[17798.194921733455, 4437357.762136334]
[17798.2040842304, 4437357.71744748]
[17798.271416382664, 4437357.671529421]
[17798.407588524897, 4437357.55828173]
[17798.50045008807, 4437356.703796057]
[17798.520312091045, 4437355.995474815]
[17798.607701264584, 4437355.566619119]
[17798.70928276205, 4437345.949214144]
[17798.890269356994, 4437343.583086881]
[17799.07162577371, 4437343.062207529]
[17799.217819266236, 4437339.491297242]
[17799.31285827771, 4437338.43790926]
[17799.535541417277, 4437335.905950652]
[17799.66083855928, 4437335.105961078]
[17799.834127206806, 4437332.805910892]
[17799.85334916177, 4437332.631691463]
[17800.071801456954, 4437331.796227135]
[17800.239627638297, 4437329.269537796]
[17800.33830746375, 4437328.877554732]
[17800.349432961008, 4437328.348249762]
[17800.659599883515, 4437326.130306243]
[17800.798768145192, 4437324.701239244]
[17800.901119086706, 4437324.271226373]
[17800.935076108664, 4437323.745609451]
[17801.038452202127, 4437323.159966098]
[17801.0933895843, 4437322.82601581]
[17801.108396191823, 4437322.68361863]
[17801.148329567408, 4437322.50146503]
[17801.1822001286, 4437322.285932741]
[17801.18902346262, 4437322.215124105]
[17801.234018234445, 4437321.95279353]
[17801.253259193152, 4437321.83898341]
[17801.336802447833, 4437321.605113504]
[17801.351821239914, 4437321.368634965]
[17801.465796644192, 4437320.837670583]
[17801.472778235184, 4437320.799440584]
[17801.49302932218, 4437320.608456414]
[17801.508049485412, 4437320.520534373]
[17801.578239634204, 4437320.189618147]
[17801.60877947943, 4437320.089444234]
[17801.616558750306, 4437320.054040603]
[17801.71143896462, 4437319.634663529]
[17801.72789628265, 4437319.541118712]
[17801.75688269826, 4437319.429453815]
[17801.781864276676, 4437319.318654141]
[17801.81247443369, 4437319.31468489]
[17801.831772334735, 4437319.128662854]
[17801.83320393592, 4437319.106089191]
[17801.841123232196, 4437319.092146465]
[17801.8428849058, 4437319.078324686]
[17801.85090004179, 4437319.052524581]
[17801.87757302604, 4437318.966888948]
[17801.88436567361, 4437318.931295461]
[17801.889332915063, 4437318.9220492225]
[17801.889955335897, 4437318.92158498]
[17801.894828699194, 4437318.906959205]
[17801.899053841767, 4437318.892159636]
[17801.90054209899, 4437318.880639673]
[17801.90495670764, 4437318.854122048]
[17801.91036809024, 4437318.83581762]
[17801.917522104854, 4437318.805106513]
[17801.92175505228, 4437318.8022615155]
[17801.924351576017, 4437318.787373484]
[17801.92694901063, 4437318.775845827]
[17801.927260504322, 4437318.774677445]
[17801.929219356884, 4437318.76780656]
[17801.93555268337, 4437318.767240336]
[17801.936760522593, 4437318.743887534]
[17801.941220608987, 4437318.7412982425]
[17801.945881789838, 4437318.727860792]
[17801.948851521804, 4437318.716364108]
[17801.95205515659, 4437318.7003764445]
[17801.953265446162, 4437318.688707489]
[17801.957663686993, 4437318.675342746]
[17801.96237695537, 4437318.660043433]
[17801.968230884537, 4437318.647313878]
[17801.97345884713, 4437318.632727306]
[17801.976441860905, 4437318.624536074]
[17801.97835690118, 4437318.619349137]
[17801.981230933347, 4437318.602240501]
[17801.99527331188, 4437318.561856018]
[17802.006568245135, 4437318.533119913]
[17802.007238737515, 4437318.5270482125]
[17802.009514613772, 4437318.525719068]
[17802.010693171123, 4437318.522795857]
[17802.014228877077, 4437318.514153502]
[17802.015849425978, 4437318.510256257]
[17802.015923087543, 4437318.510080047]
[17802.015996749135, 4437318.509903927]
[17802.016586042646, 4437318.50849801]
[17802.01688068993, 4437318.507797049]
[17802.01776463391, 4437318.50570209]
[17802.01800464048, 4437318.486701402]
[17802.027269864368, 4437318.466928905]
[17802.037049126036, 4437318.417989726]
[17802.056306112285, 4437318.3575165225]
[17802.06903944286, 4437318.319058429]
[17802.098244932222, 4437318.233918495]
[17802.11557859795, 4437318.180544963]
[17802.127734128793, 4437318.164916951]
[17802.14018833222, 4437318.127553987]
[17802.141953273112, 4437318.125990895]
[17802.145655578304, 4437318.110337834]
[17802.14943076345, 4437318.10888973]
[17802.1511592391, 4437318.100134079]
[17802.15666307593, 4437318.090589243]
[17802.163088702768, 4437318.066485748]
[17802.171127852274, 4437318.054551111]
[17802.17485419223, 4437318.015045234]
[17802.176966443218, 4437318.00963856]
[17802.20499999073, 4437317.936853494]
[17802.22372256459, 4437317.887497408]
[17802.22689105665, 4437317.879819837]
[17802.230059565107, 4437317.87220401]
[17802.238795555844, 4437317.848595325]
[17802.255158885728, 4437317.815605654]
[17802.255694038322, 4437317.807100671]
[17802.2725929874, 4437317.767362256]
[17802.27470538885, 4437317.762518457]
[17802.276817797585, 4437317.757702092]
[17802.279790566263, 4437317.751502533]
[17802.28104263692, 4437317.748151673]
[17802.284875904163, 4437317.741087043]
[17802.298436252888, 4437317.706824378]
[17802.31527628681, 4437317.651867432]
[17802.327252833824, 4437317.64206874]
[17802.33989064649, 4437317.618374306]
[17802.453927008377, 4437317.382612331]
[17802.61731997695, 4437317.111974143]
[17802.784119061434, 4437316.953382191]
[17802.947689014993, 4437316.895945743]
end_solutions
[-4.31801973961701, 22.001494957972465, 17.96873803441565, -18.683848710203996, -16.708298693204732, 28.419238674309973, -65.95081589645326, 30.11526679040857, -8.707692493660366, -11.841560899940456, 13.304419449955597, 7.047372138937286, 12.303242260795162, 12.964241397507731, 15.829742954848461, -41.6788724297996, 38.15208458946948, -54.84045199661736, -36.54239581043409, -0.03996074843482387]
[-4.317493278809515, 22.001262359543784, 17.969646309050813, -18.683686154446075, -16.7080075075825, 28.41923859921015, -65.95116016764999, 30.115003688477472, -8.708428103782037, -11.841910273908749, 13.304482876133637, 7.04737750486363, 12.303518460359141, 12.96396428756213, 15.82995275197623, -41.678690316009366, 38.151990726608354, -54.84067184550769, -36.54231354647814, -0.039570304149732755]
[-4.316089383322861, 22.000642097067313, 17.972068374744573, -18.68325267242495, -16.707231012589887, 28.419238398943953, -65.95207822417453, 30.114302083327875, -8.710389730773159, -11.842841937824197, 13.304652012608408, 7.047391814000549, 12.304254992529746, 12.963225327707194, 15.83051221098361, -41.6782046792354, 38.151740425645336, -54.841258109215254, -36.54209417592895, -0.03852911938948979]
[-4.3171423049378514, 22.00110729392467, 17.97025182547425, -18.68357778394079, -16.70781338383435, 28.419238549143603, -65.95138968178112, 30.114828287190072, -8.708918510529816, -11.842143189887611, 13.304525160252329, 7.04738108214786, 12.303702593401791, 12.963779547598396, 15.830092616728074, -41.67856890681588, 38.1519281513676, -54.84081841143458, -36.542258703840844, -0.039310007959672016]
[-4.316791331066188, 22.00095222830555, 17.97085734189769, -18.68346941343551, -16.707619260086194, 28.419238499077053, -65.95161919591226, 30.11465288590267, -8.709408917277598, -11.842376105866473, 13.304567444371022, 7.0473846594320895, 12.303886726444443, 12.963594807634662, 15.83023248147992, -41.678447497622386, 38.151865576126845, -54.84096497736147, -36.54220386120355, -0.03904971176961127]
[-4.316791331066188, 22.00095222830555, 17.97085734189769, -18.68346941343551, -16.707619260086194, 28.419238499077053, -65.95161919591226, 30.11465288590267, -8.709408917277598, -11.842376105866473, 13.304567444371022, 7.0473846594320895, 12.303886726444443, 12.963594807634662, 15.83023248147992, -41.678447497622386, 38.151865576126845, -54.84096497736147, -36.54220386120355, -0.03904971176961127]
[-4.3171423049378514, 22.00110729392467, 17.97025182547425, -18.68357778394079, -16.70781338383435, 28.419238549143603, -65.95138968178112, 30.114828287190072, -8.708918510529816, -11.842143189887611, 13.304525160252329, 7.04738108214786, 12.303702593401791, 12.963779547598396, 15.830092616728074, -41.67856890681588, 38.1519281513676, -54.84081841143458, -36.542258703840844, -0.039310007959672016]
[-4.3171423049378514, 22.00110729392467, 17.970251825474254, -18.683577783940795, -16.707813383834345, 28.4192385491436, -65.95138968178112, 30.114828287190075, -8.708918510529816, -11.842143189887611, 13.304525160252329, 7.04738108214786, 12.303702593401791, 12.963779547598396, 15.830092616728074, -41.67856890681587, 38.1519281513676, -54.84081841143458, -36.542258703840844, -0.039310007959672016]
[-4.3193970316541375, 22.002969520628398, 17.965523734398992, -18.683690823141042, -16.710672649627767, 28.419996654197682, -65.94963459744378, 30.11541455686095, -8.705341512104464, -11.839815048743969, 13.30304645762192, 7.047085157756508, 12.30310612059641, 12.965158666947936, 15.830819225351705, -41.67980651738893, 38.15223001665167, -54.840005873726184, -36.54206138561713, -0.04262685853842312]
[-4.3193970316541375, 22.002969520628398, 17.965523734398992, -18.683690823141042, -16.710672649627767, 28.419996654197682, -65.94963459744378, 30.11541455686095, -8.705341512104464, -11.839815048743969, 13.30304645762192, 7.047085157756508, 12.30310612059641, 12.965158666947936, 15.830819225351705, -41.67980651738893, 38.15223001665167, -54.840005873726184, -36.54206138561713, -0.04262685853842312]
[-4.318915422297658, 22.002652482174447, 17.966455532564, -18.683612299388564, -16.710212210893047, 28.419905398844858, -65.94998332044635, 30.115238912551554, -8.70606579633035, -11.840234796500253, 13.303249765480192, 7.0471229053583535, 12.30328819272044, 12.964882004154545, 15.83081554268841, -41.67958480481563, 38.15215621534315, -54.84019147927026, -36.54205228839447, -0.04207171646393084]
[-4.319394746943447, 22.003240281394415, 17.965264654544438, -18.683507149173657, -16.71117726907442, 28.420234392481213, -65.94954802887015, 30.115243834957383, -8.705210861754729, -11.839555529248628, 13.302667987309366, 7.046999559241379, 12.303291346448482, 12.965217828769205, 15.831330062467284, -41.679949373424975, 38.152198170545816, -54.840047287877496, -36.54188856221451, -0.04314122541870948]
[-4.318998200357882, 22.0027570644382, 17.966246899104767, -18.68359207270629, -16.71038459019374, 28.419964901591896, -65.94990715168741, 30.11523784638141, -8.70591663906464, -11.840114539255143, 13.303145014207406, 7.0471006362873645, 12.303290816823491, 12.964940682239465, 15.830910160944747, -41.67964938796122, 38.15216310565762, -54.84016703502675, -36.54202206448828, -0.04226224915266505]
[-4.319195816897739, 22.002983024658143, 17.965771773527926, -18.683559748058535, -16.710751978165206, 28.420086211789496, -65.94973299630016, 30.115250095829936, -8.705572231714271, -11.839850221560226, 13.3029279834345, 7.047054943176676, 12.303281026577949, 12.965075498606101, 15.831091556616117, -41.67979103599721, 38.15218229758399, -54.8401051491351, -36.54196495708137, -0.042672086752454125]
[-4.319394746943447, 22.003240281394415, 17.965264654544438, -18.683507149173657, -16.71117726907442, 28.420234392481213, -65.94954802887015, 30.115243834957383, -8.705210861754729, -11.839555529248628, 13.302667987309366, 7.046999559241379, 12.303291346448482, 12.965217828769205, 15.831330062467284, -41.679949373424975, 38.152198170545816, -54.840047287877496, -36.54188856221451, -0.04314122541870948]
[-4.319574680701912, 22.003938697468545, 17.964355228260434, -18.68314602514355, -16.712428866190074, 28.420775828642032, -65.94922981385564, 30.11494756761823, -8.70465463715911, -11.838841647801994, 13.301783773014002, 7.046802736625751, 12.303616043458085, 12.965450012614316, 15.832419640067926, -41.68033875433562, 38.152158651749204, -54.84006428684451, -36.541523911524365, -0.04444992507739568]
[-4.319096047556201, 22.00384671181733, 17.96506534827687, -18.68291780560879, -16.71238653434529, 28.420880261332833, -65.94950409373986, 30.11463382816375, -8.705264576841348, -11.839044519107095, 13.30167493576209, 7.0467699817985965, 12.303948058008064, 12.965224621700017, 15.832834548553933, -41.680236349726385, 38.15205948833197, -54.84028194065725, -36.54137330140939, -0.044321821972620974]
[-4.318014511031355, 22.003558901320176, 17.966747353025347, -18.6824559234497, -16.712142061985126, 28.421046337535927, -65.95014977287161, 30.11397475097631, -8.70668219374219, -11.839579733570085, 13.30154040816674, 7.0467211376135035, 12.304644146347222, 12.964697549085479, 15.833622098244554, -41.67996266683362, 38.15184467727619, -54.84076187732873, -36.541083709633064, -0.0438805534918887]
[-4.318795852722285, 22.00362151104321, 17.96567285035215, -18.682887432963255, -16.7120481861662, 28.420799248017918, -65.94973039709848, 30.114541560078123, -8.705729620366863, -11.839332650620399, 13.301840105457867, 7.04680220195228, 12.304042867125666, 12.965046046461364, 15.832780492922911, -41.68008357278441, 38.15201667759894, -54.840393524142016, -36.54138513713134, -0.04392341028967191]
[-4.318014511031355, 22.003558901320176, 17.966747353025347, -18.6824559234497, -16.712142061985126, 28.421046337535927, -65.95014977287161, 30.11397475097631, -8.70668219374219, -11.839579733570085, 13.30154040816674, 7.0467211376135035, 12.304644146347222, 12.964697549085479, 15.833622098244554, -41.67996266683362, 38.15184467727619, -54.84076187732873, -36.541083709633064, -0.0438805534918887]
[-4.318795852722285, 22.00362151104321, 17.96567285035215, -18.682887432963255, -16.7120481861662, 28.420799248017918, -65.94973039709848, 30.114541560078123, -8.705729620366863, -11.839332650620399, 13.301840105457867, 7.04680220195228, 12.304042867125666, 12.965046046461364, 15.832780492922911, -41.68008357278441, 38.15201667759894, -54.840393524142016, -36.54138513713134, -0.04392341028967191]
[-4.319577194413217, 22.003684120766245, 17.96459834767895, -18.68331894247681, -16.71195431034727, 28.42055215849991, -65.94931102132533, 30.11510836917994, -8.704777046991538, -11.839085567670715, 13.302139802748993, 7.046883266291058, 12.30344158790411, 12.965394543837249, 15.831938887601266, -41.6802044787352, 38.15218867792168, -54.84002517095529, -36.54168656462963, -0.043966267087455116]
[-4.320385141080072, 22.003561256985584, 17.963668816181844, -18.68389146549522, -16.711508009559594, 28.420132510091896, -65.94893815769029, 30.11581156639096, -8.70388443247342, -11.839010265978132, 13.302711175686136, 7.047026212877528, 12.302692800584682, 12.965713246911518, 15.830716593489704, -41.68023036044672, 38.15238822727511, -54.839616327753006, -36.54211731768606, -0.04365432050685953]
[-4.321249943751219, 22.003337320761066, 17.962763322752686, -18.68456650524526, -16.710858254649175, 28.419602474068924, -65.94856900471648, 30.11662192393149, -8.70297452258349, -11.83901844083789, 13.30345156675107, 7.04720833991421, 12.301828734662744, 12.96603384922658, 15.829234861207347, -41.68020921312933, 38.152612509900564, -54.8391649516395, -36.54263703822617, -0.04314491194938916]
[-4.323131258374275, 22.00359325381472, 17.960074353060605, -18.685534653758197, -16.710828031132266, 28.4190995982334, -65.94752514658751, 30.11792101155005, -8.70062911343665, -11.838322488925154, 13.304026561034924, 7.0473703604619375, 12.30045219498053, 12.96689630752051, 15.827405840334684, -41.680555891570435, 38.15301450226832, -54.83829372010419, -36.543296055228, -0.04344786648455473]
[-4.324896102374352, 22.003258001228993, 17.95810868109699, -18.686830200027366, -16.70972872714934, 28.418124583491874, -65.94673234135925, 30.119498658018127, -8.698712252266038, -11.838222239356206, 13.305367752697894, 7.047703600576989, 12.298771286712384, 12.967577572506368, 15.824610549874405, -41.68057699173818, 38.15345817146053, -54.83739078442498, -36.54427938160671, -0.04263957248260524]
[-4.328903793858739, 22.003307924986636, 17.952859777362683, -18.689226121495707, -16.70874235549327, 28.416619929470407, -65.94466914523706, 30.122575208071595, -8.693959842811868, -11.83721539451381, 13.307282957587807, 7.0482048555602095, 12.295503527709233, 12.969304863794981, 15.81978485010579, -41.681053804460134, 38.154371772280115, -54.83546102433763, -36.54599759529156, -0.0423443738665757]
[-4.3365691220209115, 22.00362722693327, 17.942603874340158, -18.69365791684465, -16.707272459952335, 28.413938023536826, -65.94065043135564, 30.128319779691463, -8.684759892287147, -11.835074678129612, 13.310634055220902, 7.049092973481872, 12.289404981561036, 12.97265823327024, 15.810975047637541, -41.68208396905015, 38.15609334239497, -54.83180348327423, -36.549141870830184, -0.042204882831258006]
[-4.344584504989685, 22.003727074448555, 17.93210606687154, -18.698449759781333, -16.705299716640198, 28.41092871549389, -65.93652403911125, 30.134472879798402, -8.675255073378805, -11.83306098844482, 13.314464465000729, 7.050095483448312, 12.282869463554732, 12.976112815847465, 15.801323648100311, -41.68303759449407, 38.15792054403414, -54.82794396309953, -36.55257829819989, -0.04161448559919892]
[-4.37930228029403, 22.004366243651, 17.88643576360676, -18.719066233576267, -16.697139508166757, 28.39807446588027, -65.91858406546399, 30.160995845338938, -8.633984199796473, -11.824140367087518, 13.33076776377273, 7.054372916373467, 12.254701547253358, 12.991122042488886, 15.75990702615759, -41.687277704657845, 38.165810787225205, -54.81125733082048, -36.56733176685627, -0.039449361670006955]
[-9.108529508653648, 20.20093905757803, 13.47237095749585, -22.84587774786017, -12.029080982948491, 24.898997338805934, -64.09212572776352, 35.027677787083114, -3.947549877229256, -12.422633632576577, 18.242859849480602, 8.280756453740572, 7.141369219651925, 14.642977998238663, 6.498294871195307, -41.32166659983412, 39.42979612490164, -52.2056432883776, -39.7964533963014, 3.9064504469978507]
end_values
[  17802.39125754 4437317.7959138 ]
[  17802.45306191 4437317.74870565]
[  17802.61789869 4437317.71719925]
[  17802.49426768 4437317.72795875]
[  17802.53547573 4437317.71579207]
[  17802.53547573 4437317.71579207]
[  17802.49426768 4437317.72795875]
[  17802.49426768 4437317.72795875]
[  17802.28150352 4437317.78043116]
[  17802.28150352 4437317.78043116]
[  17802.33177718 4437317.70356347]
[  17802.29806526 4437317.72160582]
[  17802.32613838 4437317.70245887]
[  17802.31125706 4437317.71122514]
[  17802.29806526 4437317.72160582]
[  17802.31406707 4437317.6747241 ]
[  17802.37740076 4437317.53214838]
[  17802.51573074 4437317.27462369]
[  17802.40707844 4437317.47218334]
[  17802.51573074 4437317.27462369]
[  17802.40707844 4437317.47218334]
[  17802.29843625 4437317.70682438]
[  17802.17485419 4437318.01504523]
[  17802.03704913 4437318.41798973]
[  17801.78186428 4437319.31865414]
[  17801.50804949 4437320.52053437]
[  17800.93507611 4437323.74560945]
[  17799.85334916 4437332.63169146]
[  17798.70928276 4437345.94921414]
[  17793.7789816 4437449.9942413]
[  17328.36682379 5074719.6226878 ]
