values
[101.6449411417948, 2314.409024682569]
[103.30783845640848, 2168.6736874876055]
[105.63750782279187, 2133.8297661620563]
[106.02609415447303, 2112.001906320157]
[106.45099625058809, 2094.5526519496125]
[106.70298065938736, 2085.832369265331]
[107.62533539855839, 2059.6888992164572]
[109.2742271922766, 2024.8714878272144]
[111.45611721909086, 1990.100417781884]
[114.22623602181548, 1955.3756890804657]
[115.84261495291877, 1938.030702733724]
[116.48861151914866, 1931.529319698128]
[118.55372808015152, 1912.0349457185698]
[119.53033618115745, 1903.3754860481743]
[120.03146618113193, 1899.0468423382242]
[128.04786799134084, 1856.2648174775622]
[206.7897495639058, 1828.4057682479531]
[354.13026674007307, 1356.1361423531212]
[360.2100625936245, 1348.4183913244558]
[363.20008206869306, 1344.5626874097818]
[4131.161610740571, 1096.3133820264165]
values
[36.1363411562832, 1213.481679211565]
[36.34602429108447, 1206.1786014053432]
[37.35712864335301, 1193.9980026461353]
[37.628491011383026, 1136.8212809637298]
[37.63523779360086, 1135.604754533726]
[37.64916566464881, 1133.1717106037859]
[1048.5908684891256, 1073.5133745998837]
values
[33.61689645921215, 1148.5900808795725]
[33.89806689550284, 1123.6410965839166]
[34.9812648541549, 1076.0327279220337]
[35.29122108396764, 1073.7275027642495]
[35.57338676430878, 989.2882635580149]
[35.76384907724848, 988.6039097390765]
[36.25440026925855, 987.5015219850153]
[36.36077639235589, 987.1822623655814]
[36.592226562731376, 987.1366127106254]
[36.84284270631397, 986.4171005325866]
[37.25323583650835, 986.3270493811569]
[37.270911343870104, 986.2542520947516]
[37.3178445995352, 986.088897987595]
[37.383811825299794, 984.2268812413805]
[37.95420664755758, 984.0295950492567]
[38.513973731873065, 983.9765750796246]
[38.580715832513654, 983.41933974715]
[38.972035533857394, 982.8039303350396]
[44.12163169426153, 982.8014705553683]
[44.58113381225818, 982.604383505757]
[44.745810364329635, 982.3325242967032]
[45.385129418946065, 981.9202794631872]
[47.535650800203186, 979.8995946744595]
[63.84344398847503, 977.9561561027441]
[439.2478553416379, 953.3671339898906]
[490.00783877054243, 948.2175384091712]
[640.6057234748922, 944.2046868515498]
[654.0376189620757, 943.3510012833524]
[997.9513576076846, 932.845964092681]
[1046.3164357159994, 932.1169013774949]
values
[31.77516280098168, 1047.143302862444]
[31.778303857144127, 1047.110931802088]
[31.77833153555613, 1047.110875400192]
[31.81802207802412, 1046.9984557173489]
[31.863233199148187, 1036.544543577807]
[31.865100997286202, 1036.4819293840321]
[31.88692774852221, 1036.4321721181511]
[32.00242729998261, 1036.4193862613467]
[32.109769693795684, 1025.9380423134703]
[32.137222368497504, 1025.8950956330452]
[32.43759549367464, 1015.473602187621]
[32.43889345631606, 1015.4563960948931]
[32.46696745332265, 1015.2280215589769]
[32.78908850304262, 1004.7877373350632]
[33.3060757552829, 994.3302941488653]
[33.358800225533834, 994.2505536557187]
[33.77086168545598, 983.9007608961342]
[33.79443459982434, 983.883118076648]
[33.84676698509653, 983.8489841632486]
[33.84907159494711, 983.748847447413]
[33.850564034535346, 983.7288051470399]
[33.86254568662518, 983.649479985545]
[33.86254568662519, 983.6494799855449]
[33.87075837786115, 983.6099076975117]
[33.88040982472099, 983.5703956046214]
[33.890746349986955, 983.5306466411035]
[33.93565182855101, 983.4728740804095]
[33.99504638450124, 983.45620417094]
[34.0026883859404, 983.4459925109966]
[34.01712868069867, 983.4250458336056]
[34.02285025248384, 983.4218300957668]
[34.03181829467097, 983.3506993087193]
[34.06282313513106, 983.3456824825164]
[34.083842217948444, 983.3432337875271]
[34.08615140128486, 983.3393667948635]
[34.09047582749667, 983.3337324332194]
[34.09486066768321, 983.3280981558332]
[34.10312431197722, 983.3191943534425]
[34.10425563627968, 983.3177859063927]
[34.12958556694184, 983.2921677025698]
[34.13608323261202, 983.2786039975155]
[34.147673800663505, 983.2736293538351]
[34.159401478189466, 983.2568907648184]
[34.18325288945903, 983.2532853955582]
[34.207300017818476, 983.2192370697862]
[34.213021334655544, 983.2130085412944]
[34.21886317743571, 983.2120580003183]
[34.234718226715174, 983.2073796502908]
[34.24098323805418, 983.1903097843343]
[34.24455184320023, 983.1882018806625]
[34.24737102682993, 983.1850348285673]
[34.266819002980526, 983.1693488973995]
[34.280305353721175, 983.1592947279852]
[34.28355720996951, 983.156481471731]
[34.29651108291589, 983.1471348545052]
[34.316426794698174, 983.1354118643646]
[34.31986493218612, 983.129354187269]
[34.32157915331911, 983.1279478844339]
[34.32501997253741, 983.125135294562]
[34.36135759576729, 983.0994340666757]
[34.42030295067643, 983.0724235278324]
[34.45701687879878, 983.0714649025729]
[34.466189480358864, 983.0692056017617]
[34.48959597724611, 983.0139813977559]
[34.49206678242957, 983.0126062237019]
[34.579742750311425, 982.9755905241979]
[34.59807423075818, 982.971067293091]
[34.614124212674504, 982.9451175231611]
[34.69748563607325, 982.9086192284504]
[34.7035927398293, 982.8886238636974]
[34.773779259746085, 982.8555550319128]
[34.81933225950817, 982.8518539133944]
[34.822082147635506, 982.8502933576441]
[34.85443226002653, 982.7968691484803]
[34.87885722226542, 982.793371929224]
[34.87930115581328, 982.7933374912478]
[34.97024807226608, 982.7357264214048]
[35.02486613826286, 982.7007984359924]
[35.026836440413014, 982.6686952297214]
[35.221558108130964, 982.5826599987203]
[35.32679932048528, 982.51632688651]
[35.62441789099425, 982.3349748460455]
[35.67504692344555, 982.3070849122001]
[35.91470512434983, 982.218008806303]
[35.957579774253716, 982.1636310566594]
[36.053642390520906, 982.0927296175286]
[36.12446195212777, 982.0645699469114]
[36.296734636297614, 982.0335163815745]
[36.35291671023426, 982.0187179677923]
[36.40085244831727, 982.0027692363562]
[36.413577202218995, 981.987138116102]
[36.42677425392208, 981.9559574311944]
[36.47674096746749, 981.931531993491]
[36.63290842997863, 981.9182934952992]
[36.837904660184265, 981.8439328345345]
[36.9539857714568, 981.8093786473488]
[37.02799331349474, 981.7870305274902]
[37.034699879490546, 981.7528422910246]
[37.23954508969684, 981.7109577708713]
[37.290678058539214, 981.6689299392965]
[37.39241494651118, 981.6275920136434]
[37.47920610547551, 981.5974455001417]
[37.62143349233973, 981.5834318085953]
[37.635725782098085, 981.5193036565197]
[37.822096665779, 981.4521782016807]
[37.86941501813714, 981.4253609402101]
[37.869650952621264, 981.4252177398539]
[37.884115092252195, 981.4163416306719]
[37.97927196238293, 981.4152903956746]
[38.00467195019584, 981.3373648897959]
[38.04457768330931, 981.2983234912593]
[38.04726608037058, 981.2961928019117]
[38.05560551735668, 981.2895533202775]
[38.05570283184261, 981.2894755873812]
[38.05572229384469, 981.2894600408374]
[38.05616983779254, 981.2891024736]
[38.0649154064007, 981.2820923123084]
[38.09657806237156, 981.2400521437817]
[38.136383030983936, 981.2115160182562]
[38.23212531500363, 981.1546437762673]
[38.35908296934834, 981.0684993922795]
[38.37200949161964, 981.0634098784865]
[38.37669619144588, 981.0510397993569]
[38.38183518339664, 981.0275572170774]
[38.41525106974829, 981.0094720588421]
[38.50900692738928, 980.9622805247587]
[38.51642932557717, 980.9604327169865]
[38.53943741785204, 980.9484173466948]
[38.62148943007021, 980.940716161023]
[38.6887515549563, 980.8894701462223]
[38.76642122218226, 980.8599773139673]
[38.831006916402636, 980.8395876513281]
[38.84726135536448, 980.8336392802086]
[38.900255365066556, 980.8186712395817]
[38.93730200799817, 980.8058085928355]
[38.98864693556206, 980.7911678646733]
[39.00266093969131, 980.7902816073989]
[39.01276764547885, 980.7847556431567]
[39.097116595991096, 980.762281566788]
[39.15425160457596, 980.7480359970648]
[39.170145855419, 980.7420460581836]
[39.19951554903756, 980.7347497120915]
[39.222556509613824, 980.7288101804634]
[39.337204778885955, 980.7060896047733]
[39.353473800568736, 980.6987619296797]
[39.53712513586955, 980.6653286877989]
[39.86021047208327, 980.6354156383187]
[39.87442485978436, 980.6008853765823]
[39.984045735607666, 980.5873632798013]
[40.05583231047983, 980.5835265679025]
[40.22798265222484, 980.5501587887779]
[40.269760686803096, 980.5440732948189]
[40.31183013708508, 980.5380207307296]
[40.745852444396135, 980.4793062326827]
[40.82753093544227, 980.4743900855178]
[40.9040775042206, 980.4353462557885]
[41.46027876272771, 980.3458828989124]
[42.163168059486146, 980.1977161421088]
[42.24133425726677, 980.1831588504417]
[42.50466833368326, 980.1338175357944]
[42.87491784191171, 980.0886925408539]
[43.07426475555084, 980.0087758311747]
[43.79079035074384, 979.7309609173441]
[43.79145585864252, 979.730317797649]
[44.919850788743716, 979.0591738109284]
[47.28689906888834, 978.6826385918163]
[54.877878802093605, 977.332442619983]
[80.52867139601223, 973.7164216798574]
[81.68567892549764, 973.5127997115762]
[83.03624963960027, 973.3824487498681]
[83.74876569007917, 973.3818508083472]
[84.54231823491953, 973.272943705523]
[84.54268075907905, 973.2729293604948]
[85.20580706366434, 973.2483498494772]
[85.6466461342723, 973.1545008517718]
[99.35389039987763, 971.436961091707]
[100.92046217280621, 971.244414135514]
[196.58574318023182, 963.7275019969132]
[197.59173010580585, 963.6713095905563]
[199.1789900353855, 963.5789643517854]
[217.94644388426318, 962.9374192028547]
[393.9237515265795, 953.4322788208752]
[409.51585437047146, 952.7559971333385]
[414.1807613150011, 952.4741771414019]
[416.9038457023878, 952.2791042496941]
[490.00783877054243, 948.2175384091712]
[640.6057234748922, 944.2046868515498]
[654.0376189620757, 943.3510012833524]
[997.9513576076846, 932.845964092681]
[1046.3164357159994, 932.1169013774949]
end_solutions
[0.6415083072961858, 1.5432159879740093]
[0.6615227709930478, 1.5359958121915187]
[0.5337713696000393, 1.5825548005441055]
[0.39302672164308344, 1.6337488423154134]
[0.39302672164308344, 1.6337488423154134]
[0.34831918975303955, 1.6504021620105622]
[0.33873900434803017, 1.6539707305166655]
[0.3366193681238051, 1.6552002525044993]
[0.3307694573091879, 1.6575992977514677]
[0.32705312351746124, 1.6594235811569855]
[0.2982585556209004, 1.6784659952075018]
[0.2827944831611747, 1.6882745831534853]
[0.2774789056785037, 1.6920148672495618]
[0.27216332819583267, 1.6957551513456381]
[0.2694679457412559, 1.6971530571164712]
[0.2665206323586665, 1.698627983742607]
[0.26347768661057, 1.700180269082371]
[0.23938573574529093, 1.7100155136918982]
[0.24267357236615061, 1.708034316689492]
[0.23938573574529093, 1.7100155136918982]
[0.23768856968984797, 1.7111162433862779]
[0.23912228087109305, 1.7096571531182991]
[0.23832279528110703, 1.7112126787987958]
[0.23768856968984797, 1.7111162433862779]
[0.24021768961683046, 1.7100838339297888]
[0.23030751065804506, 1.7127422915991297]
[0.23030751065804506, 1.7127422915991297]
[0.2464207099035325, 1.7088570854519545]
[0.23567857707320752, 1.7114472228834046]
[0.12590235046522838, 1.9199934010241089]
[-0.1961981792743149, 2.3670287303041677]
end_values
[ 43.8857642  980.19892702]
[ 43.92454511 980.21752791]
[ 43.17701342 980.24693673]
[ 40.41159704 980.51244395]
[ 40.41159704 980.51244395]
[ 39.3534738  980.69876193]
[ 39.17014586 980.74204606]
[ 38.93730201 980.80580859]
[ 38.76642122 980.85997731]
[ 38.57818821 980.93146522]
[ 36.05364239 982.09272962]
[ 35.02683644 982.66869523]
[ 34.62862987 982.91244638]
[ 34.28355721 983.15648147]
[ 34.20730002 983.21923707]
[ 34.13959999 983.2813841 ]
[ 34.07653395 983.34926842]
[ 33.87540529 983.59014413]
[ 33.93327824 983.47863522]
[ 33.87540529 983.59014413]
[ 33.84373899 983.65730098]
[ 33.89725165 983.53580191]
[ 33.83220321 983.69433948]
[ 33.84373899 983.65730098]
[ 33.86188722 983.63163065]
[ 33.85999919 983.56300237]
[ 33.85999919 983.56300237]
[ 33.85056403 983.72880515]
[ 33.85264306 983.61786166]
[  32.7890885  1004.78773734]
[  31.76543299 1047.0880993 ]
