values
[202.51195310244648, 2816.2289841885404]
[244.67213383842756, 1907.8092406371993]
[439.91087353625494, 1788.9988390457295]
[485.55087398705115, 1727.8259968447792]
[598.690844967553, 1705.1741947350433]
values
[173.24745623319774, 2671.369289661482]
[173.9633885200947, 2669.1398102641524]
[174.69132651605298, 2666.9181194182293]
[176.0666335817518, 2662.821519693536]
[176.18282334724674, 2662.498134082941]
[179.5835464154807, 2652.985202880812]
[182.60273059197098, 2645.1312216898023]
[183.89745065026182, 2643.2640109562617]
[184.98340225313675, 2639.1076996816555]
[186.31879542398312, 2637.286762590131]
[187.435657917837, 2633.142187639847]
[214.31448139369965, 2354.583442911794]
[215.04325857403828, 2346.8679874531945]
[216.9184705744765, 2085.4728574410574]
[228.18618606209918, 2032.2703018327081]
[236.1515809670176, 1939.3363332706274]
[238.31669185654405, 1925.89045287604]
[241.33167601728363, 1910.6324348540115]
[244.0483271853602, 1895.0158807371474]
[244.8743671183131, 1884.9527203078692]
[245.8039739102096, 1856.7372413904695]
[246.63455506692458, 1855.991982200276]
[248.25034329205604, 1801.5131722716335]
[249.11917896079044, 1790.4011208182426]
[249.46142769093757, 1786.8081257859803]
[249.64419700663038, 1785.4368379415437]
[249.65172176013925, 1784.6535589093496]
[249.81576639201714, 1784.0887824540155]
[249.8327469130361, 1783.2731658578136]
[249.92620166440054, 1782.134581199205]
[250.19904069260042, 1781.5659322363315]
[250.23403182598727, 1781.3656683040285]
[250.23470621877772, 1779.797749386379]
[250.6199663912043, 1776.4764761629517]
[250.8983877849097, 1774.6995354936846]
[251.13653605883482, 1773.0315104414078]
[251.639253396553, 1769.74361438606]
[251.7760183648053, 1768.6816726717493]
[252.04566047586545, 1767.0642941543229]
[252.17830141820912, 1766.521100083101]
[252.613067516271, 1763.8796173781811]
[252.75494828578277, 1763.3653420845476]
[253.3703977565491, 1760.2776654113363]
[253.6145829914042, 1758.9935176613371]
[253.69303174930536, 1758.759756111648]
[254.72219073895207, 1754.3115599956404]
[255.2779420863164, 1749.944526406016]
[255.79554019770129, 1747.1550927843946]
[256.40519799067357, 1746.4457963109426]
[257.49644633907593, 1744.5654513423447]
[257.9369706946149, 1743.2472440419479]
[257.99596569545105, 1742.6982879808093]
[258.3061035975186, 1741.572736429549]
[259.0165297804931, 1736.81321475197]
[260.41764454589753, 1729.7808054642715]
[261.1885428726461, 1727.8696541216198]
[263.51217585127347, 1722.904300975752]
[264.7481374991109, 1722.8620428155725]
[264.7846391516307, 1720.2900119621513]
[265.05206088497664, 1716.6886526429125]
[266.51572434681805, 1714.9057855084952]
[268.04849000944614, 1711.0596770408952]
[268.6660205352517, 1708.4836464318068]
[269.4715967718177, 1706.0381800129326]
[270.3679471240397, 1705.1756375885986]
[271.0390241055353, 1701.6379270198054]
[273.4099745430717, 1699.9706616426352]
[273.50975087790545, 1693.5594370154918]
[276.1921438240293, 1691.768471153181]
[278.0977462886165, 1688.7573086518873]
[279.757412527058, 1687.648149417922]
[281.45908410112963, 1685.3732350499417]
[349.7507942288945, 1685.086192872014]
[350.1204727406889, 1683.9876487377514]
[357.1054844798495, 1683.9365766925048]
[360.2973971896463, 1682.7147182445913]
[361.5873167410175, 1682.6097784771675]
[365.2061586602214, 1682.253680358945]
[367.7242994481281, 1682.115850668656]
[370.2095563166145, 1682.0096900590765]
[375.07089050860964, 1681.8892288775849]
[379.7702898899208, 1681.8862491211737]
[381.67798803943106, 1681.7181454580486]
values
[172.97149735418358, 2672.372166714711]
[172.9715676406568, 2672.371850406803]
[172.97163792726468, 2672.3715340989115]
[172.97191907503995, 2672.3702688675094]
[172.9720127914429, 2672.369847123766]
[172.9722002249658, 2672.3690036363664]
[172.97248137704207, 2672.3677384054836]
[172.97276253126913, 2672.3664731748604]
[172.97426205679992, 2672.359725282595]
[172.97726129137428, 2672.3462295202444]
[172.9802607706312, 2672.332733787469]
[172.98626046318478, 2672.305742410645]
[172.99826278440455, 2672.251760011919]
[173.0222791708956, 2672.1437966342655]
[173.04631121535752, 2672.035835149897]
[173.07035891685425, 2671.927875559074]
[173.24745623319774, 2671.369289661482]
[173.2633040629397, 2671.06426703159]
[173.60391624083178, 2670.253576879514]
[173.9633885200947, 2669.1398102641524]
[174.48911379191097, 2666.7297520841976]
[174.73819026730553, 2665.6489011506637]
[174.83827687147974, 2664.855968058294]
[174.83857043070594, 2664.8547014708383]
[174.9491094097006, 2664.443392261871]
[175.03268403563465, 2664.188255984486]
[175.03425595855896, 2664.181499523009]
[175.39860625371614, 2662.7787599189833]
[175.5872687479676, 2662.5746523069247]
[176.18282334724674, 2662.498134082941]
[176.9480299882058, 2656.8236606502846]
[177.19009356983338, 2656.019184365756]
[177.95395608751156, 2653.2198838324366]
[179.5835464154807, 2652.985202880812]
[182.60273059197098, 2645.1312216898023]
[183.89745065026182, 2643.2640109562617]
[184.98340225313675, 2639.1076996816555]
[186.31879542398312, 2637.286762590131]
[187.435657917837, 2633.142187639847]
[214.31448139369965, 2354.583442911794]
[215.04325857403828, 2346.8679874531945]
[216.9184705744765, 2085.4728574410574]
[228.18618606209918, 2032.2703018327081]
[236.1515809670176, 1939.3363332706274]
[238.31669185654405, 1925.89045287604]
[241.33167601728363, 1910.6324348540115]
[244.0483271853602, 1895.0158807371474]
[244.8743671183131, 1884.9527203078692]
[245.8039739102096, 1856.7372413904695]
[246.63455506692458, 1855.991982200276]
[247.80535883881868, 1808.55248779661]
[248.1067863730394, 1803.6310949105637]
[248.25034329205604, 1801.5131722716335]
[248.44765428099086, 1798.570110366567]
[248.6421970202707, 1795.988915129763]
[248.90813261159917, 1792.9069515039646]
[249.11917896079044, 1790.4011208182426]
[249.15975918232016, 1789.683597213715]
[249.2515511471067, 1788.763905220609]
[249.34597562700833, 1787.9165247736355]
[249.38803661483226, 1787.2461403136242]
[249.46142769093757, 1786.8081257859803]
[249.64419700663038, 1785.4368379415437]
[249.65172176013925, 1784.6535589093496]
[249.73882110891603, 1784.0132353889212]
[249.8170158198458, 1782.8197385773346]
[249.82872655278112, 1782.8179257746997]
[249.92620166440054, 1782.134581199205]
[250.12523826397899, 1779.922160708686]
[250.15959577855583, 1779.6888455717667]
[250.28287487458383, 1778.7288441887856]
[250.32386129770484, 1778.1724773368219]
[250.47299234552966, 1777.2004430769216]
[250.5762095590311, 1775.9940670162523]
[250.79199702929176, 1774.7254789452809]
[250.8983877849097, 1774.6995354936846]
[250.9467108901833, 1772.9582023868143]
[251.01867069162907, 1772.3507788508373]
[251.06256329781732, 1772.1433046592313]
[251.0932606527804, 1771.781956914765]
[251.31307171788617, 1770.4042898681262]
[251.32207227498725, 1770.0778644802867]
[251.44611510007215, 1769.2104199912542]
[251.4816430684644, 1768.8961515401334]
[251.7760183648053, 1768.6816726717493]
[251.88683383630877, 1766.0233734041349]
[251.96195740434226, 1765.3925361464649]
[252.05161585940405, 1764.8070046058476]
[252.1438440470805, 1764.3737643928052]
[252.15899752527932, 1764.100393797482]
[252.18171624585997, 1763.9809183158322]
[252.22409957139035, 1763.6767500667625]
[252.31388019379733, 1763.156728126879]
[252.43477328954197, 1762.4731690209637]
[252.60109602950777, 1761.8257364252172]
[252.7078205069351, 1760.7124166248323]
[252.94087024378837, 1760.6018087852813]
[253.30416806326974, 1757.6579946422753]
[253.38017796278982, 1756.9848793463902]
[253.40584557584944, 1756.3123499273083]
[253.43060546392292, 1756.1721488572398]
[253.54947338322884, 1755.787307672545]
[253.6340573565229, 1755.3647103025182]
[253.68532212147488, 1754.8468757869177]
[253.94102534481146, 1753.4257533989976]
[254.42200864187353, 1751.5562933150918]
[254.67912749714188, 1749.2403138375255]
[254.79673915932136, 1749.1585553039993]
[254.85305198931937, 1748.4262659647911]
[254.8825811196705, 1748.3141602262008]
[254.90933481862172, 1748.1483130335191]
[254.93757027552428, 1748.0093863395805]
[255.28206368428422, 1746.7618579807177]
[255.8473333291192, 1743.7783165692656]
[256.13349192900677, 1742.05031584728]
[256.27020762312367, 1741.5838369372264]
[256.3920570638922, 1740.9740208866324]
[256.42506546676293, 1740.8656366398252]
[256.48809516685935, 1740.5902925911173]
[256.52454333125144, 1740.5425694264532]
[256.7514428365341, 1739.900875489105]
[256.90453977328656, 1739.895797340185]
[256.9388292048151, 1739.3922982857864]
[256.97247988835875, 1738.5919078605284]
[257.0493467589665, 1738.3636096595478]
[257.06071316136166, 1738.1617603765694]
[257.34286276820785, 1737.8852922396718]
[257.711170889054, 1736.099637942612]
[257.74716552408574, 1734.883441618208]
[258.080117567576, 1734.339949464536]
[258.1818766576888, 1733.4227181692527]
[258.31858801792555, 1732.8128550116644]
[258.4612772269668, 1732.6044210093353]
[258.98875674119734, 1730.206552673761]
[259.35717568803835, 1729.541945782773]
[259.37654806319375, 1728.7087574120665]
[259.4825139896983, 1728.6935310857207]
[259.64217191498904, 1727.3674494733373]
[259.83016663900264, 1726.9980955961541]
[259.93444607438164, 1726.7262649007764]
[260.1017428619448, 1726.5844933897338]
[260.31780786147175, 1725.3478298405544]
[260.53810046028013, 1724.2882956444114]
[260.7464956231461, 1724.1347329315126]
[261.0242407164028, 1723.205007359735]
[261.14852069787514, 1723.0327301757447]
[261.33806791129547, 1722.6004535730733]
[261.5548878183766, 1720.8376199594159]
[262.260388451854, 1718.7345882299062]
[262.42528510029376, 1718.1261882414358]
[262.4992708267721, 1717.6627444172866]
[262.55609715076355, 1717.560116236374]
[263.1241699408828, 1715.8331038706838]
[264.049424488734, 1714.19713349015]
[264.18527919252165, 1713.5480767317795]
[264.24907960957677, 1712.2396496948845]
[264.7197398085723, 1710.9888582247754]
[264.85554955740076, 1710.6840484027903]
[264.8901045663198, 1710.2077397537937]
[264.93891290690544, 1710.1211687331072]
[264.9805175111931, 1709.9042719015792]
[265.4740883455114, 1708.4695758870387]
[265.87630614232313, 1706.5506752230401]
[266.1499823013692, 1705.6800094614114]
[266.7732874587467, 1703.6959372415631]
[267.3503453336038, 1703.3299263050521]
[267.61462382988464, 1701.6145936393566]
[267.71233821142033, 1700.9958148133378]
[268.4718705978436, 1698.7398673414175]
[269.6468269764346, 1695.441777369075]
[270.9742075166614, 1692.7077086643849]
[271.1856063811577, 1691.045774886698]
[271.606337741814, 1689.993807859189]
[271.6794412359591, 1689.8886088664542]
[272.6818133407211, 1688.7968192683843]
[272.7542590917087, 1687.096208619812]
[273.76231553682067, 1685.4872334007182]
[273.8095134937437, 1684.3363768978008]
[274.230867891633, 1683.8598021921878]
[274.98214586279283, 1681.2469807379994]
[276.5121831876469, 1680.079037602453]
[276.9499110630341, 1676.531177015269]
[278.19282865444535, 1673.4478472183014]
[278.35766713263826, 1673.2352006402143]
[279.76077566344406, 1671.4005970652702]
[279.95029807061223, 1669.2312619341503]
[281.10010535148103, 1666.8497513121042]
[281.48397476681816, 1665.9717146656872]
[282.315470538954, 1665.1554411156499]
[282.60561111305714, 1663.5507899585118]
[283.0236533384789, 1662.6356193550894]
[283.1025122898293, 1662.3469933482388]
[283.10371979676466, 1662.3448743766694]
[283.1043007437694, 1662.3438652633954]
[283.27914517304174, 1662.1402649036436]
[284.65055885419747, 1659.0445426093497]
[284.76167058688696, 1658.7233152000936]
[284.8116363630838, 1658.4563650968985]
[285.4495223256464, 1657.5886171934185]
[285.5940400932858, 1657.2857717185757]
[286.02698439291277, 1656.3724611576604]
[286.0474967475607, 1655.9767014986887]
[286.2247970723914, 1655.7548854059075]
[286.54902176952464, 1655.2102879694626]
[287.39128576933973, 1655.1137397774464]
[288.00073954074554, 1654.6186337914044]
[288.17339903132756, 1652.400388494481]
[289.6409584040129, 1651.5621268710413]
[289.82953418716426, 1648.205988921025]
[289.8314686540899, 1648.202517753436]
[290.88931359704014, 1646.8051411493793]
[291.5066552215274, 1644.8927127518255]
[291.6993780192701, 1644.6629038957271]
[292.3580217267668, 1643.232632903791]
[293.1027610378563, 1642.195393098492]
[293.20665461846664, 1641.5896699703867]
[293.20758051177927, 1641.588065091344]
[293.20858136830236, 1641.5863139813055]
[293.2149653224694, 1641.575240935616]
[293.6458341729385, 1641.3551521952281]
[293.6873566163315, 1641.0227308178678]
[293.95480179743805, 1640.3346457932855]
[294.1998950252094, 1640.0907720820978]
[294.202055621286, 1639.8589757200143]
[294.2114262690863, 1639.853687736676]
[294.27567684052616, 1639.7345714068992]
[294.2971020766007, 1639.694996367818]
[294.46865455633593, 1639.3813737029222]
[294.5974942700998, 1639.150961982723]
[294.6015229286403, 1639.143851900364]
[294.6076631040676, 1639.1391795833024]
[294.64047417372564, 1639.0754625307466]
[294.66625414610684, 1639.053070225472]
[294.68615855874543, 1638.9961595125303]
[294.76701731915017, 1638.8720835012573]
[294.8125601069088, 1638.783401793372]
[294.8556231053538, 1638.7138821743388]
[294.8956631027745, 1638.5849507937683]
[294.91344556169565, 1638.3331404037797]
[294.92431044236037, 1638.3267139129014]
[294.92834102390617, 1638.3149650497878]
[294.9324256737368, 1638.3059521693613]
[294.93326488223784, 1638.28891779799]
[294.9401009787241, 1638.2853504745217]
[294.94127307082044, 1638.2749543346758]
[294.9422112508488, 1638.2733177788168]
[294.94353033912876, 1638.2710837722875]
[294.944818541011, 1638.2687702807389]
[294.9451969738506, 1638.2683790439296]
[294.9453458553676, 1638.268213720804]
[294.9458850109435, 1638.2675200899362]
[294.94627315047705, 1638.2667142556397]
[294.94684295203353, 1638.26586264376]
[294.9470754609459, 1638.265546367877]
[294.94762506149016, 1638.264845378786]
[294.94775049772267, 1638.2645449329025]
[294.9489769935035, 1638.2631339220202]
[294.95003020281564, 1638.2614679056167]
[294.9506634469332, 1638.2606702078372]
[294.9507764985645, 1638.26059986084]
[294.9513057131707, 1638.260230168149]
[294.95167626261525, 1638.2593685796473]
[294.95283706143795, 1638.2579737303943]
[294.9529850345823, 1638.2578387732324]
[294.95359927202696, 1638.2576468404486]
[294.95367987187365, 1638.2572344421803]
[294.9538711573213, 1638.2567742289893]
[294.95424052091505, 1638.2563644878105]
[294.9549055511776, 1638.2556739382044]
[294.95543352517376, 1638.2551758270665]
[294.95593995624296, 1638.2546258011116]
[294.95756543148946, 1638.2530711510226]
[294.95817804114813, 1638.2526088139111]
[294.9583781794645, 1638.2523377530486]
[294.9591909343401, 1638.2516325092079]
[294.960241821722, 1638.2513933619828]
[294.96031117866545, 1638.251051241962]
[294.9606285222852, 1638.2509615700628]
[294.9615364399466, 1638.2503168682138]
[294.9624443664114, 1638.2497046144972]
[294.96377466015934, 1638.2488560992651]
[294.96521841817577, 1638.2483332020217]
[294.9660761603005, 1638.247555438938]
[294.9679714801956, 1638.2472528277617]
[294.96834610300357, 1638.246432578038]
[294.9685883004714, 1638.244502411862]
[294.9732980162111, 1638.244472893754]
[294.9740051377245, 1638.2428645791872]
[294.9767292986201, 1638.2420623283997]
[294.9776047058908, 1638.2392627387385]
[294.9824161553101, 1638.2377429314845]
[294.9838180571794, 1638.2370034005123]
[294.985219977792, 1638.236294089691]
[294.9859209451267, 1638.235950497016]
[294.9889132595408, 1638.2355848591124]
[294.9897288242424, 1638.2348544540077]
[294.9961339039473, 1638.2340324473978]
[295.00782462589405, 1638.2329012299556]
[295.0121212532828, 1638.2317347290607]
[295.014446889304, 1638.2308740510612]
[295.01628046586507, 1638.2308284003902]
[295.01691986551054, 1638.2288520822526]
[295.0217080555263, 1638.2275761401215]
[295.02649645930495, 1638.2264756286845]
[295.03560639714226, 1638.2263544749114]
[295.0360739080836, 1638.2247500802291]
[295.0417740347458, 1638.2241401850486]
[295.0441676760162, 1638.2239972208413]
[295.04850249206186, 1638.2234007143093]
[295.05420328115486, 1638.2231482598804]
[295.0597894401365, 1638.2231406848023]
values
[172.9713864336162, 2672.3726658881615]
[172.97138648509528, 2672.3726656564904]
[172.97138653657436, 2672.3726654248194]
[172.97138663953268, 2672.3726649614773]
[172.9713868454495, 2672.372664034794]
[172.97138725728232, 2672.372662181427]
[172.97138808094888, 2672.3726584746937]
[172.97138972828168, 2672.372651061226]
[172.97139631761345, 2672.3726214073567]
[172.97140949628067, 2672.3725620996183]
[172.97143585362957, 2672.3724434841433]
[172.97144903231097, 2672.3723841764063]
[172.97146221099695, 2672.372324868671]
[172.97148856838373, 2672.3722062532006]
[172.97149735418358, 2672.372166714711]
[172.9715676406568, 2672.371850406803]
[172.97163792726468, 2672.3715340989115]
[172.97191907503995, 2672.3702688675094]
[172.9720127914429, 2672.369847123766]
[172.9722002249658, 2672.3690036363664]
[172.97248137704207, 2672.3677384054836]
[172.97276253126913, 2672.3664731748604]
[172.97426205679992, 2672.359725282595]
[172.97726129137428, 2672.3462295202444]
[172.9802607706312, 2672.332733787469]
[172.98626046318478, 2672.305742410645]
[172.99826278440455, 2672.251760011919]
[173.0222791708956, 2672.1437966342655]
[173.04631121535752, 2672.035835149897]
[173.07035891685425, 2671.927875559074]
[173.24745623319774, 2671.369289661482]
[173.2633040629397, 2671.06426703159]
[173.60391624083178, 2670.253576879514]
[173.9633885200947, 2669.1398102641524]
[174.48911379191097, 2666.7297520841976]
[174.70688708617763, 2665.267932026576]
[174.8278248069225, 2664.8554970105442]
[174.827898198076, 2664.855180401678]
[174.83642818758884, 2664.734445007669]
[174.9491094097006, 2664.443392261871]
[174.95896273559364, 2664.2776521681]
[174.98338809484193, 2664.174531137478]
[174.98338874235674, 2664.1745283550913]
[175.10027093681515, 2663.563548621487]
[175.39860625371614, 2662.7787599189833]
[175.5872687479676, 2662.5746523069247]
[176.18282334724674, 2662.498134082941]
[176.9480299882058, 2656.8236606502846]
[177.03646887458552, 2656.1917177387654]
[177.19009356983338, 2656.019184365756]
[177.95395608751156, 2653.2198838324366]
[179.5835464154807, 2652.985202880812]
[182.60273059197098, 2645.1312216898023]
[183.89745065026182, 2643.2640109562617]
[184.98340225313675, 2639.1076996816555]
[186.31879542398312, 2637.286762590131]
[187.435657917837, 2633.142187639847]
[214.31448139369965, 2354.583442911794]
[215.04325857403828, 2346.8679874531945]
[216.9184705744765, 2085.4728574410574]
[228.18618606209918, 2032.2703018327081]
[236.1515809670176, 1939.3363332706274]
[238.31669185654405, 1925.89045287604]
[241.33167601728363, 1910.6324348540115]
[244.0483271853602, 1895.0158807371474]
[244.8743671183131, 1884.9527203078692]
[245.8039739102096, 1856.7372413904695]
[246.63455506692458, 1855.991982200276]
[247.80535883881868, 1808.55248779661]
[247.88497493807955, 1807.1636481365108]
[248.1067863730394, 1803.6310949105637]
[248.25034329205604, 1801.5131722716335]
[248.44765428099086, 1798.570110366567]
[248.53237388770862, 1797.332368801618]
[248.6007202305822, 1796.539810612759]
[248.6421970202707, 1795.988915129763]
[248.68476257576276, 1795.3971804095045]
[248.90813261159917, 1792.9069515039646]
[249.0615491329949, 1790.846312064189]
[249.11917896079044, 1790.4011208182426]
[249.12215659059137, 1790.0454175274854]
[249.13765824869554, 1789.8966930424042]
[249.15975918232016, 1789.683597213715]
[249.2515511471067, 1788.763905220609]
[249.34597562700833, 1787.9165247736355]
[249.34991779726224, 1787.5650866288277]
[249.38803661483226, 1787.2461403136242]
[249.39881966022062, 1787.0233096194042]
[249.46142769093757, 1786.8081257859803]
[249.64419700663038, 1785.4368379415437]
[249.65172176013925, 1784.6535589093496]
[249.73882110891603, 1784.0132353889212]
[249.8170158198458, 1782.8197385773346]
[249.82872655278112, 1782.8179257746997]
[249.92620166440054, 1782.134581199205]
[249.9954385575858, 1781.069260160492]
[250.0127729204304, 1780.9179973501364]
[250.0759808963281, 1780.3267899575767]
[250.0759811009555, 1780.3267881004533]
[250.1070004133873, 1780.0560841538177]
[250.12523826397899, 1779.922160708686]
[250.15959577855583, 1779.6888455717667]
[250.17420375830085, 1779.4826127519523]
[250.28287487458383, 1778.7288441887856]
[250.32386129770484, 1778.1724773368219]
[250.47299234552966, 1777.2004430769216]
[250.5762095590311, 1775.9940670162523]
[250.64290077076382, 1775.4118032284068]
[250.79199702929176, 1774.7254789452809]
[250.83651178276602, 1773.8139060831131]
[250.9467108901833, 1772.9582023868143]
[251.0111902554868, 1772.3798259407722]
[251.01867069162907, 1772.3507788508373]
[251.0470626595107, 1772.1058657746166]
[251.0660415004368, 1771.941850130832]
[251.0660416212582, 1771.9418491982974]
[251.0932606527804, 1771.781956914765]
[251.10958715883584, 1771.634710105093]
[251.25532989355423, 1770.4839765329127]
[251.31307171788617, 1770.4042898681262]
[251.32207227498725, 1770.0778644802867]
[251.44611510007215, 1769.2104199912542]
[251.4816430684644, 1768.8961515401334]
[251.73809164010785, 1766.9347220043337]
[251.88683383630877, 1766.0233734041349]
[251.96195740434226, 1765.3925361464649]
[252.05161585940405, 1764.8070046058476]
[252.09195837701694, 1764.5315380130432]
[252.10004870707112, 1764.4695766655864]
[252.11698196650676, 1764.3035224272653]
[252.15899752527932, 1764.100393797482]
[252.18171624585997, 1763.9809183158322]
[252.22409957139035, 1763.6767500667625]
[252.22814581790638, 1763.5718631884602]
[252.26195497520857, 1763.3644549734101]
[252.31388019379733, 1763.156728126879]
[252.4052573907666, 1762.3703706732422]
[252.60109602950777, 1761.8257364252172]
[252.65826037278305, 1760.8046771924132]
[252.7078205069351, 1760.7124166248323]
[252.72008692089278, 1760.5815074679435]
[252.97262660080818, 1758.761340482287]
[253.15456704281183, 1757.719884576571]
[253.22856430070865, 1757.29497377775]
[253.28860374250405, 1756.881701368838]
[253.38406075133975, 1756.3081553317236]
[253.43060546392292, 1756.1721488572398]
[253.49701049792523, 1755.6998468571867]
[253.57587527843015, 1755.21938202095]
[253.59533482724882, 1755.1142406728572]
[253.66914871050727, 1754.649757792799]
[253.6773348239007, 1754.6069596910966]
[253.77983639536924, 1753.9993447852767]
[253.94102534481146, 1753.4257533989976]
[253.96066663590636, 1753.0702380555852]
[254.2451247301161, 1751.3903552063548]
[254.5109636235044, 1750.0743809652622]
[254.67912749714188, 1749.2403138375255]
[254.72156188275665, 1748.8956081879141]
[254.85305198931937, 1748.4262659647911]
[254.8825811196705, 1748.3141602262008]
[254.90933481862172, 1748.1483130335191]
[254.91845193224265, 1748.0952201428418]
[254.93638784811327, 1747.9300568395433]
[255.12109632387055, 1746.887604817912]
[255.28206368428422, 1746.7618579807177]
[255.35340134105695, 1745.6472084837455]
[255.7180616389275, 1744.4188128694018]
[255.8083313709294, 1744.271436131091]
[255.8473333291192, 1743.7783165692656]
[255.94607006873895, 1742.8723450067855]
[256.0394704115987, 1742.4604252612012]
[256.0624493135394, 1742.2111116767828]
[256.13349192900677, 1742.05031584728]
[256.24397551408316, 1741.4575870435488]
[256.3920570638922, 1740.9740208866324]
[256.42506546676293, 1740.8656366398252]
[256.48809516685935, 1740.5902925911173]
[256.50325101161405, 1740.2092408294532]
[256.7514428365341, 1739.900875489105]
[256.7662695254099, 1739.1555977735939]
[256.81054111885027, 1738.759057199632]
[256.8489612864431, 1738.6889973924287]
[256.97247988835875, 1738.5919078605284]
[257.0493467589665, 1738.3636096595478]
[257.06071316136166, 1738.1617603765694]
[257.21099764244775, 1737.6718210846655]
[257.28461079180903, 1737.2842579056514]
[257.30475412070194, 1736.7461192256205]
[257.3695490157803, 1736.3422530234582]
[257.3959788248594, 1736.2333284220772]
[257.711170889054, 1736.099637942612]
[257.74716552408574, 1734.883441618208]
[258.02208981347945, 1733.5336354080523]
[258.1818766576888, 1733.4227181692527]
[258.26734689107326, 1732.815931007592]
[258.31858801792555, 1732.8128550116644]
[258.4612772269668, 1732.6044210093353]
[258.69740118130267, 1731.046759837327]
[258.8987081509494, 1730.0833265046103]
[258.9170605206162, 1729.816102867785]
[259.328845526946, 1728.8895432915947]
[259.37654806319375, 1728.7087574120665]
[259.4325056270453, 1727.7486786490203]
[259.52149989617465, 1727.596807121604]
[259.64217191498904, 1727.3674494733373]
[259.7554329699654, 1726.9584829284468]
[259.93444607438164, 1726.7262649007764]
[259.9370306293742, 1726.160513443966]
[259.9650860791748, 1725.8171338049126]
[260.22195589158605, 1724.8963871841843]
[260.4101215545974, 1724.4778605015122]
[260.53810046028013, 1724.2882956444114]
[260.63394544005666, 1723.4278848594859]
[260.63460652824233, 1723.4257254464046]
[260.89355530455805, 1722.8028315160918]
[261.33806791129547, 1722.6004535730733]
[261.5548878183766, 1720.8376199594159]
[261.85291624727023, 1718.8140216757613]
[262.260388451854, 1718.7345882299062]
[262.42528510029376, 1718.1261882414358]
[262.4992708267721, 1717.6627444172866]
[262.5121953244528, 1717.4557942843344]
[263.1241699408828, 1715.8331038706838]
[263.27987511742293, 1714.0382357647898]
[263.58928217514017, 1713.411749133319]
[263.672298893542, 1713.3443292122204]
[263.90977630088224, 1712.5253913417732]
[264.24907960957677, 1712.2396496948845]
[264.5349061713809, 1709.8933560697617]
[265.0531023774041, 1708.2428579886218]
[265.46378851711785, 1707.561436153027]
[265.640846380206, 1706.7722530003512]
[265.87630614232313, 1706.5506752230401]
[266.1499823013692, 1705.6800094614114]
[266.2077043691864, 1704.654102346126]
[266.7732874587467, 1703.6959372415631]
[266.9209297246233, 1703.0327121149971]
[266.934573544114, 1702.4496001416305]
[267.3445459199783, 1702.1634919314808]
[267.61462382988464, 1701.6145936393566]
[267.71233821142033, 1700.9958148133378]
[267.79203591665464, 1700.656514091548]
[268.00355540425863, 1700.0790049170416]
[268.0475323369597, 1699.847364311574]
[268.1712969638343, 1699.3197621019185]
[268.23582888618836, 1699.045861173061]
[268.4718705978436, 1698.7398673414175]
[268.6738378920078, 1698.3549461012149]
[268.7675193095035, 1697.2667557750553]
[269.6468269764346, 1695.441777369075]
[269.7888262209831, 1694.6205466361657]
[269.9347404543442, 1694.3597410279149]
[270.22038005802017, 1693.5418758571295]
[270.9742075166614, 1692.7077086643849]
[271.1856063811577, 1691.045774886698]
[271.606337741814, 1689.993807859189]
[271.62743028616137, 1689.6534598968733]
[271.77787481939293, 1689.4015629470837]
[272.23526282050756, 1687.984328313777]
[272.3782365312595, 1687.7605621599055]
[272.7542590917087, 1687.096208619812]
[272.88496527494635, 1686.5144433117448]
[273.08278660624046, 1686.092411982439]
[273.76231553682067, 1685.4872334007182]
[273.8095134937437, 1684.3363768978008]
[274.0094786410255, 1684.1780346991177]
[274.17970752621903, 1683.0141218724389]
[274.325561305301, 1682.8023155571898]
[274.58538837554005, 1682.1044789489515]
[274.98214586279283, 1681.2469807379994]
[275.0601043575121, 1680.8039267735273]
[275.79382164391166, 1678.7578042919836]
[276.8748850192341, 1678.1745324934905]
[276.87598311027944, 1676.525843443364]
[277.1192579525669, 1675.8302673395583]
[277.2363473222867, 1675.4297632404855]
[277.39645362032013, 1675.197383585663]
[277.6749857971937, 1674.5658964663091]
[278.19282865444535, 1673.4478472183014]
[278.35766713263826, 1673.2352006402143]
[278.9932748737969, 1671.4104142401338]
[279.37544486891136, 1670.3666845030589]
[279.95029807061223, 1669.2312619341503]
[280.552902860395, 1667.7703792882976]
[281.10010535148103, 1666.8497513121042]
[281.19164872331464, 1666.4453237142193]
[281.48397476681816, 1665.9717146656872]
[281.4987659468937, 1665.7791301117177]
[281.91651021430874, 1664.781654242947]
[282.60561111305714, 1663.5507899585118]
[283.0236533384789, 1662.6356193550894]
[283.1025122898293, 1662.3469933482388]
[283.10371979676466, 1662.3448743766694]
[283.1043007437694, 1662.3438652633954]
[283.19434912064344, 1662.0182972316575]
[283.1954832170804, 1662.0161964699669]
[283.4282831919455, 1661.7640265105674]
[283.46849892509954, 1661.4739042447698]
[283.55763333419054, 1661.3533335419083]
[283.74256972556896, 1660.940181090507]
[283.7836524132098, 1660.8128087687242]
[284.42108474415505, 1659.2921234571993]
[284.65055885419747, 1659.0445426093497]
[284.76167058688696, 1658.7233152000936]
[284.8116363630838, 1658.4563650968985]
[285.4495223256464, 1657.5886171934185]
[285.4709634193138, 1657.2329873537542]
[285.51310052889374, 1656.940219356481]
[285.8464871175915, 1656.416679012123]
[286.02698439291277, 1656.3724611576604]
[286.0474967475607, 1655.9767014986887]
[286.2247970723914, 1655.7548854059075]
[286.54902176952464, 1655.2102879694626]
[287.3648068549352, 1653.1844459459526]
[287.3675621011258, 1653.1793730042762]
[287.36937459590746, 1653.176032814592]
[287.37125772105236, 1653.1725615198084]
[288.17339903132756, 1652.400388494481]
[289.6409584040129, 1651.5621268710413]
[289.8226639185702, 1648.2183140182874]
[289.8251163264551, 1648.2139150366506]
[289.82953418716426, 1648.205988921025]
[289.83139610354596, 1648.2026501267956]
[289.8314686540899, 1648.202517753436]
[289.88895178997194, 1648.163093898559]
[290.12411572786215, 1647.6543202836938]
[290.6837331712995, 1646.530085998936]
[291.5066552215274, 1644.8927127518255]
[291.6993780192701, 1644.6629038957271]
[292.34583307982683, 1643.2539666208413]
[292.3505312967612, 1643.2457383777637]
[292.35178883326716, 1643.2435379204499]
[292.3520704038746, 1643.2430487056558]
[292.35216150071875, 1643.2428911146517]
[292.35304638693003, 1643.2413388034424]
[292.35430395774824, 1643.2391410266193]
[292.35534876769793, 1643.2373198369642]
[292.3580217267668, 1643.232632903791]
[293.1027610378563, 1642.195393098492]
[293.20665461846664, 1641.5896699703867]
[293.20758051177927, 1641.588065091344]
[293.20858136830236, 1641.5863139813055]
[293.2149653224694, 1641.575240935616]
[293.6458341729385, 1641.3551521952281]
[293.6873566163315, 1641.0227308178678]
[293.95480179743805, 1640.3346457932855]
[294.1998950252094, 1640.0907720820978]
[294.202055621286, 1639.8589757200143]
[294.2114262690863, 1639.853687736676]
[294.27567684052616, 1639.7345714068992]
[294.2971020766007, 1639.694996367818]
[294.46865455633593, 1639.3813737029222]
[294.5974942700998, 1639.150961982723]
[294.6015229286403, 1639.143851900364]
[294.6076631040676, 1639.1391795833024]
[294.63427912126525, 1639.1127154082312]
[294.64047417372564, 1639.0754625307466]
[294.66625414610684, 1639.053070225472]
[294.68615855874543, 1638.9961595125303]
[294.76701731915017, 1638.8720835012573]
[294.8125601069088, 1638.783401793372]
[294.8556231053538, 1638.7138821743388]
[294.8956631027745, 1638.5849507937683]
[294.91344556169565, 1638.3331404037797]
[294.92431044236037, 1638.3267139129014]
[294.92834102390617, 1638.3149650497878]
[294.9324256737368, 1638.3059521693613]
[294.93326488223784, 1638.28891779799]
[294.9374010425057, 1638.2821635787252]
[294.9398281081792, 1638.2775717099607]
[294.93997595814693, 1638.277290244027]
[294.940256610706, 1638.2768118262297]
[294.94031864332953, 1638.2767102874009]
[294.94044729163403, 1638.2765074008294]
[294.9409179595622, 1638.275688267709]
[294.94127307082044, 1638.2749543346758]
[294.94129786208896, 1638.2749519592066]
[294.9417773871402, 1638.274144691783]
[294.9422112508488, 1638.2733177788168]
[294.942478183459, 1638.2728790243723]
[294.9429895725307, 1638.2720089948284]
[294.94344849690856, 1638.271228774373]
[294.94353033912876, 1638.2710837722875]
[294.94380347333487, 1638.2706376380054]
[294.9438166357219, 1638.2705966818824]
[294.94388402041074, 1638.2705823914766]
[294.94416593013244, 1638.2700420798988]
[294.9442421798005, 1638.269909437884]
[294.9446638621977, 1638.269223634309]
[294.9447862897686, 1638.2690271658425]
[294.944818541011, 1638.2687702807389]
[294.9449781296688, 1638.2687189550684]
[294.9451259873757, 1638.268478505259]
[294.9451969738506, 1638.2683790439296]
[294.9453458553676, 1638.268213720804]
[294.94548868392354, 1638.2679049897038]
[294.9456601335413, 1638.2676506375983]
[294.9458850109435, 1638.2675200899362]
[294.94627315047705, 1638.2667142556397]
[294.94684295203353, 1638.26586264376]
[294.9470754609459, 1638.265546367877]
[294.94716955030384, 1638.2653330519952]
[294.9473613946666, 1638.2650430600602]
[294.94762506149016, 1638.264845378786]
[294.94775049772267, 1638.2645449329025]
[294.9478295734186, 1638.2643604190162]
[294.9479641756132, 1638.264289460018]
[294.9480676322813, 1638.2640083062092]
[294.9483041628769, 1638.2637269499191]
[294.94886684161895, 1638.2628516555478]
[294.94899586122585, 1638.2628239780197]
[294.9492592940132, 1638.262295509276]
[294.9494249447841, 1638.262090578643]
[294.9495583566693, 1638.2618745547265]
[294.94959685170744, 1638.2618344308376]
[294.94974471636283, 1638.2616292234284]
[294.9498606170527, 1638.2615076574239]
[294.9498925812453, 1638.2614252353846]
[294.95018270980455, 1638.2612045063015]
[294.9502301374918, 1638.2610986256282]
[294.9503450168201, 1638.2609718153433]
[294.9506634469332, 1638.2606702078372]
[294.9507764985645, 1638.26059986084]
[294.9513057131707, 1638.260230168149]
[294.9514885379158, 1638.2593427187614]
[294.9518323584978, 1638.2588462919953]
[294.95203574924466, 1638.2586997311732]
[294.9521280947556, 1638.2584692033051]
[294.95230250827535, 1638.2583036216788]
[294.95252815330684, 1638.257952917375]
[294.9527129808752, 1638.257941286151]
[294.9527239482125, 1638.2577177391943]
[294.95288374222696, 1638.2576952348388]
[294.95303063267403, 1638.257324323191]
[294.9531446884339, 1638.2571934965913]
[294.9533198052127, 1638.2569813666669]
[294.9534844142427, 1638.2567683407306]
[294.9536787960358, 1638.2565353580676]
[294.95377616421814, 1638.256418034483]
[294.9538352852924, 1638.2563919131244]
[294.95411589215104, 1638.2560014421028]
[294.9545115298433, 1638.2555532105384]
[294.9547792788013, 1638.2554918418366]
[294.95487231783477, 1638.2552263599903]
[294.9552134649577, 1638.2550980198512]
[294.95543361031116, 1638.254988338424]
[294.95559377357006, 1638.2546122843892]
[294.95566088537817, 1638.254166765454]
[294.9557200075856, 1638.2541459822278]
[294.95630352131803, 1638.2535003983908]
[294.9566829395272, 1638.253212786619]
[294.95686535843726, 1638.2531986719914]
[294.95697663692704, 1638.2531886572624]
[294.9572328909815, 1638.2527580328774]
[294.95761590978367, 1638.2520870565559]
[294.95808678877336, 1638.2516124621466]
[294.95860506474565, 1638.2514107504205]
[294.9588316504388, 1638.2508537447325]
[294.95883370323696, 1638.250726934969]
[294.95927419237233, 1638.250433785253]
[294.9594895581992, 1638.2500671488729]
[294.95980326214993, 1638.2498785251994]
[294.9598995749598, 1638.249763645032]
[294.9602495224575, 1638.2496562036774]
[294.9607748831148, 1638.248934867941]
[294.9613598439427, 1638.2484549047876]
[294.9615531784743, 1638.2482382970104]
[294.9616534201744, 1638.2482141525247]
[294.96170232175103, 1638.2479206045427]
[294.9623222944484, 1638.2475356310465]
[294.9631574129596, 1638.24682919113]
[294.9632441837509, 1638.2468223971482]
[294.96325925017584, 1638.246501039071]
[294.96389149687394, 1638.245976490017]
[294.9640125446756, 1638.2459364109623]
[294.9644368930696, 1638.2457568602654]
[294.96463300678346, 1638.2456804979806]
[294.96552783642426, 1638.24502912895]
[294.9656959440382, 1638.2447790200556]
[294.9658355360438, 1638.2444123369878]
[294.9672138012733, 1638.2436578505499]
[294.9673452182386, 1638.2431738771074]
[294.9683172665238, 1638.2424786684467]
[294.96921852681396, 1638.2423485840814]
[294.96922975031595, 1638.2419816312797]
[294.9699457764985, 1638.2417753796901]
[294.97023937901656, 1638.2416238765893]
[294.9702820046948, 1638.2412977306003]
[294.97079905818885, 1638.2407188661723]
[294.9710162627749, 1638.240634461621]
[294.9717874985076, 1638.2403554419377]
[294.9726022678189, 1638.2401216680914]
[294.97274323097565, 1638.239536296734]
[294.9732211003947, 1638.239133526573]
[294.97401089407725, 1638.238565243395]
[294.9764620489622, 1638.2384688384843]
[294.9767926622458, 1638.2381599051187]
[294.9772228308983, 1638.236648356825]
[294.9794627039502, 1638.2353630049415]
[294.98127234555807, 1638.234843411714]
[294.9817206374838, 1638.2348385849807]
[294.98182134964617, 1638.2347427057641]
[294.98245407939567, 1638.234531259554]
[294.98263274717004, 1638.2343005865453]
[294.9828307869559, 1638.2337471961919]
[294.9834461400506, 1638.2337323763961]
[294.9841067557312, 1638.2331603803204]
[294.9847139760989, 1638.2330811512707]
[294.98522676129187, 1638.232648985962]
[294.9862184302802, 1638.2323332752685]
[294.98779514138397, 1638.2318702489156]
[294.9887510191138, 1638.2313309730575]
[294.99010551718015, 1638.2311178103064]
[294.9914095282852, 1638.2306016120565]
[294.99271849461724, 1638.2300930207407]
[294.9928669571379, 1638.2298939496359]
[294.99381638432664, 1638.229608080832]
[294.9942230652387, 1638.2295221394616]
[294.99680892619494, 1638.2286644491003]
[294.9983052296143, 1638.2282335603502]
[294.99973649578897, 1638.228227401779]
[294.99980155468995, 1638.227828521462]
[295.0023166529866, 1638.2277811388933]
[295.0029449643985, 1638.2276589348203]
[295.0034392804713, 1638.2271484618846]
[295.005274189731, 1638.2267393506631]
[295.00578707154517, 1638.2264470336709]
[295.00761383432683, 1638.226418706458]
[295.00911738122323, 1638.2263041717752]
[295.0110009641114, 1638.2261690672667]
[295.01213447557046, 1638.225496121117]
[295.01234448587786, 1638.225470771668]
[295.0126926022047, 1638.2251348666866]
[295.01321005521123, 1638.2248697761688]
[295.0145737047806, 1638.2247218126622]
[295.0168037548818, 1638.2246387581326]
[295.0175429395761, 1638.224398695324]
[295.0188542257611, 1638.2243391453987]
[295.0195985915147, 1638.2242080317455]
[295.0214732419529, 1638.2239478932217]
[295.02193337125925, 1638.2238898378503]
[295.0223935025843, 1638.2238332127324]
[295.0233610778454, 1638.2236040049972]
[295.0266937759368, 1638.2230289680965]
[295.02966335606203, 1638.2229393112862]
[295.03014717554214, 1638.2228483087604]
[295.03275433591125, 1638.2225385661104]
[295.0359660118987, 1638.2225058728154]
[295.04101209811665, 1638.2224403833238]
[295.04547258384054, 1638.2223720570769]
[295.0476046523022, 1638.2223071707604]
end_solutions
[5.549431750624169, 10.738232304457126, 0.09477939769290294]
[5.549431750624169, 10.738232304457126, 0.09477939769290294]
[5.549475942236961, 10.738293588668583, 0.09455596778197563]
[5.549475942236961, 10.738293588668583, 0.09455596778197563]
[5.549528002834328, 10.738366760002442, 0.09428750828605871]
[5.549565704459602, 10.738414940578515, 0.09411901669635012]
[5.549565704459602, 10.738414940578515, 0.09411901669635012]
[5.549603406084876, 10.73846312115459, 0.09395052510664154]
[5.5496464085222925, 10.738514363705592, 0.09377841023737589]
[5.549668313145001, 10.738538902737748, 0.09369970060186468]
[5.549692379949027, 10.738566508706763, 0.09360896158544194]
[5.5497153656623945, 10.738592581207348, 0.09352423725947497]
[5.549738351375762, 10.738618653707933, 0.093439512933508]
[5.549774722123862, 10.738659747014108, 0.09330567318444959]
[5.549803070309902, 10.738689955798954, 0.09321121499777152]
[5.549829113594836, 10.738717784841915, 0.09312417859925137]
[5.54985584976982, 10.738746080779109, 0.09303551036359795]
[5.549882585944804, 10.7387743767163, 0.09294684212794452]
[5.549913871770455, 10.73880722167375, 0.09284329333174876]
[5.5499496525242, 10.738844929079367, 0.09272428165179131]
[5.493442509828819, 10.718369901173741, 0.0729956448437301]
[5.368324933681761, 10.673115546853039, 0.02783928184085306]
[5.205143445856206, 10.610842915877939, -0.013493008877240129]
[5.141201684561981, 10.589899150350872, -0.047971633283368356]
[5.058749625671477, 10.565428081209511, -0.10578040630618843]
[4.976297566780973, 10.54095701206815, -0.16358917932900852]
[4.9119261922043265, 10.526219814970405, -0.2314118227480494]
[4.829474133313822, 10.501748745829044, -0.28922059577086945]
[1.84658339463415, 11.056318500347635, -1.2316006019771168]
[1.8465833926651547, 11.05631849944118, -1.2316006017692847]
[1.8465833926651547, 11.05631849944118, -1.2316006017692847]
end_values
[ 295.03813326 1638.22222209]
[ 295.03813326 1638.22222209]
[ 295.02684505 1638.22291089]
[ 295.02684505 1638.22291089]
[ 295.01321006 1638.22486978]
[ 295.00500917 1638.22643579]
[ 295.00500917 1638.22643579]
[ 294.99680893 1638.22866445]
[ 294.98875102 1638.23133097]
[ 294.98522676 1638.23264899]
[ 294.98107711 1638.23452378]
[ 294.97724037 1638.23652302]
[ 294.97340378 1638.23883424]
[ 294.96734522 1638.24317388]
[ 294.96325925 1638.24650104]
[ 294.95948956 1638.25006715]
[ 294.95566089 1638.25416677]
[ 294.95183236 1638.25884629]
[ 294.94736139 1638.26504306]
[ 294.94221125 1638.27331778]
[ 289.82266392 1648.21831402]
[ 279.37544487 1670.3666845 ]
[ 268.76751931 1697.26675578]
[ 264.53490617 1709.89335607]
[ 259.43250563 1727.74867865]
[ 255.35340134 1745.64720848]
[ 252.40525739 1762.37037067]
[ 250.0759811 1780.3267881]
[ 172.97138649 2672.37266566]
[ 172.97138643 2672.37266589]
[ 172.97138643 2672.37266589]
