values
[23024.996134405847, 64980.27131264507]
[24058.631519610637, 46470.578936632075]
[29939.4228382374, 37380.16221499364]
[30569.53878711947, 36342.5435421973]
[31312.271922731423, 36306.68795853317]
[31446.174914274747, 36253.94692897633]
[32108.786267414995, 35859.055317141276]
values
[22666.815663449463, 45013.09962008888]
[22726.971143396797, 41364.618472293936]
[22742.160729173767, 41278.816952178255]
[22757.313755604715, 39330.01532672375]
[22763.6254016004, 36269.85227971043]
[22822.559971636685, 35597.05221060215]
[22838.58576845791, 35138.80596889435]
[22854.761579667793, 34727.42182924387]
[22877.008412827603, 33510.41673112643]
[22902.2676571672, 32877.44110288952]
[22976.786323764747, 32740.922069895787]
[22978.344586741878, 32718.397542901523]
[22979.12516702422, 32707.78826561883]
[22979.906713195414, 32697.697889607352]
[23000.275993709627, 32568.010249942952]
[23010.085650895668, 31870.90982923842]
[23092.23692239555, 31815.70359328045]
[23104.84555621823, 31774.496959335393]
[23105.523025704853, 31420.34950575788]
[23124.08071662396, 31383.693362697606]
[23183.369081854733, 31147.23518786192]
[23215.046325294075, 31034.365127538433]
[23248.07795252743, 30974.179897783433]
[23256.56267430503, 30971.089163188764]
[23332.13422254281, 30901.825569519762]
[23396.40540060357, 30751.675852908895]
[23423.63454088152, 30576.43115609493]
[23469.393078502475, 30551.941867122994]
[23487.142599366554, 30384.975548697366]
[23672.771142293663, 29922.76963358609]
[23714.169102224594, 29715.352470197973]
[23828.07179148883, 29470.521189362687]
[23889.835280838466, 29210.366545691784]
[23892.899394309563, 29138.441685985796]
[23894.127459533374, 29133.566609568377]
[23896.585473974403, 29124.285067087538]
[23897.81542284028, 29119.886036924847]
[23899.6615227016, 29113.5980579663]
[23924.065364433754, 29070.397961492057]
[23947.283344732503, 29028.49130375598]
[23955.747473601128, 28125.237223242224]
values
[22628.25889071012, 39804.84619749754]
[22643.6581280178, 37518.453070806936]
[22649.574640520463, 36675.97370779503]
[22664.083050958325, 35359.35849647714]
[22667.876276508207, 35312.768560043914]
[22674.348001862098, 34957.484119210836]
[22691.397473100988, 34244.66840166896]
[22712.48348719201, 33436.331383365025]
[22730.24276073804, 33064.29321173666]
[22730.869887712015, 32919.398300191395]
[22742.513940534198, 32857.74697916898]
[22752.00232529019, 32842.84697058178]
[22760.48052440962, 32414.79520895988]
[22778.711924636722, 32241.17683436862]
[22791.08947688525, 32169.563342317757]
[22818.524098331618, 31771.888079618024]
[22851.032489553385, 31695.405741668597]
[22862.799232810932, 31436.96173675037]
[22886.608282534893, 31249.905851068987]
[22904.52724898261, 31180.37692204093]
[22926.855197116514, 31034.3498728813]
[22950.156878686415, 30988.630389444985]
[22964.70446936223, 30951.4131869223]
[22974.430359711136, 30840.881418674206]
[22999.36557280719, 30769.169318008688]
[23038.695326133115, 30733.65025789878]
[23065.746465721695, 30654.98390805831]
[23066.05157128982, 30626.555014227313]
[23117.930803137908, 30479.6773464999]
[23126.079336387927, 30422.18409117737]
[23193.852947401192, 30348.639896184417]
[23244.528982127333, 30298.934512304026]
[23262.799514245897, 30101.067446336354]
[23297.83461885212, 29878.78113378115]
[23335.514257293682, 29661.46309774245]
[23354.956167540317, 29578.66870569407]
[23441.84972381251, 29402.515756310066]
[23458.549316092496, 29300.465892445638]
[23507.66691848071, 29143.16516213126]
[23538.890528307966, 29037.14109658864]
[23550.474028499768, 28991.859114022438]
[23570.93680684865, 28897.01639631645]
[23637.212731856376, 28730.997540120192]
[23669.988493556495, 28693.14011169488]
[23703.67599212013, 28601.020339413437]
[23740.338498235134, 28501.639376201743]
[23756.53919383497, 28478.13141946677]
[23776.618341351314, 28475.01467882546]
[23811.609778313945, 28357.02678533254]
[23849.153201590838, 28212.881529954593]
[23861.944041379094, 28042.194163130283]
[23925.595155324787, 27963.984170651176]
[23938.419358062187, 27936.777950092564]
[23993.864712725524, 27929.94329050468]
[23998.32039177905, 27920.519112706723]
[23999.985398605662, 27915.810841475217]
[24004.166666541038, 27907.655555864145]
[24005.485896427534, 27895.256427924487]
[24005.57695125912, 27895.129467016533]
[24005.74360668318, 27894.724327522887]
[24006.09566260859, 27894.15653663895]
[24006.11913492284, 27894.120851152333]
[24006.166080271018, 27894.050295404013]
[24006.213026578764, 27893.980827487998]
[24006.306922072923, 27893.845159169206]
[24006.330396546182, 27893.811923528287]
[24006.35387125932, 27893.778960697426]
[24006.53645931396, 27893.506713080456]
[24006.54674954574, 27893.50126444159]
[24006.547557592457, 27893.500150354896]
[24006.714439962125, 27893.285546131217]
[24006.760589973077, 27893.230956024323]
[24006.88214443451, 27893.08684722274]
[24006.92748973097, 27893.037255333205]
[24007.07253722942, 27892.882311597838]
[24007.11730314631, 27892.778033892417]
[24007.217595545066, 27892.740627113824]
[24007.266297691138, 27892.618926422423]
[24007.302563241945, 27892.583909988218]
[24007.3388294688, 27892.549723094147]
[24007.501275680923, 27892.499740795512]
[24007.50774462641, 27892.497075771513]
[24007.514213633993, 27892.494484517134]
[24007.527151835377, 27892.48952330255]
[24007.53577744095, 27892.486379735587]
[24007.55302898321, 27892.48048594146]
[24007.60478625896, 27892.46595051838]
[24007.673802140853, 27892.45390688822]
[24007.67924908382, 27892.37184978705]
[24007.698293838796, 27892.20506581527]
[24007.99912317336, 27892.14222691485]
[24008.14097762381, 27892.025987151428]
[24008.327294102113, 27892.01429263729]
[24008.410525907908, 27891.926891498202]
[24008.48937817471, 27891.874552601224]
[24008.64959610479, 27891.795706240875]
[24008.675016948357, 27891.783139973682]
[24009.174429502633, 27891.54465088407]
[24009.193973889873, 27891.527253714048]
[24009.249172674827, 27891.48084482052]
[24009.320112817215, 27891.42845169812]
[24009.71303842881, 27891.296127967453]
[24010.287446988055, 27891.053314411627]
[24010.547082800636, 27890.962433116598]
[24010.806745503545, 27890.87806605219]
[24011.215384093968, 27890.866828626164]
[24011.454911321125, 27890.70738128416]
[24011.72694631934, 27890.559564848754]
[24012.89141424553, 27890.486414308743]
[24013.33361908952, 27890.30225356007]
[24013.587295966958, 27890.25586023347]
[24013.815861231156, 27890.202497649254]
[24014.04444042161, 27890.15541907882]
[24014.46962389761, 27890.099119942297]
[24014.535156723785, 27890.09470924644]
[24014.721091246436, 27890.090145318612]
[24014.780540657346, 27890.073007821287]
[24015.025941777876, 27890.057065227003]
[24015.38569304192, 27890.040215199937]
[24060.809717721073, 27888.63910470259]
[24061.337768050536, 27887.30375571497]
[24086.274480910655, 27832.6096855795]
[24088.68219021972, 27809.738156124688]
[24089.234394578787, 27806.316265483318]
[24134.356543163893, 27782.344387087665]
[24169.28430727705, 27766.577922518452]
[24294.269461449006, 27749.2210977285]
values
[22622.28110390102, 40404.43407185732]
[22622.67053493434, 39079.60483669233]
[22622.730306410827, 38594.89752191511]
[22625.116097721388, 38591.47187175741]
[22633.76448271064, 38197.89782562022]
[22635.102813528763, 36583.97379336159]
[22636.308500512765, 36474.40854180843]
[22637.534173275744, 36452.15321407706]
[22638.26043310873, 36422.45312655208]
[22641.322614475917, 35641.54801579228]
[22651.548898184854, 35407.5776027971]
[22654.47419932599, 35149.17605738863]
[22665.014098365515, 34315.304602404234]
[22667.4575151834, 34231.82168861778]
[22675.53195033971, 33835.65702544152]
[22678.911035474208, 33803.12904183233]
[22679.05244770494, 33772.615162330076]
[22691.632531125735, 33533.730918563335]
[22701.62090949661, 33180.02180630024]
[22703.46678587765, 33000.076476349575]
[22709.939902360216, 32957.86542171703]
[22717.369644037357, 32787.729622929]
[22718.174871771243, 32724.953820278504]
[22722.89089171245, 32545.190477459408]
[22724.867058908974, 32474.909095788877]
[22735.679485114117, 32420.990395160377]
[22736.564075405673, 32324.964903863663]
[22741.180605474685, 32307.3269863452]
[22747.005940913125, 32248.808013370908]
[22750.912446750757, 32172.12972619694]
[22753.31445634924, 32053.989252653333]
[22757.76388385812, 31973.058648967744]
[22761.518032724627, 31938.390096925665]
[22766.433181642697, 31934.724204477156]
[22770.423279219474, 31918.5913062543]
[22770.929302019347, 31904.07456154896]
[22774.85362000599, 31841.70012309163]
[22778.236226243713, 31835.511709255734]
[22785.733800989936, 31697.40956460195]
[22795.16546908155, 31597.251036125737]
[22800.19779308139, 31568.18309622591]
[22804.197663127456, 31559.911842067875]
[22805.290680451282, 31528.98542992715]
[22807.41574706709, 31524.57504727397]
[22814.64952439141, 31489.921907201]
[22815.658095903324, 31455.632755782197]
[22817.38765205825, 31454.728908475692]
[22820.846950082425, 31425.125843228427]
[22824.10924911371, 31412.315712005897]
[22826.139341842034, 31401.319697867082]
[22834.57881400921, 31290.487416834014]
[22839.09698632131, 31249.46777384892]
[22848.23340336066, 31197.281314440505]
[22852.851635130133, 31187.812132269366]
[22853.296690170035, 31185.00587311481]
[22858.417464421163, 31177.0755418873]
[22859.605249285774, 31173.223846485827]
[22860.40891940327, 31168.83213333018]
[22871.293470512806, 31124.959984918863]
[22872.499291004126, 31100.949389829395]
[22882.820880548796, 31083.506908199048]
[22883.453978344514, 31034.78243767511]
[22888.85844243411, 31029.61877551884]
[22890.187937053546, 31014.58392205721]
[22903.531756355827, 30961.75739512629]
[22920.605014842018, 30874.514802701542]
[22921.501406368927, 30857.346711267455]
[22928.54395992652, 30832.703591215453]
[22935.869222536, 30797.261331463855]
[22942.866838674687, 30769.763656304876]
[22947.900892709713, 30759.741048682794]
[22954.00225962395, 30754.09380583421]
[22960.160602250904, 30753.946324433648]
[22973.686237351725, 30732.14101569085]
[22976.458493121885, 30728.315749074554]
[22981.88185259018, 30717.942749655147]
[22982.059713056766, 30704.33818147207]
[22986.789982195354, 30687.472743075796]
[22996.646516410357, 30632.57002829368]
[23004.770644471733, 30616.998300892807]
[23045.554921966876, 30471.8422794671]
[23046.477553074907, 30427.860305619524]
[23093.69968257933, 30400.867012285256]
[23111.25211499157, 30340.450050792384]
[23111.315941420347, 30340.412831973554]
[23140.24510963204, 30276.753278123953]
[23196.411662126608, 30041.776775889586]
[23204.72138177714, 30008.93112649365]
[23227.521155870763, 29989.59992390988]
[23247.76746349398, 29910.417613547983]
[23256.52368230041, 29663.218000341083]
[23298.65526707487, 29649.020339308263]
[23304.673484993484, 29609.85457416552]
[23318.182164733204, 29565.64094971191]
[23323.659324722044, 29556.78582545471]
[23350.151946867314, 29279.249946391315]
[23434.635716987985, 29101.76062302723]
[23469.166711853883, 28933.196375852727]
[23570.93680684865, 28897.01639631645]
[23572.23241030558, 28846.920420636518]
[23576.1269322226, 28841.843994211766]
[23622.29205558759, 28542.966180926138]
[23637.351736598568, 28462.14535215311]
[23717.466120974947, 28232.859688111977]
[23800.82057174387, 28113.708229775733]
[23843.698629466122, 27990.923942138357]
[23875.432736253097, 27964.901980572067]
[23919.279022172268, 27939.86540956456]
[23934.440576501045, 27918.127973048977]
[23952.375296808124, 27817.435707691584]
[23967.607068145513, 27805.900821212683]
[23969.29340195055, 27793.9537653157]
[23977.065981737764, 27788.787498205293]
[23988.22946167408, 27775.209911335118]
[23998.62615970247, 27745.336221365753]
[24009.392967020416, 27733.943223779654]
[24019.71562398466, 27686.350758136155]
[24020.7258589446, 27678.09169112446]
[24053.867103286015, 27640.35855355418]
end_solutions
[1.2620995645308755, -32.295371900292615, -13.064381877037292, -44.36763013386649, 2.615857900019905, 8.93273683474806, 1.4237332303824162, -15.403314265256824, -3.65618509880313, 12.795764803991652, -10.939220770719036, -12.07664640372667, 0.1759702868446394, -49.21118512609303, -7.088193364511193, -1.9602141821276065, -31.98683329311246, 4.060949826289717, 29.88655994501012, 8.673654386742662]
[1.2590109571452808, -32.295513763888934, -13.064728127310993, -44.36833249152328, 2.6151306122026066, 8.933110152970395, 1.4228116383264615, -15.398963188058168, -3.651992585990407, 12.798774175533195, -10.939003181302262, -12.078909122507175, 0.1747672697479961, -49.212187595241424, -7.089112338783005, -1.9628050120520706, -31.985677757480218, 4.061270515200079, 29.885658233516427, 8.671801606486886]
[1.2565594924565497, -32.29561534304716, -13.064965079906376, -44.36887915982257, 2.6146224691447024, 8.933309639014958, 1.4221109638513028, -15.395519171308168, -3.6486227520215633, 12.801122049491227, -10.938778315207207, -12.080700843899539, 0.17391729225092042, -49.21297778015794, -7.089741013844582, -1.9648202458815067, -31.9847520023799, 4.061577845253938, 29.884911983211985, 8.670242818795458]
[1.0107665600036542, -32.348216169587495, -13.177120329071268, -44.47107556011886, 2.4212853585196052, 9.179731513557584, 1.2966766496714504, -15.017860625189579, -3.371221718559152, 13.160499714068516, -11.008029513172485, -12.234781734512639, -0.14721893125056668, -49.30020408239221, -7.381165805381084, -2.263680412470533, -31.940024427333867, 3.9882153815019916, 29.876233460130873, 8.685186464577267]
[0.6443936168635067, -32.427011011700756, -13.345093515113332, -44.623843392320715, 2.1318251584449333, 9.549084336704777, 1.1092163724436377, -14.454636113910688, -2.9582645529750775, 13.697309182278289, -11.112069502182983, -12.464206031346908, -0.6280210036803148, -49.4302916838823, -7.8176137619819785, -2.7100275399107256, -31.873799716489003, 3.8779311691912994, 29.863891959129475, 8.70899151844181]
[0.6443936168635067, -32.427011011700756, -13.345093515113332, -44.623843392320715, 2.1318251584449333, 9.549084336704777, 1.1092163724436377, -14.454636113910688, -2.9582645529750775, 13.697309182278289, -11.112069502182983, -12.464206031346908, -0.6280210036803148, -49.4302916838823, -7.8176137619819785, -2.7100275399107256, -31.873799716489003, 3.8779311691912994, 29.863891959129475, 8.70899151844181]
[0.778643098022737, -32.41173922598492, -13.312484703770085, -44.58300046028076, 2.190951790679315, 9.487863942162939, 1.1595541003659615, -14.650597903195992, -3.1300285582566225, 13.540700607827455, -11.104508575622592, -12.372372001945706, -0.52922641241459, -49.385324547141, -7.732574624661746, -2.5781539673699276, -31.913332637861096, 3.8839108909435494, 29.890156452118195, 8.756919850140429]
[0.8231138199621517, -32.43506255796842, -13.362079108815688, -44.60105558039242, 2.1125804885240096, 9.622263715017757, 1.1379278165674833, -14.693767234798637, -3.2295930753580784, 13.572491408772425, -11.165784335612049, -12.325745955810934, -0.6579914677371888, -49.37606510561352, -7.860684935444928, -2.600583122588869, -31.958285171913932, 3.814037315698797, 29.944229649160274, 8.891020470399106]
[0.8413015701309234, -32.4515523004513, -13.397152484821849, -44.61617509843341, 2.056540336838246, 9.715109534778598, 1.1197042698370627, -14.706097663087148, -3.2807605004883587, 13.605983281201059, -11.206462940276712, -12.302707060126266, -0.7502006170534756, -49.37365820124661, -7.951350207765026, -2.6259463274977684, -31.98447219854964, 3.7678647921718253, 29.977455638142654, 8.974815494879305]
[0.8338956716822297, -32.43917261474451, -13.370816493607297, -44.603714060864974, 2.0989100881801885, 9.646431234911399, 1.1347687323525286, -14.705416916824294, -3.2514107088073905, 13.575645704103273, -11.177169899016388, -12.31532369502927, -0.6804222307744356, -49.373513492741445, -7.883240534079299, -2.602423239904317, -31.967450010679165, 3.801006684734318, 29.954870495067105, 8.917099560600843]
[0.8322076950465376, -32.44330742920986, -13.379615796818769, -44.608615339412914, 2.084560412681128, 9.668686624898179, 1.128816043202273, -14.699932448942892, -3.2551767879232187, 13.589237344986742, -11.18612363794438, -12.3142265079686, -0.7040960423953322, -49.37486165343007, -7.906017571604977, -2.6132647250433187, -31.971378685231784, 3.790951053935311, 29.960842643651464, 8.932917982639205]
[0.7726890043834828, -32.50510611083111, -13.511160455684273, -44.68796057809382, 1.8684463506079125, 9.995699058380495, 1.0322513704966867, -14.57089725396894, -3.2617325119326077, 13.82088076401331, -11.313115937052864, -12.323513602842473, -1.0609702016498284, -49.40572275496324, -8.24669095127657, -2.7999006353111464, -32.015619816049764, 3.6490039889660824, 30.037159806988523, 9.14085617615902]
[0.7726890043834828, -32.50510611083111, -13.511160455684273, -44.68796057809382, 1.8684463506079125, 9.995699058380495, 1.0322513704966867, -14.57089725396894, -3.2617325119326077, 13.82088076401331, -11.313115937052864, -12.323513602842473, -1.0609702016498284, -49.40572275496324, -8.24669095127657, -2.7999006353111464, -32.015619816049764, 3.6490039889660824, 30.037159806988523, 9.14085617615902]
[0.7601640062504634, -32.50778814202167, -13.516878361389733, -44.69317011727971, 1.8585902570794368, 10.00826317959856, 1.0258581325792653, -14.55165154979703, -3.247598077100481, 13.83919812652714, -11.316647168067721, -12.331363778396668, -1.0773417377107755, -49.41016775915695, -8.26154824855583, -2.8151328364647457, -32.013342603261066, 3.645262700772034, 30.036719550901985, 9.141622411832714]
[0.7567880529790794, -32.51605777095237, -13.534476967812674, -44.7029726743756, 1.8298909060813155, 10.052773959572118, 1.0139527542787543, -14.540682614034228, -3.255130235332138, 13.866381408294076, -11.334554645923708, -12.329169404275328, -1.1246893609525686, -49.41286408053419, -8.307102323607186, -2.8368158067427505, -32.02119995236631, 3.6251514391740214, 30.048663848070703, 9.173259255909441]
[0.8071576987804989, -32.44867149159097, -13.391051608229688, -44.61903441778469, 2.0648482256241767, 9.693814867334307, 1.11602956736743, -14.661441040599074, -3.2269079182589655, 13.6258720700144, -11.193186099974096, -12.32992685907699, -0.7368391145172264, -49.38375166181748, -7.935732166163495, -2.6437291273505172, -31.966824259654384, 3.7834684775472143, 29.959962131478388, 8.934450453986594]
[0.7567880529790794, -32.51605777095237, -13.534476967812674, -44.7029726743756, 1.8298909060813155, 10.052773959572118, 1.0139527542787543, -14.540682614034228, -3.255130235332138, 13.866381408294076, -11.334554645923708, -12.329169404275328, -1.1246893609525686, -49.41286408053419, -8.307102323607186, -2.8368158067427505, -32.02119995236631, 3.6251514391740214, 30.048663848070703, 9.173259255909441]
[0.7601640062504634, -32.50778814202167, -13.516878361389733, -44.69317011727971, 1.8585902570794368, 10.00826317959856, 1.0258581325792653, -14.55165154979703, -3.247598077100481, 13.83919812652714, -11.316647168067721, -12.331363778396668, -1.0773417377107755, -49.41016775915695, -8.26154824855583, -2.8151328364647457, -32.013342603261066, 3.645262700772034, 30.036719550901985, 9.141622411832714]
[0.8071576987804989, -32.44867149159097, -13.391051608229688, -44.61903441778469, 2.0648482256241767, 9.693814867334307, 1.11602956736743, -14.661441040599074, -3.2269079182589655, 13.6258720700144, -11.193186099974096, -12.32992685907699, -0.7368391145172264, -49.38375166181748, -7.935732166163495, -2.6437291273505172, -31.966824259654384, 3.7834684775472143, 29.959962131478388, 8.934450453986594]
[0.6301898640860422, -32.24470574045303, -12.967610040607347, -44.42258860524038, 2.7381143727734916, 8.579655262981891, 1.3405653158822703, -14.573696598180277, -2.681696044884993, 13.177844944789745, -10.718866269766583, -12.586161692385094, 0.3780040082162379, -49.400842549081474, -6.842627093527059, -2.3067607127595675, -31.66058699347548, 4.325137415898408, 29.57629340751842, 7.967970365239521]
[0.6301898640860422, -32.24470574045303, -12.967610040607347, -44.42258860524038, 2.7381143727734916, 8.579655262981891, 1.3405653158822703, -14.573696598180277, -2.681696044884993, 13.177844944789745, -10.718866269766583, -12.586161692385094, 0.3780040082162379, -49.400842549081474, -6.842627093527059, -2.3067607127595675, -31.66058699347548, 4.325137415898408, 29.57629340751842, 7.967970365239521]
[0.21644629077468547, -32.04516500108262, -12.560719378406043, -44.272528019047485, 3.370016754103612, 7.468361120336357, 1.4990420902707902, -14.15684107577702, -1.8117252416355423, 12.943757133590815, -10.220122063430537, -13.022015990432571, 1.4267427758630873, -49.494310739068936, -5.7946514698201925, -2.157386856772706, -31.257638507514294, 4.901428753950055, 29.116431966590127, 6.843234217019223]
[0.38194372009922817, -32.12498129683078, -12.723475643286564, -44.33255225352464, 3.117255801571564, 7.91287877739457, 1.4356513805153823, -14.323583284738323, -2.159713562935323, 13.037392258070387, -10.419619745964955, -12.847674271213581, 1.0072472688043475, -49.45692346307395, -6.213841719302939, -2.2171363991674506, -31.41881790189877, 4.670912218729397, 29.300376542961445, 7.293128676307342]
[-0.4455434265234852, -31.725899818089978, -11.909694318883957, -44.03243108113885, 4.381060564231805, 5.690290492103502, 1.7526049292924217, -13.48987223993181, -0.4197719564364206, 12.569216635672525, -9.422131333292866, -13.719382867308534, 3.1047248040980464, -49.64385984304887, -4.117890471889206, -1.9183886871937272, -30.612920929976397, 5.823494894832692, 28.38065366110486, 5.043656379866746]
[-1.7695228611198268, -31.087369452104692, -10.607644199839786, -43.55223720532159, 6.403148184488192, 2.134149235637792, 2.259730607335685, -12.155934568241392, 2.3641346139618227, 11.820135639835947, -7.826149873017521, -15.114116621060457, 6.460688860567965, -49.942958051008745, -0.7643684760272327, -1.4403923480357697, -29.323485774900607, 7.667627176597963, 26.909097050134317, 1.4445007055617922]
[-2.1861794703346407, -30.9021682935554, -10.261035294270272, -43.4160756522181, 6.922049160239336, 1.175885498223788, 2.365375216723904, -11.720934279336781, 3.1652028925773683, 11.648263844037267, -7.414071373850691, -15.564559370978113, 7.3420392808942925, -50.04678589383778, 0.12272958673387391, -1.35843891366089, -28.92801646569036, 8.157621996400575, 26.49729468060942, 0.46304149907708847]
[-2.2217372599500393, -30.88370644779119, -10.22977994359811, -43.40115455272735, 6.967032264840912, 1.0896993764009069, 2.373587875475703, -11.68542468028581, 3.2306675685742547, 11.628105917805371, -7.38028852439658, -15.607270391881094, 7.420937909134534, -50.05600154439038, 0.20211798030731787, -1.3495234660416835, -28.8902975197392, 8.19938798444231, 26.461410449301855, 0.37970636654192624]
[-2.4458631843974743, -30.78268495124717, -10.042540011487475, -43.32616539197029, 7.246337149548224, 0.5721380043978208, 2.4298950968704887, -11.452271398449895, 3.6598947173135143, 11.532814654924026, -7.159517366722645, -15.851879801149357, 7.896715413007955, -50.11205858460352, 0.6809974102201288, -1.3045226316731857, -28.675456510496332, 8.462786396842937, 26.239583545992804, -0.14775719976651946]
[-2.656978499645324, -30.68657379318431, -9.865544026131204, -43.25434601448791, 7.50973000654861, 0.08297860915278948, 2.4826714423575487, -11.23323484956244, 4.063204986396049, 11.441069498950306, -6.952015406195484, -16.08380652937139, 8.346264677077613, -50.16498368811722, 1.1334654305975294, -1.2614186388343303, -28.47166758920008, 8.710916648461405, 26.03034691871042, -0.644517701371092]
[-3.0306407313260384, -30.517723661303965, -9.553051352845186, -43.128798142288545, 7.9756205882408775, -0.7807520827563372, 2.5764805986721444, -10.844788083786964, 4.778443968907508, 11.281283220142384, -6.584063531742045, -16.49226628386625, 9.140236337172928, -50.25848630789258, 1.9326016682434763, -1.1860229423054687, -28.112860780505358, 9.150143002874447, 25.66034817147989, -1.5240005073412017]
[-4.323353841212306, -29.93123603596448, -8.470587547198829, -42.69154231084488, 9.587801785657042, -3.772512407742635, 2.9002004234099568, -9.502335324565315, 7.250139342716167, 10.723720070484813, -5.31251337428553, -17.909192015290913, 11.889988401198405, -50.582300802373666, 4.700232609578701, -0.9236053022130515, -26.868023076834625, 10.669460834149572, 24.379747855732255, -4.5659696463763835]
end_values
[24015.18877219 27889.91043326]
[24014.59098329 27889.91193073]
[24014.11092728 27889.93822021]
[23994.94216613 27829.4864931 ]
[23970.04902404 27781.60366753]
[23970.04902404 27781.60366753]
[23988.22946167 27775.20991134]
[24014.4288998  27701.31552775]
[24030.23267411 27677.15142748]
[24019.71562398 27686.35075814]
[24022.31485283 27677.36656643]
[24054.5879144 27646.9112167]
[24054.5879144 27646.9112167]
[24053.86710329 27640.35855355]
[24059.31817091 27640.37476073]
[24020.72585894 27678.09169112]
[24059.31817091 27640.37476073]
[24053.86710329 27640.35855355]
[24020.72585894 27678.09169112]
[23843.69862947 27990.92394214]
[23843.69862947 27990.92394214]
[23637.3517366  28462.14535215]
[23717.46612097 28232.85968811]
[23350.15194687 29279.24994639]
[22942.86683867 30769.7636563 ]
[22848.23340336 31197.28131444]
[22839.09698632 31249.46777385]
[22795.16546908 31597.25103613]
[22757.76388386 31973.05864897]
[22703.46678588 33000.07647635]
[22622.2811039  40404.43407186]
