values
[4399704.733775133, 4136262.5552589702]
[4399711.6969517395, 4136166.7061698823]
[4400850.359179972, 4135785.494504304]
[4401291.978548397, 4135348.467810245]
[4402788.225254878, 4135031.648631841]
[4404553.407987308, 4133956.806681469]
[4448878.471636149, 4128908.3775303443]
values
[4316638.273046195, 4116042.5219495385]
[4316913.1883352455, 4115674.6068113376]
[4317003.434414363, 4114865.384855577]
[4317023.269996406, 4114806.459724266]
[4317046.21088189, 4114791.651969283]
[4317536.063604682, 4113970.1100424877]
[4317820.934826913, 4113955.880195884]
[4318107.809815445, 4113003.5608116467]
[4318548.143256396, 4112767.94387127]
[4318549.9325059205, 4112413.4668160495]
[4318813.075874675, 4112269.757487052]
[4318837.042216163, 4112143.1681069154]
[4319185.453230534, 4112091.388724917]
[4319208.081247657, 4111788.910064117]
[4319463.83967791, 4111781.940955126]
[4319499.925528042, 4111708.2710470227]
[4319499.934282578, 4111314.7470714203]
[4319702.1289447425, 4111208.071699685]
[4319836.096944275, 4110972.6556809833]
[4320005.070136183, 4110772.3265553415]
[4320110.299164605, 4110722.6617793003]
[4320362.097030094, 4110663.9659472173]
[4320412.021959464, 4110340.5147941452]
[4320449.086883334, 4110107.9206398507]
[4320557.549780519, 4110011.780996863]
[4320915.297795313, 4109925.9710246506]
[4321277.675097769, 4109591.37844906]
[4321509.932818168, 4109152.666900574]
[4321752.14424633, 4108887.9086413234]
[4321769.274832396, 4108742.1721115485]
[4321866.947824344, 4108308.975834009]
[4322257.284177972, 4108186.8905299176]
[4322418.919941571, 4107747.0908627734]
[4322761.1614505, 4107649.604125842]
[4323279.784803726, 4107528.081195628]
[4323280.912232225, 4107130.3135117567]
[4323578.156891234, 4106684.4649335933]
[4324205.495981975, 4106179.244479634]
[4324363.1498002885, 4105333.9736216525]
[4324395.37764353, 4105308.736604396]
[4324428.605714305, 4105284.5484983292]
[4324498.062661051, 4105239.31925366]
[4325518.739396603, 4105233.052660946]
[4326117.917562125, 4104803.6841301727]
[4326708.549240152, 4104500.6590538975]
[4326876.063053998, 4104345.3065626253]
[4327282.845596723, 4104170.484880855]
[4328089.089448838, 4103945.3751942525]
[4328281.611332547, 4103665.348627516]
[4328607.1660006475, 4103461.0213542134]
[4328940.904404296, 4103284.622381866]
[4329839.899341454, 4102876.000406897]
[4330964.740868752, 4102823.77716111]
[4330977.316031502, 4102634.4147495027]
[4331575.694829635, 4102203.4375731032]
[4332369.706373235, 4102065.513770648]
[4332780.917864969, 4101801.5800366905]
[4333759.422488831, 4101772.855012913]
[4333780.405480336, 4101505.2903280375]
[4333876.368711245, 4101476.3899529097]
[4334543.376434872, 4101463.1417713403]
[4334618.631711116, 4101435.8866749397]
[4334694.057198702, 4101408.8407069077]
[4334769.652897506, 4101382.0038674264]
[4334808.055924212, 4101257.2387049324]
[4334997.23465882, 4101180.5135455397]
[4335518.151606763, 4101056.587541956]
[4335824.605088141, 4100982.8816451365]
[4336595.828016984, 4100923.0761506804]
[4336624.287316442, 4100895.549108009]
[4336751.693783865, 4100793.134353586]
[4336825.594957224, 4100776.4758592607]
[4336926.051355515, 4100755.375141234]
[4337005.543634409, 4100737.8848093282]
[4337170.346489789, 4100702.9986026296]
[4337480.52371452, 4100689.080291008]
[4337518.100727193, 4100632.951508803]
[4337730.40894406, 4100594.8530208333]
[4337969.808228843, 4100571.4890606822]
[4338083.795493983, 4100524.1954000345]
[4338299.078989967, 4100489.4656031746]
[4338407.362926731, 4100467.2729375735]
[4338549.345340615, 4100452.434808733]
[4338694.6611715, 4100440.8302400685]
[4338731.852508329, 4100421.3582919342]
[4338939.140948138, 4100387.0634196294]
[4339021.377705451, 4100369.945850302]
[4339094.625842725, 4100362.6762179383]
[4339332.090491986, 4100325.438893533]
[4339680.575837682, 4100277.426415396]
[4339904.736849907, 4100252.5834651976]
[4340267.250582476, 4100204.175125291]
[4340273.675552433, 4100200.561798633]
[4340741.868266771, 4100151.6668835045]
[4340806.133516144, 4100142.074052767]
[4340825.626859946, 4100140.9834774644]
[4341104.027794202, 4100113.9344329825]
[4341714.390523275, 4100056.59631872]
[4341948.928230495, 4100042.8080208865]
[4342279.761440227, 4100016.4534912673]
[4342376.83148926, 4100012.864565391]
[4342569.40091355, 4099996.108772431]
[4343949.692490829, 4099926.5375774773]
[4344841.799230161, 4099904.533651703]
[4344977.775896166, 4099897.7059039874]
[4346412.006479475, 4099896.557882847]
values
[4306137.988309272, 4144874.172429272]
[4306139.004572256, 4143531.3444048143]
[4306168.532914702, 4141772.6234636726]
[4306211.809028299, 4140477.357042768]
[4306312.670184724, 4139886.109002524]
[4306324.182825766, 4138363.8337908103]
[4306383.218607192, 4137534.2548161596]
[4306550.471238876, 4136403.854567203]
[4306566.588152353, 4136342.2274060007]
[4306593.314448674, 4136043.4176932797]
[4306599.281116339, 4135978.2812731056]
[4306608.620571878, 4135099.757724756]
[4306700.973138743, 4134982.1995725245]
[4306708.68727465, 4134798.888581857]
[4306754.077198268, 4134503.826770005]
[4306782.994900983, 4133543.778504033]
[4306799.132762509, 4133521.9357194095]
[4306891.875370075, 4133360.6872303984]
[4306891.993708302, 4133284.2039910345]
[4306900.338274581, 4133283.7723032846]
[4306938.296209656, 4132807.6322198147]
[4307006.763571494, 4132352.167015872]
[4307010.916674965, 4131994.4474245925]
[4307127.945734717, 4131806.3881189623]
[4307156.807642198, 4131302.4204447665]
[4307180.839610873, 4130981.817376385]
[4307271.193410403, 4130481.5786361364]
[4307329.287724696, 4130466.536366014]
[4307349.551474705, 4130142.305538581]
[4307383.7566223005, 4130115.7637436837]
[4307413.124237343, 4129964.5248038643]
[4307442.12431106, 4129806.788354018]
[4307502.13556049, 4129499.7307155184]
[4307563.823182879, 4129005.1654270138]
[4307654.176757573, 4128745.13027304]
[4307753.138879435, 4128151.976923059]
[4307764.471566213, 4128085.4373529674]
[4307818.241609432, 4128002.5635916735]
[4307866.095137129, 4127591.6551478845]
[4307994.328071847, 4127272.0287201083]
[4308146.791405957, 4126841.525719927]
[4308169.9779887255, 4126741.9431146863]
[4308200.29589934, 4126213.46149402]
[4308381.508545518, 4125907.8070196058]
[4308403.648168588, 4125643.9071875573]
[4308470.753682737, 4125430.1454412704]
[4308478.934416166, 4125392.9321319857]
[4308592.593037586, 4124968.6383151794]
[4308634.270698282, 4124720.551718611]
[4308710.609411898, 4124344.466145956]
[4308774.831504803, 4124190.480512733]
[4308880.689500988, 4123811.582829001]
[4308974.225669842, 4123497.598947652]
[4308995.184848284, 4123491.5181277758]
[4309034.718764886, 4123326.314488593]
[4309057.907375755, 4123285.920185923]
[4309220.803791289, 4122788.0222820067]
[4309252.15388915, 4122666.211493354]
[4309415.461651432, 4122556.605097308]
[4309483.713653751, 4122205.0536935665]
[4309553.118873787, 4121854.072695764]
[4309674.152454253, 4121709.9501267667]
[4309725.998118278, 4121448.7683784273]
[4309786.107761535, 4121403.297867554]
[4309843.973654373, 4121320.9001886654]
[4309900.905669536, 4121040.620103056]
[4309986.674745683, 4120801.0901807696]
[4310046.828893353, 4120673.5171477734]
[4310137.879244343, 4120589.326009997]
[4310195.139548156, 4120476.1512654508]
[4310206.554621215, 4120396.175056127]
[4310347.995973177, 4120081.592934383]
[4310376.728664748, 4120060.325742807]
[4310397.913149831, 4119866.1296673655]
[4310450.884439165, 4119825.401740874]
[4310483.478047232, 4119626.7758475295]
[4310576.228464802, 4119564.237079089]
[4310682.00123423, 4119386.2846495584]
[4310700.493874865, 4119145.5218655076]
[4310786.46781235, 4119097.596365797]
[4310828.02433372, 4118864.1510034036]
[4310935.630628632, 4118639.9082304845]
[4311108.678233736, 4118620.829857251]
[4311110.209414741, 4118429.5315735205]
[4311190.488687051, 4118119.727530414]
[4311415.154166383, 4117681.499491363]
[4311571.4678612305, 4117530.4631194216]
[4311577.305619973, 4117430.7913367907]
[4311684.785597994, 4117182.0608015377]
[4311926.406021886, 4116787.1806442547]
[4311986.48820194, 4116731.0019734735]
[4312052.398835855, 4116654.3729052683]
[4312242.979618714, 4116204.642498258]
[4312377.623678796, 4116094.892204682]
[4312421.641990084, 4116043.527220207]
[4312535.130300288, 4115722.999594011]
[4312700.766421751, 4115598.6346552493]
[4312777.211969564, 4115289.3017009497]
[4312848.612204457, 4115226.295078171]
[4312854.4353784695, 4115208.441615034]
[4312866.04078545, 4115170.173849587]
[4312905.698406438, 4115099.813434322]
[4313086.487466236, 4114884.373455283]
[4313254.436478758, 4114788.555288381]
[4313294.991806861, 4114774.4337881827]
[4313435.08450591, 4114335.6654086537]
[4313519.304325036, 4114169.6264326116]
[4313674.656635958, 4113976.7737979842]
[4313821.2376328865, 4113805.773161985]
[4313946.643189808, 4113731.58444749]
[4313983.091681926, 4113725.207044324]
[4314095.103497935, 4113488.7910446366]
[4314176.15953326, 4113281.882002573]
[4314403.246141453, 4113129.3586555608]
[4314515.609696438, 4112894.556927075]
[4314568.635505594, 4112776.8045852687]
[4314807.861795759, 4112465.6342791477]
[4314949.995096765, 4112315.091799991]
[4315104.078038769, 4112088.13974191]
[4315214.542509294, 4111975.747702518]
[4315250.571463737, 4111936.002436671]
[4315382.507175474, 4111893.5647768336]
[4315462.208815447, 4111675.5362181724]
[4315582.665854255, 4111567.4455162366]
[4315883.095315051, 4111200.8407781925]
[4316112.527440206, 4110934.2081819456]
[4316236.5321206385, 4110843.5143642635]
[4316324.909707468, 4110781.4147059047]
[4316395.2016183175, 4110777.916171648]
[4316448.858556923, 4110576.209246331]
[4316685.787753057, 4110412.708192274]
[4316791.688330283, 4110222.6227698294]
[4316895.797867829, 4110192.6332871625]
[4317025.764869418, 4110060.87269111]
[4317130.96353404, 4109981.304317134]
[4317455.330743569, 4109863.705467954]
[4317512.885514731, 4109506.9792638565]
[4317607.861734738, 4109466.7925061723]
[4317610.146229423, 4109466.295222835]
[4317693.044084126, 4109339.3847227003]
[4317891.379684138, 4109143.8189037456]
[4317941.681093927, 4109136.013277228]
[4318035.215837533, 4109054.754224378]
[4318064.918946704, 4108994.356232327]
[4318121.843809132, 4108973.5769856144]
[4318275.800156277, 4108961.01974162]
[4318282.494269067, 4108812.5469451207]
[4318336.24396994, 4108771.8335591513]
[4318603.885065761, 4108658.709527336]
[4318630.301680319, 4108496.3932200577]
[4318649.71234238, 4108495.126151565]
[4318860.076581288, 4108359.86777959]
[4319021.93035858, 4108230.1110871937]
[4319141.788336167, 4108074.538240192]
[4319183.858428589, 4108041.8689128878]
[4319191.469124694, 4108031.4392104503]
[4319267.297655061, 4107949.558930179]
[4319375.141338816, 4107880.157636878]
[4319393.912778834, 4107839.4570026686]
[4319425.134310461, 4107837.4669512543]
[4319618.768629766, 4107785.126821662]
[4319783.676943768, 4107611.468163816]
[4319841.074611031, 4107509.1300954646]
[4319920.435712609, 4107420.650633224]
[4320457.648099509, 4107013.5686972863]
[4320509.589864955, 4107006.914378238]
[4320514.25086398, 4106994.1096167387]
[4320606.635922611, 4106936.8095080536]
[4320738.375265261, 4106822.6077781147]
[4320888.636940628, 4106711.3599013397]
[4321005.551715367, 4106618.210182919]
[4321340.738001119, 4106422.815711734]
[4321502.091379599, 4106294.8622281225]
[4321564.148398649, 4106234.5741003505]
[4321925.658976324, 4106080.1368975127]
[4322109.918522432, 4105902.0472529023]
[4322275.544225646, 4105779.054910157]
[4322282.14042401, 4105776.0738525903]
[4322339.040139972, 4105720.6674336717]
[4322422.09705632, 4105681.0974712307]
[4322452.134924449, 4105666.6940454533]
[4322565.696928059, 4105613.156037833]
[4322638.1130799465, 4105548.0644153985]
[4322724.818644486, 4105463.1633971888]
[4323047.524688907, 4105315.653498787]
[4323090.146163878, 4105254.190413822]
[4323197.313297324, 4105253.6927068806]
[4323365.820450323, 4105126.623431431]
[4323615.847344606, 4104946.2105091163]
[4323829.512856518, 4104888.8744253316]
[4323850.823765191, 4104860.752695467]
[4324011.054011463, 4104758.2138757594]
[4324077.05845401, 4104679.2130938196]
[4324187.225012688, 4104663.4074955424]
[4324202.803287816, 4104651.18859648]
[4324349.123730048, 4104570.962106168]
[4324365.248367148, 4104570.5556735154]
[4324432.255579329, 4104527.9512797073]
[4324587.801535056, 4104425.6548313433]
[4324692.809232244, 4104358.468100822]
[4325029.914980829, 4104223.5061632986]
[4325648.666135623, 4103888.0876080766]
[4325907.617885521, 4103793.136928592]
[4325970.132692219, 4103762.048524281]
[4326057.193594431, 4103701.794827917]
[4326145.077460015, 4103679.218385601]
[4326399.692806904, 4103661.6966920104]
[4326628.450173075, 4103444.075664488]
[4326754.4418573715, 4103441.5354560795]
[4326805.16768305, 4103384.956425447]
[4326980.021857867, 4103326.819571328]
[4327122.594245909, 4103322.5502618845]
[4327254.8623908805, 4103196.277931374]
[4327288.782302996, 4103185.6319091073]
[4327511.590861199, 4103084.5346726454]
[4327722.567155361, 4102998.9626660603]
[4327750.643217705, 4102964.548732784]
[4327878.398087385, 4102923.0053023407]
[4327997.372435568, 4102901.6809639167]
[4328233.68998961, 4102784.421902697]
[4328702.260114307, 4102622.3465591725]
[4329165.8649614835, 4102443.9536364228]
[4329636.822557616, 4102273.4144819337]
[4329875.722507484, 4102200.6091058548]
[4330119.343047573, 4102126.7960420614]
[4330132.158116498, 4102113.188251698]
[4330353.061990133, 4102037.0149146486]
[4330901.716668228, 4102017.3709620098]
[4331135.032136078, 4101833.3357062954]
[4331251.1160824355, 4101776.0616946616]
[4331571.030296256, 4101664.1925236806]
[4331636.360836781, 4101659.2673122594]
[4331771.130678533, 4101642.1760512083]
[4331829.148681217, 4101613.73962552]
[4331853.312358374, 4101601.5655735643]
[4332069.460640784, 4101523.2559861746]
[4332415.279661183, 4101460.1158243534]
[4332575.247092224, 4101390.1773947114]
[4332818.7215822665, 4101316.129996515]
[4333088.390708745, 4101264.9580542976]
[4333851.463205862, 4101081.0893217116]
[4333928.870972957, 4101071.276628471]
[4334099.334859449, 4101004.274002569]
[4334378.346462698, 4100970.680205453]
[4334501.110502742, 4100939.3452711655]
[4334840.801076401, 4100932.6305161556]
[4335034.863633485, 4100836.3428769]
[4335490.863024797, 4100727.774666973]
[4335985.122049784, 4100707.634938152]
[4335986.911348883, 4100645.801574953]
[4336247.056012546, 4100622.8127837135]
[4336795.863364246, 4100560.901863127]
[4337002.192006016, 4100462.8814717275]
[4337567.324394519, 4100379.162339188]
[4338280.684947551, 4100308.2807724]
[4338658.571841211, 4100279.8409430273]
[4338739.523619152, 4100262.3623190923]
[4339054.207682177, 4100228.1698021367]
[4339083.825958676, 4100155.341391767]
[4339438.6817027405, 4100120.741293234]
[4340193.9271160755, 4100036.1240439327]
[4340335.749219535, 4100012.7999750036]
[4341199.956329922, 4100006.8706258354]
[4341300.322614982, 4099925.992980199]
[4341611.031813603, 4099896.3287330344]
[4342437.435137137, 4099842.477864618]
[4343317.893458642, 4099793.350064696]
[4343669.510774852, 4099787.8282908564]
[4344209.036236911, 4099756.0927609825]
[4346615.658416402, 4099724.1722778766]
values
[4305842.134957066, 4145835.773168067]
[4305849.4725638935, 4143890.803931246]
[4305861.074894627, 4143529.226687822]
[4305873.853297887, 4143348.4475527443]
[4305877.207581394, 4143223.6882867934]
[4305892.022759784, 4142365.0722889826]
[4305893.553992697, 4142064.8459398523]
[4305915.90393406, 4141858.1664322787]
[4305936.392720579, 4141114.8524071677]
[4305941.594521454, 4140869.354617743]
[4305949.882268696, 4140575.840247086]
[4305967.3996887235, 4140425.1886816765]
[4305992.558101294, 4139929.508903961]
[4306000.220776587, 4139812.3022767003]
[4306003.63877503, 4139741.3951372076]
[4306030.393669346, 4139700.00974167]
[4306036.351078172, 4139217.887654477]
[4306082.441040823, 4138530.68509094]
[4306166.857706368, 4137807.7815224254]
[4306175.133146013, 4137806.9379690457]
[4306194.020099695, 4137156.7525896616]
[4306194.094035853, 4137104.695194226]
[4306237.536148342, 4136844.875225971]
[4306260.789727852, 4136457.1049759113]
[4306274.515706619, 4136354.222906072]
[4306299.350447056, 4136346.4262955943]
[4306327.294771016, 4135807.6960567813]
[4306380.970065429, 4135383.5003705844]
[4306425.78069519, 4134990.588687306]
[4306449.479901111, 4134914.81235577]
[4306459.814526182, 4134658.8393097213]
[4306482.264696834, 4134483.500872264]
[4306484.6777318, 4134433.1137236324]
[4306491.4236308, 4134407.62708255]
[4306502.550619501, 4134299.9415258747]
[4306538.530642625, 4134245.369589207]
[4306539.20251297, 4134096.1947908434]
[4306540.654032501, 4134025.6464770706]
[4306559.931955274, 4133862.8964711977]
[4306578.884540124, 4133731.057569666]
[4306584.002975195, 4133701.6359953773]
[4306588.684834848, 4133691.609517578]
[4306627.582273706, 4133388.667776736]
[4306662.687727449, 4133213.5521351416]
[4306694.104029929, 4133028.2188743586]
[4306773.520474662, 4132417.2137507964]
[4306887.760851989, 4131925.4026667024]
[4306902.967463193, 4131644.3292984297]
[4306915.856769401, 4131555.999835359]
[4306966.793318419, 4131235.739394756]
[4306984.733187477, 4131157.6215314283]
[4306989.716154561, 4131108.9556691754]
[4306995.856467023, 4131061.4301990843]
[4307013.090340799, 4130982.699903765]
[4307027.562951347, 4130935.970047473]
[4307051.385260891, 4130904.431925974]
[4307132.412400344, 4130608.169857176]
[4307230.721635406, 4129868.795875502]
[4307231.0948700365, 4129828.331311207]
[4307367.319166164, 4129715.820600983]
[4307435.939711247, 4129711.6032660725]
[4307480.857814671, 4128668.7089231173]
[4307520.882254523, 4128471.0981517364]
[4307530.286616509, 4128438.194973517]
[4307551.3046303075, 4128331.832166177]
[4307561.542416016, 4128297.7611348503]
[4307564.358044152, 4128276.8091599653]
[4307570.592421016, 4128243.10598676]
[4307631.377150253, 4128173.8340212]
[4307633.646129038, 4128108.95196194]
[4307638.503891657, 4127959.3527867217]
[4307699.812764688, 4127800.8009865107]
[4307764.668035278, 4127614.257522573]
[4307846.265162604, 4127110.696529884]
[4307902.843266385, 4127060.281367549]
[4307916.495459634, 4127007.3550766152]
[4307918.559305767, 4126903.303619546]
[4308051.960193763, 4126321.8993522245]
[4308105.208853514, 4126135.026506904]
[4308109.522888681, 4126110.8687744928]
[4308153.411386853, 4125969.739231077]
[4308158.581739048, 4125931.902142886]
[4308166.39801626, 4125917.1795115336]
[4308178.660665266, 4125880.7388419188]
[4308185.654293586, 4125834.183230878]
[4308190.059557681, 4125815.995126322]
[4308218.331614825, 4125719.614800071]
[4308221.989351446, 4125700.6160473544]
[4308240.5566632245, 4125633.972971907]
[4308306.611033095, 4125564.0844105547]
[4308319.6074981885, 4125525.1946313484]
[4308332.7014645785, 4125315.5080790147]
[4308447.559076679, 4125270.2732667862]
[4308528.37058956, 4124991.40435933]
[4308537.065505914, 4124783.5436969455]
[4308540.277392595, 4124628.1660177233]
[4308554.283677025, 4124601.439880866]
[4308561.674853751, 4124554.097353488]
[4308653.247841669, 4124299.552536869]
[4308700.7124027135, 4124258.8522639284]
[4308756.346734036, 4124085.200466615]
[4308764.036901344, 4124052.747150393]
[4308800.714214539, 4123804.4290353623]
[4308815.352989009, 4123758.199608055]
[4308849.243597642, 4123673.3669296396]
[4308866.6821804475, 4123634.7209634157]
[4308870.4500246905, 4123595.2259917296]
[4308903.591016221, 4123497.446355574]
[4308944.776684477, 4123465.8893492236]
[4308977.596039465, 4123272.807009026]
[4309023.704618866, 4123270.209230817]
[4309029.511957627, 4123258.853179825]
[4309057.549027955, 4123201.189732554]
[4309075.359180634, 4123101.417830694]
[4309198.69749702, 4122747.2832045835]
[4309225.020324039, 4122699.6078254413]
[4309252.15388915, 4122666.211493354]
[4309266.302975051, 4122464.0239663185]
[4309483.713653751, 4122205.0536935665]
[4309502.028139873, 4121925.506856371]
[4309523.317890911, 4121907.886916573]
[4309548.747773859, 4121700.8138970584]
[4309568.769995484, 4121656.174450112]
[4309615.306605905, 4121648.4495821414]
[4309646.566675769, 4121469.5474931193]
[4309649.808572288, 4121453.835185715]
[4309661.243897346, 4121414.8286930984]
[4309686.228389259, 4121360.987795738]
[4309806.04380308, 4121162.431888246]
[4309813.157290587, 4121157.717433073]
[4309842.024486398, 4121056.1762131895]
[4309850.6468544025, 4120960.592773021]
[4309895.959879814, 4120877.3555241167]
[4309986.674745683, 4120801.0901807696]
[4310027.276169806, 4120622.120212603]
[4310041.582739699, 4120561.664187213]
[4310082.96323831, 4120397.7702149493]
[4310183.035289665, 4120303.046523941]
[4310244.2347745, 4120066.779519971]
[4310305.61358975, 4119900.64790196]
[4310325.62692376, 4119896.0466000256]
[4310388.275468029, 4119791.8219254455]
[4310403.438219418, 4119732.1012010705]
[4310442.524803851, 4119662.2786910343]
[4310483.478047232, 4119626.7758475295]
[4310484.684123751, 4119548.822429014]
[4310504.215918462, 4119433.032897763]
[4310559.51407128, 4119311.3728216714]
[4310603.050462358, 4119300.121212782]
[4310675.81957187, 4119127.6197090754]
[4310700.71956135, 4119012.789303534]
[4310712.946204843, 4118975.3416318414]
[4310742.478399744, 4118924.469448193]
[4310785.473317787, 4118889.5948684006]
[4310828.02433372, 4118864.1510034036]
[4310902.64329097, 4118692.5552963773]
[4310935.630628632, 4118639.9082304845]
[4310976.385464948, 4118437.4792203414]
[4311039.24327088, 4118374.232610021]
[4311190.488687051, 4118119.727530414]
[4311198.533474538, 4118001.4284311226]
[4311211.227103391, 4117964.1276069107]
[4311349.525492254, 4117717.1813957156]
[4311366.245774464, 4117673.383661203]
[4311415.8970316015, 4117635.889185247]
[4311440.771792837, 4117590.3924921537]
[4311554.406583534, 4117442.926049056]
[4311560.693991485, 4117349.2187563493]
[4311584.770062346, 4117251.675926908]
[4311617.160579112, 4117217.5429393006]
[4311640.505525734, 4117141.0246417373]
[4311679.332305287, 4117119.6495078257]
[4311706.769146049, 4117035.9972468126]
[4311720.424955195, 4117018.3033766635]
[4311733.584925981, 4116981.147964749]
[4311764.128550107, 4116929.9178112275]
[4311770.1316383695, 4116925.664656753]
[4311777.5739740925, 4116914.5630334583]
[4311843.507563809, 4116909.206689429]
[4311859.199273826, 4116859.007733873]
[4311926.406021886, 4116787.1806442547]
[4311986.48820194, 4116731.0019734735]
[4312052.398835855, 4116654.3729052683]
[4312131.570175093, 4116343.959297338]
[4312171.133011603, 4116240.1125255483]
[4312242.979618714, 4116204.642498258]
[4312280.019862569, 4116026.4168142634]
[4312497.796551075, 4115708.533867897]
[4312512.818901315, 4115654.0545970476]
[4312520.149417325, 4115648.513131755]
[4312613.50966592, 4115503.193964232]
[4312687.34593942, 4115365.084180112]
[4312718.660872746, 4115349.245391085]
[4312749.8273915835, 4115251.350771399]
[4312780.369061268, 4115221.9363301606]
[4312791.59300716, 4115207.5910477075]
[4312811.830657621, 4115153.1803724626]
[4312876.634994446, 4115088.1694632224]
[4312881.526517237, 4115029.056072247]
[4312928.209912601, 4114966.5143580353]
[4312935.00931252, 4114957.0844509644]
[4312952.176523788, 4114931.312459447]
[4313070.7840578025, 4114783.636645924]
[4313107.838476026, 4114693.21170449]
[4313215.573858666, 4114549.963644252]
[4313237.055166263, 4114497.05926024]
[4313277.780852813, 4114466.523285114]
[4313418.337351723, 4114275.2044501347]
[4313477.046115922, 4114131.139660566]
[4313492.721551437, 4114113.6883894736]
[4313566.913132009, 4114037.523946166]
[4313674.656635958, 4113976.7737979842]
[4313728.495796124, 4113869.0436839922]
[4313768.212004992, 4113739.3588376483]
[4313810.29448985, 4113675.035122814]
[4313869.369263222, 4113601.100332251]
[4313891.825717681, 4113549.5690014088]
[4313908.731889996, 4113521.437589032]
[4313919.8288178835, 4113495.5476411916]
[4313940.4227877725, 4113480.657533428]
[4313947.964180588, 4113451.5286743054]
[4313963.938323183, 4113419.1631204435]
[4313979.061847036, 4113411.3215846624]
[4314006.11187833, 4113405.598730317]
[4314052.11735921, 4113306.396308234]
[4314096.64230567, 4113261.4977248022]
[4314168.830418551, 4113160.131125911]
[4314176.594984173, 4113146.28222377]
[4314181.289641096, 4113132.477962311]
[4314269.51824864, 4113098.4700294104]
[4314515.609696438, 4112894.556927075]
[4314524.4035719475, 4112814.356114274]
[4314568.635505594, 4112776.8045852687]
[4314636.935947551, 4112531.221355753]
[4314701.691136018, 4112474.303111867]
[4314789.938738303, 4112350.1740821865]
[4314874.894908643, 4112249.3096579458]
[4315029.5311223045, 4112030.9252740056]
[4315188.267467394, 4111954.400169078]
[4315231.356588982, 4111785.176058089]
[4315239.296757451, 4111775.5518164104]
[4315250.548063896, 4111758.965558842]
[4315314.212634051, 4111707.267447874]
[4315403.239319186, 4111687.7513695234]
[4315454.890056974, 4111538.587845945]
[4315581.936103039, 4111392.3260984328]
[4315598.139259563, 4111349.697633967]
[4315861.827159225, 4111043.5901780627]
[4316093.368111447, 4110800.611170334]
[4316097.356957667, 4110781.3156372276]
[4316184.446419992, 4110687.978732734]
[4316349.530543415, 4110511.6215857617]
[4316368.092469297, 4110483.3381120614]
[4316480.395122765, 4110360.57767792]
[4316516.085903912, 4110336.9758522315]
[4316594.137801508, 4110261.8985734084]
[4316606.389104377, 4110246.167204252]
[4316642.2224844955, 4110188.6207566336]
[4316735.8142268555, 4110104.497717748]
[4316778.349250918, 4110064.0461498043]
[4316833.441816515, 4109990.0909159514]
[4317003.928649939, 4109971.6223562923]
[4317129.157149066, 4109705.315705901]
[4317167.398751257, 4109650.77293422]
[4317408.71980946, 4109566.8767293114]
[4317483.259327857, 4109507.8616764527]
[4317490.002554958, 4109355.303951429]
[4317529.71197167, 4109310.57113549]
[4317665.4326684605, 4109180.650065192]
[4317706.0817161845, 4109129.108953513]
[4317798.207897757, 4109039.3916532504]
[4317836.098014882, 4109001.9773547524]
[4317925.971947421, 4108941.2071924675]
[4317943.772027621, 4108913.0434280834]
[4317958.761864466, 4108894.3043713965]
[4318074.779436934, 4108806.075924164]
[4318086.286689372, 4108791.4775932063]
[4318122.05412362, 4108751.9246677617]
[4318149.037213981, 4108727.1208987515]
[4318224.8469526265, 4108672.238315346]
[4318407.791557088, 4108581.088614163]
[4318425.505863453, 4108485.460977301]
[4318544.71693819, 4108434.1933940565]
[4318669.570917753, 4108403.590913063]
[4318781.276655112, 4108170.766924453]
[4318980.259334556, 4108056.637741319]
[4319183.858428589, 4108041.8689128878]
[4319191.469124694, 4108031.4392104503]
[4319267.297655061, 4107949.558930179]
[4319351.216586084, 4107685.4695796734]
[4319360.439770915, 4107668.3110949225]
[4319458.2107598465, 4107609.107806042]
[4319495.264523698, 4107571.81203535]
[4319550.189488908, 4107539.6284948033]
[4319647.031543218, 4107460.24249467]
[4319652.927376697, 4107453.062351198]
[4319796.295871624, 4107330.84515924]
[4320090.504891292, 4107116.8848902117]
[4320152.860520689, 4107066.945144361]
[4320228.254695623, 4106994.608041674]
[4320459.186521848, 4106971.407308808]
[4320500.032843282, 4106912.2948787166]
[4320680.517049747, 4106665.210216779]
[4320768.962314118, 4106616.7264967235]
[4320865.230419759, 4106544.2768177153]
[4320897.789016528, 4106520.5333845625]
[4320993.392140564, 4106427.740274069]
[4321072.805523562, 4106397.790533507]
[4321127.242525769, 4106353.828992621]
[4321349.972644059, 4106296.1465865513]
[4321502.091379599, 4106294.8622281225]
[4321564.148398649, 4106234.5741003505]
[4321595.325260004, 4106041.100813403]
[4321615.321786247, 4106014.658155028]
[4321863.3452533875, 4105857.547228796]
[4322090.100011475, 4105792.974948317]
[4322198.3089065915, 4105674.3872774574]
[4322308.766694417, 4105579.5175716975]
[4322325.5144562945, 4105555.1764420136]
[4322450.527936602, 4105528.175830215]
[4322569.400925507, 4105512.5699508563]
[4322617.179699049, 4105380.754823884]
[4322708.124765979, 4105303.384459102]
[4322762.381716686, 4105292.674613865]
[4322794.220949283, 4105260.316524946]
[4322797.678830507, 4105237.955199827]
[4323155.426315424, 4105189.885075811]
[4323204.984134741, 4105123.324962083]
[4323264.533318853, 4104972.574543492]
[4323615.847344606, 4104946.2105091163]
[4323671.119234492, 4104756.4270202294]
[4323741.743844389, 4104692.4295537597]
[4323990.739579906, 4104670.3574350965]
[4324006.641893088, 4104570.6215728833]
[4324215.581358969, 4104545.981403028]
[4324235.548489403, 4104447.021694343]
[4324271.3384806495, 4104415.6656781062]
[4324611.510173493, 4104246.4625824424]
[4324693.056031449, 4104223.2866634405]
[4324808.678316551, 4104147.454137242]
[4325171.65945358, 4104072.61527357]
[4325333.1602321705, 4104012.5954015115]
[4325432.065215749, 4103883.5295753456]
[4325666.775678899, 4103725.1583647425]
[4325707.19249564, 4103686.7210856695]
[4326065.350719634, 4103525.3697089506]
[4326246.388021211, 4103521.873729354]
[4326250.986466798, 4103455.6227000547]
[4326374.18277803, 4103396.26637801]
[4326665.945577039, 4103256.7860117657]
[4326866.944656237, 4103252.133615815]
[4327151.739106925, 4103206.776173749]
[4327198.109167459, 4103018.476738846]
[4327415.35871765, 4102937.546953509]
[4327609.843641876, 4102859.9020346752]
[4327627.11242508, 4102848.071152808]
[4327673.313569493, 4102829.792202004]
[4327715.599248284, 4102802.03162256]
[4327723.330067208, 4102797.677224642]
[4328179.519808487, 4102634.140621429]
[4328205.197748613, 4102607.674380134]
[4328542.210794894, 4102583.244101109]
[4328559.068357746, 4102513.1101667373]
[4328623.181703307, 4102451.9469577083]
[4328705.391853387, 4102429.8697818536]
[4328792.872896202, 4102377.661036229]
[4329181.574107271, 4102315.0115212607]
[4329260.036894397, 4102223.800544609]
[4329414.4277772065, 4102204.9370150855]
[4329431.555795459, 4102183.1430158773]
[4329627.691492933, 4102091.3061166606]
[4329711.821757798, 4102071.3967292756]
[4329800.951754915, 4102021.1552595743]
[4329810.368303796, 4102018.7713678926]
[4329897.769446928, 4101983.6763343746]
[4329967.700140469, 4101956.560062186]
[4330568.412142146, 4101773.423548534]
[4331008.374409798, 4101623.965633632]
[4331281.069190977, 4101610.7267701915]
[4331356.81424955, 4101587.1057480066]
[4331441.264022132, 4101493.5985522503]
[4331583.029865141, 4101451.730868445]
[4331834.769742536, 4101379.375349939]
[4331903.32824349, 4101357.084882983]
[4332154.33465944, 4101289.7055069953]
[4332183.514373998, 4101269.536382013]
[4332237.878742206, 4101263.6292870217]
[4332644.280185425, 4101151.454639377]
[4332816.87533175, 4101114.0337085864]
[4332861.768245147, 4101099.351198093]
[4333148.936418842, 4101097.692008747]
[4333268.499324371, 4101071.808285636]
[4333498.88001798, 4100937.5723325433]
[4333587.662148801, 4100919.234583479]
[4333707.420710697, 4100896.029823051]
[4334126.775337633, 4100812.430954486]
[4334275.3611706635, 4100772.799647655]
[4334276.891704131, 4100766.8054507896]
[4335014.035744862, 4100667.522936654]
[4335184.817223839, 4100648.468769464]
[4335195.396739799, 4100595.407947036]
[4335259.1073404085, 4100564.692923934]
[4335689.792474124, 4100548.142084254]
[4335699.030464059, 4100537.0137230637]
[4335970.974507384, 4100479.5647495836]
[4336213.187826382, 4100399.310288299]
[4336535.2499095965, 4100320.7102951123]
[4336555.411651251, 4100317.142724913]
[4337094.022589448, 4100303.1680074325]
[4337102.3605702, 4100223.664322219]
[4337744.511625321, 4100203.629369367]
[4337839.370811285, 4100107.565349069]
[4338585.231269126, 4100001.2267676005]
[4339004.121398388, 4099957.3873466016]
[4339171.462728541, 4099925.2680787994]
[4339339.940537017, 4099904.6504092123]
[4340191.610860117, 4099832.055744452]
[4340574.469849263, 4099769.5936525497]
[4341361.156885168, 4099748.2547355583]
[4341831.957714894, 4099659.8889722642]
[4342634.792600033, 4099655.961052911]
[4342812.267783768, 4099645.221252631]
[4342990.1795918215, 4099634.964022444]
[4343773.677077535, 4099595.763061765]
[4344066.818608147, 4099583.5556228603]
[4344429.190516791, 4099570.280853782]
[4344793.308326039, 4099558.93698996]
[4345757.423315745, 4099538.347149491]
[4347108.592477253, 4099531.7923938273]
end_solutions
[13.033966475215783, -41.140910526272755, 7.5140598833109395, 27.95734689259637, 0.2031541779016267, -14.839633521895163, 10.877104622914274, -11.949977249055333, 5.485734587031093, 19.262206437100254, -37.71389838887754, 0.773304729967722, -13.10980794661028, 0.2728669521861714, -6.395135771471699, 3.3173114458234547, 1.469823805809706, -7.932429949109618, -4.9770114484913055, -5.643011424980754]
[13.014988479140309, -41.13295645086289, 7.471730396103478, 27.874633520540996, 0.22127595879534945, -14.872212747709675, 10.880564427952601, -11.912700235306293, 5.527605389215782, 19.245883772027767, -37.749789337907984, 0.7277614454597428, -13.081055124638684, 0.21874078388372475, -6.366633298046764, 3.293399663842278, 1.4396529325368257, -7.979750553769007, -4.930950131237427, -5.591783130697937]
[12.997894735327531, -41.11056486526405, 7.452947622101082, 27.797268735473196, 0.22713393780761393, -14.905858324532169, 10.87943107248179, -11.866258260607392, 5.586294191673982, 19.213985549064965, -37.787328645755785, 0.6553506190546963, -13.032865003903112, 0.17183596991321368, -6.35082072696242, 3.2670544709956983, 1.4035755095331677, -8.026623716543615, -4.891962502657472, -5.540238148601173]
[12.984806462172031, -41.10507929601587, 7.423754872302832, 27.74022503060742, 0.23963171773431927, -14.928326756128385, 10.881817144922014, -11.840549975263226, 5.615170606973768, 19.202728538670147, -37.81208102439747, 0.6239414573250555, -13.01303547150891, 0.13450757798049184, -6.331163848738328, 3.250563586870749, 1.3827680107242848, -8.05925861630871, -4.860196076965142, -5.504908290475092]
[12.967137293412108, -41.09767377753083, 7.384344660075196, 27.66321602903863, 0.25650372063537147, -14.958659138783274, 10.885038342716317, -11.805843790048602, 5.654153767628479, 19.18753157463714, -37.84549673556375, 0.5815390889900401, -12.986265602776735, 0.0841142488713174, -6.3046270631358015, 3.2283008933020674, 1.3546778873322927, -8.10331573099159, -4.817311402280497, -5.457212982004883]
[12.939662103138257, -41.07908867339467, 7.331797512866798, 27.541833604235997, 0.2779370172428597, -15.007893895305097, 10.888114538296975, -11.745831588056708, 5.7246373033078335, 19.15590204960389, -37.899935368815754, 0.5009102503767746, -12.934275073751923, 0.00640809907004794, -6.267849699884852, 3.191418258898016, 1.3067857838394712, -8.173961461495828, -4.751712511783925, -5.3804002328395875]
[12.933128149913205, -41.0692804800556, 7.325958765335599, 27.511721107218598, 0.2793738659676193, -15.021179161272975, 10.887373017973273, -11.72695264261548, 5.748918574507531, 19.142283741202345, -37.914770196241065, 0.4705360705309345, -12.914011796557837, -0.011572623638866637, -6.262523341792451, 3.1809210390938842, 1.2921856784408625, -8.192391352375918, -4.736939902395079, -5.360115256676023]
[12.914118847118697, -41.05587984900794, 7.283014305219879, 27.41589217000417, 0.29453726678232917, -15.05758633714516, 10.891196150826538, -11.681031634854328, 5.803575232417208, 19.118823513297777, -37.95476434171073, 0.40879530869137864, -12.87597305035815, -0.07292940905506895, -6.235111358611009, 3.1528132336185175, 1.2549036943140666, -8.247932399326046, -4.688909338663762, -5.30145005462718]
[12.898656400003702, -41.05926767493608, 7.216305673081212, 27.3185112363198, 0.31796323790547937, -15.08725729016533, 10.90179275345599, -11.648280677457205, 5.838042545688911, 19.114047217318806, -37.986434456389794, 0.3789219507622753, -12.863539444918842, -0.1389841063796323, -6.1992538352689195, 3.1298648487045915, 1.2256841403692933, -8.301380940468809, -4.642362028764145, -5.24876709233478]
[12.887059564667457, -41.06180854438219, 7.166274198977212, 27.245475536056524, 0.3355327162478421, -15.109510504930455, 10.90974020542808, -11.623717459409363, 5.8638930306426875, 19.110464995334578, -38.010187042399096, 0.35651693231544784, -12.854214240839363, -0.18852512937305477, -6.172360692762352, 3.112653560019147, 1.2037694749107135, -8.341467346325878, -4.607451546339433, -5.20925487061548]
[12.876983309142414, -41.05790398298086, 7.1279723173560114, 27.176519588595074, 0.34678249246100756, -15.131336932318805, 10.915658828577016, -11.595690125966282, 5.896677169549733, 19.10007773022805, -38.03369623526078, 0.3226735623935286, -12.836689312618269, -0.2336450175080304, -6.152173037602223, 3.094822097717307, 1.1796897272199824, -8.380403269475117, -4.5771357397591235, -5.170783105052646]
[12.86525444810071, -41.05397081936369, 7.052725752660091, 27.04904614928884, 0.36343450227131335, -15.165390121389212, 10.93024399092575, -11.547956069084758, 5.954571411948446, 19.084913750849033, -38.06943863518628, 0.26526950493021173, -12.812458629131443, -0.31705491171206734, -6.118824779490636, 3.0648196820409517, 1.1366940233598366, -8.45159633948517, -4.530829747712401, -5.104743161739379]
[12.857806906575032, -41.046998815642254, 7.0257401673527715, 26.99160415857729, 0.3694615095774658, -15.18375230136191, 10.934411335872948, -11.522027199600663, 5.986850660581235, 19.072222700466455, -38.089231827723324, 0.22959588952675006, -12.793122708791962, -0.35361115805070786, -6.105338715785869, 3.0493528256983073, 1.1147170874280707, -8.484578857623244, -4.507809295113575, -5.072264720753191]
[12.83723903532729, -41.04186751597696, 6.973580807008853, 26.896748753244562, 0.39079508902078386, -15.21892744717319, 10.940058223434168, -11.481706852667315, 6.0303239258420405, 19.057639428163917, -38.12804133518323, 0.1845985810538208, -12.765517288040373, -0.4165206754866894, -6.071716035088743, 3.0223745410720944, 1.0816516913945267, -8.5385138761159, -4.455875702611333, -5.015341172851571]
[12.821079944904158, -41.04464103615719, 6.918605082827606, 26.814915261616623, 0.4128145376237926, -15.246327602799479, 10.94765480981401, -11.452940692388477, 6.058907628370113, 19.053157319419682, -38.157811135073985, 0.15964990937869433, -12.752756019552809, -0.472419483427055, -6.039083767704834, 3.001573451907385, 1.0569109833563712, -8.583822032956034, -4.41188568070991, -4.969138583016462]
[12.814063412365936, -41.02877677779047, 6.877088670612306, 26.714944221996042, 0.4149840510037312, -15.274355597350597, 10.956135712960066, -11.406072743383001, 6.12122144422316, 19.02721995073876, -38.187580306860546, 0.08906998308848918, -12.716730037935076, -0.5343819319475991, -6.0237261623059934, 2.9752969366231987, 1.01642416477377, -8.641633884482344, -4.381662034717713, -4.915222806587153]
[12.78782275292181, -41.03245818590276, 6.826741120539109, 26.64011739275369, 0.4455971952780623, -15.30798152902776, 10.959094798188111, -11.3772897884845, 6.1436094774791945, 19.02343550689885, -38.225612936706284, 0.07042259694955402, -12.700191037110859, -0.5870884741422813, -5.983452928321274, 2.952274080056061, 0.9942472445702141, -8.6835388851915, -4.3238357549108795, -4.866332592756287]
[12.761582093477685, -41.036139594015054, 6.7763935704659115, 26.56529056351134, 0.47621033955239334, -15.341607460704921, 10.962053883416157, -11.348506833585997, 6.165997510735229, 19.019651063058937, -38.263645566552015, 0.051775210810618866, -12.683652036286642, -0.6397950163369633, -5.943179694336553, 2.929251223488923, 0.9720703243666582, -8.725443885900656, -4.266009475104047, -4.817442378925421]
[12.741673160975857, -41.03296139428929, 6.731869629830449, 26.485706552026045, 0.49690409473993846, -15.372889565901108, 10.966068202188193, -11.314573128054956, 6.200606535105209, 19.008351771545335, -38.29848236182572, 0.016521346991666776, -12.660287312707622, -0.6931900765417844, -5.91206084591877, 2.905686011022074, 0.9447965411528616, -8.77080744121093, -4.218111169779041, -4.768385351246155]
[12.719083148899479, -41.028793020788115, 6.683646569883734, 26.397441357048795, 0.5197190261891773, -15.408110912888782, 10.970127829604383, -11.276185407550937, 6.2397608747496625, 18.99502129711462, -38.337817803622784, -0.02381786975791343, -12.633051873388856, -0.7523114903090363, -5.877633857046954, 2.879073855625995, 0.9141500532301503, -8.821304235105938, -4.164341025612072, -4.713497111460634]
[12.690861217474728, -41.033035462726204, 6.628662579185974, 26.31512754738572, 0.5525325261027685, -15.444441549319347, 10.97370049783836, -11.244478832833966, 6.264399179366919, 18.990980115346467, -38.37897748955946, -0.04421560117216973, -12.615134674880377, -0.8102571118141635, -5.8340463754953635, 2.853640019362781, 0.889647573120778, -8.867475038981205, -4.101644159115296, -4.66016613679567]
[12.672079020694671, -41.02344951046011, 6.576325577535483, 26.20945974910684, 0.5695774322246683, -15.481315353165568, 10.980306350916718, -11.19729516676116, 6.3188586333760846, 18.970578367791475, -38.419423992337364, -0.10297697183346186, -12.580589314142852, -0.8789476347027365, -5.803016169266642, 2.823563657267824, 0.8506138904619134, -8.928234921363494, -4.0507665023895285, -4.598227608461853]
[12.629419685063716, -41.04169610490593, 6.513116039222393, 26.141795586221985, 0.6233782694118569, -15.522619417326567, 10.980380283825362, -11.177111007139569, 6.316159606157525, 18.982078287819864, -38.46768439276602, -0.08727905685578961, -12.57607958541883, -0.9324387671327897, -5.740601706976463, 2.799467154855016, 0.8379924865180446, -8.964778035360958, -3.9666477618835785, -4.546565493476973]
[12.612572173728537, -41.03591819862709, 6.471365539309082, 26.061219757708542, 0.6396179093833684, -15.552334052332125, 10.984913713469165, -11.141617545088042, 6.355205733147798, 18.968022899919976, -38.50052227846432, -0.12864083640749943, -12.550509850295077, -0.9854918985716428, -5.713722689911238, 2.7760317861817208, 0.8090209624195268, -9.010998442481284, -3.9236935037963394, -4.498216303771422]
[12.578897531884783, -41.04272333118384, 6.411697982794877, 25.976242123293655, 0.6791242681543388, -15.592803965891523, 10.987589377006232, -11.109528509365934, 6.376599796710654, 18.966194007932508, -38.54670426513213, -0.14414963417888238, -12.53294525510438, -1.046447178966509, -5.66314053918196, 2.748809646792396, 0.7849965403714929, -9.05851544351376, -3.851558939085188, -4.441059812908809]
[12.557613832364714, -41.036843427493714, 6.361872133032293, 25.881942481145302, 0.7000609875939328, -15.628604673545798, 10.992529830765728, -11.06820638457508, 6.4208769872010265, 18.950580320449568, -38.586410466730754, -0.1906057554612166, -12.503316389615634, -1.1089542395252787, -5.629729486375378, 2.7210078217551548, 0.7515420990608184, -9.112595826794365, -3.7986938131949186, -4.383764979915507]
[12.542663355983539, -41.02719910279238, 6.31997121771521, 25.79316417965715, 0.7126129452470059, -15.65938815710846, 10.997851215701225, -11.027595419819072, 6.468877608266588, 18.93173661267988, -38.62009733833017, -0.24331527452277574, -12.472413000789121, -1.1662094108177987, -5.60537612697655, 2.69562389537172, 0.7179632679410128, -9.163913026726423, -3.757494161950318, -4.331801656568535]
[12.511907379936389, -41.02701878248914, 6.257672658822243, 25.68971938126714, 0.7461745781301243, -15.702833892926165, 11.002386848680839, -10.984951630169078, 6.5078873333162335, 18.92095363114407, -38.66894556729885, -0.2806482149570073, -12.44468627627238, -1.23716478107848, -5.558210132500422, 2.664028383109846, 0.6844323387581479, -9.222607756115167, -3.6869629411592477, -4.266149214885754]
[12.489752384505003, -41.025794426305076, 6.2103529549711824, 25.608959650627327, 0.770011359292045, -15.735568012593873, 11.006307742615528, -10.951325407592583, 6.540117353908954, 18.911473869249072, -38.70560346004012, -0.3122519965527769, -12.422517249841345, -1.2920766669249253, -5.523727799685499, 2.639729705830808, 0.657689642633668, -9.26851306871217, -3.6349427964782715, -4.215728141914977]
[12.457375862358367, -41.02893912332259, 6.1475242884144095, 25.51135719171323, 0.8067627945300244, -15.778315948159092, 11.010342321225362, -10.912638475050713, 6.571985659388225, 18.904689844700496, -38.7539422374832, -0.340367234937778, -12.399180592746358, -1.360216559447565, -5.4741744354201956, 2.6095146245194085, 0.6277107929268471, -9.323530659008114, -3.5626184668463323, -4.152642193314396]
[12.433284851452061, -41.035243474030395, 6.105911133348082, 25.45522271380525, 0.8356433497640368, -15.806021042069224, 11.011966734552338, -10.892278596332783, 6.583424364119901, 18.90532819554315, -38.78569230488937, -0.34673656481661475, -12.389100596353751, -1.4011366051929657, -5.437991435748894, 2.591301290924489, 0.6127453190419069, -9.354728218884429, -3.511790517257128, -4.1142546598462015]
end_values
[4347108.59247725 4099531.79239383]
[4344429.19051679 4099570.28085378]
[4341831.95771489 4099659.88897226]
[4340103.4971527  4099817.83812063]
[4337839.37081129 4100107.56534907]
[4334370.48882131 4100741.98392705]
[4333498.88001798 4100937.57233254]
[4331008.3744098  4101623.96563363]
[4328792.8728962  4102377.66103623]
[4327198.10916746 4103018.47673885]
[4325707.19249564 4103686.72108567]
[4323209.16769027 4104987.49742231]
[4322080.85248325 4105685.46679785]
[4320228.25469562 4106994.60804167]
[4318781.27665511 4108170.76692445]
[4317167.39875126 4109650.77293422]
[4315861.82715923 4111043.59017806]
[4314636.93594755 4112531.22135575]
[4313477.04611592 4114131.13966057]
[4312280.01986257 4116026.41681426]
[4311211.22710339 4117964.12760691]
[4310082.96323831 4120397.77021495]
[4309266.30297505 4122464.02396632]
[4308561.67485375 4124554.09735349]
[4307846.2651626  4127110.69652988]
[4307231.09487004 4129828.33131121]
[4306773.52047466 4132417.2137508 ]
[4306327.29477102 4135807.69605678]
[4306082.44104082 4138530.68509094]
[4305893.5539927  4142064.84593985]
[4305841.37964793 4144281.92366433]
