values
[4323.0922983644705, 33969.504087196714]
[14094.300801848416, 33904.08833596954]
[33602.58008380195, 28031.511601919854]
values
[3902.928608310363, 31234.526225445596]
[3903.0570097091836, 31194.200858589942]
[3903.2088873587422, 31173.01680149182]
[3903.2131404253205, 31172.90915492594]
[3903.363030012031, 31162.428602673455]
[3903.3811408046, 31160.058675564174]
[3903.5880874308978, 31149.89099795948]
[3903.760955537152, 31144.105696434493]
[3903.9268927762537, 31140.226727173547]
[3904.1063590355106, 31137.12420180454]
[3904.1101369853636, 31137.10267424044]
[3904.3318642658, 31134.17682185685]
[3904.4178634085065, 31133.28864125137]
[3904.4276453035054, 31133.144818634177]
[3904.7644197617406, 31130.069561179997]
[3904.929133224771, 31128.51274464367]
[3905.018548707502, 31127.678452950964]
[3905.2577406492023, 31125.551059955353]
[3905.440655232976, 31123.865055908467]
[3905.70733313206, 31121.114673618307]
[3905.880403968115, 31119.2281294508]
[3907.5157733531832, 31099.044237228492]
[3910.8769473130933, 31062.486549626698]
[3913.948774768358, 31027.817600818096]
[3914.76733544227, 31017.313518073897]
[3915.251189484226, 31010.373386724146]
[3916.324034578128, 30995.804581642704]
[3917.9692956995523, 30974.47450163945]
[3919.1013298896246, 30961.415722314196]
[3920.409024536096, 30947.813197393047]
[3921.1084016093514, 30941.662470391406]
[3921.3448177660703, 30939.728587748632]
[3921.579231896949, 30938.32030873999]
[3921.5811435556425, 30937.86436999455]
[3921.582013699896, 30937.857959917907]
[3921.5823038716594, 30937.855934846193]
[3921.5828844007183, 30937.852052497954]
[3921.584627472146, 30937.841752151937]
[3921.589286547236, 30937.824243808198]
[3921.602632145988, 30937.799320006194]
[3921.638858453736, 30937.720726966505]
[3921.6426593184237, 30937.391759593203]
[3922.185292726084, 30933.403500160846]
[3922.3070190414032, 30932.553706826355]
[3922.9218961557135, 30928.488722804235]
[3923.8638158207013, 30922.887910687434]
[3925.618148125617, 30913.671117101676]
[3926.6934885779488, 30908.237544513937]
[3927.7987642093412, 30902.839294299054]
[3930.0921801478225, 30890.835012649663]
[3930.6831192190543, 30887.550647879]
[3935.022357092342, 30862.91454819704]
[3935.3458889869617, 30861.182287564112]
[3935.3542332156717, 30861.179309972682]
[3935.508342515334, 30860.325336647333]
[3936.3275068441276, 30856.153391520274]
[3936.658400829176, 30854.54668482429]
[3937.0746218515033, 30852.596651582557]
[3937.3257462096226, 30851.460373317226]
[3937.4937434539615, 30850.7177626122]
[3937.6622061276043, 30849.98752154021]
[3938.3235974247787, 30847.22405884251]
[3938.340721872823, 30847.197080491085]
[3940.15755194432, 30840.961651804948]
[3940.407966240424, 30840.493425690376]
[3940.42022821721, 30840.225184816078]
[3940.4213491999, 30840.206024820716]
[3941.1285404043547, 30838.388508365395]
[3944.866179863986, 30810.92181272787]
[3953.9571028487026, 30810.329218599865]
[3956.6012742188896, 30804.09813417898]
[3958.2326889735195, 30789.945722638364]
[3961.692693372209, 30782.65429605954]
[3963.2940876908333, 30768.994317598903]
[3967.072120918201, 30750.413380231064]
[3967.097007826477, 30749.98765170363]
[3968.7403580249365, 30742.280710651612]
[3968.8758500106605, 30741.885155010954]
[3970.0424523645165, 30738.93467548568]
[3970.1691199066954, 30737.464825378513]
[3970.2186323494147, 30737.22524135654]
[3970.2328704396637, 30737.178876498027]
[3970.2471095112155, 30737.13283663098]
[3970.261349564125, 30737.087122007695]
[3974.5686916999493, 30736.809132099363]
[3974.779609648371, 30736.617413158627]
[3999.417813820994, 30675.274320014658]
[4001.4300677639135, 30673.64308216733]
[4013.986543835545, 30599.846200794393]
[4027.7934580368983, 30596.79864179645]
[4029.2381615263557, 30589.794292384213]
[4035.7098683135578, 30569.25377396018]
[4044.0717683530593, 30554.069021202467]
[4044.3681834374056, 30551.79923271453]
[4044.6254255424974, 30550.332483921364]
[4044.818004266258, 30549.80192174165]
[4044.826294518268, 30548.886868648864]
[4045.126480199496, 30548.505983713407]
[4045.287610379459, 30547.73238522903]
[4045.413154649671, 30547.22822912363]
[4045.4906654490264, 30546.72904896318]
[4045.699175050078, 30546.20182122337]
[4047.3549462052288, 30544.180619021852]
[4051.7627839072666, 30543.509050744233]
[4090.1588756506135, 30435.42981744832]
[4101.056353787945, 30430.12495786873]
[4107.120349583406, 30429.468521132738]
[4112.246113702746, 30417.454975727476]
[4136.250392649214, 30385.503863075548]
[4140.970170994496, 30378.966365859542]
[4155.803477182537, 30378.44881552274]
[4156.993941103065, 30359.318123090412]
[4159.68738621899, 30349.5314839569]
[4169.339290872681, 30341.422659420274]
[4172.806576070341, 30307.241168610883]
[4174.608788127223, 30293.32058425502]
[4177.395573463126, 30288.054112106944]
[4180.065908109822, 30276.317791017966]
[4182.044512838986, 30272.235932073378]
[4187.660838921799, 30260.769809596877]
[4189.578491676495, 30244.525894566756]
[4189.771206041858, 30243.148327358525]
[4189.919067008821, 30242.793088686965]
[4190.460780848343, 30241.74395217622]
[4190.792027823166, 30241.137807063882]
[4190.799234312626, 30241.01948295829]
[4191.3422095361975, 30240.212339876296]
[4191.719820841835, 30239.33826344232]
[4191.830700132125, 30238.84534234044]
[4192.2644225774, 30238.543576032716]
[4192.606759941653, 30237.934440144003]
[4192.714063968044, 30237.02350893418]
[4192.803073573363, 30234.21828302212]
[4193.159556728486, 30233.878953456795]
[4193.514375981498, 30233.710551908982]
[4193.8737624600335, 30233.60172184]
[4194.225329732746, 30233.458009514234]
[4194.238645640297, 30233.04116958863]
[4194.478627061385, 30232.99769916422]
[4194.539252799056, 30232.989768457508]
[4194.660716490145, 30232.975641116056]
[4194.744267951233, 30232.61579557991]
[4195.022262402747, 30232.309664617165]
[4195.165895464577, 30232.1841380712]
[4196.090737985326, 30231.81727219357]
[4196.310814374929, 30231.5835442078]
[4196.366317504652, 30231.43586963829]
[4196.534328523476, 30231.369734877717]
[4196.916708330961, 30231.190476912536]
[4197.440133686702, 30230.737759690346]
[4198.518986612733, 30230.27231866899]
[4198.603646713582, 30230.010126649606]
[4198.652315319793, 30229.945094946186]
[4198.887665578864, 30229.70676291102]
[4199.6938471576805, 30229.475481124773]
[4200.224786372476, 30229.34106207621]
[4200.902632364295, 30228.781644636074]
[4200.960910962519, 30228.443412275352]
[4201.4637511751935, 30228.398125951207]
[4201.642674550214, 30228.088822037626]
[4202.09649086308, 30227.95575046181]
[4202.3256132017, 30227.88176867534]
[4202.538781599975, 30227.569394338912]
[4202.73808982156, 30227.532085090035]
[4203.403084370369, 30227.031492819944]
[4204.047929964993, 30226.738744048394]
[4204.462417836821, 30226.509578465233]
[4204.608983705829, 30226.456948920077]
[4205.804135851435, 30226.245278333743]
[4205.865096431913, 30225.86014467339]
[4206.772556704352, 30225.389377220843]
[4206.79303829535, 30225.36274127242]
[4207.1150856687855, 30225.20136199058]
[4208.0112448813215, 30224.808241988612]
[4208.064224278171, 30224.71911705282]
[4208.70579585388, 30224.4409593947]
[4209.24888347196, 30224.159867768525]
[4211.330878091598, 30223.23187277186]
[4211.421895268042, 30223.172964387108]
[4212.663845020434, 30222.65005925262]
[4213.030832787305, 30222.492014219486]
[4213.289039643163, 30222.380069354906]
[4213.437216837566, 30222.329176766965]
[4214.00200077148, 30222.195944154762]
[4214.21068696773, 30222.012321113118]
[4214.757699067082, 30221.782106246126]
[4216.408628619849, 30221.22779699377]
[4217.067470120183, 30220.92576667516]
[4217.627571905906, 30220.760567729925]
[4218.714739451341, 30220.505061390097]
[4218.852758194972, 30220.25522034816]
[4219.429919897911, 30220.12159787105]
[4220.233006135558, 30219.77998966363]
[4220.63099609075, 30219.738193396952]
[4222.361922408552, 30219.097561540053]
[4222.851546534062, 30218.908102442343]
[4224.897552720064, 30218.269958448072]
[4225.089886699572, 30218.247882277738]
[4225.907721505522, 30217.989973331732]
[4230.546494950738, 30216.676477224395]
[4234.552054476766, 30215.659844913458]
[4347.788397138724, 30214.7296890343]
[4821.530133675706, 30075.931647189645]
[6110.695777169004, 29958.671646117964]
[6145.65017175634, 29882.294373356985]
[6528.86694663699, 29745.817166653953]
[7247.503292433476, 29605.892436511902]
[7286.956928620946, 29583.02178628854]
[7328.776131497285, 29566.852411764314]
[7348.126456653711, 29561.457145767938]
[7350.604144417901, 29560.712860469746]
[7358.042884461372, 29556.60528132125]
[7370.714072955381, 29555.285630469494]
[7391.342165976111, 29550.33261088929]
[7401.852792658827, 29547.824041348897]
[7417.866845170043, 29543.78899533144]
[7430.0741957558685, 29540.41051698743]
[7442.451433499924, 29536.619365949162]
[7445.572407222562, 29535.596697516918]
[7446.83613665578, 29534.983574361442]
[7447.683955434088, 29534.309826556913]
[7447.866961345628, 29534.260745087944]
[7448.233082391604, 29534.162479343806]
[7448.599349087268, 29534.064074081456]
[7448.735040385556, 29534.027591694892]
[7449.169386836811, 29533.91071501879]
[7449.33231952103, 29533.86683329468]
[7449.821290286164, 29533.735011349327]
[7450.800009204547, 29533.47054898457]
[7450.983634422562, 29533.420837350062]
[7451.534728822339, 29533.27145895706]
[7452.637902234103, 29532.971573991286]
[7453.466144130889, 29532.745634874536]
[10107.944196512917, 29380.87494885575]
[12625.158272774326, 29372.97819022025]
[12639.32077494998, 29347.830246283385]
[12643.49451579394, 29336.993500334298]
[12645.676668903956, 29331.108651545677]
[12646.791593594106, 29328.08826577942]
[12647.92242781995, 29325.033153849876]
[12650.774238416543, 29152.766608873764]
[12680.401239009612, 29145.55948318483]
[12726.8649323559, 29135.785833393387]
[12736.173197229025, 29133.552270493463]
[12736.98054862791, 29133.30144136396]
[12738.116133536774, 29132.94908131975]
[12738.797623095432, 29132.737873464714]
[12740.160914186145, 29132.315930137855]
[15639.945397147234, 29077.54205469968]
[18165.70062023732, 28831.694959392174]
[18166.222940963744, 28831.12986629866]
[19088.17274618557, 28737.868547698195]
[19145.01423359984, 28725.019282760484]
[19183.741472705395, 28717.89846467058]
[19223.109682160037, 28711.738268732806]
[19232.21872760757, 28710.578806314315]
[19233.087831179233, 28710.463636590826]
[19233.78339224337, 28710.371984273206]
[19234.957712790023, 28710.218291919235]
[19236.72051669049, 28709.990028419834]
[19239.367704764536, 28709.6527128322]
[24181.90678067296, 28637.577139252255]
[24217.621601176328, 28634.63818385512]
[33120.39977892708, 28511.173798830772]
[33129.394078735306, 28507.002794357435]
[33602.58008380195, 28031.511601919854]
values
[3882.367006133705, 30876.172343482434]
[3882.6069984896235, 30848.409879712257]
[3883.046103346338, 30827.76320620409]
[3883.7072735140173, 30808.096074862067]
[3885.703073358815, 30771.677676147767]
[3886.8372319411046, 30757.056643821852]
[3887.042741421368, 30754.662039558156]
[3888.6145546460475, 30738.132571760736]
[3890.7002434703877, 30719.460867485155]
[3892.4709181739354, 30705.35082613091]
[3893.101079811629, 30700.591452091096]
[3894.4220639461046, 30690.952681867933]
[3898.8801990301918, 30660.74178354835]
[3900.4960213262784, 30650.31558620105]
[3907.263333892068, 30609.361288542674]
[3908.279188813674, 30603.339315994068]
[3912.334880231348, 30581.53753984678]
[3913.1740393502855, 30576.770931436997]
[3914.6272535011253, 30569.54960302227]
[3916.9620934012637, 30557.690953882822]
[3921.0961553038633, 30537.71185456326]
[3921.7423194860603, 30534.588086422253]
[3921.9652346277753, 30533.66963990333]
[3922.752515793354, 30530.586060124813]
[3923.5958795787415, 30527.042557733956]
[3924.449446553928, 30523.513616936958]
[3924.567984079838, 30523.02807678508]
[3928.218398681308, 30521.131833031828]
[3930.099557359168, 30500.4726547128]
[3930.20407806352, 30499.83522332141]
[3931.0051145403736, 30498.268379960333]
[3932.043839395388, 30494.558281459995]
[3933.086638384047, 30489.671177349515]
[3934.16084232668, 30487.230247175085]
[3934.443425479677, 30486.449093474046]
[3936.184580833395, 30479.437381358115]
[3936.8821915440435, 30478.255272690272]
[3937.495503077139, 30477.028975948837]
[3938.1967498864765, 30473.234553035]
[3938.7098428141126, 30471.721277579116]
[3939.694158322181, 30469.292510367297]
[3942.3769150532116, 30461.539726736002]
[3942.476826235386, 30460.983448452167]
[3945.560860411774, 30452.709421225187]
[3945.7841653747196, 30452.314126924888]
[3945.827179226263, 30450.214985763592]
[3946.5508018114833, 30449.826927623788]
[3947.9448024418048, 30446.24065264119]
[3950.8947852871424, 30437.265594603414]
[3952.2368234480664, 30435.867057655196]
[3952.453859766891, 30435.346844678083]
[3952.5363149110085, 30435.260870290695]
[3955.2401713487257, 30429.90091407845]
[3956.0868252418627, 30427.30899408099]
[3956.991933474847, 30424.975887375072]
[3957.5070527185367, 30424.00926741733]
[3958.682568248128, 30421.592351736806]
[3959.282701191173, 30420.716066333734]
[3960.233246195383, 30418.324390226662]
[3960.780066425043, 30417.25985109036]
[3962.44639925801, 30414.663999464814]
[3963.3931854010493, 30411.944379895234]
[3964.6951201402953, 30409.850486732048]
[3965.747941323682, 30408.91051262724]
[3966.4190027246495, 30406.84909828667]
[3966.6322673672107, 30405.754972679464]
[3966.7529059812446, 30378.8434795724]
[3984.2181199610673, 30376.36786256412]
[3985.1007355813035, 30374.863525284814]
[3985.1807984402644, 30374.78398017555]
[3986.149305064288, 30373.236138646957]
[3986.6357512457857, 30372.475627278185]
[3987.3681698552114, 30371.35148953341]
[3988.203583080481, 30370.087158603714]
[3991.3671045566402, 30365.349064703263]
[4071.9231073484584, 30363.369030774764]
[4073.5399002418976, 30352.979967913954]
[4081.1167002536304, 30342.16262557357]
[4081.1660364185436, 30342.13336119102]
[4085.4532556703707, 30341.821187531335]
[4089.977935489417, 30335.05611758444]
[4090.9399424273183, 30333.462235236093]
[4094.6265578776574, 30330.074455533602]
[4095.4857751158497, 30326.368205403633]
[4099.204532142243, 30317.303080399623]
[4106.5260545224155, 30312.80152852414]
[4107.009112596153, 30309.623744796907]
[4109.405289787674, 30304.48686229708]
[4110.347961067402, 30303.788964423424]
[4113.077662485609, 30300.896768258543]
[4116.3158660416, 30299.507165465315]
[4116.838334620847, 30298.683436258463]
[4118.738098091548, 30294.213060553455]
[4119.228095823969, 30293.879081119427]
[4120.026363809144, 30292.170590477028]
[4120.960943683904, 30291.486299645374]
[4122.884576514487, 30289.623762354015]
[4125.555971204842, 30285.9467646003]
[4126.482773917229, 30285.265650466397]
[4130.657144326979, 30283.765907836663]
[4131.33720752496, 30280.738767395105]
[4132.12833966313, 30279.24740806215]
[4136.140060239179, 30276.15619708595]
[4136.664131360146, 30275.924815212664]
[4137.081756839901, 30274.804145260503]
[4137.467082933961, 30273.775677211623]
[4140.005582739994, 30272.27226378356]
[4140.150796137093, 30271.65997069776]
[4140.224980360038, 30271.391971089448]
[4142.942875188552, 30268.516205661424]
[4143.927566520335, 30268.488326282888]
[4145.47236219752, 30266.95183465594]
[4146.343875215604, 30266.28543652954]
[4146.687515972399, 30265.8739406486]
[4147.906497193715, 30264.8058784773]
[4147.994604709604, 30263.887550823634]
[4149.482233079016, 30263.31584326367]
[4150.313420180217, 30262.633593683673]
[4152.277329910033, 30260.53013436927]
[4153.549809523429, 30259.78275943914]
[4155.1769070522505, 30258.369509988264]
[4155.605390129248, 30258.055020275187]
[4156.037147652636, 30257.749688423653]
[4156.328121402113, 30257.62092160567]
[4157.055924556167, 30257.615929661217]
[4158.540156445736, 30256.49453119595]
[4158.826422138447, 30255.714487370402]
[4161.060040659459, 30253.80796060568]
[4161.860036186965, 30253.027491705612]
[4163.233397020569, 30252.620196040698]
[4163.962603472871, 30252.063466643176]
[4164.869413569233, 30251.311221689895]
[4165.047303443243, 30251.115414443582]
[4165.103742821485, 30250.64927845927]
[4166.10366687842, 30249.805488676448]
[4166.542254336311, 30249.469946257108]
[4166.962512347317, 30249.165108590812]
[4167.826528602421, 30248.532145879697]
[4168.247826334608, 30248.233253989296]
[4168.68732912291, 30247.91044939456]
[4169.114762685557, 30247.604409752574]
[4169.536294090062, 30247.233334041437]
[4170.300229435494, 30247.042775864324]
[4171.051273627039, 30246.224883306557]
[4171.328256552388, 30245.908760689465]
[4171.748173629854, 30245.776606900403]
[4172.162299305758, 30245.45935108517]
[4172.712165756182, 30245.356336495373]
[4173.938530385197, 30244.261221346358]
[4174.851686064073, 30243.77675733859]
[4176.06747569689, 30242.86128736689]
[4176.86298493767, 30242.18276114822]
[4177.361964237618, 30242.01142291156]
[4177.50378798475, 30241.922908633445]
[4177.841782442416, 30241.803619282022]
[4179.029529660134, 30240.870517360203]
[4179.280155246103, 30240.769349515474]
[4179.527500983523, 30240.558111066875]
[4179.885998905091, 30240.43578052111]
[4179.931554593881, 30240.275115799534]
[4180.197959301728, 30240.21060849839]
[4180.60513593713, 30239.90964871746]
[4181.810402900318, 30239.269731876608]
[4182.766817324041, 30238.785314972156]
[4182.9592660176095, 30238.363967383193]
[4184.449907250202, 30237.407027654317]
[4184.796781240763, 30237.242786267932]
[4185.763384738657, 30236.668969456765]
[4186.030517779578, 30236.645875972856]
[4186.45402296035, 30236.358403223083]
[4186.732523815612, 30236.102867041413]
[4186.947524454007, 30236.03755652665]
[4188.506361483193, 30235.11170933266]
[4188.678424377513, 30234.99384245115]
[4189.297483794767, 30234.633815400226]
[4190.407266509403, 30234.402740406997]
[4190.748207611206, 30233.980947099044]
[4192.168186139902, 30232.95582897097]
[4193.419521378751, 30232.372786676762]
[4194.480108629326, 30231.633470380235]
[4195.695422417264, 30230.982357562214]
[4196.025068555641, 30230.83202306881]
[4196.619780555083, 30230.529446078464]
[4196.822515151969, 30230.507732314432]
[4197.032426093776, 30230.29109406665]
[4197.298440513201, 30230.11753887474]
[4197.473165460309, 30230.01928807867]
[4197.991900686369, 30229.735640994608]
[4198.310945781852, 30229.61601748322]
[4198.569574447408, 30229.439909539324]
[4198.959708824676, 30229.25895703219]
[4199.732250974517, 30228.845677708512]
[4200.771166820605, 30228.297851659394]
[4201.588743671977, 30227.89316862938]
[4202.011898161402, 30227.66723958989]
[4202.538781599975, 30227.569394338912]
[4202.73808982156, 30227.532085090035]
[4202.863239394523, 30227.221960463074]
[4203.403084370369, 30227.031492819944]
[4203.861880208083, 30226.732759131828]
[4203.926337978148, 30226.68910877314]
[4204.459571619197, 30226.48037287424]
[4204.608983705829, 30226.456948920077]
[4204.762388502761, 30226.30494949472]
[4204.813580302952, 30226.270824861353]
[4205.304631072533, 30226.022755787464]
[4205.862367309576, 30225.7524420223]
[4205.934672971334, 30225.750173819863]
[4206.359745251057, 30225.5031518775]
[4206.711080595507, 30225.318446112644]
[4207.052795798827, 30225.17057009355]
[4207.0717579998545, 30225.168913400004]
[4207.6674859817695, 30224.900206728504]
[4207.742679804758, 30224.85160580291]
[4207.954001617218, 30224.74958167562]
[4208.064224278171, 30224.71911705282]
[4208.096402181781, 30224.670290801765]
[4208.339183994029, 30224.557189283474]
[4208.398364427552, 30224.546777864278]
[4208.70579585388, 30224.4409593947]
[4208.721725466384, 30224.387114150388]
[4209.1920667258355, 30224.175528189553]
[4209.24888347196, 30224.159867768525]
[4209.4221330583305, 30224.093151169054]
[4209.550395669613, 30224.012564870856]
[4209.713119419256, 30223.939105605816]
[4209.972670016798, 30223.806432021313]
[4210.27930025736, 30223.679539447534]
[4210.521253811995, 30223.561486103863]
[4211.330878091598, 30223.23187277186]
[4211.333749355724, 30223.208000145787]
[4211.421895268042, 30223.172964387108]
[4211.67251651717, 30223.016046896395]
[4211.961864591217, 30222.845658299368]
[4212.663845020434, 30222.65005925262]
[4213.030832787305, 30222.492014219486]
[4213.14798970174, 30222.411872055123]
[4213.289039643163, 30222.380069354906]
[4213.437216837566, 30222.329176766965]
[4213.5939929030665, 30222.24813770303]
[4213.964437918577, 30222.075104890966]
[4214.21068696773, 30222.012321113118]
[4214.261273987573, 30221.95186797669]
[4214.398526846601, 30221.928066067772]
[4214.757699067082, 30221.782106246126]
[4214.803371608498, 30221.749431246408]
[4215.081804378505, 30221.65886522854]
[4215.388352952201, 30221.50659523216]
[4215.784022765375, 30221.29065323419]
[4216.0113624660025, 30221.210312444735]
[4216.1320686322, 30221.07679944465]
[4216.529266438859, 30221.075662610485]
[4216.796695178965, 30220.876903908924]
[4217.627571905906, 30220.760567729925]
[4218.714739451341, 30220.505061390097]
[4218.852758194972, 30220.25522034816]
[4219.429919897911, 30220.12159787105]
[4220.233006135558, 30219.77998966363]
[4220.496875316103, 30219.40478156843]
[4220.7166925406345, 30219.20257591324]
[4221.564980564766, 30219.025933401863]
[4221.830756886445, 30218.705179563316]
[4222.21733471165, 30218.614888296725]
[4222.40570466595, 30218.488454457776]
[4222.982739537588, 30218.27401787906]
[4224.897552720064, 30218.269958448072]
[4225.050305456419, 30218.2214403509]
[4225.069410083816, 30218.215382628]
[4225.299663883989, 30217.330532195505]
[4226.016066912157, 30216.964908273516]
[4227.856998043301, 30216.244823895006]
[4228.801064752019, 30215.991580307425]
[4229.979836060428, 30215.628045795347]
[4230.079304965874, 30215.593521072486]
[4231.326934242064, 30215.52813222071]
[4231.534259565804, 30215.43255602866]
[4231.60115151885, 30215.3627736101]
[4231.832474774359, 30215.279618095727]
[4232.4137780328965, 30214.545147037265]
[4233.513160802689, 30214.27894658598]
[4234.28359848507, 30213.855379246605]
[4234.696477270353, 30213.83732016813]
[4236.914497240821, 30213.739382311025]
[4236.915612853164, 30213.739071236043]
[4236.917397850796, 30213.73857352837]
[4236.91829035783, 30213.73832468019]
[4236.9191828703515, 30213.738075835783]
[4237.902102263516, 30212.80148322551]
[4238.948606741774, 30212.396998042077]
[4240.682226009551, 30211.766336427365]
[4241.297176499365, 30211.580939055766]
[4241.923713096943, 30211.44095902579]
[4242.29678965086, 30211.265124732592]
[4243.118568688108, 30210.975564441793]
[4250.895544618701, 30208.528522797726]
[4251.730845800758, 30208.250211633665]
[4251.744036744338, 30208.246211195452]
[4255.418061183831, 30207.172255684072]
[4256.776208888637, 30206.769566474344]
[4256.937656623712, 30206.725967935814]
[4256.992945148173, 30206.532350441274]
[4260.535621698123, 30205.629943455337]
[4261.785452490674, 30205.239264168755]
[4268.812067903328, 30203.35972428292]
[4277.915489786306, 30200.882862001028]
[4287.036059864645, 30198.482052042265]
[4305.879278602454, 30193.57083175246]
[4305.999630840521, 30193.539324624646]
[4346.507425128698, 30182.277940149845]
[4346.523777238167, 30182.273074689052]
[4363.68811540672, 30177.000135312992]
[4363.690230798632, 30176.999453703884]
[4444.2603381962, 30145.86463129284]
[4602.212835504347, 30061.879985458934]
[4776.772208999214, 29980.556117108885]
[4838.3935503242055, 29932.705696088546]
[4868.896718868435, 29918.847373060813]
[4884.910295445306, 29916.897846704684]
[4892.87490515408, 29908.605856284357]
[4900.061988047896, 29905.584440094863]
[4912.732035770711, 29902.129887341074]
[4927.122940150779, 29895.37482384203]
[4941.595553351882, 29889.54580920986]
[4941.797465011691, 29889.406209267352]
[4941.901919195163, 29889.355671156012]
[4942.008705708571, 29889.31785932954]
[4949.436854035647, 29886.67006013271]
[4949.579063095948, 29886.54480478226]
[4958.116570079666, 29883.497377433017]
[4959.266023835226, 29883.190597496592]
[4960.179771819604, 29882.779198790744]
[4974.487024945021, 29877.86227930988]
[4978.680222345445, 29876.53674193875]
[4997.400339388378, 29870.643994387618]
[5007.6868400275835, 29867.285050368937]
[5041.483131609102, 29857.64230148171]
[5358.090020060101, 29813.68418408999]
[6174.591143660084, 29670.541928639814]
[6779.788908280015, 29542.12517043079]
[7078.596651981972, 29466.3531140885]
[7235.829291542618, 29414.922493841266]
[7441.3988239403725, 29404.806620554013]
[7703.822252941736, 29317.97948193636]
[8235.828858759207, 29304.48202131718]
[8396.422472920092, 29264.032456797024]
[8563.918667325055, 29234.57081452865]
[9669.085812878358, 29117.365006523283]
[10096.41222772272, 29107.54441157888]
[11195.061194594868, 29053.098104634795]
[11823.69614514529, 29024.129356725927]
[11903.338328553577, 28987.762379388092]
[11946.484460190415, 28934.943202992657]
[12321.832177589684, 28864.525528854276]
[15251.903831738375, 28700.421647636518]
[18361.132973300715, 28594.03328165022]
[18678.00062774004, 28551.157289109065]
[21651.758709437498, 28413.197641401413]
[33602.58008380195, 28031.511601919854]
values
[3872.8672638807448, 30660.4700773312]
[3873.0324364144894, 30642.1904713886]
[3873.0591692882053, 30640.75661833669]
[3873.229564949403, 30632.633937638973]
[3873.3884600165516, 30627.193536111554]
[3873.4991826535365, 30623.891084700605]
[3874.2569104111753, 30608.69293674546]
[3874.5439646768714, 30605.05645666596]
[3874.630367662444, 30603.978069190165]
[3874.666893658251, 30603.157419354793]
[3874.7622417458983, 30603.125854085116]
[3874.783644485993, 30603.039863464917]
[3874.9096725923387, 30599.991848162386]
[3876.6498168873213, 30571.083348030923]
[3878.39335499827, 30543.008978816775]
[3878.772563846398, 30537.843291511632]
[3879.036371533814, 30535.59587219682]
[3879.255666036218, 30531.905406622354]
[3879.4330347093533, 30529.807188978975]
[3879.5419559701695, 30528.54773295172]
[3879.655537012672, 30527.090760836098]
[3879.705371237914, 30526.48446381897]
[3879.856089230043, 30524.74029084942]
[3879.8842193521987, 30524.375527096618]
[3879.927238855838, 30523.99871792979]
[3879.9407152973463, 30523.666517377736]
[3879.9632051148997, 30523.63045922257]
[3880.033828513906, 30522.74287542819]
[3880.059886563764, 30522.587275754926]
[3880.266936416533, 30520.626902999877]
[3880.457690837663, 30518.86395663768]
[3880.481149883121, 30518.534273593265]
[3880.5201827941064, 30518.297560954852]
[3880.5660780945877, 30518.277537630627]
[3883.201410716977, 30500.993220278644]
[3886.8508545400377, 30440.514032367835]
[3887.4703111501253, 30434.155959291165]
[3888.102785625826, 30427.830091405893]
[3888.9572401078494, 30420.797894446085]
[3889.697218167432, 30396.342530749538]
[3892.5153886764597, 30391.54526598946]
[3893.0312688542786, 30387.76107073625]
[3894.161319736757, 30379.87133269933]
[3894.232996773488, 30379.151418541103]
[3894.46212210171, 30377.332068449577]
[3895.2305157228843, 30372.159247484913]
[3896.01291969353, 30367.18703623911]
[3896.4622979763226, 30365.461056797256]
[3896.5141064252625, 30364.183731780435]
[3896.8094329568416, 30362.426837162424]
[3897.574905480304, 30359.25823415653]
[3898.3792992784306, 30357.017351330273]
[3898.829614665439, 30352.830804015215]
[3899.5541622241885, 30348.733593750956]
[3900.6881791982278, 30344.10907124362]
[3901.061924326946, 30342.790133559076]
[3901.3128448573466, 30341.766670097066]
[3901.4387552374296, 30341.260749616045]
[3901.5659338825294, 30340.463836435076]
[3901.8182906536376, 30339.766225607924]
[3902.1412916289714, 30338.634443934174]
[3902.3285597858658, 30337.827678261012]
[3902.3384200593405, 30337.791003963433]
[3902.456883122059, 30337.35269155005]
[3902.616245285487, 30336.498017750564]
[3903.0048070930643, 30335.051978536732]
[3903.123054993593, 30334.965649969057]
[3903.5246255452, 30333.588991341196]
[3903.606694014892, 30333.109698134107]
[3903.9213814114096, 30332.075323151905]
[3904.061166822797, 30331.82023638097]
[3904.091689511552, 30331.721992175182]
[3904.223265076262, 30331.51489830306]
[3904.521680751649, 30330.2923955636]
[3904.6586270083203, 30329.872075557967]
[3904.705583932842, 30329.79891343292]
[3904.7171176093575, 30329.698925264813]
[3904.7467436779407, 30329.67352393352]
[3904.7724833646034, 30329.595333200643]
[3904.829934162326, 30329.378365403434]
[3904.9943164537194, 30328.92852103584]
[3905.1564138140816, 30328.82752568053]
[3905.175272148475, 30328.681631427167]
[3905.1876020677287, 30328.357727867853]
[3905.216995892275, 30328.271748507635]
[3905.5969418083196, 30327.344958413072]
[3905.9180773270054, 30326.31287801983]
[3906.079345735962, 30325.843525677097]
[3906.1408613023436, 30325.709343959752]
[3906.354791069194, 30325.423374170514]
[3906.5270201984094, 30324.749886538]
[3906.5779914825825, 30324.686101145442]
[3906.6619845925925, 30324.453953538654]
[3906.669699653011, 30324.289330439853]
[3907.2129494928467, 30322.91474734946]
[3907.7629740522525, 30321.393576078222]
[3907.90327741851, 30321.267477259225]
[3908.8984224275105, 30318.66376362956]
[3909.397735133145, 30317.74772025538]
[3910.054293451987, 30316.139803687558]
[3910.355973463342, 30315.307362584874]
[3911.2066639460795, 30313.357318567927]
[3911.5377048477203, 30312.930774614837]
[3915.021217389238, 30308.891449698018]
[3923.339406790532, 30297.865624972066]
[3924.098705261162, 30297.82823672275]
[3934.1788606825553, 30283.425173889198]
[3934.290379208032, 30269.758499022075]
[3947.1819756631116, 30253.69030175104]
[3959.3674873491263, 30228.87087443684]
[3973.596326184686, 30166.300749760325]
[3976.0144437269246, 30164.406336930086]
[3978.382380566208, 30155.667128289984]
[3992.8329356653376, 30126.029886014465]
[4001.5598362467817, 30109.069561433553]
[4012.303735233821, 30093.554404462247]
[4012.7831614048882, 30092.015988553994]
[4018.1137347657386, 30081.74983399624]
[4020.5125507543335, 30070.14869140045]
[4030.2255658020526, 30042.04841775222]
[4033.603966316929, 30036.98118930702]
[4033.920616839794, 30035.863528545102]
[4034.082545632569, 30035.54490975991]
[4034.1144987768857, 30035.473411486615]
[4034.2446028124477, 30035.2331501658]
[4034.370339481543, 30035.007572678613]
[4034.434359557745, 30034.920074161633]
[4034.6265636334874, 30034.724950053973]
[4034.754819611029, 30034.649462504516]
[4035.5011327274274, 30033.5607113546]
[4038.968901076035, 30024.62840324682]
[4039.680609752477, 30022.864054765403]
[4040.7654709108156, 30019.456037947955]
[4041.4332544085014, 30019.37331149123]
[4044.0196199170286, 30013.793674912224]
[4044.019619917039, 30013.79367491222]
[4044.588843650559, 30011.961056118187]
[4044.7703948289804, 30011.51721336115]
[4046.557773284159, 30008.70313138794]
[4046.813445382485, 30008.119200938676]
[4046.8328661418686, 30008.05306699894]
[4047.069706397428, 30008.039501898726]
[4047.1332166040743, 30007.075550638034]
[4047.4921707263647, 30006.38821955986]
[4048.39037870337, 30004.711069643592]
[4049.0461329227155, 30003.49574731951]
[4049.7500942749357, 30002.193012085856]
[4049.9901740368837, 30002.143037910715]
[4051.3462653526, 29999.382403337535]
[4051.966912303599, 29998.299162214735]
[4052.3326478760114, 29997.63719129883]
[4052.589081815947, 29997.234110562757]
[4052.9986190188392, 29996.460612898492]
[4053.468017236202, 29996.049298301576]
[4054.088819910959, 29994.630844557392]
[4055.0930358562678, 29993.164205394554]
[4055.589583525901, 29991.988509790746]
[4056.525783183431, 29990.453062472447]
[4057.804034917327, 29988.321451188127]
[4057.947005374927, 29988.167628580362]
[4058.3182553968586, 29987.489333782818]
[4058.9996340366924, 29986.36649016715]
[4059.682769295577, 29985.2534564718]
[4059.8707765626177, 29985.035985432078]
[4060.6247687700525, 29983.794698002366]
[4060.685311104844, 29983.69688135409]
[4061.2139823390935, 29982.78968925529]
[4061.496773500275, 29982.436362103195]
[4062.9686934789975, 29980.105049998998]
[4063.3000299559744, 29979.61700581161]
[4063.9744394330755, 29978.565373973077]
[4064.620461003758, 29977.58864990463]
[4064.734706212417, 29977.474481706173]
[4065.0336665832915, 29976.986766450107]
[4065.3876371277315, 29976.524782697205]
[4065.837168236738, 29975.75721985004]
[4066.2221600434905, 29975.212072285478]
[4066.5638485152576, 29974.67970605682]
[4067.833154505263, 29972.88934460608]
[4068.6092055750914, 29971.948111285896]
[4069.453480409992, 29970.620843887096]
[4069.5173502488174, 29970.58955775135]
[4069.874504853573, 29969.90784082424]
[4071.083173799779, 29968.40682985465]
[4073.3477636310454, 29965.38746908707]
[4073.9746300860097, 29964.532961944187]
[4074.289427474077, 29964.10407037975]
[4074.725966006643, 29963.526528434144]
[4075.4313666115054, 29962.642041406212]
[4075.5308558139222, 29962.54571969435]
[4075.9048078446613, 29962.013160256804]
[4076.083466967326, 29961.812437025164]
[4076.262235851293, 29961.613730771653]
[4077.710053606291, 29959.692341439124]
[4077.84793089, 29959.54360785448]
[4078.2769378468383, 29959.047451656163]
[4078.5263073682945, 29958.747040257815]
[4078.891985003379, 29958.228699412575]
[4079.2758326785165, 29957.980327598743]
[4079.8040566704713, 29957.12388613286]
[4080.03045026838, 29956.841759834962]
[4080.305604363283, 29956.53308107146]
[4081.325194283665, 29955.29521284411]
[4081.5806406849442, 29954.98774669607]
[4082.220218665634, 29954.222570618986]
[4082.732871542684, 29953.61400905361]
[4082.8611724604075, 29953.46236453017]
[4083.117939643256, 29953.159669441717]
[4086.5040737536015, 29949.319029646627]
[4086.558792294481, 29949.257868344637]
[4086.9539023275092, 29948.815097577266]
[4087.4043968021715, 29948.31346567728]
[4088.2939685473116, 29947.360331232918]
[4088.633492699724, 29946.986704527713]
[4089.8675300127043, 29945.677663069207]
[4089.9836833699346, 29945.55661047098]
[4091.994887212079, 29943.45891295324]
[4092.168032969212, 29943.278023928073]
[4093.4818102093554, 29941.936648853978]
[4094.367805193398, 29941.05056109328]
[4095.447423852864, 29939.98990508601]
[4096.530742492613, 29938.941228629854]
[4097.617769352469, 29937.90434614764]
[4101.2479802406815, 29934.5127922369]
[4105.790717875402, 29930.489004157676]
[4117.731733188111, 29920.91556715278]
[4117.749665673437, 29920.902237969]
[4120.787782761481, 29918.65688082097]
[4123.870717784004, 29916.444080051526]
[4187.363040247253, 29912.945748145048]
[4189.503309350738, 29910.208165962653]
[4201.303472032577, 29891.733142530433]
[4204.29976932956, 29888.98415815217]
[4207.314694807889, 29887.153452413542]
[4208.786743910499, 29885.87337231045]
[4262.957714325194, 29843.44477532026]
[4264.724672729426, 29841.95463773906]
[4265.167302322864, 29841.581701327694]
[4265.3887507141735, 29841.395172651213]
[4265.610288191683, 29841.208603622305]
[4266.497329311171, 29840.46192342612]
[4266.941384839239, 29840.08834050649]
[4267.274660647516, 29839.808046915183]
[4267.358010968451, 29839.737959256097]
[4267.441373838756, 29839.66786589]
[4267.608137231142, 29839.527662031796]
[4267.649835923996, 29839.492607498447]
[4267.691537755021, 29839.45755153732]
[4268.710437689519, 29838.62148098603]
[4269.24149811917, 29838.18545426858]
[4269.37434238534, 29838.076399286856]
[4269.473996368675, 29837.99459536876]
[4269.507218322218, 29837.96732498031]
[4269.57366816829, 29837.912780579663]
[4269.623510749708, 29837.871869108254]
[4351.887378915605, 29821.76616867639]
[4353.834877476719, 29816.562362290457]
[4360.171524633095, 29812.177680673547]
[4364.044107987479, 29809.10140361226]
[4365.116453131837, 29808.1410111455]
[4409.497164483759, 29803.441307324756]
[4475.145193495625, 29767.173365988398]
[4487.219240710596, 29761.151390371328]
[4493.409506403479, 29758.633929092946]
[4497.453834035333, 29757.207497472606]
[4498.119713856801, 29756.989280022815]
[4499.702688486169, 29756.489378142207]
[4499.9010148666075, 29756.4286158238]
[4500.019967557465, 29756.354635989603]
[4501.690502392762, 29755.89912539004]
[4502.888048245883, 29755.56359000274]
[4503.488188793456, 29755.401085238533]
[4505.2940863874865, 29754.934700672497]
[4507.108207452667, 29754.500105351046]
[4508.930564225055, 29754.09736104585]
[4509.044735253117, 29754.073247232496]
[4509.84483481352, 29753.907932653536]
[4510.302743823765, 29753.816201629437]
[4525.915674484961, 29751.86869964589]
[4776.264441734378, 29750.138377371062]
[4781.577861995277, 29745.52936429761]
[4784.255833290861, 29743.317178571466]
[4800.799597238734, 29737.554169498595]
[4801.358314240322, 29737.40105483131]
[4801.917289666405, 29737.248972303256]
[4802.476523469361, 29737.097919468233]
[4828.82166236406, 29728.540067814105]
[5152.755390601437, 29691.23067970382]
[5200.571365498044, 29684.819001083855]
[5203.110542865745, 29684.39232748163]
[5214.950809614829, 29682.857294770045]
[5218.949452991164, 29682.349906789255]
[5238.230445713841, 29680.07317416891]
[5740.041212514274, 29548.626561001263]
[6223.437125343626, 29515.93686543093]
[6522.374082564823, 29438.236602236688]
[6523.575333306699, 29437.65042111328]
[6525.828420121751, 29436.493577487152]
[6529.209718136533, 29434.618893767278]
[6551.257666815887, 29418.959680162396]
[6585.23891187533, 29401.987739758253]
[6585.982670064409, 29400.18632290942]
[6595.307997706835, 29395.295719019974]
[6606.027160895869, 29387.20670660609]
[7084.300389469886, 29314.380765967773]
[7135.49776827758, 29272.065652280868]
[7138.208587171741, 29270.46674222846]
[7149.6196679342, 29258.272549180052]
[7319.995374145031, 29229.09143534096]
[7325.434486071706, 29223.048015995315]
[7325.434486071733, 29223.04801599531]
[7327.5339372589515, 29221.535327874568]
[7334.518333356749, 29218.950324699177]
[7338.0382183057045, 29217.771896149286]
[7583.622957383433, 29193.22226868132]
[7584.806724886164, 29192.511657637104]
[7589.50854526607, 29190.867731238122]
[7591.8675132482285, 29190.110589819324]
[7913.183388920384, 29118.65674060557]
[9669.085812878358, 29117.365006523283]
[10096.41222772272, 29107.54441157888]
[10697.138223911836, 28942.44498029477]
[11045.64478716345, 28938.34278334011]
[11946.484460190415, 28934.943202992657]
[12077.471531759515, 28877.13127033589]
[12321.832177589684, 28864.525528854276]
[13131.2624849799, 28833.939315692158]
[14432.191015535347, 28786.37936973182]
[15251.903831738375, 28700.421647636518]
[18011.62615966882, 28564.460293847696]
[18424.02148345018, 28543.700451643133]
[18963.901011993872, 28480.211317788304]
[20846.456220275897, 28449.213378749344]
[20848.439363738627, 28448.384104248005]
[20860.502345393263, 28447.70109740498]
[20866.546733104857, 28447.34444133601]
[21651.758709437498, 28413.197641401413]
[22586.854333588806, 28410.797746418844]
[22589.40356767366, 28410.218710114375]
[24254.341084661708, 28367.392617330388]
[26982.830722401453, 28352.223743616138]
[29676.383559785234, 28327.06288218344]
[33204.89379850285, 28266.000309459276]
[33415.56744036451, 28248.186101388063]
[33602.58008380195, 28031.511601919854]
end_solutions
[6.279897312879614, 19.424159359694123, -10.446580220002911, -22.52676838399087, -16.040619406566723, 2.6691498470837116, -23.659495167797097, 33.78373767454882, 29.910829440653032, -0.9117244797624148]
[8.386208078217841, 18.82498188791591, -10.347464453714029, -22.37850919257314, -14.891342181476244, 2.921882877761507, -21.40787695367286, 34.79138920064079, 27.45300747730205, -0.8039462366975189]
[10.493902790894623, 18.2242959788709, -10.248221459886182, -22.231758696878543, -13.743068855359411, 3.175426845730236, -19.153868762463233, 35.79955592785667, 24.993030040687437, -0.6968456785783416]
[10.493902790894623, 18.2242959788709, -10.248221459886182, -22.231758696878543, -13.743068855359411, 3.175426845730236, -19.153868762463233, 35.79955592785667, 24.993030040687437, -0.6968456785783416]
[10.493141619858418, 18.22512561936764, -10.248291435032613, -22.23092891423082, -13.742516710923903, 3.174980830220223, -19.1551832498602, 35.79927256723854, 24.99421555098244, -0.6964729518581962]
[11.907070727727032, 17.44875829870576, -10.140101317328385, -22.598662795474173, -13.531252192907328, 3.5686318095910545, -17.444604214804947, 36.42159343261195, 23.260967879346275, -0.7554173698922415]
[11.909100517156912, 17.446545924047797, -10.139914716937906, -22.600875549201433, -13.532724578068681, 3.5698211842844234, -17.44109891507969, 36.42234906092697, 23.257806518559605, -0.7564113078126289]
[11.911320962235358, 17.4441069838658, -10.139713050483284, -22.603256156911485, -13.534290788406222, 3.5711308791828955, -17.4372353484602, 36.4231625145478, 23.25432039172828, -0.7574772735201811]
[12.106861125215707, 17.215360186101183, -10.124002603242651, -22.780712989196484, -13.636256311455856, 3.6927467959735853, -17.074475344087663, 36.48464647929711, 22.925422583846654, -0.8345258454533822]
[12.106861125215707, 17.215360186101183, -10.124002603242651, -22.780712989196484, -13.636256311455856, 3.6927467959735853, -17.074475344087663, 36.48464647929711, 22.925422583846654, -0.8345258454533822]
[12.106858826714422, 17.215369726309355, -10.124001891639757, -22.780725478739093, -13.63627132196347, 3.6927422227612183, -17.07449019531873, 36.48465055486363, 22.925436597450215, -0.8345327192804812]
[12.305760473246249, 16.977842933803156, -10.108379810138477, -22.95395382400949, -13.7321043226274, 3.818831568396008, -16.699173396855088, 36.54425117081789, 22.585209725793042, -0.9085726755430978]
[12.305760473246249, 16.977842933803156, -10.108379810138477, -22.95395382400949, -13.7321043226274, 3.818831568396008, -16.699173396855088, 36.54425117081789, 22.585209725793042, -0.9085726755430978]
[12.303957676510183, 16.98468364687033, -10.107917068492997, -22.96226131562196, -13.742213291067653, 3.8155326952506368, -16.709781112401444, 36.54697974487373, 22.595188049394103, -0.9131885490020228]
[12.302157178275406, 16.991514819729332, -10.10745503845041, -22.970556317691813, -13.752307249000292, 3.8122383953176326, -16.720373976716733, 36.54970424336307, 22.605152359391607, -0.9177975486338488]
[12.300366618978053, 16.998294236877395, -10.106997646033061, -22.978772962789755, -13.762309072987787, 3.8089685828879674, -16.730885598730715, 36.55240346189205, 22.61503950041194, -0.9223641382343474]
[12.29855158480328, 17.005196245863686, -10.106529555159451, -22.98717130091675, -13.7725251858808, 3.8056406490268904, -16.741589407809442, 36.555161391474776, 22.62510900659374, -0.9270292955516987]
[12.297085403681223, 17.01061714137648, -10.106174393795651, -22.99359717614393, -13.780377139123244, 3.803021687353395, -16.74998544073499, 36.55727658374505, 22.63299929165472, -0.9306111324338195]
[12.297274096503383, 17.01383852889584, -10.10563778900347, -23.001856451252802, -13.789526055425128, 3.8016003307220743, -16.75525724845145, 36.559861410846054, 22.638167774516845, -0.9348841342608883]
[12.294496956348794, 17.023327089382185, -10.105098121285138, -23.01204775969679, -13.8021707933376, 3.7969796523809958, -16.769823142000003, 36.56327362132222, 22.65178968369914, -0.9406652530178792]
[12.291719816194208, 17.032815649868535, -10.104558453566806, -23.02223906814078, -13.814815531250073, 3.7923589740399173, -16.784389035548557, 36.56668583179838, 22.665411592881433, -0.9464463717748701]
[12.212816275739982, 17.23948808474952, -10.097498349072989, -23.17251247712536, -14.019687470151712, 3.689835374129597, -17.101107535716757, 36.6188842890175, 22.95869645784512, -1.035650003189324]
[12.210549809555335, 17.246295670763587, -10.097204002277024, -23.17858994120573, -14.027496966658756, 3.686480506059355, -17.111447524764905, 36.62097609781357, 22.96829847986021, -1.0392127008827594]
[12.207237188367106, 17.255195158197807, -10.09693265750444, -23.185009905892013, -14.036155243046164, 3.682046807835012, -17.124845691530645, 36.62326356275761, 22.98066009308298, -1.043141472324664]
[12.20241825734022, 17.266362673726917, -10.096806964338786, -23.190178560032898, -14.044083496296278, 3.6763924677004276, -17.14143269418232, 36.62528740413728, 22.995810403093092, -1.0466917933598463]
[12.201061765496704, 17.26959746403902, -10.096757785316374, -23.191847381690636, -14.046554587137896, 3.6747600209779487, -17.146250714033307, 36.62592396303486, 23.0002203535836, -1.0478022083940213]
[12.19215023840917, 17.289648587082922, -10.096616198330574, -23.199997229815615, -14.05964001846839, 3.664572214983613, -17.175944102498786, 36.629226314628966, 23.027280947376106, -1.053636625488398]
[12.182303723870294, 17.312700383317164, -10.096324093370303, -23.2111051829169, -14.076451759523152, 3.652914411393118, -17.210217016312946, 36.633532578580315, 23.05860893336831, -1.0611748587352636]
[12.012094651868388, 17.600862194362126, -10.10769328597642, -23.147919971667598, -14.081605332021208, 3.5008936145350145, -17.623688685830597, 36.627600873227095, 23.426007158667133, -1.058714234833435]
[11.915931017636291, 17.774412128029546, -10.11257633721495, -23.136527208926616, -14.111652233395835, 3.4101516921049395, -17.874467670037347, 36.631993730406755, 23.65022371118115, -1.0700722889319194]
[11.901516913022883, 17.807598426433636, -10.112233241403157, -23.15147783368326, -14.13479654681586, 3.3933359456565877, -17.923726993254043, 36.63788803448136, 23.695194382538993, -1.0804272955341392]
end_values
[35021.64157035 28232.74608848]
[18962.34970643 28479.98937473]
[ 7911.57953536 29118.41297711]
[ 7911.57953536 29118.41297711]
[ 7913.9864795 29118.7826448]
[ 4510.30274382 29753.81620163]
[ 4505.29408639 29754.93470067]
[ 4500.01996756 29756.35463599]
[ 4269.62351075 29837.87186911]
[ 4269.62351075 29837.87186911]
[ 4269.5985889  29837.89232518]
[ 4130.11783846 29912.1361085 ]
[ 4130.11783846 29912.1361085 ]
[ 4117.73173319 29920.91556715]
[ 4105.79071788 29930.48900416]
[ 4094.36780519 29941.05056109]
[ 4083.11793964 29953.15966944]
[ 4074.72596601 29963.52652843]
[ 4065.83716824 29975.75721985]
[ 4052.99861902 29996.4606129 ]
[ 4040.76547091 30019.45603795]
[ 3908.89842243 30318.66376363]
[ 3906.07934574 30325.84352568]
[ 3903.00480709 30335.05197854]
[ 3900.12830877 30346.01208223]
[ 3899.27960855 30349.71013026]
[ 3894.84676515 30374.52751517]
[ 3889.90716808 30411.11905383]
[ 3878.393355   30543.00897882]
[ 3873.49918265 30623.8910847 ]
[ 3872.86726388 30660.47007733]
