values
[43.215764551575504, -141.1143097131624]
[43.68964852737869, -141.79093430995331]
[71.67083029954256, -141.93391061659867]
values
[42.19058425372367, -126.87631436521848]
[42.19770603498839, -129.2457777572982]
[42.21673692404408, -130.71938826019527]
[42.25960255156346, -134.26583455546964]
[42.264744088462216, -134.62790346196905]
[42.28492246770926, -135.47258409954938]
[42.29329346621755, -135.78125179930436]
[42.310741798064925, -136.35274205139265]
[42.32287052079799, -136.7195307296419]
[42.32564768873492, -136.8776618628937]
[42.33222890423522, -136.9422453909308]
[42.34561017666455, -137.25653470782575]
[42.34917015316109, -137.58647227625477]
[42.36646493075156, -137.76118050753522]
[42.3877006333988, -138.21239428526334]
[42.42472239898234, -138.8238663832771]
[42.43071093451573, -138.93414343408298]
[42.43258656928942, -138.94171395136]
[42.455936580597594, -139.28709746335494]
[42.480381862460376, -139.60919680125926]
[42.483280645354334, -139.6735339668586]
[42.48804937160132, -139.702791812793]
[42.490051778864846, -139.77327787384448]
[42.49830856615667, -139.81516162781136]
[42.5050108586372, -139.95114193724675]
[42.523685461184584, -140.09062551120584]
[42.53413203445869, -140.19493336215365]
[42.53621259165967, -140.28034806365844]
[42.550764898713766, -140.3509280156054]
[42.56070420774065, -140.50973029923347]
[42.57018474327766, -140.51482145135444]
[42.576493257880756, -140.56795047072194]
[42.577398180852626, -140.583132831791]
[42.57790493772109, -140.65805569507617]
[42.60774382788864, -140.80163090901956]
[42.61013880615822, -140.81590481934816]
[42.61155683396786, -140.82127172323487]
[42.613291137096354, -140.90555722401126]
[42.62820281372681, -140.93379791484455]
[42.63111571410135, -140.9808920533401]
[42.63755161568507, -140.99202433421343]
[42.638535322555796, -140.99583144851078]
[42.63865183598519, -140.99583459119967]
[42.64607038259738, -141.06746789051098]
[42.65010927401792, -141.1177168272461]
[42.66093241991569, -141.11945397818172]
[42.66711369587718, -141.1515153623232]
[42.66992493540289, -141.16573083878035]
[42.676444263442605, -141.19782859146974]
[42.6765792515636, -141.22314872969818]
[42.680759892964005, -141.26350395915912]
[42.68825956435772, -141.29454232635786]
[42.69135669235503, -141.3069354789122]
[42.70784357418342, -141.35553304654516]
[42.709372316568995, -141.37013123149916]
[42.717655409307646, -141.37385111256074]
[42.71830449584388, -141.39567959417175]
[42.72462506281359, -141.3999533459766]
[42.724991832252854, -141.40004630395768]
[42.725990412274996, -141.40467605983065]
[42.72738894306501, -141.40896322709767]
[42.72899101859399, -141.43294400234458]
[42.73082836616773, -141.4416174364397]
[42.73765341408928, -141.4430189960892]
[42.740462054373594, -141.46671439703567]
[42.74503596291247, -141.4795629845864]
[42.74960154421209, -141.49203455341774]
[42.75211064463754, -141.498760530687]
[42.75302025020444, -141.50114076305414]
[42.75679317176595, -141.5018431882648]
[42.75849661028285, -141.508963043994]
[42.76060960096531, -141.5127190558421]
[42.76197470636228, -141.52412024510392]
[42.76324807218338, -141.52718634385536]
[42.76691777483031, -141.52969562264684]
[42.767780092665774, -141.53814903560817]
[42.77222623418834, -141.54383046046456]
[42.77322894983167, -141.54579617646976]
[42.77357025224267, -141.55156787265418]
[42.77887826077331, -141.56070145345865]
[42.779542873721624, -141.56102065376479]
[42.78056193232238, -141.5670909828333]
[42.78086702658408, -141.56776490709822]
[42.78519053115222, -141.5749829527401]
[42.7858592933769, -141.5753689919325]
[42.78875995005605, -141.5819742196379]
[42.78936195699671, -141.58349591530538]
[42.78954410456166, -141.58360013748558]
[42.789854640713486, -141.58637201128553]
[42.7921316523398, -141.59082858505224]
[42.793275148098196, -141.59146174541073]
[42.79522934291962, -141.59532826931306]
[42.79667366926319, -141.59924434782994]
[42.79694293530905, -141.6002897655048]
[42.798944549946995, -141.60342909674418]
[42.79911336714454, -141.60403361646044]
[42.80081214286946, -141.6070901407808]
[42.801040939890626, -141.60750567944172]
[42.80209509992126, -141.6085305842434]
[42.8037299087765, -141.61225692523453]
[42.804862613176795, -141.61253762541327]
[42.80573770609982, -141.6152546591149]
[42.80692076963594, -141.6168976530002]
[42.80843076060559, -141.6193926650193]
[42.80941772643483, -141.62183356921489]
[42.810182256775306, -141.62309966922862]
[42.810590437248784, -141.62374525235754]
[42.81126669965265, -141.62485623505106]
[42.811762128899005, -141.62498633452014]
[42.81197216320149, -141.62583666046504]
[42.81442874860863, -141.62855018534987]
[42.81509007577664, -141.6307990219206]
[42.8159627093653, -141.6315319495318]
[42.81852622825687, -141.63586766066766]
[42.81927326407389, -141.63651153513246]
[42.819671026858835, -141.63762181110198]
[42.820746919998655, -141.639153113611]
[42.82365217272877, -141.64313304366217]
[42.82436038278896, -141.643436872839]
[42.825157957608276, -141.64410713062787]
[42.82565058192797, -141.6458553879981]
[42.82685617543596, -141.64614999581724]
[42.82805696425139, -141.64843909888708]
[42.82853295977098, -141.64965304784923]
[42.82975455624159, -141.65003319123122]
[42.83172704610115, -141.65370025493056]
[42.832709601541886, -141.65382607834144]
[42.8334048885576, -141.65572463195076]
[42.834633188914836, -141.6564047074913]
[42.83508665134411, -141.65769245022145]
[42.835108628751286, -141.65770471602124]
[42.836484642273696, -141.6582567742646]
[42.838267913269306, -141.6613476751821]
[42.839346003518195, -141.66237316918273]
[42.83984612882304, -141.6631026381838]
[42.84190674808449, -141.6636948773764]
[42.843061682221446, -141.66605795899736]
[42.84402084572557, -141.66735104769285]
[42.844615952386235, -141.6680982342049]
[42.845796339072415, -141.6692821267331]
[42.84760986968741, -141.67010967067435]
[42.84770781733847, -141.67068884978067]
[42.84778271458967, -141.6711934944729]
[42.848258174199444, -141.67127715689014]
[42.84860654915155, -141.671954505597]
[42.84907197904573, -141.672279837468]
[42.85029979027174, -141.67341745770995]
[42.850580764557634, -141.67342272074518]
[42.85225882435061, -141.67516759542247]
[42.85290260694855, -141.67546676969303]
[42.853433525685986, -141.67618438691397]
[42.85499217930456, -141.6769614766997]
[42.855611113810475, -141.67799916126592]
[42.85656342024966, -141.67877374486403]
[42.85731625678285, -141.67883225284277]
[42.85812692340766, -141.68000182201092]
[42.85964119493886, -141.68060467779495]
[42.86097224721384, -141.6819802374128]
[42.86109461097541, -141.6822761138192]
[42.861589275352515, -141.68255755901504]
[42.862054324219635, -141.68268454148114]
[42.863292179305255, -141.68358271709124]
[42.863436478644786, -141.68391205215562]
[42.86378752669877, -141.68399844877985]
[42.86660466486528, -141.6858796392207]
[42.86792960833243, -141.68648286038632]
[42.86824420194302, -141.68695284217316]
[42.86883687556394, -141.68696161539503]
[42.86885320424167, -141.68731166524037]
[42.86942362856544, -141.68762377414228]
[42.87205226555267, -141.6892434520809]
[42.87269649594805, -141.68957042165448]
[42.8736807494814, -141.68977746392207]
[42.87572408761622, -141.69088837113313]
[42.87576630715505, -141.69124675719053]
[42.877950739002266, -141.69229765347532]
[42.87849522619854, -141.69261435186803]
[42.8798320484272, -141.6929163928711]
[42.880138700289734, -141.69326975512635]
[42.881557465746, -141.69383870287226]
[42.88230844651646, -141.69423564204257]
[42.88345969524829, -141.6946539721838]
[42.883992479698975, -141.69481846892666]
[42.885378745228024, -141.69522383567914]
[42.88679311561061, -141.69573187538185]
[42.88679868691044, -141.69586689644177]
[42.88750171445713, -141.69597468850554]
[42.887851043173356, -141.6963003269168]
[42.89068590917745, -141.69657658581036]
[42.890769288853924, -141.69692756070955]
[42.892098215971814, -141.69748209404136]
[42.89230867933225, -141.69767210412155]
[42.89383778225665, -141.69781737742278]
[42.894010671744205, -141.6980830481962]
[42.89596359971957, -141.69864460003615]
[42.89637670531862, -141.69874059764157]
[42.89838564084718, -141.6991871255189]
[42.90008441739516, -141.6992183591381]
[42.900410056920066, -141.69958373761148]
[42.90244988770447, -141.6999304216389]
[42.906475652836804, -141.70011413725987]
[42.90657552703786, -141.7004739565597]
[42.909683924555154, -141.70048984456028]
[42.91076202002835, -141.7008176327738]
[42.911597828953546, -141.70086292628645]
[42.912435826679854, -141.70090031540798]
[42.91484184796364, -141.7009059345924]
[42.91633104567298, -141.7009974931412]
[42.91930904763473, -141.7010123292452]
[42.919326148118245, -141.7010135418191]
[42.919709940581434, -141.70103116255717]
[42.92127845767183, -141.7010815141059]
[42.92218251576963, -141.70108959160652]
[42.92225483481393, -141.70114023373543]
[42.929833541443074, -141.70120777037604]
[43.67736459025611, -141.74759385507343]
[43.68253146242584, -141.75679243370402]
[43.68607706251542, -141.77675198447378]
[43.68964852737869, -141.79093430995331]
[43.691877836815706, -141.79720632499786]
[43.71792517237134, -141.803647741249]
[43.72687070679094, -141.80598576018593]
[71.67083029954256, -141.93391061659867]
values
[33.51839234159419, 3264.4474854160217]
[34.04822066909892, 3136.747741020142]
[35.03274288811357, 1324.402083321755]
[35.21602644470388, 1143.9884214119725]
[35.46792469701119, 1115.4423408372772]
[37.15267462720559, 558.4677120859443]
[37.980461373875684, 356.3943127620212]
[38.357169575251774, 118.47150868163808]
[38.46276865877858, 90.91632869924692]
[38.5884762528376, 64.8893922584626]
[38.737750908619226, 40.40248525907228]
[38.96802093266603, 13.587558386777403]
[39.03262038342889, 7.340893503881915]
[39.138053051440075, -8.04671848738829]
[39.33173910333793, -28.042539204151453]
[39.37505244480052, -34.43026449782181]
[39.728539690929836, -42.43224254708444]
[39.7972184520888, -44.50404943094638]
[40.21507547091865, -83.01982171156078]
[40.261698232246665, -96.91187865594753]
[40.46702399040177, -103.54984303275671]
[40.48619861781492, -104.29395653564904]
[40.49137227776324, -104.5000158081954]
[40.49228043582388, -104.5534530660585]
[40.52113721343972, -105.29772973639723]
[40.54141935003149, -105.9984008895812]
[40.591735241586115, -107.46634884459158]
[40.59880720126942, -107.63716454716574]
[40.60380447115798, -107.80437554173417]
[40.611244337450316, -108.00250815865135]
[40.61491777690703, -108.10962452493413]
[40.65968843568605, -109.42543429939965]
[40.66656278521839, -109.56330271495185]
[40.77194681734792, -112.46349221306397]
[40.82167841727156, -113.98555792279902]
[40.855660710374934, -114.80763823774221]
[41.02159783254688, -118.66153159453908]
[41.039643099978065, -119.04665846646957]
[41.20417911093984, -120.64757439066852]
[41.25054388187043, -122.5792254330702]
[41.25376313633295, -124.06061290188936]
[41.353445147335634, -126.37697478612384]
[41.41977515790772, -127.26947293283258]
[41.532667077732164, -129.55346434816377]
[41.64636409763695, -131.41240254876797]
[41.657192521648284, -131.49959024641336]
[41.76462006581289, -133.19047287130897]
[41.81367285468647, -133.86812762417134]
[41.81454418166757, -133.89443127801846]
[41.82654155843773, -134.0486399498986]
[41.835528690351495, -134.16723313997932]
[41.84641508272671, -134.32371776469674]
[41.864159809709065, -134.56840920151498]
[41.93754881991318, -135.58797252442727]
[41.96821944184852, -135.87739405931316]
[41.97538211119312, -135.99244966157897]
[42.008157199620086, -136.36475306380373]
[42.023931536075786, -136.53436178153606]
[42.094570875566966, -136.79808747765716]
[42.103403567199166, -137.43351862362687]
[42.11389146845114, -137.5632515384055]
[42.126879973865556, -137.69329664180307]
[42.13858558350846, -137.7798023731457]
[42.15040379968695, -137.92263025919365]
[42.16208030091355, -138.02674520629193]
[42.16258678489217, -138.04395746178972]
[42.16428182563366, -138.06306998219995]
[42.174739527136154, -138.16303628483615]
[42.17922817117037, -138.21333488249988]
[42.18435692278048, -138.24736005199094]
[42.208513096647245, -138.4762067771301]
[42.21424040760605, -138.63583732299614]
[42.22579028811369, -138.65219298242525]
[42.24203346992796, -138.77494555681076]
[42.24962333073545, -138.9768620251567]
[42.287663607023006, -139.13663317912085]
[42.30832427521871, -139.45708306219848]
[42.328153600170786, -139.51150217139192]
[42.3414206660524, -139.61239457786002]
[42.356399483498386, -139.7147272566673]
[42.3628318027574, -139.91080673322918]
[42.39487449937082, -139.99087245335056]
[42.40525803875959, -140.06270958530143]
[42.40742035313721, -140.06748978632365]
[42.41109341336137, -140.10074074775866]
[42.41653970712358, -140.30809115579714]
[42.45652744422177, -140.39110546311403]
[42.462615970095115, -140.4219908359249]
[42.46418580833885, -140.43165594900364]
[42.46636772983598, -140.4553526241867]
[42.472633803284, -140.63391987188416]
[42.47797299331991, -140.67847515000204]
[42.50560922918562, -140.8189447742911]
[42.538231757642265, -140.98243688364303]
[42.55806142641012, -141.02021975627596]
[42.57700725420273, -141.02311902074786]
[42.581861324019215, -141.137500755572]
[42.59228177955168, -141.1771933886445]
[42.60239029229099, -141.24475016024766]
[42.61300338405235, -141.2507876706378]
[42.62143190717545, -141.3009822184324]
[42.62885465615852, -141.32383671704363]
[42.63075047024249, -141.32990693578344]
[42.63264490951872, -141.33587820507125]
[42.63359161317192, -141.33882673343803]
[42.646684738027986, -141.37847217425744]
[42.65204276880139, -141.3928944730858]
[42.65444791502772, -141.39889040291487]
[42.656977598092176, -141.40473171934815]
[42.664459455292, -141.41923295718382]
[42.67358417903357, -141.4326493851351]
[42.69725527689608, -141.45107691931165]
[42.713438415040514, -141.48818641312533]
[42.73955151925905, -141.52152792950744]
[42.75038211259312, -141.53859735867505]
[42.768240721129956, -141.5453593353831]
[42.76863568528891, -141.54632718337373]
[42.768898934167794, -141.56776293730258]
[42.779435316572254, -141.56884210467663]
[42.78017184078805, -141.5705001338768]
[42.78172859279169, -141.58621939958172]
[42.78850432613532, -141.58661878984884]
[42.789176089061236, -141.5878512980145]
[42.79060532759571, -141.5883147359782]
[42.79191557886284, -141.59282826054474]
[42.79268902909776, -141.59352613847864]
[42.793350717844234, -141.5954958623238]
[42.79464288688169, -141.59623350733767]
[42.7946705912439, -141.60518563975185]
[42.795759135178315, -141.60662260584445]
[42.80081214286946, -141.6070901407808]
[42.801040939890626, -141.60750567944172]
[42.80209509992126, -141.6085305842434]
[42.80245848920471, -141.61553100848795]
[42.80488202451329, -141.61554660521736]
[42.805231561883275, -141.61584488700296]
[42.805416025792695, -141.61603672379223]
[42.8063783866809, -141.6170960576446]
[42.80657852934675, -141.6179947854847]
[42.80840483567295, -141.62100901907468]
[42.80868356792412, -141.62127421624797]
[42.80924724294154, -141.6224593224161]
[42.80975568986868, -141.62255784520033]
[42.80979827065238, -141.62301233518355]
[42.81010521575412, -141.62308597293628]
[42.810182256775306, -141.62309966922862]
[42.810590437248784, -141.62374525235754]
[42.81125077746466, -141.62487775499744]
[42.811762128899005, -141.62498633452014]
[42.81197216320149, -141.62583666046504]
[42.81227621925103, -141.62693090922048]
[42.81351901439861, -141.62826033014557]
[42.8136246790861, -141.6289497567677]
[42.81500384577582, -141.63076303415318]
[42.81509007577664, -141.6307990219206]
[42.8159627093653, -141.6315319495318]
[42.816147409112375, -141.63266307560068]
[42.81685296842381, -141.63375326148332]
[42.817486965584756, -141.63459929102518]
[42.8178116071676, -141.635109371585]
[42.817835777690476, -141.63518833932753]
[42.81851273084149, -141.63614735239645]
[42.81927326407389, -141.63651153513246]
[42.81946974941195, -141.6373073647741]
[42.81956462606829, -141.63742538716997]
[42.819671026858835, -141.63762181110198]
[42.819876470495316, -141.63794087927872]
[42.819989148077944, -141.63805032736255]
[42.82001153885303, -141.63824288486586]
[42.820211036289706, -141.63845060996258]
[42.820283350116995, -141.63849216954097]
[42.82062417927743, -141.63905943635947]
[42.820686474451776, -141.63918372244353]
[42.82083169404112, -141.63929178353493]
[42.82111091642741, -141.63968937219047]
[42.821393503712756, -141.64008548194343]
[42.82179443910712, -141.64062836126138]
[42.82221326635498, -141.64130507933416]
[42.82255747032901, -141.6416551318045]
[42.822619587220004, -141.64183675287651]
[42.82292758256577, -141.64215469225715]
[42.8231677324319, -141.64260676973294]
[42.82334016583789, -141.6430738764086]
[42.82365217272877, -141.64313304366217]
[42.823939291231305, -141.64362429957265]
[42.82421059801233, -141.64389434148538]
[42.82432694857133, -141.64414660535115]
[42.82437323778589, -141.64420197200823]
[42.82451779756339, -141.64441535800447]
[42.82473737964657, -141.6446997166577]
[42.82565058192797, -141.6458553879981]
[42.82685617543596, -141.64614999581724]
[42.827763394756815, -141.64869596137476]
[42.82853295977098, -141.64965304784923]
[42.82975455624159, -141.65003319123122]
[42.829985427268085, -141.65153032976772]
[42.830506055378976, -141.65217810759793]
[42.83054110934012, -141.65222802590364]
[42.830645179902945, -141.6523633803952]
[42.83102010644674, -141.65281340766924]
[42.831096860517974, -141.65292136293695]
[42.831553174996245, -141.65350022249856]
[42.83158905927784, -141.65352580006072]
[42.83172704610115, -141.65370025493056]
[42.83179151106723, -141.65375904490818]
[42.83201594079571, -141.65405046106721]
[42.832177266880386, -141.65418020254148]
[42.8326583829447, -141.65476420540523]
[42.83300034550706, -141.65526021798166]
[42.833320551563546, -141.65565111287847]
[42.8334048885576, -141.65572463195076]
[42.8336698153543, -141.65608132150155]
[42.833876644726644, -141.65632264902635]
[42.83425643832755, -141.65679458994762]
[42.834493736962536, -141.6569887968627]
[42.83488510502797, -141.6574362680689]
[42.835013058468235, -141.65769015342076]
[42.83508665134411, -141.65769245022145]
[42.835108628751286, -141.65770471602124]
[42.83528090877867, -141.65789419242537]
[42.83540011216604, -141.65815606314996]
[42.83553111932476, -141.65828917879801]
[42.836101691887286, -141.65896517754703]
[42.83631554372991, -141.65916468720047]
[42.83649013654372, -141.65930842141137]
[42.83665812112017, -141.65961490387537]
[42.838015176465206, -141.6612247331522]
[42.838267913269306, -141.6613476751821]
[42.83888450070909, -141.66217017529362]
[42.839346003518195, -141.66237316918273]
[42.83984612882304, -141.6631026381838]
[42.839903615382056, -141.6633535219741]
[42.84009619171799, -141.6634945871932]
[42.8404514417495, -141.6638481710545]
[42.84080249758277, -141.66414881120696]
[42.840851701092404, -141.66432327525544]
[42.841111929152774, -141.66465561541386]
[42.84128646880478, -141.66476307628363]
[42.841431722330725, -141.66494242933342]
[42.84164687715717, -141.66505729617245]
[42.84203545180294, -141.66544547279878]
[42.84245895412329, -141.66597424971107]
[42.84255461005347, -141.66620152708558]
[42.84260015093215, -141.66634097924265]
[42.8428642290597, -141.66646256009557]
[42.8430413310474, -141.66665527776132]
[42.84402084572557, -141.66735104769285]
[42.84419602000428, -141.66782872002713]
[42.84445500512781, -141.66825279225355]
[42.84465034961227, -141.6683031146363]
[42.844811642153346, -141.6693377967659]
[42.846260264700284, -141.6699444923263]
[42.84634000407637, -141.6702815440888]
[42.847185136691856, -141.67083186851903]
[42.84752767720987, -141.67107956477665]
[42.84778271458967, -141.6711934944729]
[42.848218942840894, -141.67216545324936]
[42.848662808467395, -141.6721686780955]
[42.8487055187795, -141.67233707939008]
[42.84876079687436, -141.67237643910477]
[42.84878767740737, -141.67240047205686]
[42.84889515129152, -141.67278793617547]
[42.84915067376906, -141.67489093085828]
[42.849877756593266, -141.67578536795264]
[42.85276615299236, -141.67659964385132]
[42.85304591154873, -141.67660962533355]
[42.853226840615626, -141.67684136626198]
[42.85400353570072, -141.67744737950508]
[42.85473776180049, -141.6777630300614]
[42.85490714472231, -141.6782109367957]
[42.85550376848064, -141.67911674557942]
[42.856143736900606, -141.67930332025952]
[42.85671605890341, -141.67938210412183]
[42.85703167708321, -141.67963951791933]
[42.85708894017105, -141.67986015155503]
[42.85724036282633, -141.68032645767104]
[42.85733983207158, -141.68074083670783]
[42.85861788710932, -141.68142164452357]
[42.859181895099894, -141.6823072620067]
[42.85920251436521, -141.68234125159256]
[42.85989387069431, -141.6843137966716]
[42.86266291067956, -141.68478100982904]
[42.86335516827447, -141.68517697929235]
[42.864154664954725, -141.68534831451134]
[42.864562122211005, -141.68538360181137]
[42.864610647174125, -141.68646084803586]
[42.865270647886064, -141.68650627378182]
[42.86580436475799, -141.68655581109024]
[42.86594699476093, -141.68688421849325]
[42.86618278380729, -141.69343589056803]
[42.8703229347184, -141.6937979780222]
[42.87539187380023, -141.69400039274726]
[42.877442928193666, -141.69460223272708]
[42.87906401370806, -141.6949029271134]
[42.88026332864324, -141.69544082710502]
[42.88241949012867, -141.69572096782397]
[42.88258032490357, -141.69638223932046]
[42.883376376955084, -141.70608019681973]
[42.884318054568304, -141.71166269510869]
[42.88738813930804, -141.71371907754565]
[42.88744697008939, -141.71528375274278]
[42.894089076125994, -141.72234071557813]
[42.89609743531262, -141.7249988889127]
[42.897866122424205, -141.72632478594028]
[42.900727071525345, -141.72924585030472]
[42.90365706374745, -141.73287196627243]
[42.90655436650233, -141.73609396669337]
[42.90744396776187, -141.736736031542]
[42.90800346059845, -141.73769186141556]
[42.91931886379461, -141.7457458066313]
[43.67736459025611, -141.74759385507343]
[43.68253146242584, -141.75679243370402]
[43.68607706251542, -141.77675198447378]
[43.68964852737869, -141.79093430995331]
[43.691877836815706, -141.79720632499786]
[43.71792517237134, -141.803647741249]
[43.72687070679094, -141.80598576018593]
[71.67083029954256, -141.93391061659867]
values
[31.85921167839606, 6203.040981006242]
[31.860209065484298, 6029.292253994116]
[31.861968190365186, 5986.205806458496]
[31.864045131600975, 5943.319738394796]
[31.867312823363516, 5843.501954844711]
[31.87288031996602, 5774.18877725025]
[31.889840465550936, 5754.897322342859]
[31.901962779353912, 5612.777748896001]
[31.904903452018285, 5589.499176888976]
[31.911901588831544, 5516.609370684276]
[31.91866120381212, 5472.874212500335]
[31.934481817856273, 5378.201504479478]
[31.984956985123006, 5335.178623118326]
[32.00812300619744, 4959.533493477208]
[32.050546098208336, 4897.222545172284]
[32.06538299648701, 4665.230355350099]
[32.07535578231602, 4605.238074306833]
[32.0952314670977, 4481.400994707441]
[32.10825250709582, 4170.03619619053]
[32.188820000499206, 3836.5344209077316]
[32.26403742171884, 3707.848225284707]
[32.42860546993005, 3582.0104953993077]
[32.53694577418227, 3380.4014758728945]
[32.64553285586966, 3255.810833332493]
[34.04822066909892, 3136.747741020142]
[35.03274288811357, 1324.402083321755]
[35.21602644470388, 1143.9884214119725]
[35.46792469701119, 1115.4423408372772]
[37.15267462720559, 558.4677120859443]
[37.980461373875684, 356.3943127620212]
[38.357169575251774, 118.47150868163808]
[38.46276865877858, 90.91632869924692]
[38.5884762528376, 64.8893922584626]
[38.737750908619226, 40.40248525907228]
[38.96802093266603, 13.587558386777403]
[39.03262038342889, 7.340893503881915]
[39.138053051440075, -8.04671848738829]
[39.33173910333793, -28.042539204151453]
[39.37505244480052, -34.43026449782181]
[39.728539690929836, -42.43224254708444]
[39.7972184520888, -44.50404943094638]
[40.21507547091865, -83.01982171156078]
[40.261698232246665, -96.91187865594753]
[40.38241339002184, -100.74552413495834]
[40.46650778434662, -103.59404460496465]
[40.48619861781492, -104.29395653564904]
[40.49137227776324, -104.5000158081954]
[40.49228043582388, -104.5534530660585]
[40.52113721343972, -105.29772973639723]
[40.53634113485258, -105.73220936092874]
[40.54141935003149, -105.9984008895812]
[40.580529471466754, -107.10301104892156]
[40.58449624746048, -107.2526261862795]
[40.591735241586115, -107.46634884459158]
[40.59880720126942, -107.63716454716574]
[40.60380447115798, -107.80437554173417]
[40.611244337450316, -108.00250815865135]
[40.61491777690703, -108.10962452493413]
[40.62193920341245, -108.39709247574984]
[40.6288973477061, -108.5938303785131]
[40.65968843568605, -109.42543429939965]
[40.66656278521839, -109.56330271495185]
[40.678868034104, -110.05181867249725]
[40.732170466146144, -111.33685315243076]
[40.749145561339425, -111.66445159988326]
[40.76842943768203, -112.0962036433576]
[40.77194681734792, -112.46349221306397]
[40.81984874266128, -113.02333335284976]
[40.82167841727156, -113.98555792279902]
[40.8375169301733, -114.41047303937842]
[40.84420856699316, -114.58860106186242]
[40.855660710374934, -114.80763823774221]
[40.87331902177144, -115.25269264767248]
[40.90584215092475, -115.90598305788302]
[40.95673389383598, -116.86501105878114]
[41.02159783254688, -118.66153159453908]
[41.039643099978065, -119.04665846646957]
[41.20417911093984, -120.64757439066852]
[41.25054388187043, -122.5792254330702]
[41.25376313633295, -124.06061290188936]
[41.27340777367713, -124.56624674829918]
[41.353445147335634, -126.37697478612384]
[41.41977515790772, -127.26947293283258]
[41.5095051868033, -128.9206350228671]
[41.532667077732164, -129.55346434816377]
[41.64636409763695, -131.41240254876797]
[41.657192521648284, -131.49959024641336]
[41.68059551297263, -131.81892859907273]
[41.722506365268764, -132.49161758893183]
[41.76462006581289, -133.19047287130897]
[41.77102841529122, -133.24579453649278]
[41.77791134511372, -133.3437999561851]
[41.80809972607103, -133.80114670640071]
[41.81367285468647, -133.86812762417134]
[41.81454418166757, -133.89443127801846]
[41.81495212458451, -133.8958402207152]
[41.82654155843773, -134.0486399498986]
[41.835528690351495, -134.16723313997932]
[41.84641508272671, -134.32371776469674]
[41.86253652941559, -134.58677293761878]
[41.864905032571855, -134.59073079496142]
[41.90981755218267, -135.24522669439125]
[41.91657636004744, -135.33071632899896]
[41.93754881991318, -135.58797252442727]
[41.94620648521198, -135.728250859897]
[41.95292824833643, -135.81042527367956]
[41.96775952989337, -135.99180971651825]
[41.97538211119312, -135.99244966157897]
[41.999571562088974, -136.40712001078188]
[42.00933396460137, -136.52892847340817]
[42.023931536075786, -136.53436178153606]
[42.06721919755394, -137.1572130443476]
[42.103403567199166, -137.43351862362687]
[42.11389146845114, -137.5632515384055]
[42.126879973865556, -137.69329664180307]
[42.13366267140158, -137.84412315677656]
[42.13404991362101, -137.84510129033066]
[42.13622102783453, -137.9236314021124]
[42.15454014701096, -138.11587781518907]
[42.174739527136154, -138.16303628483615]
[42.179164619665784, -138.31905676792613]
[42.18560275709243, -138.38000022347273]
[42.208513096647245, -138.4762067771301]
[42.21424040760605, -138.63583732299614]
[42.22018959153459, -138.71804930917682]
[42.22610423687223, -138.77796518347498]
[42.23050894485882, -138.82035526581234]
[42.23658468839113, -138.87313876056626]
[42.24962333073545, -138.9768620251567]
[42.26445648848748, -139.1301569441111]
[42.277231593197406, -139.2285028199269]
[42.28293467255672, -139.29421363261935]
[42.292142387142405, -139.37405471154415]
[42.30825610750329, -139.50968544916145]
[42.31450108860566, -139.55806315198424]
[42.3340001399111, -139.7031110847717]
[42.33563862073611, -139.73289416942774]
[42.34151916356376, -139.77868652053226]
[42.348029420474816, -139.82356278409802]
[42.3628318027574, -139.91080673322918]
[42.368056699898254, -139.95797590524708]
[42.36897960149712, -139.9858326008533]
[42.37752894804514, -140.04552779632425]
[42.38738210990915, -140.1109629337107]
[42.39088626044323, -140.1410837945671]
[42.39645586570815, -140.18060308075087]
[42.40308952840732, -140.22074696230175]
[42.406063952054495, -140.2412090252084]
[42.4086396593822, -140.25909590678435]
[42.411670907191095, -140.27872846787238]
[42.41653970712358, -140.30809115579714]
[42.41765822755461, -140.32491593573565]
[42.42976689159074, -140.39905685174884]
[42.43811192287616, -140.45278755051442]
[42.438729456843106, -140.46105512539236]
[42.44167147802937, -140.47514747084676]
[42.44597622651286, -140.47886167765705]
[42.44607014587869, -140.5039115137569]
[42.45076190628133, -140.530841121148]
[42.45330358294415, -140.54650326967297]
[42.45623384841035, -140.56420245375574]
[42.462866011978235, -140.60338937997957]
[42.46512462901633, -140.62134964379305]
[42.471622836896245, -140.65444394178178]
[42.47797299331991, -140.67847515000204]
[42.48035562822977, -140.70403431973835]
[42.48693772091671, -140.74030833760844]
[42.489837175888844, -140.75615698833218]
[42.490542521305294, -140.75705252888773]
[42.492347851170464, -140.7698604208889]
[42.496971788696996, -140.79319762094428]
[42.501997465154076, -140.8178920787708]
[42.50560922918562, -140.8189447742911]
[42.51293515171598, -140.87708555257964]
[42.51363512754553, -140.87790636177021]
[42.52371145147092, -140.922984058413]
[42.525830797340824, -140.9233830776801]
[42.53014367481385, -140.9609421537336]
[42.53338297659312, -140.97611422451766]
[42.538231757642265, -140.98243688364303]
[42.53871061945012, -141.000671052257]
[42.54156070776591, -141.01358810279447]
[42.54402858406789, -141.02463638174066]
[42.546892084795225, -141.03583104874002]
[42.551514032798664, -141.0575142536814]
[42.55368959986852, -141.06694122484924]
[42.556058566286815, -141.07570646252688]
[42.55898002953527, -141.08929459719798]
[42.5594898349262, -141.09004916287847]
[42.562876095913836, -141.09148221358396]
[42.56426066569065, -141.1110563155536]
[42.57521196562649, -141.1538849413948]
[42.575543000632464, -141.15587704766938]
[42.57598698989613, -141.1578068885912]
[42.58434898634892, -141.18926733039095]
[42.5857443211724, -141.19445816324193]
[42.58656005676406, -141.19683020076604]
[42.5867798523407, -141.19808783123383]
[42.58814987371573, -141.20372834111518]
[42.589581924941506, -141.2082326311279]
[42.591100380892044, -141.21317710394942]
[42.591484982771895, -141.21627353004197]
[42.59238113253251, -141.21821424809443]
[42.595375677830106, -141.22977988949455]
[42.59694689665724, -141.23429807130515]
[42.597861487297855, -141.23709431415378]
[42.59797093504379, -141.23768788400332]
[42.60239029229099, -141.24475016024766]
[42.60429191334845, -141.25926400485127]
[42.60911596671859, -141.27467641779555]
[42.61141313776694, -141.28256694023642]
[42.6155635973758, -141.2946635102265]
[42.61679728862841, -141.29908242084574]
[42.61798660892851, -141.3020027933471]
[42.61886081208254, -141.30460633805072]
[42.61947001639294, -141.30751940659647]
[42.62021466911784, -141.30905263885595]
[42.623858711763056, -141.32053997235727]
[42.62434872343776, -141.32192991649734]
[42.62508356884276, -141.32400679882664]
[42.62539617477337, -141.3246247432075]
[42.62604120853765, -141.32553055948327]
[42.6273545104918, -141.33009031143328]
[42.62924378805141, -141.33559366580508]
[42.63061818470379, -141.33787837057125]
[42.631266767797285, -141.34081574822977]
[42.63224391142173, -141.3434542438652]
[42.63339735874754, -141.34687081643986]
[42.63412965057505, -141.34882874196026]
[42.634617729814, -141.3501286647268]
[42.63513104178009, -141.35101228096218]
[42.63517312962701, -141.351266832212]
[42.63625124282852, -141.35181878796593]
[42.63712409601504, -141.35638945936796]
[42.639073584073685, -141.36144345925757]
[42.641084580617594, -141.36678580064884]
[42.64186936675243, -141.3689303441768]
[42.643393037096686, -141.37239199255856]
[42.646684738027986, -141.37847217425744]
[42.64678285090427, -141.38075775780987]
[42.646861143366216, -141.380977955357]
[42.647216972742555, -141.38218101846064]
[42.64750873953103, -141.38252306143298]
[42.647947682254646, -141.383576071027]
[42.64842191493207, -141.38461790184945]
[42.64871816114315, -141.38544377128298]
[42.64920179222896, -141.38660454262669]
[42.64968534466282, -141.3877610207511]
[42.65003218182119, -141.38857405537294]
[42.650540842475934, -141.388894883493]
[42.65065221345006, -141.39006109652271]
[42.65161876725567, -141.3923439969588]
[42.65204276880139, -141.3928944730858]
[42.65444791502772, -141.39889040291487]
[42.654516536293386, -141.39908962985126]
[42.65572310113127, -141.40185467334675]
[42.656446802849814, -141.4035008116847]
[42.656977598092176, -141.40473171934815]
[42.65756934042473, -141.40598870439774]
[42.65824818585429, -141.40746575965775]
[42.65837580411221, -141.40784325277457]
[42.6588621373284, -141.40885579469477]
[42.65961373828331, -141.41027256603573]
[42.660321042391374, -141.41211693996442]
[42.660432689728516, -141.41239097035387]
[42.661059090260636, -141.41370184435854]
[42.662299555110785, -141.41632186008647]
[42.66272557155516, -141.4172050007706]
[42.66330126044513, -141.41839852837919]
[42.66337661224358, -141.41847006240872]
[42.664311249444076, -141.42045799996214]
[42.66532951023298, -141.4225002731863]
[42.66635603082842, -141.424525346402]
[42.666426735922514, -141.4246427061832]
[42.66669740427288, -141.42518996384342]
[42.66779044551696, -141.42722727640194]
[42.66806438143857, -141.42773303742453]
[42.66843380296028, -141.42852388620616]
[42.66895838934585, -141.42951276857252]
[42.66948502998456, -141.43049734949201]
[42.669485029984564, -141.43049734949204]
[42.66974912016288, -141.4309880268447]
[42.669802700383215, -141.4310677491147]
[42.670077807745635, -141.43158056153683]
[42.67054446779083, -141.43245360616436]
[42.67080089844806, -141.43292065781628]
[42.67107726182602, -141.43342528150393]
[42.671399551660656, -141.43400516105183]
[42.67153189173315, -141.43425406941486]
[42.67331309093336, -141.4372870832029]
[42.67377192005812, -141.4382191199683]
[42.6743169781364, -141.439164978567]
[42.67486407460014, -141.44010653365163]
[42.674864074600144, -141.44010653365166]
[42.675035282174356, -141.44039696707554]
[42.676258658806624, -141.44188382374065]
[42.6765582660813, -141.44297458553885]
[42.67681096074166, -141.44338203151497]
[42.677074893797155, -141.44378928636]
[42.67762434008908, -141.4446032220079]
[42.67872709805124, -141.4462287925922]
[42.67903210650558, -141.4470310013831]
[42.67931403179244, -141.44748402298367]
[42.67939975578143, -141.44761877583213]
[42.680183728951036, -141.44886964918484]
[42.68314831047002, -141.4527002082493]
[42.683893491694725, -141.4545859681289]
[42.687427777830976, -141.45973368676556]
[42.68768709153093, -141.46012348507008]
[42.688515634294625, -141.46129842784825]
[42.6886015782815, -141.46141226291124]
[42.68890008400634, -141.46182975145555]
[42.68919908843063, -141.46224616279943]
[42.69018489973638, -141.46317560542752]
[42.690965759812514, -141.46450076626627]
[42.69848780244863, -141.4737259546685]
[42.70670913483811, -141.48591675217904]
[42.713438415040514, -141.48818641312533]
[42.71514405072148, -141.49729232042148]
[42.73586609655582, -141.52522092497404]
[42.7374042547026, -141.5272280143986]
[42.74738013431792, -141.54202112800627]
[42.750966864316894, -141.54704948523394]
[42.768898934167794, -141.56776293730258]
[42.77558254072305, -141.5801457495117]
[42.78172859279169, -141.58621939958172]
[42.78215875344828, -141.58833498645592]
[42.788252156098814, -141.59685148205736]
[42.79001647730941, -141.5991742996439]
[42.7946705912439, -141.60518563975185]
[42.795759135178315, -141.60662260584445]
[42.79577384532309, -141.60691562713876]
[42.79738615744225, -141.60904784481028]
[42.798676125487994, -141.61080456655878]
[42.80245848920471, -141.61553100848795]
[42.80488202451329, -141.61554660521736]
[42.805231561883275, -141.61584488700296]
[42.80532032185741, -141.6193072827393]
[42.80608983547481, -141.6204259496107]
[42.80840483567295, -141.62100901907468]
[42.80868356792412, -141.62127421624797]
[42.80924724294154, -141.6224593224161]
[42.80938930601354, -141.62502693221967]
[42.81197216320149, -141.62583666046504]
[42.81227621925103, -141.62693090922048]
[42.81351677785842, -141.63039083552493]
[42.8135785638301, -141.63046282409925]
[42.813844366104135, -141.63079314338668]
[42.81509007577664, -141.6307990219206]
[42.8159627093653, -141.6315319495318]
[42.816147409112375, -141.63266307560068]
[42.81685296842381, -141.63375326148332]
[42.817486965584756, -141.63459929102518]
[42.8178116071676, -141.635109371585]
[42.817835777690476, -141.63518833932753]
[42.81851273084149, -141.63614735239645]
[42.81927326407389, -141.63651153513246]
[42.81946974941195, -141.6373073647741]
[42.81956462606829, -141.63742538716997]
[42.819671026858835, -141.63762181110198]
[42.819876470495316, -141.63794087927872]
[42.819989148077944, -141.63805032736255]
[42.82001153885303, -141.63824288486586]
[42.820211036289706, -141.63845060996258]
[42.820283350116995, -141.63849216954097]
[42.82062417927743, -141.63905943635947]
[42.820686474451776, -141.63918372244353]
[42.82083169404112, -141.63929178353493]
[42.82111091642741, -141.63968937219047]
[42.821393503712756, -141.64008548194343]
[42.82179443910712, -141.64062836126138]
[42.82221326635498, -141.64130507933416]
[42.82255747032901, -141.6416551318045]
[42.822619587220004, -141.64183675287651]
[42.82292758256577, -141.64215469225715]
[42.8231677324319, -141.64260676973294]
[42.82334016583789, -141.6430738764086]
[42.82365217272877, -141.64313304366217]
[42.823860168753946, -141.6437442493036]
[42.82421059801233, -141.64389434148538]
[42.82432694857133, -141.64414660535115]
[42.82437323778589, -141.64420197200823]
[42.82451779756339, -141.64441535800447]
[42.82473737964657, -141.6446997166577]
[42.82565058192797, -141.6458553879981]
[42.825839641809864, -141.64627900008284]
[42.82704097809636, -141.6477921609514]
[42.827763394756815, -141.64869596137476]
[42.828233230290095, -141.64926747927663]
[42.82853295977098, -141.64965304784923]
[42.82975455624159, -141.65003319123122]
[42.82980796072187, -141.65124218118774]
[42.829985427268085, -141.65153032976772]
[42.830506055378976, -141.65217810759793]
[42.83054110934012, -141.65222802590364]
[42.83060364818526, -141.6523193627956]
[42.830645179902945, -141.6523633803952]
[42.83072806294402, -141.6524252854084]
[42.83102010644674, -141.65281340766924]
[42.831096860517974, -141.65292136293695]
[42.831553174996245, -141.65350022249856]
[42.83158905927784, -141.65352580006072]
[42.83172704610115, -141.65370025493056]
[42.83179151106723, -141.65375904490818]
[42.83201594079571, -141.65405046106721]
[42.832177266880386, -141.65418020254148]
[42.8326583829447, -141.65476420540523]
[42.83300034550706, -141.65526021798166]
[42.833320551563546, -141.65565111287847]
[42.8334048885576, -141.65572463195076]
[42.8336698153543, -141.65608132150155]
[42.833876644726644, -141.65632264902635]
[42.83425643832755, -141.65679458994762]
[42.834493736962536, -141.6569887968627]
[42.83461364747194, -141.6573708645455]
[42.83488510502797, -141.6574362680689]
[42.835013058468235, -141.65769015342076]
[42.83508665134411, -141.65769245022145]
[42.835108628751286, -141.65770471602124]
[42.83528090877867, -141.65789419242537]
[42.83540011216604, -141.65815606314996]
[42.83553111932476, -141.65828917879801]
[42.836101691887286, -141.65896517754703]
[42.83631554372991, -141.65916468720047]
[42.83649013654372, -141.65930842141137]
[42.836611767839, -141.65971068910235]
[42.838015176465206, -141.6612247331522]
[42.838267913269306, -141.6613476751821]
[42.83888450070909, -141.66217017529362]
[42.839346003518195, -141.66237316918273]
[42.83984612882304, -141.6631026381838]
[42.839903615382056, -141.6633535219741]
[42.84009619171799, -141.6634945871932]
[42.8404514417495, -141.6638481710545]
[42.84080249758277, -141.66414881120696]
[42.840851701092404, -141.66432327525544]
[42.841111929152774, -141.66465561541386]
[42.84128646880478, -141.66476307628363]
[42.841431722330725, -141.66494242933342]
[42.84164687715717, -141.66505729617245]
[42.84203545180294, -141.66544547279878]
[42.8423918087744, -141.6666573877003]
[42.84250176400309, -141.66686571550295]
[42.84402084572557, -141.66735104769285]
[42.84419602000428, -141.66782872002713]
[42.84445500512781, -141.66825279225355]
[42.84465034961227, -141.6683031146363]
[42.844811642153346, -141.6693377967659]
[42.84512512998957, -141.67013960983127]
[42.84579660316504, -141.6709256152207]
[42.846428585558186, -141.67184901204067]
[42.848218942840894, -141.67216545324936]
[42.848662808467395, -141.6721686780955]
[42.8487055187795, -141.67233707939008]
[42.84876079687436, -141.67237643910477]
[42.84878767740737, -141.67240047205686]
[42.84889515129152, -141.67278793617547]
[42.849063238562316, -141.6748629427447]
[42.84915067376906, -141.67489093085828]
[42.849877756593266, -141.67578536795264]
[42.85187899827058, -141.67829711404008]
[42.853139828808295, -141.6797449291502]
[42.85334089920628, -141.68023172793679]
[42.85724036282633, -141.68032645767104]
[42.85733983207158, -141.68074083670783]
[42.85861788710932, -141.68142164452357]
[42.859181895099894, -141.6823072620067]
[42.85920251436521, -141.68234125159256]
[42.85980868495694, -141.6875352952734]
[42.86380688112804, -141.6921304228454]
[42.86618278380729, -141.69343589056803]
[42.86775659309359, -141.69714161484316]
[42.87540928607158, -141.70586642534082]
[42.87756901404086, -141.70775517689174]
[42.88092451869126, -141.711995006998]
[42.882154476999226, -141.71336974260777]
[42.88492240037459, -141.71608874984656]
[42.88532374823537, -141.71687146993244]
[42.88744530528021, -141.71940632055703]
[42.88951225255524, -141.72074751482376]
[42.8896385351394, -141.72188106368625]
[42.890955205497605, -141.72204173132323]
[42.89280311417536, -141.72530589591676]
[42.89637913691217, -141.7279226972298]
[42.897390371185516, -141.72883719446108]
[42.8981187707906, -141.7289619867707]
[42.89833576269516, -141.73145756307025]
[42.9013697282783, -141.73287219055763]
[42.903450535464536, -141.73668987281886]
[42.90576321002342, -141.73807229832985]
[42.90625350606996, -141.73809489595862]
[42.90771717099058, -141.74059960805536]
[42.909116023834436, -141.74081027909872]
[42.91034493778617, -141.74141424980246]
[42.911433879107506, -141.7449842800181]
[42.916033743731745, -141.7473156959767]
[42.916458455155706, -141.74743496744898]
[42.91774476377895, -141.75130083032116]
[42.91903255075192, -141.75255374654856]
[42.9212084368809, -141.75382660699992]
[42.92128842133355, -141.75482380285425]
[42.92282843205436, -141.75625292004864]
[42.924234056623824, -141.75669958021956]
[42.92561770748097, -141.75885986438047]
[42.925735762924454, -141.75901411420693]
[42.927085115969845, -141.75919497102146]
[42.92794615359673, -141.7601599251975]
[42.92895367240925, -141.76043486921853]
[42.92934246240458, -141.76076641398714]
[42.92973396847647, -141.7627672073827]
[42.932037187165044, -141.76497861255018]
[42.93327185010905, -141.76612710728537]
[42.93461214021078, -141.7672711754816]
[42.937292308236266, -141.76973870888722]
[42.94000881983809, -141.7722134384269]
[42.94589699954604, -141.77223502245204]
[42.94629947669283, -141.77781181059595]
[42.948123937352825, -141.7780028658755]
[42.94963031624746, -141.7805996372101]
[42.95367402686784, -141.7814608695251]
[42.95425020325229, -141.78455203261777]
[42.956154070635094, -141.78614899208944]
[42.95754080619224, -141.78744017273667]
[42.95805670543058, -141.7877293203262]
[42.960518882482646, -141.7896402828401]
[42.96386223907545, -141.79125291187628]
[42.963956412267116, -141.7916018062014]
[42.96472089136916, -141.7930753187251]
[42.96706494622683, -141.7940742834448]
[42.968923363176515, -141.79527650261952]
[42.97116842327242, -141.79635916453708]
[42.972248750006806, -141.79893202426678]
[42.97850775531252, -141.80365152667068]
[42.979258055809595, -141.8043335703634]
[42.97976444952873, -141.80452952611003]
[42.98180992750274, -141.80592090583906]
[42.98341439792455, -141.80633758713515]
[42.98351761313688, -141.8072299465795]
[42.98476158302219, -141.80819435944954]
[42.985166411947226, -141.80832865537457]
[42.98625563444609, -141.80950530592398]
[42.99031070040196, -141.81091325247996]
[42.99135169679045, -141.81247305524812]
[42.99757101783316, -141.8137414406293]
[42.999697604010386, -141.81736103778977]
[43.00076447664863, -141.81886080342815]
[43.00139946264853, -141.81972279005186]
[43.005448050804574, -141.82146339544477]
[43.006619632395584, -141.82306961626753]
[43.01016418649431, -141.82482000161284]
[43.013014571820904, -141.82678461144943]
[43.014556663428536, -141.82731927507683]
[43.01485883581264, -141.8276367613616]
[43.016484718663875, -141.8288337843081]
[43.020997982684364, -141.82971738280818]
[43.02107309218632, -141.83110760342663]
[43.023325957187346, -141.83202152018765]
[43.024195839877876, -141.832147479283]
[43.025096145031284, -141.83306354681054]
[43.02728030651667, -141.83438944635284]
[43.02988890632225, -141.83528724161636]
[43.03072756377852, -141.83589046261952]
[43.03074319484918, -141.8361997407291]
[43.03184882381971, -141.83627881416587]
[43.034404247695946, -141.8378394052851]
[43.03595708001715, -141.83858002769284]
[43.03807465572476, -141.83918073610414]
[43.04035349618801, -141.84016616033804]
[43.04311200985596, -141.84174514450802]
[43.04470986977158, -141.8419833288367]
[43.04688590209402, -141.84285398175498]
[43.04970563523502, -141.84386470152964]
[43.053390518365376, -141.8439639615913]
[43.05340526051762, -141.84531381422485]
[43.055833643625185, -141.84669720311146]
[43.05774411691193, -141.8468266308734]
[43.057970381981264, -141.84689845600934]
[43.059331515489674, -141.84739333303702]
[43.06001069439234, -141.8475745812216]
[43.060133108990726, -141.84764773621305]
[43.06119961930375, -141.848104785007]
[43.06227594538504, -141.84829514485693]
[43.062346835820215, -141.848969764293]
[43.06542221542625, -141.84979735820033]
[43.068223172994784, -141.85045575234]
[43.06885756404552, -141.8510349951014]
[43.07155878422884, -141.85156751012104]
[43.07303388309607, -141.85162123694553]
[43.07319646356897, -141.8522963914216]
[43.075642338494376, -141.8526324185674]
[43.07773753507483, -141.8533609382554]
[43.081869869327335, -141.85454171828712]
[43.08389195205217, -141.8548639429067]
[43.084850453384064, -141.85508453196854]
[43.08676253878587, -141.8552537058697]
[43.08785633852011, -141.8552735312356]
[43.08922605598323, -141.85591509923728]
[43.09303061957598, -141.8560460099277]
[43.09985554221208, -141.85631577654698]
[43.10210900029156, -141.85648543278072]
[43.10435965999159, -141.85662267107747]
[43.105483938364884, -141.85667913854866]
[71.67083029954256, -141.93391061659867]
end_solutions
[-0.8467129619914321, 0.17349727407943236, -2.112418212952869]
[-0.8465289674767398, 0.173704688655861, -2.1130550128777306]
[-0.8462313868969635, 0.174055164549366, -2.1140929136538458]
[-0.8461709566665225, 0.17437154027403506, -2.1143455969751104]
[-0.8461709566665225, 0.17437154027403506, -2.1143455969751104]
[-0.8459015525637179, 0.1744002810710829, -2.1152338710728085]
[-0.8458047913033101, 0.1743842029557186, -2.1155430410013514]
[-0.8454111249883125, 0.17446580172286075, -2.1168558343039336]
[-0.8449206974129073, 0.1745313223746386, -2.118477797535059]
[-0.8444951688576159, 0.17469946667131858, -2.119904355160894]
[-0.8438644554760373, 0.17471383973227, -2.121928080132535]
[-0.8432760362982042, 0.17480227295197195, -2.1238621892284444]
[-0.8430771376643578, 0.17486503127426745, -2.124608444541397]
[-0.8423216895021297, 0.17492367429058361, -2.1272024335288533]
[-0.8412221717624261, 0.1751937909274428, -2.130934395422191]
[-0.8402771417661653, 0.17545779268836886, -2.134120144611568]
[-0.838597004235881, 0.17550471404433374, -2.1399200137359586]
[-0.8366883154959343, 0.17598598588762987, -2.1463921919034443]
[-0.8329914354702348, 0.17646157265369478, -2.160329065746091]
[-0.8326942965240433, 0.17708507268365264, -2.160965336372831]
[-0.8323971575778517, 0.17770857271361049, -2.1616016069995703]
[-0.8318011582637205, 0.17912676176630676, -2.162906514587714]
[-0.8312051589495892, 0.18054495081900301, -2.1642114221758586]
[-0.8304273920569865, 0.1826267566952749, -2.165906449752737]
[-0.8291488756788671, 0.18589720244624885, -2.168648362027593]
[-0.8275933418936614, 0.1900608141987926, -2.1720384171813496]
[-0.8247035679793033, 0.19747619400902636, -2.178310311190243]
[-0.8202582602797396, 0.20905518557180386, -2.1879722603528933]
[-0.8122354618049596, 0.23770432751191312, -2.2091955211326786]
[-0.7980854806480748, 0.317646779236015, -2.260226757004502]
[-0.32028156817647774, 2.127133982357061, -3.6125161113675155]
end_values
[  43.10910609 -141.85677462]
[  43.10360201 -141.856919  ]
[  43.09466409 -141.85658227]
[  43.09265043 -141.85689073]
[  43.09265043 -141.85689073]
[  43.08471715 -141.85523842]
[  43.08186987 -141.85454172]
[  43.07027556 -141.85147025]
[  43.05583364 -141.8466972 ]
[  43.04311201 -141.84174514]
[  43.02459376 -141.8331789 ]
[  43.00731062 -141.823653  ]
[  43.00139946 -141.81972279]
[  42.97925806 -141.80433357]
[  42.94629948 -141.77781181]
[  42.91774476 -141.75130083]
[  42.86775659 -141.69714161]
[  42.80938931 -141.62502693]
[  42.68389349 -141.45458597]
[  42.67431698 -141.43916498]
[  42.66532951 -141.42250027]
[  42.64721697 -141.38218102]
[  42.62924379 -141.33559367]
[  42.60429191 -141.259264  ]
[  42.56426067 -141.11105632]
[  42.51293515 -140.87708555]
[  42.41765823 -140.32491594]
[  42.26445649 -139.13015694]
[  41.86253653 -134.58677294]
[  40.67886803 -110.05181867]
[  31.85733799 5793.79032482]
