values
[71.08088707766899, -143.33339284454354]
[71.0809006879856, -143.3351738793171]
[71.080917738387, -143.33602497469366]
[71.08097230075965, -143.33771581518963]
[71.08103261886704, -143.3390021916553]
[71.08106303369216, -143.33954491969052]
[71.08112198007485, -143.34047308454558]
[71.08125432591656, -143.3421882335355]
[71.0814341734257, -143.34405871044262]
[71.08151765812795, -143.34481490699503]
[71.08159735891653, -143.34548860028818]
[71.08162833833462, -143.3457395184474]
[71.08183400629167, -143.34727895989252]
[71.08195368187616, -143.34809240288203]
[71.08207474582444, -143.3488663921024]
[71.0826621176721, -143.35211734731817]
[71.08266704568516, -143.35214187531525]
[71.08301778377137, -143.35379921118658]
[71.08330477370329, -143.35504447667012]
[71.08350729418325, -143.35587361830017]
[71.08359024602338, -143.35620269713579]
[71.08360986149815, -143.35627966990114]
[71.08410331024056, -143.35812031457655]
[71.08416746322706, -143.35834734380757]
[71.08427431372522, -143.35871984355984]
[71.08463775716773, -143.359938134563]
[71.08491299199184, -143.36081551926623]
[71.08524670650169, -143.36183322260229]
[71.08536248921996, -143.36217550207252]
[71.08567264405077, -143.36306720706213]
[71.08570965112854, -143.36317127484173]
[71.08572548411946, -143.36321565297658]
[71.08586914657948, -143.36361440705133]
[71.08598906945899, -143.3639420168476]
[71.08628339837998, -143.36472689652493]
[71.08629595538119, -143.36475980013614]
[71.08667077400614, -143.36572136350296]
[71.08731114317621, -143.3672797752772]
[71.08738436626214, -143.36745177858475]
[71.08798505959497, -143.36881950052512]
[71.08802911998896, -143.36891693820883]
[71.08825619643719, -143.36941323684934]
[71.08828554764541, -143.36947668388194]
[71.08834442473247, -143.36960348064986]
[71.08837395061029, -143.36966683038574]
[71.08843317703203, -143.3697934325627]
[71.08861225359058, -143.37017246075587]
[71.08910003721408, -143.3711774951993]
[71.08960272277486, -143.3721742289108]
[71.08976823100362, -143.37249431803772]
[71.08994612441441, -143.37283410713775]
[71.09012030841384, -143.37316266311555]
[71.09029614777998, -143.37349029706542]
[71.0906527923597, -143.37414279907128]
[71.09120017292867, -143.3751146380684]
[71.09214557318761, -143.37671593565258]
[71.09224238857495, -143.37687479826437]
[71.09333465904342, -143.3786070843662]
[71.09458330466198, -143.38046507109078]
[71.09479720213294, -143.38077151229285]
[71.09522995946041, -143.3813816324158]
[71.09544881924263, -143.3816853114512]
[71.09634079834437, -143.38289082210713]
[71.09761047739023, -143.38452435535208]
[71.09772838344371, -143.3846714781651]
[71.09796543584821, -143.38496503379423]
[71.0980995045554, -143.38512975455936]
[71.09893018234655, -143.38613005750028]
[71.09917550308506, -143.38641901404068]
[71.1006821526822, -143.38813344340733]
[71.10119759749794, -143.3886975652994]
[71.10224832901588, -143.3898147804607]
[71.10332551600794, -143.3909172944578]
[71.10387403022919, -143.39146303991885]
[71.10442915825935, -143.39200511178058]
[71.10613422543624, -143.39360929157573]
[71.10789881843178, -143.3951804301487]
[71.10910828491507, -143.39620950773585]
[71.10972293989664, -143.3967185439584]
[71.11160659382385, -143.398223649986]
[71.11354978554415, -143.3996957657348]
[71.11387943967588, -143.39993791222946]
[71.11421074785176, -143.40017914291184]
[71.11521459700411, -143.4008973409403]
[71.11623333389217, -143.4016072997523]
[71.11662457266596, -143.40187507066523]
[71.11765840802123, -143.4025700443576]
[71.11907273857994, -143.40349230866167]
[71.1204571819558, -143.40436479045601]
[71.12173402268881, -143.40514425596012]
[71.1222874465874, -143.40547488563413]
[71.12256555507975, -143.405639429555]
[71.1234171914791, -143.40613675874945]
[71.12427744254998, -143.40662933469667]
[71.12681236421237, -143.40802636728756]
[71.12770613732803, -143.40850046213774]
[71.12982093375746, -143.40958611938902]
[71.13885723900059, -143.41371720911215]
[71.14697564733079, -143.421312135898]
[71.160085449737, -143.42881415414897]
[71.16303605441428, -143.4304834855568]
[71.1655302270587, -143.43071565677045]
[71.1757710766224, -143.4364106773996]
[71.19070050558203, -143.44108596917403]
[71.19693027599281, -143.44780453800482]
[71.24037621193052, -143.45969076947787]
[79.1289094028664, -144.24676810743122]
values
[71.02496238965294, -143.2594877125786]
[71.02496853994397, -143.26205117054332]
[71.02498098777565, -143.2629032544416]
[71.02498234401963, -143.26296720821588]
[71.02498408600151, -143.26303098904518]
[71.02500230353179, -143.26388096651314]
[71.02500386288229, -143.26396666995595]
[71.0250365688382, -143.26420012895673]
[71.02508818308179, -143.26642368957582]
[71.02514869906616, -143.26769099489266]
[71.0251680335672, -143.26805176335955]
[71.02522094053745, -143.26895559537363]
[71.0253049134911, -143.27021749050337]
[71.02543513674166, -143.2718958081344]
[71.02545288253621, -143.27210525954533]
[71.02550036138534, -143.27264079825537]
[71.02550807776662, -143.27273316266454]
[71.02551737973084, -143.27282521300447]
[71.02556621034616, -143.2733603890645]
[71.02562220949672, -143.27386739317564]
[71.02566667609989, -143.27433085790545]
[71.0257582396127, -143.27523800732152]
[71.0258802747605, -143.276243381961]
[71.02590095948334, -143.27648636808382]
[71.02594334949592, -143.27683833170747]
[71.02603267691354, -143.27753972980173]
[71.02604326854814, -143.27763603210462]
[71.02615576982562, -143.2781336131581]
[71.02619287547408, -143.27876659378038]
[71.02620263693372, -143.27881744275012]
[71.02637249465045, -143.28001928515437]
[71.02656942628481, -143.28128790565012]
[71.0266928143814, -143.28204606372688]
[71.02674594607737, -143.28238776437388]
[71.02678378568285, -143.2825230394192]
[71.02682138194007, -143.28284817052133]
[71.02696678125463, -143.28324761020514]
[71.0269785017844, -143.28376874900982]
[71.02704360538223, -143.28412779044692]
[71.0270601868744, -143.28422892128478]
[71.02708743807074, -143.2843804217083]
[71.02721261610412, -143.28491338592298]
[71.02735456063776, -143.2857460014687]
[71.02748618528263, -143.2864336295078]
[71.02750919704637, -143.28657843525474]
[71.02767653066957, -143.2874106871179]
[71.02776496060261, -143.28782674477745]
[71.02785656683723, -143.28824275689507]
[71.02794599786985, -143.28868190735525]
[71.02801640000204, -143.28900095873982]
[71.02802203972703, -143.28901823172205]
[71.02809877295722, -143.28937429514284]
[71.02818443146766, -143.28975454291492]
[71.02820403219788, -143.28983456870455]
[71.02827907196509, -143.2901713138391]
[71.02832354122525, -143.29035427293024]
[71.0285820701975, -143.2914213525505]
[71.02875325087687, -143.29216142390325]
[71.0287999729267, -143.29225448310314]
[71.02911422292556, -143.29351970966394]
[71.02920628841227, -143.29383961183512]
[71.02922567094144, -143.29401465572224]
[71.02934687275841, -143.29447349120127]
[71.02940163487202, -143.2946188215724]
[71.02940204414861, -143.29462639414064]
[71.02945527241575, -143.29487985416586]
[71.02946930247701, -143.2949184949795]
[71.02957592226088, -143.29508989416453]
[71.02980533499642, -143.2961476709943]
[71.03024680205841, -143.29768130848169]
[71.03030757763474, -143.29781928577992]
[71.03043499204666, -143.29829407038562]
[71.03086084691179, -143.29949016373962]
[71.03108194889572, -143.30039761932045]
[71.03117221869415, -143.30069346820008]
[71.03134589528015, -143.30121978248735]
[71.03139659242045, -143.3013850520104]
[71.03141982250804, -143.3014475543924]
[71.031471515537, -143.30155265434044]
[71.03159624116728, -143.30199172593098]
[71.03212645173362, -143.3034821109082]
[71.03213742079437, -143.3035850675155]
[71.03230250550453, -143.30402878147368]
[71.03249108458664, -143.30458999747776]
[71.03326188132336, -143.30667651009614]
[71.03343564448129, -143.30706944036132]
[71.03348788779827, -143.3072888445397]
[71.03364891375705, -143.30772138944056]
[71.03365076355242, -143.30772562586858]
[71.03367042201393, -143.30776984815353]
[71.03379545026857, -143.30810091353936]
[71.03386054326138, -143.30826722825483]
[71.03395165670996, -143.30846222325246]
[71.03405411720502, -143.3087627292015]
[71.03407774874545, -143.30881297140766]
[71.03535759156297, -143.31193496258913]
[71.03672433148604, -143.31504587805415]
[71.03698247817057, -143.31559318301694]
[71.0370042265509, -143.31567811582224]
[71.03702678951097, -143.31567821913893]
[71.03704310356795, -143.3157646740934]
[71.03719924472901, -143.3160803868687]
[71.03733513052683, -143.3163933379967]
[71.03737695673482, -143.31647958761351]
[71.03741946613195, -143.31656571162682]
[71.03896384343581, -143.31972492422645]
[71.03919569333786, -143.32020609721786]
[71.03933512886113, -143.32029808946288]
[71.04006251562345, -143.3218499407861]
[71.04114633030956, -143.32397412388042]
[71.04120893925904, -143.32401293054394]
[71.04132032436209, -143.3241884289713]
[71.0413472457291, -143.32431207004205]
[71.04191400463668, -143.32528055466838]
[71.0432335801379, -143.32769350249458]
[71.0433751792224, -143.32781381800592]
[71.04536480648724, -143.33128168155986]
[71.04549304371193, -143.33145774601084]
[71.04565114341882, -143.33173772253272]
[71.04582702435228, -143.33189836535996]
[71.04756832475344, -143.3342436536006]
[71.04774721341258, -143.33504801912335]
[71.04816787063689, -143.3353976755602]
[71.04887376521627, -143.3366055237029]
[71.04972516494344, -143.33762614846236]
[71.04999592475042, -143.338381166731]
[71.05021514297702, -143.33871375364177]
[71.05028338131028, -143.3388083508705]
[71.05092962211275, -143.33971564141552]
[71.05118538988478, -143.3400167764579]
[71.05170450502078, -143.34082867266594]
[71.05176559878754, -143.3409170883032]
[71.05208012751066, -143.3413635284558]
[71.0527017879158, -143.3421009138944]
[71.05281861011177, -143.3422387487162]
[71.0533644228173, -143.3431158253931]
[71.0535291580872, -143.34324253158854]
[71.054428622497, -143.34454651000027]
[71.05464089747176, -143.3446330536119]
[71.05613792743698, -143.34676196234017]
[71.05790867225258, -143.3489766992629]
[71.05876565449125, -143.35000409605968]
[71.05883857511135, -143.3500853611752]
[71.05888355362715, -143.350227711297]
[71.05905309072554, -143.35040035130964]
[71.05980170616986, -143.35134276221666]
[71.06134411638931, -143.35300015445532]
[71.06163475457629, -143.35340401172994]
[71.06369337556123, -143.35584332242036]
[71.0658351514458, -143.35819228418023]
[71.06686208299408, -143.35929679108526]
[71.06686953460928, -143.35941204657087]
[71.0674416508265, -143.36002417883628]
[71.06851618280533, -143.36119535114406]
[71.06890446878286, -143.3615768979898]
[71.0693826667606, -143.362080752714]
[71.06991412842616, -143.36258272869551]
[71.07138958004427, -143.36407835650698]
[71.0724562942579, -143.364381295273]
[71.07286621682853, -143.36567781980202]
[71.07300513792987, -143.3658495058262]
[71.07369081168066, -143.36654100981724]
[71.07462371226912, -143.3674543521279]
[71.07592368075417, -143.36873890504165]
[71.07821860126793, -143.3709360436503]
[71.07827780974259, -143.37098817349198]
[71.07921817629713, -143.3718802421283]
[71.07967965970394, -143.37232613075238]
[71.080157724116, -143.37276288133975]
[71.081226030842, -143.37371690725828]
[71.08236356605005, -143.37479695117815]
[71.08261737963761, -143.3749879765462]
[71.08357127792794, -143.37589238151241]
[71.08396483796426, -143.3762399051914]
[71.0860333907296, -143.3780826637803]
[71.08981744523822, -143.38134707994487]
[71.09107045750352, -143.38236805228394]
[71.09226362964664, -143.3833958908678]
[71.09275294934646, -143.3838105325299]
[71.09356569373311, -143.38441222679512]
[71.09369721991904, -143.38457801224206]
[71.09441932097245, -143.3851655001126]
[71.09614354251947, -143.38651492933775]
[71.09661453825957, -143.3869343726673]
[71.09752408557932, -143.3874681713109]
[71.09933600304694, -143.38911064888185]
[71.10224832901588, -143.3898147804607]
[71.10332551600794, -143.3909172944578]
[71.10343766334289, -143.39223654941375]
[71.10613422543624, -143.39360929157573]
[71.10677602384702, -143.3947965947878]
[71.10789881843178, -143.3951804301487]
[71.10910828491507, -143.39620950773585]
[71.10958895998917, -143.39683942732663]
[71.11061765805005, -143.39753202117535]
[71.11110000917904, -143.39792931337382]
[71.11160659382385, -143.398223649986]
[71.11181223623264, -143.39847878106343]
[71.11309043906961, -143.39929567874694]
[71.11333588514378, -143.39956684318685]
[71.11354978554415, -143.3996957657348]
[71.11369418677558, -143.39974765239253]
[71.11387943967588, -143.39993791222946]
[71.11403109641877, -143.39996062239538]
[71.11421074785176, -143.40017914291184]
[71.1150545662205, -143.40077965144906]
[71.11521459700411, -143.4008973409403]
[71.11579590916496, -143.40129274575432]
[71.11623333389217, -143.4016072997523]
[71.11628878548753, -143.401618354082]
[71.11662457266596, -143.40187507066523]
[71.11679366448561, -143.40198763654118]
[71.11712290399068, -143.40220416534942]
[71.11761107723552, -143.4024892308063]
[71.11765840802123, -143.4025700443576]
[71.11878625161262, -143.4033806445788]
[71.11907273857994, -143.40349230866167]
[71.11910898834299, -143.40360033833284]
[71.1199385355077, -143.40414912091998]
[71.1204571819558, -143.40436479045601]
[71.12173402268881, -143.40514425596012]
[71.1222874465874, -143.40547488563413]
[71.12256555507975, -143.405639429555]
[71.1234171914791, -143.40613675874945]
[71.12427744254998, -143.40662933469667]
[71.12502214364208, -143.4075420630641]
[71.12681236421237, -143.40802636728756]
[71.12715647503963, -143.40899373817325]
[71.12748934968073, -143.40920626144157]
[71.12962830809084, -143.41060189975283]
[71.13139059490271, -143.411732622784]
[71.1345200804523, -143.41370157289117]
[71.13624040607874, -143.41478310651763]
[71.13676786396373, -143.4151102575022]
[71.1382537687095, -143.41598698225243]
[71.13927661052963, -143.41667691405829]
[71.13944520886888, -143.4167808967971]
[71.1402129915562, -143.4172186249637]
[71.14025704624072, -143.41727801034958]
[71.14359875433652, -143.41930279714083]
[71.14697564733079, -143.421312135898]
[71.15215875858323, -143.42434209370336]
[71.15512677179647, -143.42601186520875]
[71.160085449737, -143.42881415414897]
[71.16087437520214, -143.42922915488762]
[71.16272226880187, -143.43019599945276]
[71.16303605441428, -143.4304834855568]
[71.16416549464392, -143.43104937735015]
[71.16563233528724, -143.43188968590977]
[71.16580529824647, -143.43198909765755]
[71.16688890087177, -143.43258001287523]
[71.1688118383198, -143.43356584629728]
[71.17048968626412, -143.4343953586995]
[71.17102978371366, -143.43444542861508]
[71.1757710766224, -143.4364106773996]
[71.18673159347958, -143.44278126744408]
[71.19693027599281, -143.44780453800482]
[71.20215742762376, -143.45031382659286]
[71.20232656332071, -143.4504127364458]
[71.2030865141594, -143.4509051734649]
[71.20326419659295, -143.45099927804918]
[71.20371425496603, -143.45113786245736]
[71.20592238799574, -143.45198810959576]
[71.21286774289906, -143.4553276797209]
[71.21445313458791, -143.4561443473124]
[71.2194365693148, -143.45849504250384]
[71.21995075748139, -143.45864521055816]
[71.22374919732955, -143.46023856290924]
[71.22391992039714, -143.46033519326414]
[71.2257952292314, -143.46116915906578]
[71.22957439696208, -143.4628365573809]
[71.24114049802576, -143.46783446970656]
[71.24740109591544, -143.47051731215785]
[71.2530499504818, -143.47282592005527]
[71.25913361340857, -143.47531920671085]
[71.26155689645901, -143.47646146893445]
[71.26361225329069, -143.47701442562746]
[71.26794110905148, -143.47717884972886]
[71.2725778433392, -143.47824451640713]
[71.27319073108671, -143.48098812793452]
[71.27825614721598, -143.4829686159585]
[71.28154397318944, -143.48331460753528]
[71.28504517822861, -143.48563002651568]
[71.2933518181184, -143.48887078611045]
[71.29566541198146, -143.48928115155104]
[71.29902033085816, -143.49092149711103]
[71.31030563799419, -143.49507855570846]
[71.31849515311768, -143.49802468785924]
[71.32578607279035, -143.50070493347835]
[71.32762682267429, -143.50132075270656]
[71.34189528908495, -143.50629719374132]
[71.34493243135661, -143.5071683947751]
[71.34593709541409, -143.50769598700805]
[71.34930133683199, -143.50880991258398]
[71.35000518088337, -143.50909280662728]
[71.35411143501248, -143.51037708505032]
[71.35846315531799, -143.5118834411482]
[71.36187171258472, -143.5130012679738]
[71.36691930877666, -143.5146742896095]
[71.36782626125101, -143.51496369394727]
[71.36891558489674, -143.5153703642688]
[71.37383658294986, -143.51692514891192]
[71.37712988141467, -143.51801861973888]
[71.38342584563587, -143.5200711149927]
[71.38840790978726, -143.52164017171972]
[71.39151578573578, -143.52261990572612]
[71.40591047507998, -143.52711805478955]
[71.40839891862645, -143.52789694359146]
[71.41860681427237, -143.53102084092478]
[71.42120302412256, -143.5318031148998]
[71.43423117842273, -143.5357052970474]
[71.4387315036314, -143.53706402983633]
[71.46916521695353, -143.54583329892648]
[71.47173511237098, -143.5465984065159]
[71.47864258744744, -143.54854092707777]
[71.49709386549908, -143.55360825914985]
[71.49824252823085, -143.55396873338452]
[71.50074640119507, -143.55463587419328]
[71.5234166146536, -143.56072320923028]
[71.55259786960148, -143.56836809478753]
[71.55435453095154, -143.56881512587987]
[71.55685143683739, -143.56945756372602]
[71.58731216168806, -143.5771614613113]
[71.58797070500691, -143.57730322468691]
[71.58812180897381, -143.57734450367386]
[71.58888680236157, -143.57753051001524]
[71.6165894496176, -143.58429977233635]
[71.6200139648911, -143.5851262278718]
[71.6342363429248, -143.58852753113226]
[71.65662543359026, -143.59377620018992]
[71.65844276317881, -143.59419680943006]
[71.66834293358426, -143.59647164995263]
[71.68290881720168, -143.59980022535345]
[71.68314598959111, -143.59985681583225]
[71.71533292068555, -143.60705338432308]
[71.72593140323364, -143.60938192980038]
[71.74245031415833, -143.6129708390801]
[71.74856965021593, -143.61428736464498]
[71.75595007428056, -143.61586756287215]
[71.75616005529359, -143.61591227802558]
[71.7694639941908, -143.61873714200067]
[71.79070024863286, -143.62318663902613]
[71.80903666719416, -143.62697146506352]
[71.8319269007921, -143.6316246589845]
[71.85627239471356, -143.6364910457504]
[71.88540801965931, -143.64220703640916]
[71.88783628604244, -143.6426779836304]
[71.91452516876835, -143.64780706721632]
[71.91884553880718, -143.64862920310617]
[71.94805373782603, -143.6541259331054]
[71.95042168356215, -143.65456663427673]
[71.97174452674743, -143.65851141127078]
[71.99581087982932, -143.66289796656204]
[72.0108276066571, -143.6656048711651]
[72.02261760108364, -143.66771065854252]
[72.0723043439315, -143.6764348332038]
[72.09472481736167, -143.68029212153226]
[72.10951330493945, -143.682808521571]
[72.11071998302907, -143.68301489096697]
[72.13659773612143, -143.68737413625948]
[72.2578768559586, -143.70701804634422]
[72.28583090714345, -143.71137931316923]
[72.3709862817467, -143.7243273561512]
[72.40757324366673, -143.72973502667566]
[72.45829173666499, -143.7370971479113]
[72.47576720335805, -143.73959723124756]
[72.49978958955896, -143.74300227274895]
[72.53504412541177, -143.74793813304848]
[72.64482608109981, -143.76288291445516]
[72.68216308142561, -143.76782334124437]
[72.69615510110334, -143.76965946612586]
[72.72355791429791, -143.77322284878795]
[72.7426007960147, -143.77568013643221]
[72.92328026223375, -143.79819444255503]
[73.04146638274598, -143.81220117022275]
[73.13329780259139, -143.82274060979702]
[73.2271678250511, -143.8332195597077]
[73.55345284489056, -143.86756559170342]
[73.7956091722124, -143.89125383792484]
[73.99285392158254, -143.90956008656903]
[74.41709898780272, -143.9463596049819]
[74.69514391889562, -143.96882250409467]
[75.10906406550906, -144.00016622803432]
[75.54324528992039, -144.03071741950967]
[76.24982054633331, -144.07616443894915]
[76.32692668651205, -144.08083722526143]
[77.08212218188517, -144.1240689328508]
[77.59488047443504, -144.1510304009367]
[79.1289094028664, -144.24676810743122]
[80.06891387857306, -144.26005251859888]
[80.48275987485563, -144.27549588874018]
[80.80544309807847, -144.28704300855946]
[81.08220426939, -144.29662814816984]
[81.69205671682344, -144.31675120128548]
[82.02498281538448, -144.32720958130454]
[82.12563565888684, -144.3302858123668]
[86.4432735169767, -144.4334326059059]
[91.39831289378354, -144.48856660724016]
[91.82926670084235, -144.4900912145529]
[92.43482997952748, -144.49117129763425]
values
[71.02496100928197, -143.2610493486382]
[71.02496379983135, -143.2615503743602]
[71.02496557556789, -143.26164721358953]
[71.02496680573412, -143.26182812863402]
[71.02496853994396, -143.26205117054332]
[71.02497867344576, -143.26275441300007]
[71.02497946071759, -143.26278638160292]
[71.02498098777565, -143.2629032544416]
[71.02498234401963, -143.26296720821588]
[71.02498408600151, -143.26303098904518]
[71.02498557785941, -143.26314802965217]
[71.02499481413052, -143.2635195095644]
[71.0249986984058, -143.2637431142269]
[71.02500230353179, -143.26388096651314]
[71.02500288518246, -143.26392385751913]
[71.02500386288229, -143.26396666995595]
[71.02501714254767, -143.26445467230977]
[71.0250193812485, -143.2645176611691]
[71.02504204675166, -143.26524029044273]
[71.02505693208784, -143.26565201754784]
[71.0250807841087, -143.266243186136]
[71.02508818308179, -143.26642368957582]
[71.0251040344051, -143.2667846808108]
[71.0251070526153, -143.2668464251868]
[71.02511045638717, -143.26690799666105]
[71.02511388675178, -143.26699604906258]
[71.02511697576331, -143.26705768030638]
[71.02513044539963, -143.26732612852297]
[71.02513247104014, -143.2673744221216]
[71.02514869906616, -143.26769099489266]
[71.02515093452382, -143.2677352462983]
[71.02515356617991, -143.26777941915574]
[71.02515655276723, -143.2678407707698]
[71.0251599248794, -143.26790194948927]
[71.0251680335672, -143.26805176335955]
[71.02518335374096, -143.26832363326994]
[71.02521655229337, -143.26886595025022]
[71.02522094053745, -143.26895559537365]
[71.02522703284217, -143.26902979378244]
[71.0252828200988, -143.26990227037567]
[71.0253049134911, -143.27021749050337]
[71.02543513674166, -143.2718958081344]
[71.02543763853427, -143.2719252579851]
[71.02545288253621, -143.27210525954533]
[71.0254684786194, -143.27228525582927]
[71.02547801246273, -143.27238491451723]
[71.02548011302929, -143.2724192956909]
[71.02550036138534, -143.27264079825537]
[71.02550807776662, -143.27273316266454]
[71.02551253054787, -143.27277922709385]
[71.02551737973084, -143.27282521300447]
[71.02553677684125, -143.27304686045835]
[71.02556621034616, -143.2733603890645]
[71.02562220949672, -143.27386739317564]
[71.02566667609989, -143.27433085790545]
[71.0257582396127, -143.27523800732152]
[71.0258802747605, -143.276243381961]
[71.02590095948334, -143.27648636808382]
[71.02594334949592, -143.27683833170747]
[71.02597673174836, -143.27710953285634]
[71.02599257295721, -143.27718880828792]
[71.02603267691354, -143.27753972980173]
[71.02604326854814, -143.27763603210462]
[71.02604915925104, -143.27768406553187]
[71.02605544655216, -143.27773202047436]
[71.02609590763684, -143.27804301033126]
[71.02609944786542, -143.27807079181025]
[71.02610294834845, -143.27808240243448]
[71.02615576982562, -143.2781336131581]
[71.02616497818234, -143.27856095050763]
[71.02619287547408, -143.27876659378038]
[71.02620263693372, -143.27881744275012]
[71.02637249465045, -143.28001928515437]
[71.02638532688255, -143.28011739860025]
[71.02656942628481, -143.28128790565012]
[71.0266928143814, -143.28204606372688]
[71.02674594607737, -143.28238776437388]
[71.02675943846, -143.28248800222343]
[71.02676677984016, -143.28253800347792]
[71.02681702932742, -143.28284105337252]
[71.02682138194007, -143.28284817052133]
[71.02688258545318, -143.28321511407427]
[71.02689890032427, -143.28330849874433]
[71.02691528893918, -143.28340185321093]
[71.0269785017844, -143.28376874900982]
[71.02698443191942, -143.28377385114592]
[71.02704360538223, -143.28412779044692]
[71.0270601868744, -143.28422892128478]
[71.02708743807074, -143.2843804217083]
[71.02721261610412, -143.28491338592298]
[71.02733225339578, -143.28566010776876]
[71.02735456063776, -143.2857460014687]
[71.02748618528263, -143.2864336295078]
[71.02750919704637, -143.28657843525474]
[71.02767653066957, -143.2874106871179]
[71.02776496060261, -143.28782674477745]
[71.02785656683723, -143.28824275689507]
[71.02794599786985, -143.28868190735525]
[71.02799771002255, -143.28891741186854]
[71.02801640000204, -143.28900095873982]
[71.02801792660419, -143.28900974366232]
[71.02802203972703, -143.28901823172205]
[71.02809877295722, -143.28937429514284]
[71.02818443146766, -143.28975454291492]
[71.02820403219788, -143.28983456870455]
[71.02827907196509, -143.2901713138391]
[71.02832354122525, -143.29035427293024]
[71.0285820701975, -143.2914213525505]
[71.02875325087687, -143.29216142390325]
[71.0287999729267, -143.29225448310314]
[71.02911422292556, -143.29351970966394]
[71.02920628841227, -143.29383961183512]
[71.02922567094144, -143.29401465572224]
[71.02934687275841, -143.29447349120127]
[71.02940163487202, -143.2946188215724]
[71.02940204414861, -143.29462639414064]
[71.02945527241575, -143.29487985416586]
[71.02946930247701, -143.2949184949795]
[71.02947272143484, -143.29493981466447]
[71.02954332825011, -143.2952044308302]
[71.02956812784275, -143.29529529723172]
[71.02959300140057, -143.29538613341433]
[71.0296663735454, -143.29564915974717]
[71.02980533499642, -143.2961476709943]
[71.03024680205841, -143.29768130848169]
[71.03030757763474, -143.29781928577992]
[71.03043499204666, -143.29829407038562]
[71.03046265878908, -143.2984113557474]
[71.03086084691179, -143.29949016373962]
[71.03108194889572, -143.30039761932045]
[71.03116502543193, -143.30065068843078]
[71.03116629746475, -143.3006691778612]
[71.03117221869415, -143.30069346820008]
[71.03119041341051, -143.3007480372234]
[71.0312311194538, -143.30086980962514]
[71.0312489645808, -143.30090328776464]
[71.03132412453604, -143.3011647990804]
[71.03134589528015, -143.30121978248735]
[71.03139659242045, -143.3013850520104]
[71.03141982250804, -143.3014475543924]
[71.03143694436746, -143.30150959169765]
[71.03146641065115, -143.30159896177355]
[71.03159624116728, -143.30199172593098]
[71.03164000321894, -143.30211443315724]
[71.03170558350126, -143.30231963095244]
[71.03212645173362, -143.3034821109082]
[71.03213742079437, -143.3035850675155]
[71.03230250550453, -143.30402878147368]
[71.03236955317989, -143.30425054989902]
[71.03240094648693, -143.30433940757007]
[71.03249108458664, -143.30458999747776]
[71.0327809242456, -143.30539974831697]
[71.03326188132336, -143.30667651009614]
[71.03343564448129, -143.30706944036132]
[71.03348788779827, -143.3072888445397]
[71.03362517880541, -143.30765256563075]
[71.03364891375705, -143.30772138944056]
[71.03365076355242, -143.30772562586858]
[71.03367042201393, -143.30776984815353]
[71.03379545026857, -143.30810091353936]
[71.03382765558464, -143.3081841337428]
[71.03386054326138, -143.30826722825483]
[71.03391676449822, -143.30840852553288]
[71.03393066172751, -143.30844396731115]
[71.03395165670996, -143.30846222325246]
[71.0339568986524, -143.30851521361427]
[71.03405411720502, -143.3087627292015]
[71.03407774874545, -143.30881297140766]
[71.03411101231497, -143.30888042870774]
[71.03425619706952, -143.3092714487267]
[71.0343032031723, -143.30937755459993]
[71.03483932572556, -143.31069728884762]
[71.03535759156297, -143.31193496258913]
[71.03551290044058, -143.31231558223638]
[71.03556275135672, -143.31242631605951]
[71.03668439752875, -143.3149716371038]
[71.03672433148604, -143.31504587805415]
[71.03684982529083, -143.31534185757604]
[71.03698247817057, -143.31559318301694]
[71.0370042265509, -143.31567811582224]
[71.03702678951097, -143.31567821913893]
[71.03702882688594, -143.31572376090935]
[71.03704310356795, -143.3157646740934]
[71.03719924472901, -143.3160803868687]
[71.03724933046277, -143.31620850575476]
[71.03727855017175, -143.31626605028256]
[71.03730892357989, -143.31632328412564]
[71.03733513052683, -143.3163933379967]
[71.03737313151743, -143.31643681969635]
[71.03737695673482, -143.31647958761351]
[71.03741946613195, -143.31656571162682]
[71.03896384343581, -143.31972492422645]
[71.03919569333786, -143.32020609721786]
[71.03933512886113, -143.32029808946288]
[71.04006251562345, -143.3218499407861]
[71.04094459687124, -143.32359147882556]
[71.04097159093156, -143.32362950767845]
[71.04103411005715, -143.32376524693262]
[71.04106964661251, -143.32382776541166]
[71.04110029003213, -143.3238369298998]
[71.04114418259576, -143.32395187105385]
[71.04114633030956, -143.32397412388042]
[71.0411873395704, -143.32400475751834]
[71.04119556044358, -143.32406358236523]
[71.04132032436209, -143.3241884289713]
[71.0413472457291, -143.32431207004205]
[71.04155032836292, -143.32471665083543]
[71.04191400463668, -143.32528055466838]
[71.04223718969513, -143.3259225028404]
[71.04321880015713, -143.32767412594404]
[71.0432335801379, -143.32769350249458]
[71.0433751792224, -143.32781381800592]
[71.04423215595789, -143.32941298651826]
[71.04456166994389, -143.329958411528]
[71.04474490722988, -143.33026528561876]
[71.04536480648724, -143.33128168155986]
[71.04541974484323, -143.33137284688362]
[71.04542011483825, -143.33137459589014]
[71.04546395416506, -143.33143971498413]
[71.04549304371193, -143.33145774601084]
[71.04550931841145, -143.33150627288126]
[71.04553375497092, -143.33155494484888]
[71.04564863648947, -143.33173699448102]
[71.04565114341882, -143.33173772253272]
[71.04582702435228, -143.33189836535996]
[71.04756832475344, -143.3342436536006]
[71.04774721341258, -143.33504801912335]
[71.04798906404713, -143.33541413695858]
[71.04887376521627, -143.3366055237029]
[71.04972516494344, -143.33762614846236]
[71.04999592475042, -143.338381166731]
[71.05019989529083, -143.33868088552467]
[71.05020140054332, -143.33869962816968]
[71.05021514297702, -143.33871375364177]
[71.05028338131028, -143.3388083508705]
[71.05045623952446, -143.33906771350254]
[71.05058496910374, -143.33925168363885]
[71.05092962211275, -143.33971564141552]
[71.05110906195684, -143.3399912589054]
[71.05118538988478, -143.3400167764579]
[71.05131125366437, -143.34028431553446]
[71.0514636598316, -143.34046375308782]
[71.05153883855233, -143.34059937682107]
[71.05156603047666, -143.34064523825893]
[71.05169807828857, -143.34082954504424]
[71.05176559878754, -143.3409170883032]
[71.05186083308236, -143.34105779876728]
[71.05204268995848, -143.34129666968613]
[71.05208012751066, -143.3413635284558]
[71.0527017879158, -143.3421009138944]
[71.05281861011177, -143.3422387487162]
[71.05283559150904, -143.3424045198686]
[71.05295430883604, -143.34256512649785]
[71.05297183478731, -143.34258911472008]
[71.0533644228173, -143.3431158253931]
[71.0535291580872, -143.34324253158854]
[71.054428622497, -143.34454651000027]
[71.05445681958237, -143.3445691737437]
[71.05464089747176, -143.3446330536119]
[71.0553560047165, -143.34575964984595]
[71.05568940057685, -143.34620458244376]
[71.05613792743698, -143.34676196234017]
[71.05790867225258, -143.3489766992629]
[71.0585342967439, -143.34979643994495]
[71.05856608149203, -143.34983629310645]
[71.05868447852218, -143.34998294752145]
[71.05876565449125, -143.35000409605968]
[71.05883857511135, -143.3500853611752]
[71.05888355362715, -143.350227711297]
[71.05890868744034, -143.3502564766807]
[71.0590472904716, -143.35037841179167]
[71.05905309072554, -143.35040035130964]
[71.05915134802744, -143.3505559722832]
[71.05932102859107, -143.35076143394332]
[71.05936001403096, -143.35080586674673]
[71.05957282919607, -143.35105347382589]
[71.05961187408471, -143.3511115820448]
[71.05978603403659, -143.3513263458033]
[71.05980170616986, -143.35134276221666]
[71.06042800902419, -143.35209660700983]
[71.06134411638931, -143.35300015445532]
[71.06163475457629, -143.35340401172994]
[71.06315907761832, -143.3552879159697]
[71.06369337556123, -143.35584332242036]
[71.06415138693606, -143.35642303828453]
[71.0658351514458, -143.35819228418023]
[71.06686208299408, -143.35929679108526]
[71.06686953460928, -143.35941204657087]
[71.06720395173362, -143.35978399704996]
[71.0674416508265, -143.36002417883628]
[71.06806588281331, -143.36072737772503]
[71.06825129516834, -143.3609247360087]
[71.0682889591274, -143.36096250734715]
[71.06851618280533, -143.36119535114406]
[71.06864602714771, -143.36127020109612]
[71.06874755391806, -143.36142590947026]
[71.0687861021099, -143.36149460961607]
[71.06890446878286, -143.3615768979898]
[71.06897519637086, -143.36169396714894]
[71.06908104926688, -143.36178628966408]
[71.0693826667606, -143.362080752714]
[71.06951364466087, -143.36226172687574]
[71.06991412842616, -143.36258272869551]
[71.07138958004427, -143.36407835650698]
[71.0724562942579, -143.364381295273]
[71.07286621682853, -143.36567781980202]
[71.07300513792987, -143.3658495058262]
[71.07311902429382, -143.3659085506947]
[71.07369081168066, -143.36654100981724]
[71.07415498506332, -143.3669933740448]
[71.07462371226912, -143.3674543521279]
[71.07592368075417, -143.36873890504165]
[71.07821860126793, -143.3709360436503]
[71.07827780974259, -143.37098817349198]
[71.07853914163667, -143.37123656608784]
[71.0788661369874, -143.37156218919873]
[71.07921817629713, -143.3718802421283]
[71.07944684543504, -143.37210432887844]
[71.07967965970394, -143.37232613075238]
[71.07991661922263, -143.37254564811647]
[71.080157724116, -143.37276288133975]
[71.08050054163546, -143.37308995519945]
[71.08086840486206, -143.37340945933047]
[71.0811265763506, -143.37366466670468]
[71.081226030842, -143.37371690725828]
[71.08236356605005, -143.37479695117815]
[71.08261737963761, -143.3749879765462]
[71.08357127792794, -143.37589238151241]
[71.08396483796426, -143.3762399051914]
[71.08515385179332, -143.3772981942871]
[71.0860333907296, -143.3780826637803]
[71.08981744523822, -143.38134707994487]
[71.09107045750352, -143.38236805228394]
[71.0911491117248, -143.38247008833744]
[71.09143795667173, -143.3826966225561]
[71.09183826166826, -143.38305003727606]
[71.09226362964664, -143.3833958908678]
[71.09250621792329, -143.38360435325458]
[71.0925348890077, -143.38362965450972]
[71.09275294934646, -143.3838105325299]
[71.09318626029807, -143.38415711137506]
[71.09356569373311, -143.38441222679512]
[71.09369721991904, -143.38457801224206]
[71.09441932097245, -143.3851655001126]
[71.0955288964168, -143.3860814117516]
[71.09603756216795, -143.38648919671695]
[71.09614354251947, -143.38651492933775]
[71.09661453825957, -143.3869343726673]
[71.09752408557932, -143.3874681713109]
[71.09810287129577, -143.3881427808659]
[71.09887379406086, -143.3887509044062]
[71.09933600304694, -143.38911064888185]
[71.10224832901588, -143.3898147804607]
[71.10332551600794, -143.3909172944578]
[71.10343766334289, -143.39223654941375]
[71.10575910808723, -143.39403874006786]
[71.10627538127079, -143.39440408944589]
[71.1065236321476, -143.39460148312955]
[71.10654527109762, -143.3946218178986]
[71.10677602384702, -143.3947965947878]
[71.10789881843178, -143.3951804301487]
[71.10910828491507, -143.39620950773585]
[71.10958895998917, -143.39683942732663]
[71.10962642416516, -143.39687079150215]
[71.11061765805005, -143.39753202117535]
[71.11104599154316, -143.39792733944313]
[71.11110000917904, -143.39792931337382]
[71.11160659382385, -143.398223649986]
[71.11181223623264, -143.39847878106343]
[71.1124561359569, -143.3989413366203]
[71.11267457476082, -143.39909694554612]
[71.11309043906961, -143.39929567874694]
[71.11333588514378, -143.39956684318685]
[71.11351663413737, -143.39969755655994]
[71.11369418677558, -143.39974765239253]
[71.11387943967588, -143.39993791222946]
[71.11403109641877, -143.39996062239538]
[71.11406997497686, -143.400076788591]
[71.11421074785176, -143.40017914291184]
[71.1147340749465, -143.40052162206638]
[71.1150545662205, -143.40077965144906]
[71.11521459700411, -143.4008973409403]
[71.11554063054285, -143.40112587242092]
[71.11579590916496, -143.40129274575432]
[71.11613139714156, -143.40154031244234]
[71.11623333389217, -143.4016072997523]
[71.11628878548753, -143.401618354082]
[71.11662457266596, -143.40187507066523]
[71.11679366448561, -143.40198763654118]
[71.11712290399068, -143.40220416534942]
[71.11761107723552, -143.4024892308063]
[71.11765840802123, -143.4025700443576]
[71.11878625161262, -143.4033806445788]
[71.11905335057943, -143.40356161461128]
[71.11910898834299, -143.40360033833284]
[71.1199385355077, -143.40414912091998]
[71.1204571819558, -143.40436479045601]
[71.12173402268881, -143.40514425596012]
[71.1222874465874, -143.40547488563413]
[71.12256555507975, -143.405639429555]
[71.1234171914791, -143.40613675874945]
[71.12427744254998, -143.40662933469667]
[71.12502214364208, -143.4075420630641]
[71.12681236421237, -143.40802636728756]
[71.12715647503963, -143.40899373817325]
[71.12748934968073, -143.40920626144157]
[71.12962830809084, -143.41060189975283]
[71.13019701082425, -143.41095239949755]
[71.13139059490271, -143.411732622784]
[71.1345200804523, -143.41370157289117]
[71.13562044820782, -143.41441015231072]
[71.13584033517638, -143.4145228344956]
[71.13589738229977, -143.41457775589984]
[71.13624040607874, -143.41478310651763]
[71.13676786396373, -143.4151102575022]
[71.1380112297546, -143.41589500797602]
[71.1382537687095, -143.41598698225243]
[71.13883632606982, -143.41639884266314]
[71.13927661052963, -143.41667691405829]
[71.13944520886888, -143.4167808967971]
[71.13974285885696, -143.41694570862487]
[71.1402129915562, -143.4172186249637]
[71.14025704624072, -143.41727801034958]
[71.14105205561522, -143.41771966356166]
[71.14359875433652, -143.41930279714083]
[71.14697564733079, -143.421312135898]
[71.15215875858323, -143.42434209370336]
[71.15496013801966, -143.42590811835052]
[71.15512677179647, -143.42601186520875]
[71.15832981101539, -143.4278486866151]
[71.160085449737, -143.42881415414897]
[71.16087437520214, -143.42922915488762]
[71.16272226880187, -143.43019599945276]
[71.16303605441428, -143.4304834855568]
[71.16416549464392, -143.43104937735015]
[71.16505256679358, -143.43143578638148]
[71.16563233528724, -143.43188968590977]
[71.16580529824647, -143.43198909765755]
[71.16688890087177, -143.43258001287523]
[71.1672975255895, -143.4327788940267]
[71.1688118383198, -143.43356584629728]
[71.16963230963877, -143.43407080005676]
[71.17048968626412, -143.4343953586995]
[71.17102978371366, -143.43444542861508]
[71.1757710766224, -143.4364106773996]
[71.17660264148927, -143.43770523571047]
[71.18343083030493, -143.44120519497451]
[71.18673159347958, -143.44278126744408]
[71.19693027599281, -143.44780453800482]
[71.19881935293618, -143.44882598540806]
[71.20056188200643, -143.4496207828203]
[71.20215742762376, -143.45031382659286]
[71.20232656332071, -143.4504127364458]
[71.20289300304016, -143.4506268204023]
[71.20297185063195, -143.45088333855676]
[71.2030865141594, -143.4509051734649]
[71.20326419659295, -143.45099927804918]
[71.20354165319492, -143.45104097032396]
[71.20371425496603, -143.45113786245736]
[71.2053262064887, -143.45183374291042]
[71.20592238799574, -143.45198810959576]
[71.20648529699012, -143.4524880042245]
[71.2071329190382, -143.4526236711411]
[71.21103030281255, -143.45453407373776]
[71.21286774289906, -143.4553276797209]
[71.21445313458791, -143.4561443473124]
[71.21497957966048, -143.45642803889095]
[71.21682559770888, -143.457228162954]
[71.21929256391539, -143.45846415367208]
[71.2194365693148, -143.45849504250384]
[71.21995075748139, -143.45864521055816]
[71.22183888246308, -143.45944330848565]
[71.22249675538247, -143.45961147479352]
[71.22374919732955, -143.46023856290924]
[71.22391992039714, -143.46033519326414]
[71.2257952292314, -143.46116915906578]
[71.22957439696208, -143.4628365573809]
[71.24114049802576, -143.46783446970656]
[71.24740109591544, -143.47051731215785]
[71.24752615732781, -143.4706378301532]
[71.2530499504818, -143.47282592005527]
[71.25913361340857, -143.47531920671085]
[71.25930883306975, -143.4754112133555]
[71.26144941768176, -143.4762142410719]
[71.26155689645901, -143.47646146893445]
[71.26361225329069, -143.47701442562746]
[71.26794110905148, -143.47717884972886]
[71.27155916577094, -143.4803008724532]
[71.27319073108671, -143.48098812793452]
[71.27377310238792, -143.48110553132528]
[71.27825614721598, -143.4829686159585]
[71.28154397318944, -143.48331460753528]
[71.28279133549577, -143.48481521096238]
[71.28504517822861, -143.48563002651568]
[71.2933518181184, -143.48887078611045]
[71.29565691446511, -143.48969006297037]
[71.29902033085816, -143.49092149711103]
[71.31030563799419, -143.49507855570846]
[71.31849515311768, -143.49802468785924]
[71.32403185829163, -143.49999577536641]
[71.32578607279035, -143.50070493347835]
[71.32762682267429, -143.50132075270656]
[71.34189528908495, -143.50629719374132]
[71.3423502318691, -143.5063471185432]
[71.34493243135661, -143.5071683947751]
[71.34593709541409, -143.50769598700805]
[71.34930133683199, -143.50880991258398]
[71.35000518088337, -143.50909280662728]
[71.35411143501248, -143.51037708505032]
[71.356745269698, -143.5112028048865]
[71.35846315531799, -143.5118834411482]
[71.36187171258472, -143.5130012679738]
[71.36691930877666, -143.5146742896095]
[71.36782626125101, -143.51496369394727]
[71.36891558489674, -143.5153703642688]
[71.37383658294986, -143.51692514891192]
[71.37712988141467, -143.51801861973888]
[71.38342584563587, -143.5200711149927]
[71.38840790978726, -143.52164017171972]
[71.39151578573578, -143.52261990572612]
[71.3970631002484, -143.52436578256268]
[71.40591047507998, -143.52711805478955]
[71.40839891862645, -143.52789694359146]
[71.41860681427237, -143.53102084092478]
[71.42120302412256, -143.5318031148998]
[71.43423117842273, -143.5357052970474]
[71.4387315036314, -143.53706402983633]
[71.44179490291515, -143.5379243181927]
[71.44277023553808, -143.53822795090005]
[71.46916521695353, -143.54583329892648]
[71.47173511237098, -143.5465984065159]
[71.47412702386931, -143.54725198803683]
[71.47864258744744, -143.54854092707777]
[71.49709386549908, -143.55360825914985]
[71.49824252823085, -143.55396873338452]
[71.50074640119507, -143.55463587419328]
[71.5234166146536, -143.56072320923028]
[71.52817146449448, -143.56200179011216]
[71.55259786960148, -143.56836809478753]
[71.55435453095154, -143.56881512587987]
[71.55685143683739, -143.56945756372602]
[71.58731216168806, -143.5771614613113]
[71.58797070500691, -143.57730322468691]
[71.58812180897381, -143.57734450367386]
[71.58888680236157, -143.57753051001524]
[71.6165894496176, -143.58429977233635]
[71.61789066389592, -143.58461356205964]
[71.6200139648911, -143.5851262278718]
[71.6342363429248, -143.58852753113226]
[71.65662543359026, -143.59377620018992]
[71.65844276317881, -143.59419680943006]
[71.66834293358426, -143.59647164995263]
[71.67592270072085, -143.59821059209287]
[71.68290881720168, -143.59980022535345]
[71.68314598959111, -143.59985681583225]
[71.71533292068555, -143.60705338432308]
[71.72593140323364, -143.60938192980038]
[71.74245031415833, -143.6129708390801]
[71.74856965021593, -143.61428736464498]
[71.75595007428056, -143.61586756287215]
[71.75616005529359, -143.61591227802558]
[71.7694639941908, -143.61873714200067]
[71.79070024863286, -143.62318663902613]
[71.80029265209019, -143.62517306199803]
[71.80903666719416, -143.62697146506352]
[71.82052254499405, -143.6293163501723]
[71.8319269007921, -143.6316246589845]
[71.85627239471356, -143.6364910457504]
[71.88540801965931, -143.64220703640916]
[71.88783628604244, -143.6426779836304]
[71.90094568289594, -143.64520846701703]
[71.91452516876835, -143.64780706721632]
[71.91884553880718, -143.64862920310617]
[71.94805373782603, -143.6541259331054]
[71.95042168356215, -143.65456663427673]
[71.97174452674743, -143.65851141127078]
[71.99581087982932, -143.66289796656204]
[72.0108276066571, -143.6656048711651]
[72.02261760108364, -143.66771065854252]
[72.05956446917064, -143.67422216226046]
[72.0723043439315, -143.6764348332038]
[72.09472481736167, -143.68029212153226]
[72.10951330493945, -143.682808521571]
[72.11071998302907, -143.68301489096697]
[72.13659773612143, -143.68737413625948]
[72.2578768559586, -143.70701804634422]
[72.28583090714345, -143.71137931316923]
[72.3709862817467, -143.7243273561512]
[72.40757324366673, -143.72973502667566]
[72.45829173666499, -143.7370971479113]
[72.47576720335805, -143.73959723124756]
[72.49978958955896, -143.74300227274895]
[72.53504412541177, -143.74793813304848]
[72.64482608109981, -143.76288291445516]
[72.68216308142561, -143.76782334124437]
[72.69615510110334, -143.76965946612586]
[72.72355791429791, -143.77322284878795]
[72.7426007960147, -143.77568013643221]
[72.92328026223375, -143.79819444255503]
[73.03558477745273, -143.81152253702754]
[73.04146638274598, -143.81220117022275]
[73.13329780259139, -143.82274060979702]
[73.2271678250511, -143.8332195597077]
[73.55345284489056, -143.86756559170342]
[73.7956091722124, -143.89125383792484]
[73.99285392158254, -143.90956008656903]
[74.03887524024564, -143.9137182727502]
[74.09880095763074, -143.9190651827426]
[74.15929366388046, -143.9243926353621]
[74.41709898780272, -143.9463596049819]
[74.69514391889562, -143.96882250409467]
[74.76091872828351, -143.97396111930988]
[75.10906406550906, -144.00016622803432]
[75.54324528992039, -144.03071741950967]
[75.85967885424832, -144.05168206349668]
[76.24982054633331, -144.07616443894915]
[76.32692668651205, -144.08083722526143]
[77.08212218188517, -144.1240689328508]
[77.59488047443504, -144.1510304009367]
[77.83603885739576, -144.1631174523357]
[79.1289094028664, -144.24676810743122]
[80.06891387857306, -144.26005251859888]
[80.48275987485563, -144.27549588874018]
[80.80544309807847, -144.28704300855946]
[81.08220426939, -144.29662814816984]
[81.69205671682344, -144.31675120128548]
[82.02498281538448, -144.32720958130454]
[82.12563565888684, -144.3302858123668]
[82.6486676381068, -144.34574910173978]
[82.75061896483359, -144.3486559352328]
[84.3679507712732, -144.3905789953455]
[84.66407989682057, -144.3974162932069]
[86.4432735169767, -144.4334326059059]
[87.41954879311768, -144.4495307680116]
[89.80511059832007, -144.478226564084]
[90.77683174509554, -144.48543299167073]
[90.87823592702125, -144.4860177789776]
[91.39831289378354, -144.48856660724016]
[91.82926670084235, -144.4900912145529]
[92.43482997952748, -144.49117129763425]
values
[71.02496100928197, -143.2610493486382]
[71.02496379983135, -143.2615503743602]
[71.02496557556789, -143.26164721358953]
[71.02496680573412, -143.26182812863402]
[71.02496853994396, -143.26205117054332]
[71.02497738821381, -143.26269034608356]
[71.02497821236943, -143.26273262635243]
[71.02497867344576, -143.26275441300007]
[71.02497946071759, -143.26278638160292]
[71.02498098777565, -143.2629032544416]
[71.02498234401963, -143.26296720821588]
[71.02498408600151, -143.26303098904518]
[71.02498557785941, -143.26314802965217]
[71.02499481413052, -143.2635195095644]
[71.02499486229209, -143.26356236574955]
[71.02499515830797, -143.26359445632713]
[71.0249986984058, -143.2637431142269]
[71.02500230353179, -143.26388096651314]
[71.02500288518246, -143.26392385751913]
[71.02500386288229, -143.26396666995595]
[71.02501714254767, -143.26445467230977]
[71.0250193812485, -143.2645176611691]
[71.02504204675166, -143.26524029044273]
[71.02505693208784, -143.26565201754784]
[71.0250807841087, -143.266243186136]
[71.02508818308179, -143.26642368957582]
[71.0251040344051, -143.2667846808108]
[71.0251070526153, -143.2668464251868]
[71.02511045638717, -143.26690799666105]
[71.02511388675178, -143.26699604906258]
[71.02511697576331, -143.26705768030638]
[71.02513044539963, -143.26732612852297]
[71.02513247104014, -143.2673744221216]
[71.02514869906616, -143.26769099489266]
[71.02514922078731, -143.2677020651079]
[71.02514976727058, -143.2677131304139]
[71.02515093452382, -143.2677352462983]
[71.02515356617991, -143.26777941915574]
[71.02515655276723, -143.2678407707698]
[71.0251599248794, -143.26790194948927]
[71.0251680335672, -143.26805176335955]
[71.02517334242484, -143.26814329691064]
[71.02518335374096, -143.26832363326994]
[71.02519680933825, -143.26855664908896]
[71.02519816088892, -143.26857891609308]
[71.02521655229337, -143.26886595025022]
[71.02522094053745, -143.26895559537365]
[71.02522703284217, -143.26902979378244]
[71.02525397003168, -143.2694661608756]
[71.02527689892592, -143.2698120495411]
[71.0252828200988, -143.26990227037567]
[71.0253049134911, -143.27021749050337]
[71.025307383124, -143.27025136639563]
[71.02543513674166, -143.2718958081344]
[71.02543763853427, -143.2719252579851]
[71.02545288253621, -143.27210525954533]
[71.0254684786194, -143.27228525582927]
[71.02547801246273, -143.27238491451723]
[71.02548011302929, -143.2724192956909]
[71.02550036138534, -143.27264079825537]
[71.02550402138111, -143.27268701971792]
[71.02550600002478, -143.2727101010058]
[71.02550702650838, -143.27272163428884]
[71.02550807776662, -143.27273316266454]
[71.02551253054787, -143.27277922709385]
[71.02551737973084, -143.27282521300447]
[71.02553677684125, -143.27304686045835]
[71.02556621034616, -143.2733603890645]
[71.02558181349292, -143.27352286912196]
[71.02562220949672, -143.27386739317564]
[71.02566667609989, -143.27433085790545]
[71.0257556049845, -143.27521449259834]
[71.0257582396127, -143.27523800732152]
[71.0258802747605, -143.276243381961]
[71.02590095948334, -143.27648636808382]
[71.02594334949592, -143.27683833170747]
[71.02597673174836, -143.27710953285634]
[71.02599257295721, -143.27718880828792]
[71.02600105992937, -143.27728531323172]
[71.02600589826511, -143.27733344798233]
[71.02603267691354, -143.27753972980173]
[71.02604326854814, -143.27763603210462]
[71.02604616432518, -143.27766005862873]
[71.02604915925104, -143.27768406553187]
[71.02605225332647, -143.2777080528138]
[71.02605544655216, -143.27773202047436]
[71.02609590763684, -143.27804301033126]
[71.02609922886852, -143.27805848543846]
[71.02609944786542, -143.27807079181025]
[71.02610294834845, -143.27808240243448]
[71.02615576982562, -143.2781336131581]
[71.02616497818234, -143.27856095050763]
[71.02619287547408, -143.27876659378038]
[71.02620263693372, -143.27881744275012]
[71.02637249465045, -143.28001928515437]
[71.02638532688255, -143.28011739860025]
[71.02639233804344, -143.28016633762337]
[71.02656942628481, -143.28128790565012]
[71.02663218452393, -143.28171600054213]
[71.0266928143814, -143.28204606372688]
[71.02674594607737, -143.28238776437388]
[71.02675943846, -143.28248800222343]
[71.02676677984016, -143.28253800347792]
[71.02677451802042, -143.2825879262835]
[71.02677853591237, -143.28261285826747]
[71.0267805820591, -143.2826253169047]
[71.02681702932742, -143.28284105337252]
[71.02682138194007, -143.28284817052133]
[71.0268342160696, -143.2829407748417]
[71.02684340468211, -143.2829905178984]
[71.02688258545318, -143.28321511407427]
[71.0268984363011, -143.28331554528603]
[71.02690661698433, -143.28335880170548]
[71.02690695697953, -143.28336564322413]
[71.02691062412758, -143.28338392376992]
[71.02691528893918, -143.28340185321093]
[71.0269785017844, -143.28376874900982]
[71.02698443191942, -143.28377385114592]
[71.02704360538223, -143.28412779044692]
[71.02704559125321, -143.2841404489598]
[71.02704760192847, -143.28415310257037]
[71.02705169769212, -143.2841783950846]
[71.0270601868744, -143.28422892128478]
[71.02708743807074, -143.2843804217083]
[71.02721261610412, -143.28491338592298]
[71.02733225339578, -143.28566010776876]
[71.02735456063776, -143.2857460014687]
[71.02748618528263, -143.2864336295078]
[71.02750919704637, -143.28657843525474]
[71.02767653066957, -143.2874106871179]
[71.02776496060261, -143.28782674477745]
[71.02785656683723, -143.28824275689507]
[71.02794599786985, -143.28868190735525]
[71.02799771002255, -143.28891741186854]
[71.02800979604618, -143.28896932191088]
[71.02801640000204, -143.28900095873982]
[71.02801792660419, -143.28900974366232]
[71.02802203972703, -143.28901823172205]
[71.02809877295722, -143.28937429514284]
[71.02818178538017, -143.28974328425727]
[71.02818443146766, -143.28975454291492]
[71.02819117080324, -143.28978243556585]
[71.02820403219788, -143.28983456870455]
[71.02827907196509, -143.2901713138391]
[71.02832354122525, -143.29035427293024]
[71.0285820701975, -143.2914213525505]
[71.02875325087687, -143.29216142390325]
[71.0287999729267, -143.29225448310314]
[71.02911422292556, -143.29351970966394]
[71.02920628841227, -143.29383961183512]
[71.02922567094144, -143.29401465572224]
[71.02934687275841, -143.29447349120127]
[71.02936081928202, -143.29452766784064]
[71.02936794155093, -143.29455472677282]
[71.02937153993744, -143.29456824889192]
[71.02940163487202, -143.2946188215724]
[71.02940204414861, -143.29462639414064]
[71.02945527241575, -143.29487985416586]
[71.02945825944393, -143.2948899815067]
[71.02946930247701, -143.2949184949795]
[71.02947272143484, -143.29493981466447]
[71.02954332825011, -143.2952044308302]
[71.02956812784275, -143.29529529723172]
[71.02957827680949, -143.2953317338668]
[71.02959300140057, -143.29538613341433]
[71.0296663735454, -143.29564915974717]
[71.02968019960117, -143.29570060479872]
[71.02980533499642, -143.2961476709943]
[71.03024680205841, -143.29768130848169]
[71.03030757763474, -143.29781928577992]
[71.03043499204666, -143.29829407038562]
[71.03046265878908, -143.2984113557474]
[71.03086084691179, -143.29949016373962]
[71.03108194889572, -143.30039761932045]
[71.03116502543193, -143.30065068843078]
[71.03116629746475, -143.3006691778612]
[71.03117221869415, -143.30069346820008]
[71.03119041341051, -143.3007480372234]
[71.0312311194538, -143.30086980962514]
[71.0312489645808, -143.30090328776464]
[71.03132412453604, -143.3011647990804]
[71.03134589528015, -143.30121978248735]
[71.03139659242045, -143.3013850520104]
[71.03141982250804, -143.3014475543924]
[71.03143694436746, -143.30150959169765]
[71.03143985684285, -143.3015138636433]
[71.03144860868936, -143.30154224926457]
[71.03145249204292, -143.30155813032786]
[71.03146641065115, -143.30159896177355]
[71.03157015895593, -143.30191461559397]
[71.03159624116728, -143.30199172593098]
[71.03164000321894, -143.30211443315724]
[71.03170558350126, -143.30231963095244]
[71.03212645173362, -143.3034821109082]
[71.03213742079437, -143.3035850675155]
[71.03230250550453, -143.30402878147368]
[71.03236955317989, -143.30425054989902]
[71.03240094648693, -143.30433940757007]
[71.03249108458664, -143.30458999747776]
[71.0326348979261, -143.304994877256]
[71.0327809242456, -143.30539974831697]
[71.03326188132336, -143.30667651009614]
[71.03343564448129, -143.30706944036132]
[71.03348788779827, -143.3072888445397]
[71.03362517880541, -143.30765256563075]
[71.03364891375705, -143.30772138944056]
[71.03365076355242, -143.30772562586858]
[71.03367042201393, -143.30776984815353]
[71.03379545026857, -143.30810091353936]
[71.03382765558464, -143.3081841337428]
[71.03386054326138, -143.30826722825483]
[71.03389842710111, -143.30835471518668]
[71.03391676449822, -143.30840852553288]
[71.03392636561516, -143.30843531413237]
[71.03393066172751, -143.30844396731115]
[71.03393625501245, -143.30846202501365]
[71.03395165670996, -143.30846222325246]
[71.0339568986524, -143.30851521361427]
[71.03405411720502, -143.3087627292015]
[71.03407774874545, -143.30881297140766]
[71.03409511756999, -143.30886674133933]
[71.03411101231497, -143.30888042870774]
[71.03423442380574, -143.30921792946384]
[71.03425619706952, -143.3092714487267]
[71.03426751614676, -143.3092980917793]
[71.0343032031723, -143.30937755459993]
[71.03483932572556, -143.31069728884762]
[71.03535759156297, -143.31193496258913]
[71.03551290044058, -143.31231558223638]
[71.03554208510926, -143.31232817802675]
[71.03556275135672, -143.31242631605951]
[71.03559531919484, -143.31246685355794]
[71.03573898022985, -143.31283088639614]
[71.03668439752875, -143.3149716371038]
[71.03672433148604, -143.31504587805415]
[71.03684982529083, -143.31534185757604]
[71.03698247817057, -143.31559318301694]
[71.0370042265509, -143.31567811582224]
[71.03702678951097, -143.31567821913893]
[71.03702882688594, -143.31572376090935]
[71.03703443295711, -143.31574625873608]
[71.03704310356795, -143.3157646740934]
[71.03713422475202, -143.31595329971944]
[71.03719435211823, -143.31609248470645]
[71.03722859843177, -143.31612327624745]
[71.03723515324359, -143.31617961698888]
[71.03724933046277, -143.31620850575476]
[71.03727855017175, -143.31626605028256]
[71.03730892357989, -143.31632328412564]
[71.03733513052683, -143.3163933379967]
[71.0373393370896, -143.31640421058387]
[71.03737313151743, -143.31643681969635]
[71.03737695673482, -143.31647958761351]
[71.03741946613195, -143.31656571162682]
[71.03743953027939, -143.3166128981085]
[71.0375340827891, -143.3167846293]
[71.03896384343581, -143.31972492422645]
[71.03909338344171, -143.3200273988094]
[71.03919569333786, -143.32020609721786]
[71.03933512886113, -143.32029808946288]
[71.04006251562345, -143.3218499407861]
[71.04028556780523, -143.32235329625658]
[71.04094459687124, -143.32359147882556]
[71.04096145425187, -143.3236093694857]
[71.04097159093156, -143.32362950767845]
[71.04103411005715, -143.32376524693262]
[71.04106964661251, -143.32382776541166]
[71.0410878477486, -143.3238589082397]
[71.04114418259576, -143.32395187105385]
[71.04114633030956, -143.32397412388042]
[71.0411873395704, -143.32400475751834]
[71.04119556044358, -143.32406358236523]
[71.04119999477662, -143.32407309742987]
[71.04124527945679, -143.324131994704]
[71.04126464380354, -143.32413570098703]
[71.04131028076527, -143.32426051374392]
[71.04132800424884, -143.32429403257157]
[71.0413472457291, -143.32431207004205]
[71.04155032836292, -143.32471665083543]
[71.04191400463668, -143.32528055466838]
[71.04223718969513, -143.3259225028404]
[71.04315289308416, -143.32752524289936]
[71.04321880015713, -143.32767412594404]
[71.0432335801379, -143.32769350249458]
[71.0433751792224, -143.32781381800592]
[71.04423215595789, -143.32941298651826]
[71.04456166994389, -143.329958411528]
[71.04474490722988, -143.33026528561876]
[71.04485385909042, -143.33044763568213]
[71.04521408255737, -143.33103599801694]
[71.04536480648724, -143.33128168155986]
[71.04541974484323, -143.33137284688362]
[71.04542011483825, -143.33137459589014]
[71.04546395416506, -143.33143971498413]
[71.04548649192263, -143.33147303270917]
[71.04550931841145, -143.33150627288126]
[71.04553375497092, -143.33155494484888]
[71.04555583758334, -143.3315725205583]
[71.04560660260812, -143.33167681624428]
[71.04564863648947, -143.33173699448102]
[71.04565114341882, -143.33173772253272]
[71.04572996520515, -143.33187887803211]
[71.04579433271999, -143.33198055328933]
[71.04756832475344, -143.3342436536006]
[71.04774721341258, -143.33504801912335]
[71.04798906404713, -143.33541413695858]
[71.04814260775386, -143.33565104883664]
[71.04887376521627, -143.3366055237029]
[71.04900536368478, -143.33694094841022]
[71.04972516494344, -143.33762614846236]
[71.04999592475042, -143.338381166731]
[71.05019989529083, -143.33868088552467]
[71.05020140054332, -143.33869962816968]
[71.05021514297702, -143.33871375364177]
[71.05028338131028, -143.3388083508705]
[71.05045623952446, -143.33906771350254]
[71.05058496910374, -143.33925168363885]
[71.05061763138136, -143.33929797906933]
[71.050692483749, -143.33940687026436]
[71.05082705889245, -143.33959680581833]
[71.05092962211275, -143.33971564141552]
[71.05110906195684, -143.3399912589054]
[71.05118538988478, -143.3400167764579]
[71.05122922888175, -143.34017023714156]
[71.05131125366437, -143.34028431553446]
[71.0514636598316, -143.34046375308782]
[71.05153883855233, -143.34059937682107]
[71.05156603047666, -143.34064523825893]
[71.05169807828857, -143.34082954504424]
[71.05173843745162, -143.3408867879498]
[71.05176559878754, -143.3409170883032]
[71.05177901630525, -143.34094391120294]
[71.05186083308236, -143.34105779876728]
[71.05204268995848, -143.34129666968613]
[71.05208012751066, -143.3413635284558]
[71.05267411067835, -143.34217665827643]
[71.05275441174648, -143.3422908283732]
[71.05283559150904, -143.3424045198686]
[71.05295430883604, -143.34256512649785]
[71.05297183478731, -143.34258911472008]
[71.0533644228173, -143.3431158253931]
[71.0535291580872, -143.34324253158854]
[71.054428622497, -143.34454651000027]
[71.05445681958237, -143.3445691737437]
[71.05464089747176, -143.3446330536119]
[71.05466305926419, -143.34485942153444]
[71.0553560047165, -143.34575964984595]
[71.05560473382339, -143.3460940669869]
[71.05568940057685, -143.34620458244376]
[71.05613792743698, -143.34676196234017]
[71.05729586702503, -143.3482510256972]
[71.05790867225258, -143.3489766992629]
[71.0585342967439, -143.34979643994495]
[71.05856608149203, -143.34983629310645]
[71.05868447852218, -143.34998294752145]
[71.05876565449125, -143.35000409605968]
[71.05883857511135, -143.3500853611752]
[71.05888355362715, -143.350227711297]
[71.05890868744034, -143.3502564766807]
[71.0590472904716, -143.35037841179167]
[71.05905309072554, -143.35040035130964]
[71.05915134802744, -143.3505559722832]
[71.05932102859107, -143.35076143394332]
[71.05936001403096, -143.35080586674673]
[71.05957282919607, -143.35105347382589]
[71.05961187408471, -143.3511115820448]
[71.05969851491115, -143.35121920306497]
[71.05974216468638, -143.35127283421735]
[71.05978603403659, -143.3513263458033]
[71.05980170616986, -143.35134276221666]
[71.06042800902419, -143.35209660700983]
[71.06134411638931, -143.35300015445532]
[71.06163475457629, -143.35340401172994]
[71.06315907761832, -143.3552879159697]
[71.06369337556123, -143.35584332242036]
[71.06415138693606, -143.35642303828453]
[71.0658351514458, -143.35819228418023]
[71.0659557089555, -143.3584327682703]
[71.06631382179242, -143.35882922959397]
[71.06686208299408, -143.35929679108526]
[71.06686953460928, -143.35941204657087]
[71.06720395173362, -143.35978399704996]
[71.0674416508265, -143.36002417883628]
[71.06806588281331, -143.36072737772503]
[71.06825129516834, -143.3609247360087]
[71.0682889591274, -143.36096250734715]
[71.06851618280533, -143.36119535114406]
[71.06864602714771, -143.36127020109612]
[71.06873937722435, -143.3614444715472]
[71.0687861021099, -143.36149460961607]
[71.06883304646638, -143.36154462820642]
[71.06888021029474, -143.36159452732252]
[71.06897519637086, -143.36169396714894]
[71.06908104926688, -143.36178628966408]
[71.0693826667606, -143.362080752714]
[71.06951364466087, -143.36226172687574]
[71.06991412842616, -143.36258272869551]
[71.07138958004427, -143.36407835650698]
[71.07173168821298, -143.36455440309473]
[71.07286621682853, -143.36567781980202]
[71.07300513792987, -143.3658495058262]
[71.07311902429382, -143.3659085506947]
[71.07369081168066, -143.36654100981724]
[71.07415498506332, -143.3669933740448]
[71.07462371226912, -143.3674543521279]
[71.07592368075417, -143.36873890504165]
[71.07821860126793, -143.3709360436503]
[71.07822376752947, -143.37095417023824]
[71.07827780974259, -143.37098817349198]
[71.07853914163667, -143.37123656608784]
[71.0788661369874, -143.37156218919873]
[71.07891594043565, -143.3716088333704]
[71.07921817629713, -143.3718802421283]
[71.07944684543504, -143.37210432887844]
[71.07967965970394, -143.37232613075238]
[71.07991661922263, -143.37254564811647]
[71.080157724116, -143.37276288133975]
[71.08045116241935, -143.37304338384118]
[71.08050054163546, -143.37308995519945]
[71.08086840486206, -143.37340945933047]
[71.0811265763506, -143.37366466670468]
[71.081226030842, -143.37371690725828]
[71.0817105927112, -143.37420546361292]
[71.08215412389367, -143.37460834052567]
[71.08236356605005, -143.37479695117815]
[71.08261737963761, -143.3749879765462]
[71.08357127792794, -143.37589238151241]
[71.08396483796426, -143.3762399051914]
[71.08515385179332, -143.3772981942871]
[71.0860333907296, -143.3780826637803]
[71.08981744523822, -143.38134707994487]
[71.09107045750352, -143.38236805228394]
[71.0911491117248, -143.38247008833744]
[71.09143795667173, -143.3826966225561]
[71.09183826166826, -143.38305003727606]
[71.09189072287302, -143.3830931135741]
[71.09226362964664, -143.3833958908678]
[71.09250621792329, -143.38360435325458]
[71.0925348890077, -143.38362965450972]
[71.09275294934646, -143.3838105325299]
[71.09318626029807, -143.38415711137506]
[71.09356569373311, -143.38441222679512]
[71.09369721991904, -143.38457801224206]
[71.09441932097245, -143.3851655001126]
[71.09515580243314, -143.38577476225026]
[71.0955288964168, -143.3860814117516]
[71.09578022682474, -143.3862814396306]
[71.09603756216795, -143.38648919671695]
[71.09614354251947, -143.38651492933775]
[71.09661453825957, -143.3869343726673]
[71.09667003485728, -143.3869963240244]
[71.09752408557932, -143.3874681713109]
[71.09796963293596, -143.3880334151142]
[71.09810287129577, -143.3881427808659]
[71.09836999184029, -143.38835104632923]
[71.09887379406086, -143.3887509044062]
[71.09933600304694, -143.38911064888185]
[71.10224832901588, -143.3898147804607]
[71.10332551600794, -143.3909172944578]
[71.10343766334289, -143.39223654941375]
[71.10575910808723, -143.39403874006786]
[71.10627538127079, -143.39440408944589]
[71.1065236321476, -143.39460148312955]
[71.10654527109762, -143.3946218178986]
[71.10677602384702, -143.3947965947878]
[71.10789881843178, -143.3951804301487]
[71.10849891950815, -143.3960355575531]
[71.10910828491507, -143.39620950773585]
[71.10958895998917, -143.39683942732663]
[71.10962642416516, -143.39687079150215]
[71.11061765805005, -143.39753202117535]
[71.11104599154316, -143.39792733944313]
[71.11110000917904, -143.39792931337382]
[71.11160659382385, -143.398223649986]
[71.11181223623264, -143.39847878106343]
[71.1124561359569, -143.3989413366203]
[71.11267457476082, -143.39909694554612]
[71.11309043906961, -143.39929567874694]
[71.11333588514378, -143.39956684318685]
[71.11351663413737, -143.39969755655994]
[71.11369418677558, -143.39974765239253]
[71.11387943967588, -143.39993791222946]
[71.11403109641877, -143.39996062239538]
[71.11406997497686, -143.400076788591]
[71.11411092762798, -143.40011726576097]
[71.11421074785176, -143.40017914291184]
[71.1147340749465, -143.40052162206638]
[71.1150545662205, -143.40077965144906]
[71.11521459700411, -143.4008973409403]
[71.11541143813194, -143.4010359609709]
[71.11554063054285, -143.40112587242092]
[71.11579590916496, -143.40129274575432]
[71.11613139714156, -143.40154031244234]
[71.11623333389217, -143.4016072997523]
[71.11628878548753, -143.401618354082]
[71.11662457266596, -143.40187507066523]
[71.1167265979247, -143.40195444131257]
[71.11679366448561, -143.40198763654118]
[71.11712290399068, -143.40220416534942]
[71.11732691564903, -143.40237253999894]
[71.11761107723552, -143.4024892308063]
[71.11765840802123, -143.4025700443576]
[71.11878625161262, -143.4033806445788]
[71.11905335057943, -143.40356161461128]
[71.11910898834299, -143.40360033833284]
[71.1199385355077, -143.40414912091998]
[71.1204571819558, -143.40436479045601]
[71.12173402268881, -143.40514425596012]
[71.1222874465874, -143.40547488563413]
[71.12256555507975, -143.405639429555]
[71.1234171914791, -143.40613675874945]
[71.12427744254998, -143.40662933469667]
[71.12502214364208, -143.4075420630641]
[71.12562866288111, -143.40798784484323]
[71.12681236421237, -143.40802636728756]
[71.12715647503963, -143.40899373817325]
[71.12748934968073, -143.40920626144157]
[71.12755725436345, -143.4092519171915]
[71.12962830809084, -143.41060189975283]
[71.13019701082425, -143.41095239949755]
[71.13139059490271, -143.411732622784]
[71.13250401889258, -143.41244501424927]
[71.13313772346113, -143.41283252031127]
[71.13369596135361, -143.41319247415203]
[71.13430093488915, -143.41357408748752]
[71.1345200804523, -143.41370157289117]
[71.13562044820782, -143.41441015231072]
[71.13584033517638, -143.4145228344956]
[71.13589738229977, -143.41457775589984]
[71.13607723866795, -143.41462761014333]
[71.13624040607874, -143.41478310651763]
[71.13676786396373, -143.4151102575022]
[71.13788796473007, -143.41581643137675]
[71.1380112297546, -143.41589500797602]
[71.1382537687095, -143.41598698225243]
[71.13846049157665, -143.41617493583462]
[71.13883632606982, -143.41639884266314]
[71.13927661052963, -143.41667691405829]
[71.13944520886888, -143.4167808967971]
[71.13974285885696, -143.41694570862487]
[71.1402129915562, -143.4172186249637]
[71.14025704624072, -143.41727801034958]
[71.14056400839557, -143.41745597507887]
[71.14105205561522, -143.41771966356166]
[71.14333065998342, -143.4191384424247]
[71.14359875433652, -143.41930279714083]
[71.1446011249901, -143.4199016959343]
[71.14697564733079, -143.421312135898]
[71.15215875858323, -143.42434209370336]
[71.15496013801966, -143.42590811835052]
[71.15512677179647, -143.42601186520875]
[71.15832981101539, -143.4278486866151]
[71.160085449737, -143.42881415414897]
[71.16087437520214, -143.42922915488762]
[71.16272226880187, -143.43019599945276]
[71.16303605441428, -143.4304834855568]
[71.16416549464392, -143.43104937735015]
[71.1643206762691, -143.4311902359127]
[71.16505256679358, -143.43143578638148]
[71.16531755267123, -143.43173330329932]
[71.16563233528724, -143.43188968590977]
[71.16580529824647, -143.43198909765755]
[71.16672634983445, -143.43248910208177]
[71.16688890087177, -143.43258001287523]
[71.1672975255895, -143.4327788940267]
[71.16788000571569, -143.43306530251337]
[71.1688118383198, -143.43356584629728]
[71.16945321262634, -143.43384567907964]
[71.16963230963877, -143.43407080005676]
[71.17048968626412, -143.4343953586995]
[71.17102978371366, -143.43444542861508]
[71.1721527611111, -143.43541628180878]
[71.17256564146379, -143.43562377346777]
[71.17366868659717, -143.43619982548373]
[71.1746976479266, -143.43666784337915]
[71.17660264148927, -143.43770523571047]
[71.17768549610197, -143.43832443352227]
[71.17915882712977, -143.43909081387125]
[71.17958079523865, -143.43930782205058]
[71.18022619340137, -143.43963813204635]
[71.18343083030493, -143.44120519497451]
[71.18673159347958, -143.44278126744408]
[71.19368445866095, -143.44641445210326]
[71.19693027599281, -143.44780453800482]
[71.19704246441754, -143.44801755013555]
[71.19807170594002, -143.44851562366318]
[71.19881935293618, -143.44882598540806]
[71.20056188200643, -143.4496207828203]
[71.20079354471005, -143.44962806819225]
[71.20215742762376, -143.45031382659286]
[71.20232656332071, -143.4504127364458]
[71.20289300304016, -143.4506268204023]
[71.20297185063195, -143.45088333855676]
[71.2030865141594, -143.4509051734649]
[71.20326419659295, -143.45099927804918]
[71.20354165319492, -143.45104097032396]
[71.20371425496603, -143.45113786245736]
[71.2053262064887, -143.45183374291042]
[71.20592238799574, -143.45198810959576]
[71.20648529699012, -143.4524880042245]
[71.2071329190382, -143.4526236711411]
[71.20771759078302, -143.45314450356807]
[71.21103030281255, -143.45453407373776]
[71.21286774289906, -143.4553276797209]
[71.21416555246073, -143.45610704490898]
[71.2142798187651, -143.45614048460075]
[71.21445313458791, -143.4561443473124]
[71.21497957966048, -143.45642803889095]
[71.21611823961247, -143.45700617071404]
[71.21641775004176, -143.45718201200734]
[71.21682559770888, -143.457228162954]
[71.2182008999178, -143.45774738876815]
[71.21929256391539, -143.45846415367208]
[71.2194365693148, -143.45849504250384]
[71.21995075748139, -143.45864521055816]
[71.22183888246308, -143.45944330848565]
[71.22239175600377, -143.4598793736559]
[71.22374919732955, -143.46023856290924]
[71.22391992039714, -143.46033519326414]
[71.2257952292314, -143.46116915906578]
[71.22957439696208, -143.4628365573809]
[71.23648888843987, -143.46584570863712]
[71.24077183497683, -143.46792597981556]
[71.24740109591544, -143.47051731215785]
[71.24752615732781, -143.4706378301532]
[71.2530499504818, -143.47282592005527]
[71.25365983168697, -143.47315523694223]
[71.25565997400405, -143.47392281287438]
[71.25656240865277, -143.47422863484803]
[71.25913361340857, -143.47531920671085]
[71.25930883306975, -143.4754112133555]
[71.26003524915214, -143.47595126832744]
[71.26144941768176, -143.4762142410719]
[71.26155689645901, -143.47646146893445]
[71.26325759341772, -143.47712484677012]
[71.26401274810601, -143.4774513928658]
[71.26473414213291, -143.47760431451525]
[71.2659732333388, -143.47819434955105]
[71.26675277530221, -143.47864588295784]
[71.27155916577094, -143.4803008724532]
[71.27319073108671, -143.48098812793452]
[71.27377310238792, -143.48110553132528]
[71.27540693069076, -143.481795490203]
[71.2768240525297, -143.482662123824]
[71.27825614721598, -143.4829686159585]
[71.27913126800829, -143.48353924340014]
[71.28279133549577, -143.48481521096238]
[71.28504517822861, -143.48563002651568]
[71.28695728203977, -143.48634484527784]
[71.29166847910759, -143.48830558596282]
[71.29183258703523, -143.488419643093]
[71.2933518181184, -143.48887078611045]
[71.29565691446511, -143.48969006297037]
[71.29902033085816, -143.49092149711103]
[71.31030563799419, -143.49507855570846]
[71.31849515311768, -143.49802468785924]
[71.32089015169508, -143.49908100731577]
[71.32403185829163, -143.49999577536641]
[71.32578607279035, -143.50070493347835]
[71.32762682267429, -143.50132075270656]
[71.33879391676365, -143.5052260701428]
[71.34189528908495, -143.50629719374132]
[71.3423502318691, -143.5063471185432]
[71.34419652121471, -143.50689828874704]
[71.34493243135661, -143.5071683947751]
[71.34593709541409, -143.50769598700805]
[71.34920552633693, -143.5088134985586]
[71.35000518088337, -143.50909280662728]
[71.3519367556676, -143.50966113989688]
[71.35297140322994, -143.51010418028093]
[71.35380955602515, -143.51021961542648]
[71.35411143501248, -143.51037708505032]
[71.35667015747357, -143.51138863517576]
[71.35846315531799, -143.5118834411482]
[71.36187171258472, -143.5130012679738]
[71.36691930877666, -143.5146742896095]
[71.36782626125101, -143.51496369394727]
[71.36891558489674, -143.5153703642688]
[71.3690101473747, -143.51546184560908]
[71.3708244486239, -143.51594454299274]
[71.37202225610552, -143.51635517532145]
[71.37383658294986, -143.51692514891192]
[71.37712988141467, -143.51801861973888]
[71.38342584563587, -143.5200711149927]
[71.38616334889694, -143.5207984132331]
[71.38691221564653, -143.52111044399032]
[71.38840790978726, -143.52164017171972]
[71.39151578573578, -143.52261990572612]
[71.3970631002484, -143.52436578256268]
[71.40591047507998, -143.52711805478955]
[71.40839891862645, -143.52789694359146]
[71.41860681427237, -143.53102084092478]
[71.42120302412256, -143.5318031148998]
[71.43423117842273, -143.5357052970474]
[71.4387315036314, -143.53706402983633]
[71.44179490291515, -143.5379243181927]
[71.44277023553808, -143.53822795090005]
[71.45790910338104, -143.54270633843845]
[71.46916521695353, -143.54583329892648]
[71.47173511237098, -143.5465984065159]
[71.47412702386931, -143.54725198803683]
[71.47518182301586, -143.547569794546]
[71.47748631811832, -143.54810329543682]
[71.47864258744744, -143.54854092707777]
[71.49709386549908, -143.55360825914985]
[71.49824252823085, -143.55396873338452]
[71.50074640119507, -143.55463587419328]
[71.50511840087277, -143.55586343030612]
[71.5234166146536, -143.56072320923028]
[71.52461030500697, -143.5611108969018]
[71.52817146449448, -143.56200179011216]
[71.5364598868503, -143.56420913422417]
[71.55259786960148, -143.56836809478753]
[71.55435453095154, -143.56881512587987]
[71.55685143683739, -143.56945756372602]
[71.5630365727878, -143.57103898666585]
[71.58731216168806, -143.5771614613113]
[71.58797070500691, -143.57730322468691]
[71.58812180897381, -143.57734450367386]
[71.58888680236157, -143.57753051001524]
[71.6165894496176, -143.58429977233635]
[71.61789066389592, -143.58461356205964]
[71.6200139648911, -143.5851262278718]
[71.6342363429248, -143.58852753113226]
[71.65546149352771, -143.59344994931206]
[71.65662543359026, -143.59377620018992]
[71.65844276317881, -143.59419680943006]
[71.66834293358426, -143.59647164995263]
[71.67592270072085, -143.59821059209287]
[71.67785857256868, -143.59863096995844]
[71.68290881720168, -143.59980022535345]
[71.68314598959111, -143.59985681583225]
[71.71533292068555, -143.60705338432308]
[71.72593140323364, -143.60938192980038]
[71.74245031415833, -143.6129708390801]
[71.74856965021593, -143.61428736464498]
[71.75595007428056, -143.61586756287215]
[71.75616005529359, -143.61591227802558]
[71.7694639941908, -143.61873714200067]
[71.79070024863286, -143.62318663902613]
[71.80029265209019, -143.62517306199803]
[71.80903666719416, -143.62697146506352]
[71.82052254499405, -143.6293163501723]
[71.8319269007921, -143.6316246589845]
[71.85627239471356, -143.6364910457504]
[71.88540801965931, -143.64220703640916]
[71.88770489298432, -143.64265262323158]
[71.88783628604244, -143.6426779836304]
[71.90094568289594, -143.64520846701703]
[71.91452516876835, -143.64780706721632]
[71.91884553880718, -143.64862920310617]
[71.94805373782603, -143.6541259331054]
[71.95042168356215, -143.65456663427673]
[71.97174452674743, -143.65851141127078]
[71.99581087982932, -143.66289796656204]
[72.0108276066571, -143.6656048711651]
[72.02261760108364, -143.66771065854252]
[72.05956446917064, -143.67422216226046]
[72.0723043439315, -143.6764348332038]
[72.09472481736167, -143.68029212153226]
[72.10951330493945, -143.682808521571]
[72.11071998302907, -143.68301489096697]
[72.13659773612143, -143.68737413625948]
[72.2578768559586, -143.70701804634422]
[72.28583090714345, -143.71137931316923]
[72.3709862817467, -143.7243273561512]
[72.40757324366673, -143.72973502667566]
[72.45829173666499, -143.7370971479113]
[72.47576720335805, -143.73959723124756]
[72.49978958955896, -143.74300227274895]
[72.53504412541177, -143.74793813304848]
[72.64482608109981, -143.76288291445516]
[72.68216308142561, -143.76782334124437]
[72.69615510110334, -143.76965946612586]
[72.72355791429791, -143.77322284878795]
[72.7426007960147, -143.77568013643221]
[72.92328026223375, -143.79819444255503]
[73.03558477745273, -143.81152253702754]
[73.04146638274598, -143.81220117022275]
[73.13329780259139, -143.82274060979702]
[73.2271678250511, -143.8332195597077]
[73.55345284489056, -143.86756559170342]
[73.7956091722124, -143.89125383792484]
[73.99285392158254, -143.90956008656903]
[74.03887524024564, -143.9137182727502]
[74.09880095763074, -143.9190651827426]
[74.15929366388046, -143.9243926353621]
[74.41709898780272, -143.9463596049819]
[74.69514391889562, -143.96882250409467]
[74.76091872828351, -143.97396111930988]
[75.10906406550906, -144.00016622803432]
[75.54324528992039, -144.03071741950967]
[75.85967885424832, -144.05168206349668]
[76.24982054633331, -144.07616443894915]
[76.32692668651205, -144.08083722526143]
[77.08212218188517, -144.1240689328508]
[77.59488047443504, -144.1510304009367]
[77.83603885739576, -144.1631174523357]
[78.62423630254219, -144.20023207498465]
[79.1289094028664, -144.24676810743122]
[80.06891387857306, -144.26005251859888]
[80.48275987485563, -144.27549588874018]
[80.80544309807847, -144.28704300855946]
[81.08220426939, -144.29662814816984]
[81.69205671682344, -144.31675120128548]
[82.02498281538448, -144.32720958130454]
[82.12563565888684, -144.3302858123668]
[82.6486676381068, -144.34574910173978]
[82.75061896483359, -144.3486559352328]
[84.3679507712732, -144.3905789953455]
[84.66407989682057, -144.3974162932069]
[86.4432735169767, -144.4334326059059]
[87.41954879311768, -144.4495307680116]
[89.80511059832007, -144.478226564084]
[90.77683174509554, -144.48543299167073]
[90.87823592702125, -144.4860177789776]
[91.39831289378354, -144.48856660724016]
[91.82926670084235, -144.4900912145529]
[92.43482997952748, -144.49117129763425]
end_solutions
[-2.0475182404097625, -2.0791778418862856]
[-1.9643954485218678, -2.1121573856427336]
[-1.911399875571136, -2.1331865936456147]
[-1.8877927496360394, -2.1425533358454216]
[-1.8719743587438173, -2.148828471943083]
[-1.862676060853662, -2.152520014486984]
[-1.8555189326143797, -2.155355110237366]
[-1.850117810014114, -2.1574888534062944]
[-1.846506692433611, -2.158552762631689]
[-1.8428597669469533, -2.1600158328599726]
[-1.840414304031015, -2.1609044849057137]
[-1.837705920908595, -2.162277476844205]
[-1.8358131925355452, -2.1630698741318426]
[-1.8340718245254768, -2.1640693300992795]
[-1.8321520528457977, -2.1650781897470015]
[-1.8307472332878034, -2.165879716397189]
[-1.8295135086730698, -2.1666151481498046]
[-1.8282572948386182, -2.1673870502850043]
[-1.8270010810041666, -2.168158952420204]
[-1.8260143128551973, -2.168871362341395]
[-1.8251070002811947, -2.1694468877295607]
[-1.8241996877071922, -2.170022413117727]
[-1.823377253206866, -2.170600053849707]
[-1.8225548187065395, -2.1711776945816865]
[-1.8218179732291158, -2.1717323767739662]
[-1.821180037335736, -2.172149109889646]
[-1.8204298744288776, -2.1727599602821237]
[-1.819861947911197, -2.1731975701736754]
[-1.8192940213935165, -2.1736351800652276]
[-1.8187306414508675, -2.1740903853020423]
[-1.81826493874116, -2.174429447702745]
end_values
[  92.43482998 -144.4911713 ]
[  81.08220427 -144.29662815]
[  75.10906407 -144.00016623]
[  73.22716783 -143.83321956]
[  72.28583091 -143.71137931]
[  71.85627239 -143.63649105]
[  71.58797071 -143.57730322]
[  71.42120302 -143.53180311]
[  71.32089015 -143.49908101]
[  71.24077183 -143.46792598]
[  71.19368446 -143.44641445]
[  71.15215876 -143.42434209]
[  71.12562866 -143.40798784]
[  71.10575911 -143.39403874]
[  71.08603339 -143.37808266]
[  71.07369081 -143.36654101]
[  71.06415139 -143.35642304]
[  71.05560473 -143.34609407]
[  71.04814261 -143.33565105]
[  71.0432188  -143.32767413]
[  71.03909338 -143.3200274 ]
[  71.0355129  -143.31231558]
[  71.03278092 -143.30539975]
[  71.03046266 -143.29841136]
[  71.02875325 -143.29216142]
[  71.0275092  -143.28657844]
[  71.02639234 -143.28016634]
[  71.0257556  -143.27521449]
[  71.02530491 -143.27021749]
[  71.02504205 -143.26524029]
[  71.02496101 -143.26104935]
