values
[396.414272018733, -97.07752045174229]
[396.58726743295074, -122.17554336386125]
[396.7911566195292, -133.87789480728577]
[396.8386141539004, -135.6921008997409]
[396.8839314153992, -136.96267075174507]
[396.8880732905762, -137.07282645692803]
[396.9177063408519, -137.88145573229156]
[396.9905655759052, -139.4448080492494]
[397.0023347600062, -139.71009644278232]
[397.03717910199254, -140.22276696823454]
[397.0842387980682, -140.86592378821547]
[397.08853907638854, -140.9172392473663]
[397.1195505206984, -141.17521693308618]
[397.1230740477412, -141.28258837494022]
[397.13174466413216, -141.36105761541225]
[397.1507790836976, -141.38632277647136]
[397.1578450098316, -141.5780152101378]
[397.22809490622507, -142.05621520133235]
[397.2724804476568, -142.27358219400736]
[397.31943294401066, -142.34484037520627]
[397.35560881728424, -142.63967810109506]
[397.4411034249852, -143.0178399937874]
[397.4923743533149, -143.19208232780764]
[397.4942810441504, -143.1932598475189]
[397.5031341551973, -143.1971544121012]
[397.5160004228866, -143.26606253479244]
[397.5283819301229, -143.3701679864898]
[397.5424570974585, -143.4162430991667]
[397.5432754146635, -143.42744574252683]
[397.5442161736077, -143.43007165477832]
[397.5446867427341, -143.43133556551135]
[397.5453928334916, -143.4331700936997]
[397.56724847673786, -143.51432410502895]
[397.56965200239773, -143.53045588011153]
[397.57671691195105, -143.55762316344854]
[397.58082836832807, -143.57209079265408]
[397.58717083016097, -143.59188782609002]
[397.59758513770413, -143.60837072957028]
[397.59760671511197, -143.63061825034328]
[397.6202619321363, -143.7075477097731]
[397.62557697720905, -143.70833084293008]
[397.6259540794595, -143.73289149028062]
[397.64022652750714, -143.77063431845414]
[397.66035633185584, -143.83048431866857]
[397.6760934326484, -143.89438952540732]
[397.7093335414283, -143.95347868006485]
[397.71778207230665, -144.0047543682679]
[397.72713497151767, -144.04062058497817]
[397.7435974113657, -144.07165233018827]
[397.7597409379837, -144.08224308917062]
[397.78368539846326, -144.11765934090872]
[397.81081671398067, -144.13896037910644]
[397.81193704353984, -144.14062543753505]
[397.9031636218281, -144.52611511596257]
values
[394.49902161320233, 5025.439190749969]
[394.50108943090544, 4738.648812287141]
[394.5072515749115, 4602.16712755421]
[394.51553031754565, 4528.908690387667]
[394.76904098796325, 1858.7575774306204]
[395.2318529970587, 731.4403844870671]
[395.7454074461865, 177.99622023676628]
[396.0776794669144, 2.885723313618456]
[396.414272018733, -97.07752045174229]
[396.58726743295074, -122.17554336386125]
[396.7903546759853, -134.04232681858065]
[396.8386141539004, -135.6921008997409]
[396.8507653833234, -136.07306557753432]
[396.86295115672414, -136.44130461181274]
[396.8751714741025, -136.79675064068977]
[396.8839314153992, -136.96267075174507]
[396.88742633545866, -137.13933620244075]
[396.89971574079243, -137.4689937838137]
[396.9177063408519, -137.88145573229156]
[396.95277512392965, -138.63313439419872]
[396.9905655759052, -139.4448080492494]
[397.0023347600062, -139.71009644278232]
[397.0277950911208, -140.1595268975347]
[397.03717910199254, -140.22276696823454]
[397.0571577877022, -140.55592238328074]
[397.06980595014335, -140.75259165337908]
[397.08248865656225, -140.93482246155332]
[397.0952059069588, -141.1025713865992]
[397.10795770133313, -141.2557963466849]
[397.1207440396851, -141.39445663477403]
[397.13356492201484, -141.51851295301202]
[397.1464203483222, -141.62792744603806]
[397.1593103186073, -141.72266373318348]
[397.17223483287006, -141.80268693951933]
[397.18519389111054, -141.86976464686336]
[397.19818749332876, -141.93367353445743]
[397.21121563952465, -141.99586253219726]
[397.2242783296982, -142.05630307428092]
[397.2373755638495, -142.11496823734075]
[397.2724804476568, -142.27358219400736]
[397.31943294401066, -142.34484037520627]
[397.35560881728424, -142.63967810109506]
[397.4411034249852, -143.0178399937874]
[397.4528359742477, -143.06472629263382]
[397.4666369678256, -143.12411745735503]
[397.4778166790989, -143.15055939244843]
[397.4804725053812, -143.18137037611422]
[397.4923743533149, -143.19208232780764]
[397.4942810441504, -143.1932598475189]
[397.4943425869145, -143.23646012874943]
[397.50824721242554, -143.2893636085884]
[397.5283819301229, -143.3701679864898]
[397.53011792365913, -143.3792534164688]
[397.5424570974585, -143.4162430991667]
[397.5432754146635, -143.42744574252683]
[397.5442161736077, -143.43007165477832]
[397.5446867427341, -143.43133556551135]
[397.5453928334916, -143.4331700936997]
[397.5637573172659, -143.50860949993557]
[397.56724847673786, -143.51432410502895]
[397.56965200239773, -143.53045588011153]
[397.57671691195105, -143.55762316344854]
[397.58082836832807, -143.57209079265408]
[397.58128389197196, -143.57452699994602]
[397.58717083016097, -143.59188782609002]
[397.59758513770413, -143.60837072957028]
[397.59760671511197, -143.63061825034328]
[397.59822428160186, -143.63511710864222]
[397.6202619321363, -143.7075477097731]
[397.62557697720905, -143.70833084293008]
[397.6259540794595, -143.73289149028062]
[397.63489872017135, -143.76122548550424]
[397.64022652750714, -143.77063431845414]
[397.64921753363166, -143.81411582731687]
[397.650355281835, -143.8196961808592]
[397.66035633185584, -143.83048431866857]
[397.6706977044518, -143.88590041139594]
[397.6760934326484, -143.89438952540732]
[397.6851103669253, -143.93544558839275]
[397.6922376204089, -143.9428914704552]
[397.69955757337647, -143.98256512496505]
[397.71778207230665, -144.0047543682679]
[397.7198090414856, -144.04491709779563]
[397.7201770862019, -144.04648085311396]
[397.73249466961585, -144.08470873328875]
[397.7383759788611, -144.10219878123203]
[397.7555554396648, -144.15246046808548]
[397.7609229835339, -144.1686089919761]
[397.7636654510798, -144.17649356347312]
[397.7708091741468, -144.1968481527295]
[397.77360727333894, -144.2046756444198]
[397.7765898626724, -144.2131282499614]
[397.7783577251081, -144.21798555558175]
[397.79231755717535, -144.2565755165321]
[397.81112903914766, -144.30671573665566]
[397.8139417609454, -144.3142449726583]
[397.8158003910781, -144.3189620725094]
[397.8211755668113, -144.33299924130648]
[397.8239553922748, -144.3401496159915]
[397.82830156710037, -144.35123391460002]
[397.8290946371466, -144.35324937656364]
[397.83265197899806, -144.36222903477386]
[397.83543854773325, -144.3692193101379]
[397.8427089101459, -144.3872638506831]
[397.8455334594946, -144.39412021454584]
[397.845747440178, -144.39469688328822]
[397.8499921415299, -144.4050631786103]
[397.8632157430027, -144.4356560301968]
[397.86459721121173, -144.43991710095807]
[397.87925375677867, -144.47376321191646]
[397.88199232880925, -144.47934678449386]
[397.88660133301903, -144.49030289977938]
[397.89324440231263, -144.50432992928327]
[397.89678570488337, -144.51277067714764]
[397.90120448950944, -144.52235056658253]
[397.9031636218281, -144.52611511596257]
[397.9094636041346, -144.5399105613713]
[397.90971233469486, -144.54048956023027]
[397.91438859815366, -144.5502954138307]
[397.9161068852955, -144.55366220268303]
[397.92452501698847, -144.57114555701637]
[397.929217460013, -144.58061380326248]
[397.93907379240073, -144.60013684566792]
[397.9488115060622, -144.61886954895544]
[397.9503065015019, -144.6217293795558]
[397.95155727008654, -144.62406297017301]
[397.95406075842055, -144.62866520441904]
[397.95430480923096, -144.62921891709877]
[397.9561683268167, -144.63266634896596]
[397.95902961138694, -144.6379977028108]
[397.96189247660055, -144.64328301036548]
[397.9637594992575, -144.64666592499145]
[397.96827348009134, -144.65413951496225]
[397.9740129009016, -144.66503400787445]
[397.98296445748053, -144.6791355531021]
[397.9890476663013, -144.69094807011442]
[397.9965843524581, -144.7034801417338]
[398.0018213652334, -144.7065520040666]
[398.0089123341539, -144.72332410287368]
[398.0167207056546, -144.73557209671583]
[398.0192716247561, -144.7393576749715]
[398.0274019238237, -144.74592149380828]
[398.0328022804129, -144.75957566298763]
[398.0344608178111, -144.76182887505973]
[398.0361209926473, -144.7639967318794]
[398.03659227653156, -144.7649891920066]
[398.0395071212539, -144.76915269421025]
[398.0439233898824, -144.7693420838756]
[398.0457529224164, -144.77752260113914]
[398.04970148675125, -144.7831291653828]
[398.0501706023969, -144.78399446969632]
[398.0586627923344, -144.78854386834388]
[398.0593605029957, -144.79599548932708]
[398.0598276851658, -144.796845119618]
[398.06797887103556, -144.80580915511794]
[398.0690398620981, -144.8083881358935]
[398.0695051107928, -144.80922222541452]
[398.0709567660865, -144.810829224706]
[398.0730043693599, -144.81348190737634]
[398.0744458805773, -144.81383043898543]
[398.07587629801026, -144.81699527787268]
[398.0768303927251, -144.8181088813196]
[398.08066009248, -144.82265237937378]
[398.08463260060745, -144.8275029294716]
[398.0919862092148, -144.82972077098665]
[398.0943630134763, -144.83865506755683]
[398.10315284798503, -144.84833664803406]
[398.1035184529099, -144.84876760544557]
[398.1042497516555, -144.84960646179016]
[398.10810222025754, -144.85365652842168]
[398.1120931270043, -144.85785314877364]
[398.11292145286797, -144.85857235921756]
[398.11305589086186, -144.8588279444287]
[398.1218777128237, -144.8676517565261]
[398.13071521754097, -144.87607662308315]
[398.13168264150113, -144.87696339546733]
[398.1326503927625, -144.87783955946207]
[398.1328859216149, -144.87796644940025]
[398.1349554716953, -144.87995875556888]
[398.14050356260066, -144.8801374682598]
[398.1415079130365, -144.88578632331144]
[398.14539266612553, -144.88911307127412]
[398.14904233006405, -144.89221993766813]
[398.1501833438922, -144.89277311540772]
[398.15038111606594, -144.89333150208267]
[398.1517202613611, -144.89443394145178]
[398.15256594837484, -144.8949901977884]
[398.15628396319835, -144.8981008375812]
[398.1592700018508, -144.90047403757572]
[398.1612194846813, -144.90195961947205]
[398.16817457039116, -144.90721293885412]
[398.1686323026204, -144.90751650952436]
[398.1687352707089, -144.9076222893911]
[398.1691513145564, -144.90792165904125]
[398.16951846311576, -144.90819384924558]
[398.17291993435424, -144.91063408159332]
[398.1729697180592, -144.9106644511239]
[398.17318362336107, -144.91081315387532]
[398.17341290269303, -144.9109830757319]
[398.1748341347257, -144.91198003200384]
[398.17550413226286, -144.91218607728933]
[398.17856441825217, -144.9144857158291]
[398.17978771385884, -144.915377971714]
[398.1805801549376, -144.91591028506045]
[398.18464641119954, -144.91666072783678]
[398.18474637870645, -144.91865202022706]
[398.18680980404696, -144.91994097489822]
[398.1872558155166, -144.92004110390062]
[398.18828492657946, -144.9209106852187]
[398.1884822632463, -144.9209767498532]
[398.18872839533947, -144.92118469726773]
[398.19002053254036, -144.92199479059826]
[398.1900777540801, -144.92202512328575]
[398.19265616065525, -144.9228885478404]
[398.19344881431516, -144.9240361628286]
[398.1946789655452, -144.92482788444346]
[398.1949553709109, -144.92496216648118]
[398.1996292596889, -144.92552649554102]
[398.19971311621873, -144.9264479796345]
[398.20027498537456, -144.9280833865912]
[398.20203382295114, -144.92894037576056]
[398.20214175567486, -144.92913356617652]
[398.20717979349274, -144.93187646846883]
[398.20749129591394, -144.93204197167609]
[398.2084823926935, -144.9325562897197]
[398.21253711994893, -144.9331806305358]
[398.2140936658293, -144.935425057977]
[398.21486103708105, -144.935649692778]
[398.21682085192634, -144.93669618843936]
[398.2178380904795, -144.9372498865212]
[398.218765195981, -144.9373139733883]
[398.21971137557256, -144.93813598052964]
[398.22158537584414, -144.93900452127673]
[398.2247095202086, -144.93906626540388]
[398.22533552192317, -144.94068892456843]
[398.226164817497, -144.9408117322705]
[398.2294570207067, -144.94244523552402]
[398.23248303574854, -144.9433528204423]
[398.23321296639983, -144.94398271968268]
[398.23623001017677, -144.94468425760272]
[398.23647293805334, -144.94492782775058]
[398.2384152018656, -144.94600904759113]
[398.24110219610725, -144.9469620882332]
[398.2428754481348, -144.94723957964678]
[398.2443502739815, -144.9472455214486]
[398.2464790765607, -144.9485555730591]
[398.25008581987095, -144.94979668071772]
[398.2560350256239, -144.95100113610496]
[398.2577598791931, -144.95118391908522]
[398.2590219248329, -144.9519994776173]
[398.2596535652362, -144.95235559755767]
values
[394.4802877216292, 5437.9540320118385]
[394.48028882004957, 5416.06068935676]
[394.48049937917665, 5350.648587773044]
[394.4813823154013, 5265.75305850478]
[394.4833247937703, 5139.471154844202]
[394.4869964848619, 5121.708359363893]
[394.489863626754, 4893.507683669753]
[394.49542782167003, 4856.988989222247]
[394.5004461081967, 4697.455890864698]
[394.5072515749115, 4602.16712755421]
[394.51553031754565, 4528.908690387667]
[394.76904098796325, 1858.7575774306204]
[395.2318529970587, 731.4403844870671]
[395.7454074461865, 177.99622023676628]
[396.0776794669144, 2.885723313618456]
[396.414272018733, -97.07752045174229]
[396.58726743295074, -122.17554336386125]
[396.7903546759853, -134.04232681858065]
[396.8386141539004, -135.6921008997409]
[396.8507653833234, -136.07306557753432]
[396.86295115672414, -136.44130461181274]
[396.8751714741025, -136.79675064068977]
[396.8839314153992, -136.96267075174507]
[396.88742633545866, -137.13933620244075]
[396.89971574079243, -137.4689937838137]
[396.91203969010394, -137.78565586861427]
[396.9177063408519, -137.88145573229156]
[396.9403926999864, -138.3305928602354]
[396.95277512392965, -138.63313439419872]
[396.9905655759052, -139.4448080492494]
[397.0023347600062, -139.71009644278232]
[397.0277950911208, -140.1595268975347]
[397.03717910199254, -140.22276696823454]
[397.0571577877022, -140.55592238328074]
[397.06980595014335, -140.75259165337908]
[397.08248865656225, -140.93482246155332]
[397.0952059069588, -141.1025713865992]
[397.10795770133313, -141.2557963466849]
[397.1207440396851, -141.39445663477403]
[397.13356492201484, -141.51851295301202]
[397.1464203483222, -141.62792744603806]
[397.1593103186073, -141.72266373318348]
[397.17223483287006, -141.80268693951933]
[397.18519389111054, -141.86976464686336]
[397.19818749332876, -141.93367353445743]
[397.21121563952465, -141.99586253219726]
[397.2242783296982, -142.05630307428092]
[397.2373755638495, -142.11496823734075]
[397.250638771647, -142.15523695495554]
[397.2724804476568, -142.27358219400736]
[397.31943294401066, -142.34484037520627]
[397.33435759332946, -142.55473482198408]
[397.35560881728424, -142.63967810109506]
[397.4122071168164, -142.89065704145403]
[397.43073021431303, -142.97436844493356]
[397.4411034249852, -143.0178399937874]
[397.4528359742477, -143.06472629263382]
[397.4666369678256, -143.12411745735503]
[397.4778166790989, -143.15055939244843]
[397.4804725053812, -143.18137037611422]
[397.4923743533149, -143.19208232780764]
[397.4942810441504, -143.1932598475189]
[397.4943425869145, -143.23646012874943]
[397.50824721242554, -143.2893636085884]
[397.5112921249942, -143.29896250003986]
[397.5283819301229, -143.3701679864898]
[397.53011792365913, -143.3792534164688]
[397.5308907628279, -143.38229820095302]
[397.5424570974585, -143.4162430991667]
[397.5432754146635, -143.42744574252683]
[397.5442161736077, -143.43007165477832]
[397.5446867427341, -143.43133556551135]
[397.5453928334916, -143.4331700936997]
[397.5637573172659, -143.50860949993557]
[397.56724847673786, -143.51432410502895]
[397.56965200239773, -143.53045588011153]
[397.57671691195105, -143.55762316344854]
[397.58082836832807, -143.57209079265408]
[397.58128389197196, -143.57452699994602]
[397.58717083016097, -143.59188782609002]
[397.59758513770413, -143.60837072957028]
[397.59760671511197, -143.63061825034328]
[397.59822428160186, -143.63511710864222]
[397.6202619321363, -143.7075477097731]
[397.62557697720905, -143.70833084293008]
[397.6259540794595, -143.73289149028062]
[397.6325207213679, -143.7574206604096]
[397.63489872017135, -143.76122548550424]
[397.64022652750714, -143.77063431845414]
[397.64921753363166, -143.81411582731687]
[397.650355281835, -143.8196961808592]
[397.66035633185584, -143.83048431866857]
[397.6706977044518, -143.88590041139594]
[397.6760934326484, -143.89438952540732]
[397.6851103669253, -143.93544558839275]
[397.6922376204089, -143.9428914704552]
[397.69955757337647, -143.98256512496505]
[397.71778207230665, -144.0047543682679]
[397.7198090414856, -144.04491709779563]
[397.7201770862019, -144.04648085311396]
[397.73249466961585, -144.08470873328875]
[397.7383759788611, -144.10219878123203]
[397.7395824446385, -144.10600066032052]
[397.7555554396648, -144.15246046808548]
[397.7566451814367, -144.15623501662643]
[397.7609229835339, -144.1686089919761]
[397.7636654510798, -144.17649356347312]
[397.7708091741468, -144.1968481527295]
[397.77360727333894, -144.2046756444198]
[397.7765898626724, -144.2131282499614]
[397.7783577251081, -144.21798555558175]
[397.7919519302412, -144.2533474672352]
[397.79231755717535, -144.2565755165321]
[397.81112903914766, -144.30671573665566]
[397.8139417609454, -144.3142449726583]
[397.8156722178164, -144.3187635749218]
[397.8158003910781, -144.3189620725094]
[397.8201630009162, -144.3304115867453]
[397.8211755668113, -144.33299924130648]
[397.8239553922748, -144.3401496159915]
[397.82830156710037, -144.35123391460002]
[397.8290946371466, -144.35324937656364]
[397.83265197899806, -144.36222903477386]
[397.83543854773325, -144.3692193101379]
[397.8419335207353, -144.38534304981658]
[397.8427089101459, -144.3872638506831]
[397.8439195560282, -144.39023319769805]
[397.8455334594946, -144.39412021454584]
[397.845747440178, -144.39469688328822]
[397.8469351018681, -144.39754777919455]
[397.8499921415299, -144.4050631786103]
[397.8632157430027, -144.4356560301968]
[397.86459721121173, -144.43991710095807]
[397.87472955968445, -144.4634453768144]
[397.87925375677867, -144.47376321191646]
[397.88199232880925, -144.47934678449386]
[397.884106109175, -144.4847244844881]
[397.88660133301903, -144.49030289977938]
[397.8873387581038, -144.49193269763094]
[397.8873807397364, -144.49205785927904]
[397.8919426044897, -144.50216976809017]
[397.89324440231263, -144.50432992928327]
[397.89678570488337, -144.51277067714764]
[397.90120448950944, -144.52235056658253]
[397.9016357065048, -144.52322832687153]
[397.9031636218281, -144.52611511596257]
[397.90621231726044, -144.53305296539742]
[397.9069934706809, -144.5347362847552]
[397.9094636041346, -144.5399105613713]
[397.90971233469486, -144.54048956023027]
[397.9102450237725, -144.54159535148105]
[397.91438859815366, -144.5502954138307]
[397.9148297893687, -144.55121676891494]
[397.9161068852955, -144.55366220268303]
[397.92452501698847, -144.57114555701637]
[397.929217460013, -144.58061380326248]
[397.9367866801808, -144.5955893260473]
[397.93907379240073, -144.60013684566792]
[397.9436539385889, -144.60899320774104]
[397.94615159017656, -144.6136945400795]
[397.94827147879585, -144.61786503253154]
[397.9488115060622, -144.61886954895544]
[397.9503065015019, -144.6217293795558]
[397.95155727008654, -144.62406297017301]
[397.95234244081377, -144.625573244055]
[397.95406075842055, -144.62866520441904]
[397.95430480923096, -144.62921891709877]
[397.9548460990688, -144.63019549952134]
[397.9561683268167, -144.63266634896596]
[397.95902961138694, -144.6379977028108]
[397.95947485938854, -144.63882410697582]
[397.96189247660055, -144.64328301036548]
[397.9637594992575, -144.64666592499145]
[397.9663753968829, -144.65144737316282]
[397.96827348009134, -144.65413951496225]
[397.9740129009016, -144.66503400787445]
[397.98296445748053, -144.6791355531021]
[397.9885997503462, -144.690185671277]
[397.9890476663013, -144.69094807011442]
[397.99326128527673, -144.6980366587985]
[397.9953169064333, -144.70144491253384]
[397.9965843524581, -144.7034801417338]
[397.99737344419566, -144.70483195579075]
[398.00148926953744, -144.7115422900382]
[398.00204313396665, -144.71246614468077]
[398.0035594314379, -144.71483049028322]
[398.0070236057554, -144.72037573076994]
[398.00750710133985, -144.72125091535585]
[398.0089123341539, -144.72332410287368]
[398.01006072030106, -144.72525544071752]
[398.01155075580874, -144.7275316436882]
[398.01175400701885, -144.72789593353457]
[398.01318737932866, -144.73017458729865]
[398.01552280337205, -144.73379074307977]
[398.0167207056546, -144.73557209671583]
[398.0192716247561, -144.7393576749715]
[398.02006267699875, -144.74062883249272]
[398.0208538255379, -144.74188101673096]
[398.0274019238237, -144.74592149380828]
[398.0299724269449, -144.75544619138242]
[398.03024228937176, -144.755912822968]
[398.0328022804129, -144.75957566298763]
[398.0344608178111, -144.76182887505973]
[398.0361209926473, -144.7639967318794]
[398.03659227653156, -144.7649891920066]
[398.03686129007815, -144.7654676274334]
[398.0382105455343, -144.76739754071033]
[398.0395071212539, -144.76915269421025]
[398.0402999640807, -144.7703227735041]
[398.0438001588738, -144.7752821265452]
[398.0444540449284, -144.7761380061215]
[398.045010583303, -144.77693426618595]
[398.0457529224164, -144.77752260113914]
[398.0460115276974, -144.7782998187081]
[398.0462222728252, -144.7784992058002]
[398.0473633021022, -144.78016878417887]
[398.0477194549527, -144.78063072725269]
[398.04894063829994, -144.78234223743124]
[398.04970148675125, -144.7831291653828]
[398.0501706023969, -144.78399446969632]
[398.0503821322529, -144.78419248349647]
[398.0506496091599, -144.78465271318146]
[398.0586627923344, -144.78854386834388]
[398.0593605029957, -144.79599548932708]
[398.0598276851658, -144.796845119618]
[398.06797887103556, -144.80580915511794]
[398.0690398620981, -144.8083881358935]
[398.0695051107928, -144.80922222541452]
[398.07074182957757, -144.81073655169257]
[398.0709567660865, -144.810829224706]
[398.07196679132625, -144.81231285261237]
[398.0730043693599, -144.81348190737634]
[398.07346938329147, -144.81420477439988]
[398.07521827999494, -144.81635723507347]
[398.07587629801026, -144.81699527787268]
[398.0768303927251, -144.8181088813196]
[398.0770622979774, -144.81851114454074]
[398.07732695518735, -144.81891023023013]
[398.07943231153234, -144.8213567252045]
[398.07943698879336, -144.821427270226]
[398.0804424133863, -144.82253400679707]
[398.08066009248, -144.82265237937378]
[398.08097102429434, -144.82330931064791]
[398.08269260343314, -144.8253516272218]
[398.0831738953937, -144.82591467188976]
[398.0839195420339, -144.82680252113164]
[398.0844149478158, -144.82737630310623]
[398.08463260060745, -144.8275029294716]
[398.08485106442924, -144.8276196614108]
[398.08558886172295, -144.82857865340023]
[398.08564216477737, -144.82882395869902]
[398.0919862092148, -144.82972077098665]
[398.0943630134763, -144.83865506755683]
[398.0948885511052, -144.83939489567837]
[398.10315284798503, -144.84833664803406]
[398.1035184529099, -144.84876760544557]
[398.1038918828081, -144.8491902679675]
[398.10415372032094, -144.84952871798424]
[398.10418879055374, -144.84955904052111]
[398.1042497516555, -144.84960646179016]
[398.10447948866914, -144.8498823474214]
[398.10538415896235, -144.85084595824884]
[398.1058846577223, -144.85136525574012]
[398.1063855745147, -144.85184414081496]
[398.10711537472446, -144.85267917871568]
[398.10810222025754, -144.85365652842168]
[398.11172725668143, -144.85746346881385]
[398.1120931270043, -144.85785314877364]
[398.11292145286797, -144.85857235921756]
[398.11305589086186, -144.8588279444287]
[398.11343767242465, -144.8592236314668]
[398.1169078618852, -144.8627105411962]
[398.1178800624596, -144.8636492898381]
[398.12165001938797, -144.86740034506022]
[398.1218777128237, -144.8676517565261]
[398.1224768903862, -144.86819973647835]
[398.12270453334423, -144.86845330263884]
[398.1227404074163, -144.86847793170648]
[398.1239738582273, -144.86969328481155]
[398.12618208992126, -144.87177728593053]
[398.1274521538234, -144.87300443719457]
[398.1276782475197, -144.87315572377094]
[398.1291924494872, -144.87463307489796]
[398.1304269448908, -144.8758090040005]
[398.13071521754097, -144.87607662308315]
[398.1309335103949, -144.8762437381728]
[398.13131635419006, -144.87660713261897]
[398.13168264150113, -144.87696339546733]
[398.13216828415926, -144.87741626855856]
[398.13220454712643, -144.87744108033215]
[398.1326503927625, -144.87783955946207]
[398.1328859216149, -144.87796644940025]
[398.13461374590474, -144.8796548925871]
[398.1349554716953, -144.87995875556888]
[398.14050356260066, -144.8801374682598]
[398.1415079130365, -144.88578632331144]
[398.1436117853226, -144.88762135882237]
[398.14405447963907, -144.8880093618546]
[398.14539266612553, -144.88911307127412]
[398.1486067514032, -144.89186656530615]
[398.14904233006405, -144.89221993766813]
[398.14999715619405, -144.89300911664648]
[398.15038111606594, -144.89333150208267]
[398.1508292579952, -144.89369225690808]
[398.1513535274299, -144.89411890623083]
[398.1517202613611, -144.89443394145178]
[398.1521043202459, -144.8947517305794]
[398.15256594837484, -144.8949901977884]
[398.1530858062182, -144.89553583398475]
[398.1533425252003, -144.8957629355542]
[398.1533796163067, -144.8957942144462]
[398.153854252533, -144.89616716277283]
[398.15537386433823, -144.89739986964526]
[398.15628396319835, -144.8981008375812]
[398.1592700018508, -144.90047403757572]
[398.15930151451494, -144.90050055761785]
[398.1612194846813, -144.90195961947205]
[398.162722732023, -144.9031382017145]
[398.16817457039116, -144.90721293885412]
[398.1686323026204, -144.90751650952436]
[398.1687352707089, -144.9076222893911]
[398.1691513145564, -144.90792165904125]
[398.16946043336867, -144.90814643909607]
[398.16951846311576, -144.90819384924558]
[398.16957652933, -144.90823413930931]
[398.17080473901814, -144.9091191729551]
[398.1712478900951, -144.90944218560605]
[398.1720838267879, -144.91004015283437]
[398.17291993435424, -144.91063408159332]
[398.1729697180592, -144.9106644511239]
[398.17318362336107, -144.91081315387532]
[398.1733631483679, -144.91094411247528]
[398.17341290269303, -144.9109830757319]
[398.17387948179555, -144.91130598195352]
[398.1745926621073, -144.91180982017764]
[398.1748341347257, -144.91198003200384]
[398.1752404974983, -144.91226435998175]
[398.1784410881262, -144.91446722273892]
[398.17856441825217, -144.9144857158291]
[398.17978771385884, -144.915377971714]
[398.1805801549376, -144.91591028506045]
[398.1814629006015, -144.9164989838559]
[398.1846257955099, -144.91857384334602]
[398.18474637870645, -144.91865202022706]
[398.18666455758176, -144.91987861964097]
[398.18680980404696, -144.91994097489822]
[398.1872558155166, -144.92004110390062]
[398.18769299223777, -144.9205373098973]
[398.1877908482986, -144.92059757341968]
[398.18828492657946, -144.9209106852187]
[398.1884822632463, -144.9209767498532]
[398.18872839533947, -144.92118469726773]
[398.18971012926863, -144.92180203599673]
[398.18996334746777, -144.92195733800395]
[398.19002053254036, -144.92199479059826]
[398.1900777540801, -144.92202512328575]
[398.1908599534637, -144.92251369810896]
[398.19214306675264, -144.9232956541133]
[398.1924260406793, -144.92346626508674]
[398.1933792414747, -144.92404608420333]
[398.1939084722918, -144.92436638209722]
[398.1940107295561, -144.92442425232403]
[398.19402907257006, -144.92443888759715]
[398.1946789655452, -144.92482788444346]
[398.1949553709109, -144.92496216648118]
[398.1996292596889, -144.92552649554102]
[398.19971311621873, -144.9264479796345]
[398.20027498537456, -144.9280833865912]
[398.20203382295114, -144.92894037576056]
[398.20214175567486, -144.92913356617652]
[398.2033513349706, -144.92980310345771]
[398.2037545780207, -144.930023820471]
[398.2049396911063, -144.9306733904806]
[398.20549517929936, -144.93096895552242]
[398.2058774418113, -144.93118140708657]
[398.2062225945673, -144.93133720711734]
[398.2065092616252, -144.93150972880443]
[398.2065285867121, -144.93153084274624]
[398.2067769045067, -144.93166175800818]
[398.20717979349274, -144.93187646846883]
[398.20749129591394, -144.93204197167609]
[398.20758275085217, -144.93207286166577]
[398.20811802178804, -144.93237545656876]
[398.20813757991107, -144.9323795790803]
[398.2084823926935, -144.9325562897197]
[398.21253711994893, -144.9331806305358]
[398.21278987658275, -144.9347810448533]
[398.2140936658293, -144.935425057977]
[398.214401393977, -144.93558353592917]
[398.21486103708105, -144.935649692778]
[398.21682085192634, -144.93669618843936]
[398.2178380904795, -144.9372498865212]
[398.21840639628016, -144.93752780310672]
[398.21905885498643, -144.93783379819158]
[398.21971137557256, -144.93813598052964]
[398.22046932233394, -144.93849211574067]
[398.22065235637996, -144.93857943080246]
[398.2210166023842, -144.93872890672145]
[398.22158537584414, -144.93900452127673]
[398.2219783869327, -144.9391912243437]
[398.22222580926064, -144.93928825707678]
[398.22224639724357, -144.939312196338]
[398.22365776036503, -144.93994846137238]
[398.22445354311606, -144.94028590432302]
[398.22533552192317, -144.94068892456843]
[398.226164817497, -144.9408117322705]
[398.22852713049787, -144.94206819427885]
[398.2294570207067, -144.94244523552402]
[398.23020639172626, -144.94276722040757]
[398.23096610488125, -144.94308376860408]
[398.23227371178456, -144.94360494113914]
[398.23321296639983, -144.94398271968268]
[398.2332389673731, -144.9440096915674]
[398.2334011708446, -144.94406936678683]
[398.23420481045446, -144.94437826079835]
[398.2343604692207, -144.94444931209705]
[398.2348155522853, -144.9446263253723]
[398.23483721496575, -144.94464146934496]
[398.23551319196713, -144.94490076997974]
[398.23566317419915, -144.9449586213249]
[398.2362739345807, -144.9451917105864]
[398.2379119213959, -144.94580566654105]
[398.23801338505797, -144.94585482880038]
[398.2384152018656, -144.94600904759113]
[398.2390494214068, -144.94622817322048]
[398.24110219610725, -144.9469620882332]
[398.2411560626643, -144.94700792500663]
[398.24131117052815, -144.94703605729836]
[398.2424460547243, -144.94739953114592]
[398.24537147734867, -144.94848134393266]
[398.2454232990738, -144.9484921514381]
[398.24604029464876, -144.9487069138294]
[398.2461958711142, -144.94875504521212]
[398.24636939751485, -144.94881204426048]
[398.24640541341745, -144.9488203706353]
[398.2474836735935, -144.94916742404112]
[398.24748525762766, -144.94918220072435]
[398.24906383738266, -144.94969403282846]
[398.25008581987095, -144.94979668071772]
[398.25093432947307, -144.95028413635697]
[398.25338181505896, -144.95102894330287]
[398.2543398242622, -144.9513138764632]
[398.25452889476924, -144.95136687591472]
[398.25522965086856, -144.95156436557085]
[398.25532941240647, -144.95158296712395]
[398.2554200530245, -144.9516272719602]
[398.25546696519433, -144.95164141303485]
[398.25550319097323, -144.95165133644332]
[398.25582707904516, -144.95174126432667]
[398.25583046819827, -144.95174404179684]
[398.25602686358826, -144.95180121246617]
[398.2563249374506, -144.95188583735847]
[398.2564510127153, -144.951921892762]
[398.25707908723194, -144.95196894526796]
[398.25727469835294, -144.9521396164564]
[398.25748877883325, -144.95221182201394]
[398.2577522756851, -144.95228299063695]
[398.25888100309993, -144.9525782449232]
[398.2594783784524, -144.95274832864365]
[398.2596748523733, -144.9528034819979]
[398.2607237881556, -144.95305622227332]
[398.2607510661956, -144.95308854064567]
[398.26081107480496, -144.953099214741]
[398.2608984494796, -144.9531294800345]
[398.2611212413151, -144.95318289804987]
[398.26120817827774, -144.95320890322978]
[398.2619794284146, -144.95327072070123]
[398.26209133932707, -144.9532758669359]
[398.26242838560796, -144.95336246609364]
[398.2626820030312, -144.95338369385564]
[398.2633246359021, -144.95369418447547]
[398.2645794477751, -144.9540519425348]
[398.26493964407115, -144.9540963343929]
[398.2653004882447, -144.95418971056134]
[398.2656244568044, -144.95422899171612]
[398.26562844446846, -144.95427413461613]
[398.26612366783536, -144.95438391579964]
[398.267344481448, -144.9546794273353]
[398.2676691523537, -144.95477843322115]
[398.2679281019212, -144.95480982773108]
[398.2680508923498, -144.9548520788261]
[398.2682709355505, -144.9548962169106]
[398.2684107243123, -144.95494306875213]
[398.26846494660856, -144.9549571498039]
[398.268751598453, -144.95497626375354]
[398.26948871339073, -144.95518150161976]
[398.27022992639377, -144.95529828497232]
[398.27044615636737, -144.95535718520375]
[398.2709061686178, -144.95548620580473]
[398.27096036212197, -144.9554979045615]
[398.2715026510148, -144.95561116934599]
[398.272835076554, -144.955808580992]
[398.2733368520594, -144.95581944992395]
[398.2738636528649, -144.95604246837036]
[398.27423380722485, -144.9561024616428]
[398.27446385392705, -144.95610655438597]
[398.2747962661757, -144.95626850607562]
[398.27533904463365, -144.95637161418517]
[398.2760783803411, -144.95643456369555]
[398.2761014824208, -144.9565141545057]
[398.27642161004275, -144.95652737596876]
[398.27678317228276, -144.9566113841685]
[398.27755021021926, -144.95672077271936]
[398.2775713138257, -144.95673060177162]
[398.27834818359725, -144.9569171068265]
[398.2785496003994, -144.95695168819043]
[398.2790148552928, -144.9570286349737]
[398.2791149408672, -144.95704622404816]
[398.27994133272716, -144.9571879289507]
[398.28063142890215, -144.9571965318591]
[398.28070498328157, -144.95723353504846]
[398.28088134681303, -144.95734093983413]
[398.28258482711817, -144.95760438534884]
[398.28440030819786, -144.9578280494971]
[398.2847246759388, -144.9579246131542]
[398.2860303382529, -144.95799787160857]
[398.2861251718803, -144.95802273720273]
[398.28613108522956, -144.95811000989602]
[398.28615722616007, -144.95811734856744]
[398.28642930183526, -144.95815588428704]
[398.28648329050264, -144.9581579605693]
[398.2867013993344, -144.95819377558914]
[398.28719331024394, -144.95825622363125]
[398.28806349446376, -144.95827803661308]
[398.2880987189192, -144.95834938604088]
[398.2888002840486, -144.95846457738335]
[398.29006693985195, -144.95856146456012]
[398.2902766715101, -144.95863508355905]
[398.291746614089, -144.9587003629867]
[398.2930101919415, -144.95876530478773]
[398.2932076522871, -144.95887128849523]
[398.2932289913268, -144.95888098729972]
[398.2932304374061, -144.95893003053314]
[398.2938543709025, -144.95901360830587]
[398.29394994475956, -144.95902881092417]
[398.2941269361428, -144.9590419865877]
[398.2947546788988, -144.959062970012]
[398.294892068011, -144.95911358034263]
[398.2952316152924, -144.95912919582696]
[398.2954110010109, -144.95916155602958]
[398.29558687742497, -144.95918150503576]
[398.295929990308, -144.95920819152158]
[398.2968889865856, -144.95927953243353]
[398.29836730248456, -144.95938215573088]
[398.29951159205075, -144.9594881560834]
[398.3010431467484, -144.95948953467087]
[398.3016537705418, -144.95959296829037]
[398.3017947384211, -144.95961218174446]
[398.3027522249199, -144.95969235694636]
[398.3030956210101, -144.9597053526218]
[398.3033687700584, -144.9597217486892]
[398.3041352436295, -144.95975882591145]
[398.305712164598, -144.9598091324929]
[398.30668207718605, -144.95985979006298]
[398.3086564724162, -144.95990092965295]
[398.3096438902475, -144.95991126771514]
[398.3099174140395, -144.95992161712377]
[398.3102709605786, -144.95995147902437]
[398.3105981964225, -144.9599523129862]
[398.3145499607737, -144.95995745695737]
values
[394.4802877216292, 5437.9540320118385]
[394.48028882004957, 5416.06068935676]
[394.4803244624475, 5394.211970855433]
[394.4803946488232, 5372.4079219101095]
[394.48049937917665, 5350.648587773044]
[394.4813823154013, 5265.75305850478]
[394.4833247937703, 5139.471154844202]
[394.4869964848619, 5121.708359363893]
[394.489863626754, 4893.507683669753]
[394.49542782167003, 4856.988989222247]
[394.5004461081967, 4697.455890864698]
[394.5072515749115, 4602.16712755421]
[394.51553031754565, 4528.908690387667]
[394.76904098796325, 1858.7575774306204]
[395.2318529970587, 731.4403844870671]
[395.7454074461865, 177.99622023676628]
[396.0776794669144, 2.885723313618456]
[396.414272018733, -97.07752045174229]
[396.58726743295074, -122.17554336386125]
[396.7903546759853, -134.04232681858065]
[396.8264974684551, -135.2984777924787]
[396.8386141539004, -135.6921008997409]
[396.8507653833234, -136.07306557753432]
[396.86295115672414, -136.44130461181274]
[396.8751714741025, -136.79675064068977]
[396.8839314153992, -136.96267075174507]
[396.88742633545866, -137.13933620244075]
[396.89971574079243, -137.4689937838137]
[396.91203969010394, -137.78565586861427]
[396.9177063408519, -137.88145573229156]
[396.9403926999864, -138.3305928602354]
[396.95277512392965, -138.63313439419872]
[396.9905655759052, -139.4448080492494]
[397.0023347600062, -139.71009644278232]
[397.0277950911208, -140.1595268975347]
[397.03717910199254, -140.22276696823454]
[397.0571577877022, -140.55592238328074]
[397.06980595014335, -140.75259165337908]
[397.08248865656225, -140.93482246155332]
[397.0952059069588, -141.1025713865992]
[397.10795770133313, -141.25579634668492]
[397.1207440396851, -141.39445663477403]
[397.13356492201484, -141.51851295301202]
[397.1464203483222, -141.62792744603806]
[397.1593103186073, -141.72266373318348]
[397.17223483287006, -141.80268693951933]
[397.18519389111054, -141.86976464686336]
[397.19818749332876, -141.93367353445743]
[397.21121563952465, -141.99586253219726]
[397.2242783296982, -142.05630307428092]
[397.2373755638495, -142.11496823734075]
[397.250638771647, -142.15523695495554]
[397.2724804476568, -142.27358219400736]
[397.31943294401066, -142.34484037520627]
[397.33435759332946, -142.55473482198408]
[397.35560881728424, -142.63967810109506]
[397.4122071168164, -142.89065704145403]
[397.4267733871821, -142.95753543352964]
[397.43073021431303, -142.97436844493356]
[397.4411034249852, -143.0178399937874]
[397.4528359742477, -143.06472629263382]
[397.46054036644574, -143.09923995414573]
[397.4666369678256, -143.12411745735503]
[397.4778166790989, -143.15055939244843]
[397.4804725053812, -143.18137037611422]
[397.48290181283875, -143.1883534090377]
[397.4923743533149, -143.19208232780764]
[397.4942810441504, -143.1932598475189]
[397.4943425869145, -143.23646012874943]
[397.49679016423875, -143.2469001367408]
[397.50824721242554, -143.2893636085884]
[397.5107130596164, -143.30326596042264]
[397.5246704989718, -143.35742633467407]
[397.5283819301229, -143.3701679864898]
[397.53011792365913, -143.3792534164688]
[397.5308907628279, -143.38229820095302]
[397.5424570974585, -143.4162430991667]
[397.5432754146635, -143.42744574252683]
[397.5442161736077, -143.43007165477832]
[397.5446867427341, -143.43133556551135]
[397.5453928334916, -143.4331700936997]
[397.5615617191655, -143.50038375217403]
[397.5637573172659, -143.50860949993557]
[397.56724847673786, -143.51432410502895]
[397.56965200239773, -143.53045588011153]
[397.57671691195105, -143.55762316344854]
[397.58082836832807, -143.57209079265408]
[397.58128389197196, -143.57452699994602]
[397.58717083016097, -143.59188782609002]
[397.59682538619745, -143.6315829071552]
[397.59822428160186, -143.63511710864222]
[397.6202619321363, -143.7075477097731]
[397.62557697720905, -143.70833084293008]
[397.6259540794595, -143.73289149028062]
[397.6325207213679, -143.7574206604096]
[397.63489872017135, -143.76122548550424]
[397.6380079225566, -143.77673157405187]
[397.64921753363166, -143.81411582731687]
[397.650355281835, -143.8196961808592]
[397.66035633185584, -143.83048431866857]
[397.6706977044518, -143.88590041139594]
[397.6760934326484, -143.89438952540732]
[397.6851103669253, -143.93544558839275]
[397.6922376204089, -143.9428914704552]
[397.69955757337647, -143.98256512496505]
[397.71778207230665, -144.0047543682679]
[397.7198090414856, -144.04491709779563]
[397.7201770862019, -144.04648085311396]
[397.73249466961585, -144.08470873328875]
[397.7346741337528, -144.09128215173027]
[397.7383759788611, -144.10219878123203]
[397.7395824446385, -144.10600066032052]
[397.7555554396648, -144.15246046808548]
[397.7566451814367, -144.15623501662643]
[397.7609229835339, -144.1686089919761]
[397.7636654510798, -144.17649356347312]
[397.7658631545987, -144.18278167037374]
[397.7708091741468, -144.1968481527295]
[397.77360727333894, -144.2046756444198]
[397.7765898626724, -144.2131282499614]
[397.7783577251081, -144.21798555558175]
[397.7919519302412, -144.2533474672352]
[397.79231755717535, -144.2565755165321]
[397.81112903914766, -144.30671573665566]
[397.8139417609454, -144.3142449726583]
[397.8156722178164, -144.3187635749218]
[397.8158003910781, -144.3189620725094]
[397.8189456523685, -144.3272546449794]
[397.8201630009162, -144.3304115867453]
[397.8211755668113, -144.33299924130648]
[397.8239553922748, -144.3401496159915]
[397.82830156710037, -144.35123391460002]
[397.8290946371466, -144.35324937656364]
[397.83265197899806, -144.36222903477386]
[397.83543854773325, -144.3692193101379]
[397.8419335207353, -144.38534304981658]
[397.8427089101459, -144.3872638506831]
[397.8439195560282, -144.39023319769805]
[397.8455334594946, -144.39412021454584]
[397.845747440178, -144.39469688328822]
[397.8464383713935, -144.39640590891585]
[397.8469351018681, -144.39754777919455]
[397.8469702982843, -144.3977054970154]
[397.8499921415299, -144.4050631786103]
[397.8632157430027, -144.4356560301968]
[397.86459721121173, -144.43991710095807]
[397.87472955968445, -144.4634453768144]
[397.87925375677867, -144.47376321191646]
[397.88199232880925, -144.47934678449386]
[397.8822968657792, -144.4806597359304]
[397.8828331496971, -144.48186876179338]
[397.884106109175, -144.4847244844881]
[397.88660133301903, -144.49030289977938]
[397.8873387581038, -144.49193269763094]
[397.8873807397364, -144.49205785927904]
[397.8916905947096, -144.50159923762186]
[397.8919426044897, -144.50216976809017]
[397.89324440231263, -144.50432992928327]
[397.89678570488337, -144.51277067714764]
[397.90120448950944, -144.52235056658253]
[397.9016357065048, -144.52322832687153]
[397.9018866635405, -144.52381657239042]
[397.9031636218281, -144.52611511596257]
[397.90621231726044, -144.53305296539742]
[397.9069934706809, -144.5347362847552]
[397.9094636041346, -144.5399105613713]
[397.9095026427903, -144.54004270325896]
[397.90971233469486, -144.54048956023027]
[397.9102450237725, -144.54159535148105]
[397.91078473624134, -144.54273271050855]
[397.91132451213423, -144.54386863281485]
[397.91438859815366, -144.5502954138307]
[397.9148297893687, -144.55121676891494]
[397.9161068852955, -144.55366220268303]
[397.9201320465529, -144.5621211972709]
[397.92452501698847, -144.57114555701637]
[397.929217460013, -144.58061380326248]
[397.9367866801808, -144.5955893260473]
[397.93907379240073, -144.60013684566792]
[397.9436539385889, -144.60899320774104]
[397.94615159017656, -144.6136945400795]
[397.94714894563066, -144.61566572436104]
[397.94772728245175, -144.61682730111482]
[397.94827147879585, -144.61786503253154]
[397.9488115060622, -144.61886954895544]
[397.9503065015019, -144.6217293795558]
[397.95155727008654, -144.62406297017301]
[397.95234244081377, -144.625573244055]
[397.95406075842055, -144.62866520441904]
[397.95430480923096, -144.62921891709877]
[397.9548460990688, -144.63019549952134]
[397.9561683268167, -144.63266634896596]
[397.9567219491019, -144.63373929872952]
[397.95902961138694, -144.6379977028108]
[397.95947485938854, -144.63882410697582]
[397.96189247660055, -144.64328301036548]
[397.9637594992575, -144.64666592499145]
[397.96518964529287, -144.64925287731216]
[397.9657359888854, -144.6502443857587]
[397.96628239590206, -144.65123438887366]
[397.96631420355766, -144.65134565960858]
[397.9663753968829, -144.65144737316282]
[397.96827348009134, -144.65413951496225]
[397.97149533668045, -144.66064028265038]
[397.9740129009016, -144.66503400787445]
[397.98296445748053, -144.6791355531021]
[397.9844001308073, -144.68310190150012]
[397.9885997503462, -144.690185671277]
[397.9890476663013, -144.69094807011442]
[397.99326128527673, -144.6980366587985]
[397.9953169064333, -144.70144491253384]
[397.9965843524581, -144.7034801417338]
[397.99737344419566, -144.70483195579075]
[398.00148926953744, -144.7115422900382]
[398.00204313396665, -144.71246614468077]
[398.00259060735254, -144.71332460260982]
[398.0031413713962, -144.7142134417209]
[398.0035594314379, -144.71483049028322]
[398.00369219886403, -144.7151007353199]
[398.00466134014056, -144.71660250003256]
[398.0070236057554, -144.72037573076994]
[398.00750710133985, -144.72125091535585]
[398.0089123341539, -144.72332410287368]
[398.01006072030106, -144.72525544071752]
[398.01116399090705, -144.72698901977378]
[398.01155075580874, -144.7275316436882]
[398.01175400701885, -144.72789593353457]
[398.012252005129, -144.728617282957]
[398.01318737932866, -144.73017458729865]
[398.01552280337205, -144.73379074307977]
[398.0167207056546, -144.73557209671583]
[398.0192716247561, -144.7393576749715]
[398.02006267699875, -144.74062883249272]
[398.0208538255379, -144.74188101673096]
[398.0219597106523, -144.74355558015975]
[398.0274019238237, -144.74592149380828]
[398.0299724269449, -144.75544619138242]
[398.03024228937176, -144.755912822968]
[398.03167402832054, -144.75790921925034]
[398.0328022804129, -144.75957566298763]
[398.0344608178111, -144.76182887505973]
[398.0361209926473, -144.7639967318794]
[398.03659227653156, -144.7649891920066]
[398.03686129007815, -144.7654676274334]
[398.0382105455343, -144.76739754071033]
[398.03918978536336, -144.76875093931923]
[398.0393204070604, -144.76897365139547]
[398.0395071212539, -144.76915269421025]
[398.0402999640807, -144.7703227735041]
[398.04085514857553, -144.77110632015786]
[398.0423907410407, -144.77321260750932]
[398.0438001588738, -144.7752821265452]
[398.0444540449284, -144.7761380061215]
[398.045010583303, -144.77693426618595]
[398.0457529224164, -144.77752260113914]
[398.0460115276974, -144.7782998187081]
[398.0462222728252, -144.7784992058002]
[398.0473633021022, -144.78016878417887]
[398.0477194549527, -144.78063072725269]
[398.04881749516414, -144.782079171225]
[398.04894063829994, -144.78234223743124]
[398.04970148675125, -144.7831291653828]
[398.0501706023969, -144.78399446969632]
[398.0501842054542, -144.7840056819459]
[398.0503821322529, -144.78419248349647]
[398.0506496091599, -144.78465271318146]
[398.0586627923344, -144.78854386834388]
[398.0593605029957, -144.79599548932708]
[398.0598276851658, -144.796845119618]
[398.06797887103556, -144.80580915511794]
[398.0690398620981, -144.8083881358935]
[398.0695051107928, -144.80922222541452]
[398.07074182957757, -144.81073655169257]
[398.07086164770794, -144.81096608386932]
[398.07175247635325, -144.81208700451955]
[398.07196679132625, -144.81231285261237]
[398.0728576430934, -144.8134506634903]
[398.0730043693599, -144.81348190737634]
[398.07346938329147, -144.81420477439988]
[398.07521827999494, -144.81635723507347]
[398.0757774409015, -144.81704083892186]
[398.0768303927251, -144.8181088813196]
[398.0770622979774, -144.81851114454074]
[398.07732695518735, -144.81891023023013]
[398.0788773204233, -144.82075291489187]
[398.07943231153234, -144.8213567252045]
[398.07943698879336, -144.821427270226]
[398.0804424133863, -144.82253400679707]
[398.08066009248, -144.82265237937378]
[398.08097102429434, -144.82330931064791]
[398.08269260343314, -144.8253516272218]
[398.0829098177294, -144.82553573972035]
[398.0831738953937, -144.82591467188976]
[398.0838014179014, -144.826641528019]
[398.0839195420339, -144.82680252113164]
[398.0844149478158, -144.82737630310623]
[398.08463260060745, -144.8275029294716]
[398.08485106442924, -144.8276196614108]
[398.08558886172295, -144.82857865340023]
[398.08564216477737, -144.82882395869902]
[398.0919862092148, -144.82972077098665]
[398.0943630134763, -144.83865506755683]
[398.0948885511052, -144.83939489567837]
[398.09926430376197, -144.84415965396798]
[398.10315284798503, -144.84833664803406]
[398.1035184529099, -144.84876760544557]
[398.1038918828081, -144.8491902679675]
[398.10415372032094, -144.84952871798424]
[398.10418879055374, -144.84955904052111]
[398.1042497516555, -144.84960646179016]
[398.10447948866914, -144.8498823474214]
[398.10538415896235, -144.85084595824884]
[398.1058846577223, -144.85136525574012]
[398.1059994568494, -144.8514936168072]
[398.1063855745147, -144.85184414081496]
[398.10711537472446, -144.85267917871568]
[398.10765161289777, -144.8532082520849]
[398.10810222025754, -144.85365652842168]
[398.11172725668143, -144.85746346881385]
[398.1120931270043, -144.85785314877364]
[398.1127366504114, -144.85849636392658]
[398.11292145286797, -144.85857235921756]
[398.11305589086186, -144.8588279444287]
[398.11343767242465, -144.8592236314668]
[398.1169078618852, -144.8627105411962]
[398.1178800624596, -144.8636492898381]
[398.12165001938797, -144.86740034506022]
[398.1218777128237, -144.8676517565261]
[398.1224768903862, -144.86819973647835]
[398.12270453334423, -144.86845330263884]
[398.1227404074163, -144.86847793170648]
[398.12377663745445, -144.86945233586232]
[398.1239738582273, -144.86969328481155]
[398.12618208992126, -144.87177728593053]
[398.1274521538234, -144.87300443719457]
[398.1276782475197, -144.87315572377094]
[398.1279581635939, -144.87342787620582]
[398.1291924494872, -144.87463307489796]
[398.1304269448908, -144.8758090040005]
[398.13071521754097, -144.87607662308315]
[398.1309335103949, -144.8762437381728]
[398.13131635419006, -144.87660713261897]
[398.13168264150113, -144.87696339546733]
[398.13216828415926, -144.87741626855856]
[398.13220454712643, -144.87744108033215]
[398.1326503927625, -144.87783955946207]
[398.1328859216149, -144.87796644940025]
[398.13461374590474, -144.8796548925871]
[398.1349554716953, -144.87995875556888]
[398.13925438296724, -144.88382255656748]
[398.1415079130365, -144.88578632331144]
[398.1436117853226, -144.88762135882237]
[398.14405447963907, -144.8880093618546]
[398.14539266612553, -144.88911307127412]
[398.14856986456044, -144.8918339320491]
[398.1486067514032, -144.89186656530615]
[398.14904233006405, -144.89221993766813]
[398.14999715619405, -144.89300911664648]
[398.1503551532026, -144.89331819479702]
[398.15038111606594, -144.89333150208267]
[398.1508292579952, -144.89369225690808]
[398.1509740903106, -144.89382918758946]
[398.1513535274299, -144.89411890623083]
[398.151485296335, -144.89423514059342]
[398.15159307979627, -144.894332855942]
[398.1517202613611, -144.89443394145178]
[398.1521043202459, -144.8947517305794]
[398.15256594837484, -144.8949901977884]
[398.152615978728, -144.89513011644104]
[398.1530858062182, -144.89553583398475]
[398.1533425252003, -144.8957629355542]
[398.1533796163067, -144.8957942144462]
[398.153854252533, -144.89616716277283]
[398.15537386433823, -144.89739986964526]
[398.15628396319835, -144.8981008375812]
[398.1592700018508, -144.90047403757572]
[398.15930151451494, -144.90050055761785]
[398.1612194846813, -144.90195961947205]
[398.162722732023, -144.9031382017145]
[398.1658731785354, -144.90551140411335]
[398.16817457039116, -144.90721293885412]
[398.1686323026204, -144.90751650952436]
[398.1687352707089, -144.9076222893911]
[398.1690482048584, -144.90785087638747]
[398.1691513145564, -144.90792165904125]
[398.16946043336867, -144.90814643909607]
[398.16951846311576, -144.90819384924558]
[398.16957652933, -144.90823413930931]
[398.1696686457174, -144.90830269277302]
[398.17080473901814, -144.9091191729551]
[398.1712478900951, -144.90944218560605]
[398.1720838267879, -144.91004015283437]
[398.17291993435424, -144.91063408159332]
[398.1729697180592, -144.9106644511239]
[398.17318362336107, -144.91081315387532]
[398.1733631483679, -144.91094411247528]
[398.17341290269303, -144.9109830757319]
[398.17387948179555, -144.91130598195352]
[398.1745926621073, -144.91180982017764]
[398.1748341347257, -144.91198003200384]
[398.1752404974983, -144.91226435998175]
[398.1784410881262, -144.91446722273892]
[398.17856441825217, -144.9144857158291]
[398.17978771385884, -144.915377971714]
[398.1805801549376, -144.91591028506045]
[398.1814629006015, -144.9164989838559]
[398.1846257955099, -144.91857384334602]
[398.18474637870645, -144.91865202022706]
[398.1862080521692, -144.9195921018909]
[398.18666455758176, -144.91987861964097]
[398.18680980404696, -144.91994097489822]
[398.1872558155166, -144.92004110390062]
[398.18769299223777, -144.9205373098973]
[398.1877908482986, -144.92059757341968]
[398.18828492657946, -144.9209106852187]
[398.1884822632463, -144.9209767498532]
[398.18872839533947, -144.92118469726773]
[398.18971012926863, -144.92180203599673]
[398.18996334746777, -144.92195733800395]
[398.19002053254036, -144.92199479059826]
[398.1900777540801, -144.92202512328575]
[398.1908599534637, -144.92251369810896]
[398.19214306675264, -144.9232956541133]
[398.1924260406793, -144.92346626508674]
[398.19244424328184, -144.92348269487826]
[398.1933792414747, -144.92404608420333]
[398.1939084722918, -144.92436638209722]
[398.1940107295561, -144.92442425232403]
[398.19402907257006, -144.92443888759715]
[398.1942473545444, -144.92456930984687]
[398.1946789655452, -144.92482788444346]
[398.1949553709109, -144.92496216648118]
[398.1996292596889, -144.92552649554102]
[398.19971311621873, -144.9264479796345]
[398.20027498537456, -144.9280833865912]
[398.20203382295114, -144.92894037576056]
[398.20214175567486, -144.92913356617652]
[398.2033513349706, -144.92980310345771]
[398.2037545780207, -144.930023820471]
[398.2049396911063, -144.9306733904806]
[398.20549517929936, -144.93096895552242]
[398.2058774418113, -144.93118140708657]
[398.2062225945673, -144.93133720711734]
[398.2065092616252, -144.93150972880443]
[398.2065285867121, -144.93153084274624]
[398.20654800442367, -144.93153676618877]
[398.2067468600247, -144.9316430291526]
[398.2067769045067, -144.93166175800818]
[398.20717979349274, -144.93187646846883]
[398.20749129591394, -144.93204197167609]
[398.20758275085217, -144.93207286166577]
[398.20811802178804, -144.93237545656876]
[398.20813757991107, -144.9323795790803]
[398.2084823926935, -144.9325562897197]
[398.2097079963341, -144.9332072283393]
[398.21278987658275, -144.9347810448533]
[398.2140936658293, -144.935425057977]
[398.2143613882825, -144.93555365826657]
[398.21438134481747, -144.93557619224555]
[398.214401393977, -144.93558353592917]
[398.21486103708105, -144.935649692778]
[398.21682085192634, -144.93669618843936]
[398.2178380904795, -144.9372498865212]
[398.21840639628016, -144.93752780310672]
[398.21905885498643, -144.93783379819158]
[398.219079254771, -144.93784615930545]
[398.21971137557256, -144.93813598052964]
[398.22046932233394, -144.93849211574067]
[398.22065235637996, -144.93857943080246]
[398.2210166023842, -144.93872890672145]
[398.22158537584414, -144.93900452127673]
[398.2219783869327, -144.9391912243437]
[398.22222580926064, -144.93928825707678]
[398.22224639724357, -144.939312196338]
[398.2224646472839, -144.93940461278763]
[398.22270352675787, -144.93951816219106]
[398.22365776036503, -144.93994846137238]
[398.22445354311606, -144.94028590432302]
[398.22533552192317, -144.94068892456843]
[398.226164817497, -144.9408117322705]
[398.22852713049787, -144.94206819427885]
[398.2294570207067, -144.94244523552402]
[398.23020639172626, -144.94276722040757]
[398.23096610488125, -144.94308376860408]
[398.23227371178456, -144.94360494113914]
[398.23321296639983, -144.94398271968268]
[398.2332389673731, -144.9440096915674]
[398.23326058226667, -144.94401145557623]
[398.2334011708446, -144.94406936678683]
[398.23420481045446, -144.94437826079835]
[398.2343604692207, -144.94444931209705]
[398.23437913205606, -144.94446127647356]
[398.23459733174934, -144.94454658594032]
[398.2348155522853, -144.9446263253723]
[398.23483721496575, -144.94464146934496]
[398.23531710575054, -144.9448228143168]
[398.23551319196713, -144.94490076997974]
[398.23566317419915, -144.9449586213249]
[398.2362739345807, -144.9451917105864]
[398.2379119213959, -144.94580566654105]
[398.23801338505797, -144.94585482880038]
[398.2384152018656, -144.94600904759113]
[398.2390494214068, -144.94622817322048]
[398.2406752510382, -144.9468396542407]
[398.24110219610725, -144.9469620882332]
[398.2411560626643, -144.94700792500663]
[398.24131117052815, -144.94703605729836]
[398.2424460547243, -144.94739953114592]
[398.2438943233354, -144.94796365463097]
[398.24537147734867, -144.94848134393266]
[398.2454232990738, -144.9484921514381]
[398.24604029464876, -144.9487069138294]
[398.2461958711142, -144.94875504521212]
[398.24636939751485, -144.94881204426048]
[398.24640541341745, -144.9488203706353]
[398.2465200428563, -144.94886828518537]
[398.24676088836463, -144.94894728169234]
[398.2469790585535, -144.94901991006094]
[398.24700177532367, -144.94902347039283]
[398.2473411353367, -144.94912888744494]
[398.24746084359083, -144.9491762914647]
[398.24748525762766, -144.94918220072435]
[398.24906383738266, -144.94969403282846]
[398.2494038552717, -144.94979984670047]
[398.25093432947307, -144.95028413635697]
[398.25285424372856, -144.9508693668838]
[398.25338181505896, -144.95102894330287]
[398.2543398242622, -144.9513138764632]
[398.25438566475844, -144.95132649583766]
[398.25452889476924, -144.95136687591472]
[398.25522965086856, -144.95156436557085]
[398.25525917042063, -144.95157624521508]
[398.25532941240647, -144.95158296712395]
[398.2554200530245, -144.9516272719602]
[398.25546696519433, -144.95164141303485]
[398.25550319097323, -144.95165133644332]
[398.25582707904516, -144.95174126432667]
[398.25583046819827, -144.95174404179684]
[398.25602686358826, -144.95180121246617]
[398.25630689562536, -144.9518793033646]
[398.2563249374506, -144.95188583735847]
[398.2564510127153, -144.951921892762]
[398.25707908723194, -144.95196894526796]
[398.25727469835294, -144.9521396164564]
[398.25748877883325, -144.95221182201394]
[398.2577522756851, -144.95228299063695]
[398.2584716600787, -144.95248245459175]
[398.25871346787903, -144.95254554362776]
[398.25888100309993, -144.9525782449232]
[398.25905399189884, -144.9526321871521]
[398.25919720783145, -144.95266329715878]
[398.2594783784524, -144.95274832864365]
[398.2596748523733, -144.9528034819979]
[398.2600456719401, -144.95290335726116]
[398.2603709469321, -144.95298869260952]
[398.2607237881556, -144.95305622227332]
[398.2607510661956, -144.95308854064567]
[398.26081107480496, -144.953099214741]
[398.2608984494796, -144.9531294800345]
[398.2611212413151, -144.95318289804987]
[398.26120817827774, -144.95320890322978]
[398.2619794284146, -144.95327072070123]
[398.26209133932707, -144.9532758669359]
[398.26242838560796, -144.95336246609364]
[398.2626820030312, -144.95338369385564]
[398.2633246359021, -144.95369418447547]
[398.2645794477751, -144.9540519425348]
[398.26493964407115, -144.9540963343929]
[398.2653004882447, -144.95418971056134]
[398.2656244568044, -144.95422899171612]
[398.26562844446846, -144.95427413461613]
[398.2659700422275, -144.95438300857222]
[398.26612366783536, -144.95438391579964]
[398.2669627978737, -144.95461711792737]
[398.2672885361105, -144.954691707589]
[398.2676691523537, -144.95477843322115]
[398.2679281019212, -144.95480982773108]
[398.26803991767497, -144.95486136856374]
[398.2682709355505, -144.9548962169106]
[398.2684107243123, -144.95494306875213]
[398.26846494660856, -144.9549571498039]
[398.268751598453, -144.95497626375354]
[398.26879143258594, -144.95502782567021]
[398.26948871339073, -144.95518150161976]
[398.2701105564942, -144.9553173636746]
[398.27044615636737, -144.95535718520375]
[398.2709061686178, -144.95548620580473]
[398.27096036212197, -144.9554979045615]
[398.2715026510148, -144.95561116934599]
[398.272835076554, -144.955808580992]
[398.2733368520594, -144.95581944992395]
[398.2738636528649, -144.95604246837036]
[398.27423380722485, -144.9561024616428]
[398.27446385392705, -144.95610655438597]
[398.2747962661757, -144.95626850607562]
[398.2749676477946, -144.956301339563]
[398.27533904463365, -144.95637161418517]
[398.2753939351616, -144.9563820990072]
[398.275720249887, -144.95644324552785]
[398.27604658866886, -144.95650382190505]
[398.2761014824208, -144.9565141545057]
[398.27642161004275, -144.95652737596876]
[398.27678317228276, -144.9566113841685]
[398.277040912645, -144.956684965919]
[398.27738320465954, -144.95674715772412]
[398.2779804715313, -144.95684860924004]
[398.27834818359725, -144.9569171068265]
[398.27852508915566, -144.95694359153958]
[398.2785496003994, -144.95695168819043]
[398.27874324735876, -144.95698058567572]
[398.2790148552928, -144.9570286349737]
[398.2791149408672, -144.95704622404816]
[398.27994133272716, -144.9571879289507]
[398.28063142890215, -144.9571965318591]
[398.28070498328157, -144.95723353504846]
[398.28088134681303, -144.95734093983413]
[398.28258482711817, -144.95760438534884]
[398.28440030819786, -144.9578280494971]
[398.2847246759388, -144.9579246131542]
[398.2860303382529, -144.95799787160857]
[398.28604733855155, -144.9581046310445]
[398.28613108522956, -144.95811000989602]
[398.28615722616007, -144.95811734856744]
[398.28642930183526, -144.95815588428704]
[398.28648329050264, -144.9581579605693]
[398.2867013993344, -144.95819377558914]
[398.2868112923994, -144.95820641514845]
[398.28713836160375, -144.95825009319557]
[398.28719331024394, -144.95825622363125]
[398.28746545486456, -144.9582932010827]
[398.2876290105161, -144.95831454121685]
[398.2880987189192, -144.95834938604088]
[398.2888002840486, -144.95846457738335]
[398.29006693985195, -144.95856146456012]
[398.2902766715101, -144.95863508355905]
[398.2910412416486, -144.95872104963158]
[398.29169598060236, -144.95879439090922]
[398.29220144195676, -144.95884757179786]
[398.2932076522871, -144.95887128849523]
[398.2932289913268, -144.95888098729972]
[398.2932304374061, -144.95893003053314]
[398.2938543709025, -144.95901360830587]
[398.29394994475956, -144.95902881092417]
[398.2941269361428, -144.9590419865877]
[398.2945094884367, -144.95907814460702]
[398.29461945564924, -144.95908611578673]
[398.294892068011, -144.95911358034263]
[398.2952316152924, -144.95912919582696]
[398.2952746748657, -144.9591482938016]
[398.2954110010109, -144.95916155602958]
[398.29558687742497, -144.95918150503576]
[398.29565730900083, -144.95918228499124]
[398.29576615242627, -144.9591934308669]
[398.295929990308, -144.95920819152158]
[398.29659967537367, -144.95925605117762]
[398.2968889865856, -144.95927953243353]
[398.29836730248456, -144.95938215573088]
[398.29951159205075, -144.9594881560834]
[398.3001674839817, -144.95953461189978]
[398.3016537705418, -144.95959296829037]
[398.3017947384211, -144.95961218174446]
[398.3017953931539, -144.959635470228]
[398.30205622357926, -144.95964652005748]
[398.3027522249199, -144.95969235694636]
[398.3030956210101, -144.9597053526218]
[398.3033687700584, -144.9597217486892]
[398.30358789113416, -144.95973203811357]
[398.3037519932037, -144.95974064832606]
[398.3040802153852, -144.95975744133054]
[398.3041352436295, -144.95975882591145]
[398.3050788921849, -144.9597931668132]
[398.305712164598, -144.9598091324929]
[398.30668207718605, -144.95985979006298]
[398.3076673919553, -144.95989514155534]
[398.3081601305305, -144.9599108942656]
[398.309600074113, -144.9599485413265]
[398.3102709605786, -144.95995147902437]
[398.3105445555441, -144.95995901214607]
[398.3109282932977, -144.95996446043094]
[398.31131205833174, -144.95996918693214]
[398.3115857222427, -144.95997516313298]
[398.31224324741345, -144.9599835872283]
end_solutions
[-2.1054573093347413, -2.1045248474449147]
[-2.106858055806396, -2.1042417117715555]
[-2.109343854475566, -2.1037681291658785]
[-2.111724421720023, -2.103325442807215]
[-2.1145259146633317, -2.102759171460496]
[-2.1178522201818213, -2.102267869707534]
[-2.1199513328510866, -2.101920586133472]
[-2.1235604966021575, -2.1012238593906725]
[-2.12738873201911, -2.100340293570826]
[-2.131722296937542, -2.099336823017642]
[-2.136089200759237, -2.09853478201015]
[-2.1399507750794515, -2.097852645735995]
[-2.1458336674055865, -2.096690890528491]
[-2.151716559731722, -2.0955291353209873]
[-2.159161715098386, -2.0939675977838927]
[-2.1660010526851172, -2.093090932431186]
[-2.1731605456080105, -2.091377236798347]
[-2.1841824234933926, -2.0895967872431758]
[-2.1963741387241384, -2.0872389462875724]
[-2.2085658539548847, -2.084881105331969]
[-2.226811192608258, -2.0810741576993643]
[-2.2484224462963533, -2.076660924198764]
[-2.272910526831616, -2.0718027059694637]
[-2.3092201111844255, -2.0660107424830323]
[-2.373356346359471, -2.0507840675004205]
[-2.497878136934373, -2.0280007872303383]
[-2.505967787380956, -2.0299101093748364]
[-2.5140574378275393, -2.031819431519335]
[-2.5302367387207054, -2.0356380758083317]
[-2.5750446376960974, -2.0879649190345577]
[-3.9041644810092526, -2.874447182445924]
end_values
[ 398.31224325 -144.95998359]
[ 398.30766739 -144.95989514]
[ 398.29951159 -144.95948816]
[ 398.29169598 -144.95879439]
[ 398.28258483 -144.95760439]
[ 398.27150265 -144.95561117]
[ 398.26457945 -144.95405194]
[ 398.25285424 -144.95086937]
[ 398.24067525 -144.94683965]
[ 398.22693106 -144.941385  ]
[ 398.21278988 -144.93478104]
[ 398.20027499 -144.92808339]
[ 398.1814629  -144.91649898]
[ 398.16272273 -144.9031382 ]
[ 398.13925438 -144.88382256]
[ 398.11690786 -144.86271054]
[ 398.09488855 -144.8393949 ]
[ 398.05982769 -144.79684512]
[ 398.02195971 -144.74355558]
[ 397.98440013 -144.6831019 ]
[ 397.92921746 -144.5806138 ]
[ 397.86459721 -144.4399171 ]
[ 397.79231756 -144.25657552]
[ 397.68511037 -143.93544559]
[ 397.51071306 -143.30326596]
[ 397.18519389 -141.86976465]
[ 397.15931032 -141.72266373]
[ 397.13356492 -141.51851295]
[ 397.08248866 -140.93482246]
[ 396.87517147 -136.79675064]
[ 394.48028772 5437.95403201]
