values
[12417.314895538504, 22760059.933243528]
[14396.327348848867, 61084.70212256136]
[14485.44195826876, 57781.147636706875]
[14608.994146209236, 57547.363959257615]
[14611.937811520795, 56476.77758834559]
[14650.775058616267, 56432.98995759636]
[14724.398029399406, 56361.32548941775]
[14725.40435375418, 56359.25588378175]
[14741.97692080092, 56337.15229090162]
[14771.938888134928, 56269.4891715643]
[14783.664767628045, 56231.592364365984]
[14787.729696868651, 56223.766052995285]
[14801.421971914217, 56221.38700127582]
[14807.181941802637, 56158.36265418195]
[14817.572267574353, 56131.79676726583]
[14820.676775831353, 56119.26580127948]
[14834.527933807993, 56076.33308982676]
[14836.960566841502, 56063.414035407885]
[14839.684157286478, 56056.43193183089]
[14839.68415728648, 56056.43193183088]
[14841.186316342511, 56050.8647406358]
[14842.797173976025, 56045.243918926266]
[14844.03480588795, 56042.72301099975]
[14845.461705081807, 56038.815695938596]
[14845.937731394, 56037.537765620604]
[14846.413954329988, 56036.27234252365]
[14848.3208123118, 56031.340935198685]
[14849.031849856427, 56031.0072449182]
[14849.625835594856, 56028.3913254143]
[14849.753020347944, 56027.7897166847]
[14850.221484958336, 56026.281469562695]
[14850.708808824313, 56025.49998309568]
[14853.10172093152, 56020.087140601]
[14853.580893224327, 56019.06429095851]
[14855.49954863344, 56015.201489225794]
[14856.44821450482, 56014.382553125004]
[14856.46005608072, 56013.420535386875]
[14857.421350023156, 56011.75022656043]
[14857.852255124391, 56011.00812882174]
[14863.914093957763, 56007.30198535425]
[14865.188985373332, 56000.682922888205]
[14865.369196347012, 55999.025203161465]
[14866.47185917124, 55997.204152562015]
[14867.423169016929, 55995.62032503476]
[14868.380197882308, 55994.14160022227]
[14868.454290509388, 55993.86685913819]
[14870.111357285748, 55991.174592382085]
[14871.115015765283, 55989.395212071686]
[14871.564195616771, 55988.68568117539]
[14871.958574519675, 55988.33581944445]
[14872.008007077307, 55987.99387180883]
[14872.255432114142, 55987.653696438414]
[14872.452167681591, 55987.32865660291]
[14873.07583033227, 55986.44651688064]
[14873.34153632141, 55986.09177442439]
[14873.786744356943, 55985.52716312921]
[14874.076652340877, 55985.17790424343]
[14874.228063145196, 55985.00100693575]
[14874.24551745364, 55984.98469429459]
[14874.396943395026, 55984.81233285685]
[14874.432031323198, 55984.79300033348]
[14874.503046127676, 55984.69717912917]
[14874.778203155956, 55984.4111168006]
[14874.951322198829, 55984.24356085946]
[14875.037890001886, 55984.16566523306]
[14875.116492524903, 55984.08613238237]
[14875.325202474329, 55983.91024922715]
[14875.455079162148, 55983.79230532419]
[14875.53977226963, 55983.723950186926]
[14875.624483956382, 55983.65769728385]
[14876.626193710345, 55983.321343489704]
[14927.796344255677, 55968.95078008444]
[14973.287906020194, 55942.30124018437]
[14973.681894156318, 55941.50752200281]
[14977.96134896363, 55927.799611551425]
[15007.071733335857, 55922.14706902174]
[15055.316466736816, 55866.23238629246]
[15055.569165149034, 55864.130924922145]
[15055.697789717602, 55863.432158549855]
[15055.762670842505, 55863.180240441936]
[15055.82793119448, 55862.99659574243]
[15055.860703580629, 55862.931102690396]
[15055.910039922528, 55862.866552862615]
[15055.926532773216, 55862.85415292954]
[15055.934788086692, 55862.849680483014]
[15055.959589579665, 55862.843220293056]
[15106.228864842991, 55858.36672421878]
[15109.693190856853, 55854.05462099547]
[15113.166287638227, 55850.51910805043]
[15117.51999250676, 55846.462454215616]
[15119.920371652666, 55844.199512804196]
[15123.638202587434, 55840.85512753522]
[15124.843150130453, 55839.94780581841]
[15125.391196167213, 55839.58754635279]
[15126.049134063, 55839.20859816588]
[15128.464211096652, 55838.469928388506]
values
[12417.314895538504, 22760059.933243528]
[14396.327348848867, 61084.70212256136]
[14485.44195826876, 57781.147636706875]
[14591.981079744435, 57558.275173106194]
[14591.98108290283, 57558.27515161389]
[14591.981084797872, 57558.27513871858]
[14591.982760628924, 57558.26373484289]
[14591.982806832086, 57558.26342042924]
[14591.983007045865, 57558.26205796634]
[14591.983591146145, 57558.258083109446]
[14597.476830709134, 57539.17915000821]
[14599.937334980617, 57451.91796371595]
[14601.963610610988, 57308.20406593836]
[14601.965821641785, 57308.190626829935]
[14601.96648335829, 57308.18660478986]
[14606.790362910695, 57298.532064164625]
[14608.783751247744, 57251.48468942394]
[14611.937811520795, 56476.77758834559]
[14650.775058616267, 56432.98995759636]
[14702.712031519102, 56422.70919334222]
[14703.811229430083, 56419.17726608583]
[14704.048391077644, 56417.192308836144]
[14704.345670390361, 56416.027839299]
[14704.940567767002, 56413.763085234845]
[14705.387037206785, 56412.118809601874]
[14705.535916811912, 56411.58071311037]
[14706.392522365599, 56408.57914763746]
[14706.545156631008, 56408.06398817648]
[14706.602160331342, 56407.868012056395]
[14706.727969906533, 56407.44545853706]
[14706.768680373181, 56407.30865123938]
[14706.77631382686, 56407.28303647754]
[14706.77702946705, 56407.28063568493]
[14706.777268013924, 56407.279835443296]
[14706.777745107907, 56407.27823499374]
[14706.778147656181, 56407.27688464943]
[14706.778223134008, 56407.276631463414]
[14707.7351699933, 56404.17006992]
[14707.921829674222, 56403.58274673944]
[14708.764451752608, 56401.113053412526]
[14709.406378439782, 56399.06969618054]
[14710.090150748181, 56397.00265424591]
[14711.419822574475, 56393.202135097206]
[14711.679063938382, 56392.80172733582]
[14712.094158517617, 56391.58105067523]
[14712.530625486768, 56390.51390481957]
[14712.715335475667, 56389.977504491326]
[14712.753467231485, 56389.57820482332]
[14713.427588279023, 56387.907479828726]
[14713.594814806822, 56387.47201893063]
[14713.738156547004, 56387.23662163504]
[14713.753849860452, 56386.94390632299]
[14720.623741042271, 56382.312908290165]
[14722.389067385882, 56365.77694525631]
[14723.392933943305, 56363.5046422273]
[14724.398029399406, 56361.32548941775]
[14725.40435375418, 56359.25588378175]
[14725.907976768569, 56358.26690995015]
[14727.26929349465, 56355.76482021848]
[14741.97692080092, 56337.15229090162]
[14771.938888134928, 56269.4891715643]
[14773.555623091494, 56222.99220102887]
[14801.421971914217, 56221.38700127582]
[14807.181941802637, 56158.36265418195]
[14817.572267574353, 56131.79676726583]
[14820.676775831353, 56119.26580127948]
[14834.527933807993, 56076.33308982676]
[14836.960566841502, 56063.414035407885]
[14839.684157286478, 56056.43193183089]
[14839.68415728648, 56056.43193183088]
[14841.186316342511, 56050.8647406358]
[14842.797173976025, 56045.243918926266]
[14843.662579375981, 56044.65491456718]
[14844.03480588795, 56042.72301099975]
[14845.461705081807, 56038.815695938596]
[14845.937731394, 56037.537765620604]
[14846.413954329988, 56036.27234252365]
[14846.509753671442, 56035.262603421324]
[14847.065756165677, 56033.691454842876]
[14847.931539638572, 56031.506645183734]
[14848.043950920644, 56031.272478003295]
[14848.241371393622, 56030.79508333984]
[14849.625835594856, 56028.3913254143]
[14849.753020347944, 56027.7897166847]
[14849.976961946522, 56026.628142067]
[14850.221484958336, 56026.281469562695]
[14850.708808824313, 56025.49998309568]
[14851.716525330141, 56022.74175423232]
[14851.914618584497, 56022.31541118516]
[14852.140935130868, 56022.06855095183]
[14852.297262642618, 56021.504809985476]
[14852.552502823644, 56020.97363673605]
[14852.780295694003, 56020.704151338825]
[14852.896405699892, 56020.27367120241]
[14852.94903490583, 56020.14600788085]
[14853.063329127173, 56019.93246033635]
[14853.460061544476, 56019.113643337216]
[14853.574616686003, 56018.91802703655]
[14853.971549438413, 56018.107632532476]
[14854.060262140927, 56018.06337087207]
[14854.611557946104, 56016.88440485327]
[14854.85520070418, 56016.38996381922]
[14855.207570589526, 56015.72116645044]
[14855.207570589528, 56015.721166450436]
[14855.34188901539, 56015.54464734015]
[14855.414461964107, 56015.335950292916]
[14855.49954863344, 56015.201489225794]
[14856.137445149898, 56013.99832357792]
[14856.445349172483, 56013.44715116632]
[14856.46005608072, 56013.420535386875]
[14856.93352385484, 56012.65913132473]
[14856.9590524653, 56012.542369243114]
[14857.421350023156, 56011.75022656043]
[14857.47321701341, 56011.65456697484]
[14857.852255124391, 56011.00812882174]
[14858.067838603913, 56010.641680765446]
[14858.140945696478, 56010.61163778667]
[14858.714507171786, 56009.556701918205]
[14859.50422917141, 56008.63962142876]
[14860.473934708998, 56006.745999306404]
[14862.580258489696, 56004.0702515114]
[14862.713200641714, 56004.006572808205]
[14864.554151852439, 56000.50296141824]
[14865.369196347012, 55999.025203161465]
[14866.47185917124, 55997.204152562015]
[14867.423169016929, 55995.62032503476]
[14868.380197882308, 55994.14160022227]
[14868.454290509388, 55993.86685913819]
[14870.111357285748, 55991.174592382085]
[14871.115015765283, 55989.395212071686]
[14871.564195616771, 55988.68568117539]
[14871.566671122073, 55988.67577505802]
[14871.752442271605, 55988.39484845064]
[14871.840055393826, 55988.25031753978]
[14872.008007077307, 55987.99387180882]
[14872.255432114142, 55987.653696438414]
[14872.281679032907, 55987.58246936358]
[14872.449818671514, 55987.33541283288]
[14872.452167681591, 55987.32865660291]
[14872.555525034313, 55987.18102866676]
[14872.811377049511, 55986.812897269556]
[14872.898986367987, 55986.69220866505]
[14873.067302752435, 55986.45959631947]
[14873.07583033227, 55986.44651688064]
[14873.088919156562, 55986.43087276583]
[14873.120201889828, 55986.387853622495]
[14873.34153632141, 55986.09177442439]
[14873.59432069968, 55985.76432843387]
[14873.615943936184, 55985.73742600511]
[14873.784561913812, 55985.526593748196]
[14873.86889877153, 55985.42334723719]
[14873.953254208522, 55985.32158924526]
[14873.974882114968, 55985.29609450295]
[14874.064264973278, 55985.190134453274]
[14874.064291659572, 55985.19012294077]
[14874.076652340877, 55985.17790424343]
[14874.228063145196, 55985.00100693575]
[14874.24551745364, 55984.98469429459]
[14874.33412655687, 55984.88185089909]
[14874.360776128571, 55984.85237659277]
[14874.365532880713, 55984.84693549161]
[14874.391924398891, 55984.817846255544]
[14874.396943395026, 55984.81233285685]
[14874.432031323198, 55984.79300033348]
[14874.481411388844, 55984.720506327685]
[14874.503046127676, 55984.69717912917]
[14874.524681211575, 55984.67409335825]
[14874.609169947105, 55984.58466545171]
[14874.614195426351, 55984.579401906405]
[14874.614222155884, 55984.57939329289]
[14874.645375289147, 55984.547083368016]
[14874.778203155956, 55984.4111168006]
[14874.94224721175, 55984.249528533015]
[14874.942273967346, 55984.24952195598]
[14874.947310681891, 55984.24485509881]
[14874.951322198829, 55984.24356085946]
[14875.000419820119, 55984.193980289565]
[14875.01025074255, 55984.18549028274]
[14875.027126898347, 55984.168600918434]
[14875.031892313762, 55984.16453566094]
[14875.05353423004, 55984.14382750002]
[14875.116492524903, 55984.08613238237]
[14875.12153566217, 55984.08187171813]
[14875.121562434373, 55984.08186646883]
[14875.19603899482, 55984.01382349788]
[14875.222755394027, 55983.989723124374]
[14875.285748684984, 55983.93519941184]
[14875.325202474329, 55983.91024922715]
[14875.338602896472, 55983.889677168605]
[14875.348758737848, 55983.882159255154]
[14875.391757492178, 55983.84422762368]
[14875.44520987768, 55983.79888480387]
[14875.449997991314, 55983.7958967889]
[14875.45002478958, 55983.79589392325]
[14875.455079162148, 55983.79230532419]
[14875.53977226963, 55983.723950186926]
[14875.561420673223, 55983.705569214435]
[14875.612964773198, 55983.665377582074]
[14875.614310353358, 55983.664169244126]
[14875.614310704517, 55983.66416922331]
[14875.614363975947, 55983.66416605755]
[14875.624483956382, 55983.65769728385]
[14875.730864788431, 55983.57601348596]
[14875.778766244097, 55983.54022469456]
[14875.810236817008, 55983.518254853705]
[14875.836344457564, 55983.50146223949]
[14875.890245521876, 55983.460493739694]
[14875.900383220724, 55983.45513047432]
[14875.980071403766, 55983.40045839206]
[14876.04832107918, 55983.35902875271]
[14876.626193710345, 55983.321343489704]
[14927.796344255677, 55968.95078008444]
[14973.287906020194, 55942.30124018437]
[14973.681894156318, 55941.50752200281]
[14977.96134896363, 55927.799611551425]
[15007.071733335857, 55922.14706902174]
[15055.316466736816, 55866.23238629246]
[15055.569165149034, 55864.130924922145]
[15055.697789717602, 55863.432158549855]
[15055.762670842505, 55863.180240441936]
[15055.82793119448, 55862.99659574243]
[15055.860703580629, 55862.931102690396]
[15055.910039922528, 55862.866552862615]
[15055.924469870695, 55862.85545135226]
[15055.926532773216, 55862.85415292954]
[15055.932723702814, 55862.85069028501]
[15055.934788086692, 55862.849680483014]
[15055.938917965466, 55862.847877865875]
[15055.943049325595, 55862.846364970974]
[15055.959589579665, 55862.843220293056]
[15056.08742047231, 55862.57489506029]
[15056.164268460485, 55862.44304159193]
[15056.202696373643, 55862.378566786916]
[15056.231868402196, 55862.326348378745]
[15056.24112689951, 55862.315061821544]
[15056.439726238392, 55862.00245448072]
[15056.67685545869, 55861.663528018995]
[15056.68647090107, 55861.6505760807]
[15056.696086506738, 55861.63768572333]
[15056.845149275954, 55861.44577183096]
[15056.854767575984, 55861.433899855605]
[15057.003872107725, 55861.257802553715]
[15057.083250194943, 55861.17015078597]
[15057.202338164938, 55861.0466091285]
[15057.284180554745, 55860.604926947846]
[15057.305957168192, 55860.56354184623]
[15057.350959616382, 55860.53187158611]
[15057.37346202364, 55860.516511686394]
[15057.394568339918, 55860.4862762165]
[15057.452586692789, 55860.47734728987]
[15057.497598963331, 55860.44968457029]
[15057.525912946852, 55860.43901624492]
[15057.54888577947, 55860.402561440234]
[15057.569655902122, 55860.374359023466]
[15057.571860043789, 55860.36663986872]
[15057.581143461008, 55860.35655778163]
[15057.584015406657, 55860.35212831431]
[15057.587054297383, 55860.34851935642]
[15057.589208287107, 55860.34520864643]
[15057.589926286479, 55860.344106118784]
[15057.591362289415, 55860.34190262723]
[15057.59172129102, 55860.34135208014]
[15057.592214918805, 55860.3405952906]
[15057.592259794092, 55860.34052650378]
[15057.592461732946, 55860.340216988276]
[15057.592708547247, 55860.339838747444]
[15057.59283195446, 55860.339649650145]
[15057.592974293511, 55860.33943156272]
[15057.59299462767, 55860.33940040904]
[15057.593040379521, 55860.339330314775]
[15057.5930759643, 55860.33927579849]
[15057.593116632619, 55860.33921349573]
[15057.59316746803, 55860.33913561968]
[15057.593170009795, 55860.33913172593]
[15057.593238637608, 55860.33902659752]
[15057.59329964012, 55860.33893315409]
[15057.593304723665, 55860.33892536721]
[15057.593337766697, 55860.338874753856]
[15057.59335428821, 55860.338849447464]
[15057.593373351503, 55860.33882024822]
[15057.593373828086, 55860.3388195183]
[15057.59337684644, 55860.33881489514]
[15057.593378355616, 55860.33881258349]
[15057.593381751263, 55860.338807382446]
[15057.593382883148, 55860.338805648826]
[15057.593385146913, 55860.338802181424]
[15057.593388542566, 55860.338796980395]
[15057.593389815936, 55860.33879502993]
[15057.59339024039, 55860.33879437988]
[15057.59339045262, 55860.33879405482]
[15057.59339082402, 55860.338793485986]
[15057.5933910893, 55860.338793079565]
[15057.593391381119, 55860.33879263266]
[15057.593391407647, 55860.338792592025]
[15057.59339169946, 55860.338792145034]
[15057.593391858629, 55860.338791901275]
[15057.593392084125, 55860.33879155594]
[15057.593392253244, 55860.33879129693]
[15057.593392422363, 55860.33879103789]
[15106.228864842991, 55858.36672421878]
[15109.693190856853, 55854.05462099547]
[15113.166287638227, 55850.51910805043]
[15117.51999250676, 55846.462454215616]
[15119.920371652666, 55844.199512804196]
[15123.638202587434, 55840.85512753522]
[15124.843150130453, 55839.94780581841]
[15125.391196167213, 55839.58754635279]
[15126.049134063, 55839.20859816588]
[15126.694765915823, 55838.69842639543]
[15126.730108640197, 55838.685386090925]
[15126.85500607602, 55838.64690003805]
[15126.86121255012, 55838.643716024104]
[15126.974563937836, 55838.60885138176]
[15126.999149879479, 55838.60191473176]
[15127.05621856076, 55838.58653645199]
[15127.063036684336, 55838.58329302863]
[15127.089212259283, 55838.57708295681]
[15127.097501454182, 55838.575326734725]
[15127.110468303898, 55838.57269260429]
[15127.183946833924, 55838.55636665088]
[15127.194174700917, 55838.54986200979]
[15127.210894879063, 55838.54839965359]
[15127.243354556384, 55838.53819041243]
[15127.281606723822, 55838.52944252404]
[15127.291525052842, 55838.52906839661]
[15127.292754167624, 55838.52865400086]
[15127.305986259844, 55838.528630465895]
[15127.351505111248, 55838.51493956578]
[15127.420939254343, 55838.49722159503]
[15127.456486798066, 55838.4931803866]
[15127.470126904935, 55838.487783850345]
[15127.532087196269, 55838.481301682266]
[15127.535713068719, 55838.47597076253]
[15127.551827707934, 55838.47487286622]
[15127.561686737436, 55838.472950828946]
[15127.568507277616, 55838.470396920944]
[15127.579298567562, 55838.47016040675]
[15127.620238166284, 55838.46318174861]
[15127.634935914066, 55838.46046865418]
[15127.661819972727, 55838.4534692911]
[15127.715589987829, 55838.44812702929]
[15127.724168817911, 55838.44660845818]
[15127.735978576597, 55838.441705723584]
[15127.772109822621, 55838.439423329764]
[15127.804484080585, 55838.4365835081]
[15127.834377219282, 55838.429823272316]
[15127.876911770452, 55838.42760467969]
[15127.911642777468, 55838.422035332886]
[15127.913650065286, 55838.42142090196]
[15127.953289358114, 55838.419997102275]
[15127.966159760386, 55838.418389004335]
[15127.99292730063, 55838.41439095688]
[15128.034598114204, 55838.413006443596]
[15128.067655972442, 55838.41002299822]
[15128.076685327036, 55838.406990363736]
[15128.097956042324, 55838.406957305175]
[15128.102730259063, 55838.40667789605]
[15128.136150221842, 55838.40486536392]
[15128.163037604834, 55838.404267516096]
[15128.212541636565, 55838.4016692209]
[15128.220572493707, 55838.39977406146]
[15128.225049361678, 55838.39817552504]
[15128.304343835522, 55838.39669569396]
[15128.460077497393, 55838.39620437378]
values
[12417.314895538504, 22760059.933243528]
[14396.327348848867, 61084.70212256136]
[14485.44195826876, 57781.147636706875]
[14589.202028742053, 57712.62388788479]
[14589.604667698166, 57672.99363300772]
[14590.997727007845, 57630.19175369968]
[14591.981067016703, 57558.27525971563]
[14591.981079630315, 57558.27517388271]
[14591.981079630634, 57558.275173880524]
[14591.98107963068, 57558.27517388015]
[14591.981079631661, 57558.275173873575]
[14591.98107963339, 57558.27517386178]
[14591.981079744435, 57558.275173106194]
[14591.981080040532, 57558.275171091256]
[14591.981080139227, 57558.275170419634]
[14591.98108290283, 57558.27515161389]
[14591.981084797872, 57558.27513871858]
[14591.982760628924, 57558.26373484289]
[14591.982806832086, 57558.26342042924]
[14591.983007045865, 57558.26205796634]
[14591.983591146145, 57558.258083109446]
[14594.536033809229, 57443.33401169522]
[14601.961680322705, 57308.21579868314]
[14601.963610610988, 57308.20406593836]
[14601.965821641785, 57308.190626829935]
[14601.96587677662, 57308.19029170964]
[14601.96648335829, 57308.18660478986]
[14604.308492305145, 57266.48942094229]
[14606.840423681308, 57229.228125235255]
[14611.937811520795, 56476.77758834559]
[14650.775058616267, 56432.98995759636]
[14702.712031519102, 56422.70919334222]
[14703.811229430083, 56419.17726608583]
[14704.048391077644, 56417.192308836144]
[14704.345670390361, 56416.027839299]
[14704.940567767002, 56413.763085234845]
[14705.387037206785, 56412.118809601874]
[14705.535916811912, 56411.58071311037]
[14706.392522365599, 56408.57914763746]
[14706.545156631008, 56408.06398817648]
[14706.602160331342, 56407.868012056395]
[14706.727969906533, 56407.44545853706]
[14706.768680373181, 56407.30865123938]
[14706.77631382686, 56407.28303647754]
[14706.77702946705, 56407.28063568493]
[14706.777268013924, 56407.279835443296]
[14706.777745107907, 56407.27823499374]
[14706.778147656181, 56407.27688464943]
[14706.778223134008, 56407.276631463414]
[14706.778226229777, 56407.27662107887]
[14706.77822687473, 56407.27661891545]
[14706.778227347102, 56407.276617330885]
[14706.778227355611, 56407.27661730232]
[14706.778227358445, 56407.27661729283]
[14706.778227359116, 56407.27661729056]
[14706.778227359337, 56407.276617289834]
[14707.7351699933, 56404.17006992]
[14707.921829674222, 56403.58274673944]
[14708.764451752608, 56401.113053412526]
[14709.094615784954, 56399.816706687794]
[14709.0946157854, 56399.816706686484]
[14709.406378439782, 56399.06969618054]
[14709.89767183935, 56397.59970437338]
[14710.090150748181, 56397.00265424591]
[14711.419822574475, 56393.202135097206]
[14711.679063938382, 56392.80172733582]
[14712.094158517617, 56391.58105067523]
[14712.530625486768, 56390.51390481957]
[14712.715335475667, 56389.977504491326]
[14712.753467231485, 56389.57820482332]
[14712.947496639577, 56389.05704843353]
[14713.427588279023, 56387.907479828726]
[14713.594814806822, 56387.47201893063]
[14713.738156547004, 56387.23662163504]
[14713.753847726552, 56386.943911951465]
[14713.753849860452, 56386.94390632299]
[14714.091084719214, 56386.02542574323]
[14720.623741042271, 56382.312908290165]
[14722.389067385882, 56365.77694525631]
[14723.392933943305, 56363.5046422273]
[14724.398029399406, 56361.32548941775]
[14725.40435375418, 56359.25588378175]
[14725.907976768569, 56358.26690995015]
[14727.26929349465, 56355.76482021848]
[14731.720169685332, 56345.61668159434]
[14731.720169685335, 56345.616681594336]
[14734.16083800524, 56335.89350060272]
[14734.160838008656, 56335.893500589475]
[14734.160838008658, 56335.89350058947]
[14771.938888134928, 56269.4891715643]
[14773.555623091494, 56222.99220102887]
[14801.421971914217, 56221.38700127582]
[14807.181941802637, 56158.36265418195]
[14817.572267574353, 56131.79676726583]
[14820.676775831353, 56119.26580127948]
[14834.527933807993, 56076.33308982676]
[14836.960566841502, 56063.414035407885]
[14839.684157286478, 56056.43193183089]
[14839.68415728648, 56056.43193183088]
[14841.186316342511, 56050.8647406358]
[14842.797173976025, 56045.243918926266]
[14843.662579375981, 56044.65491456718]
[14844.03480588795, 56042.72301099975]
[14845.461705081807, 56038.815695938596]
[14845.937731394, 56037.537765620604]
[14846.244052964386, 56035.9999822847]
[14846.509753671442, 56035.262603421324]
[14847.065756165677, 56033.691454842876]
[14847.066339137953, 56033.689977626345]
[14847.931539638572, 56031.506645183734]
[14848.043950920644, 56031.272478003295]
[14848.241371393622, 56030.79508333984]
[14848.241371393624, 56030.795083339835]
[14849.625835594856, 56028.3913254143]
[14849.709840994008, 56027.25664243281]
[14849.976961946522, 56026.628142067]
[14850.221484958336, 56026.281469562695]
[14850.708808824313, 56025.49998309568]
[14851.4486942549, 56023.322944640095]
[14851.716525330141, 56022.74175423232]
[14851.914618584497, 56022.31541118516]
[14851.984486659183, 56022.169308494056]
[14852.140935130868, 56022.06855095183]
[14852.297262642618, 56021.504809985476]
[14852.552502823644, 56020.97363673605]
[14852.780295694003, 56020.704151338825]
[14852.846064450292, 56020.360839715424]
[14852.85539137139, 56020.33991485131]
[14852.896403118099, 56020.273676446246]
[14852.896405699892, 56020.27367120241]
[14852.94903490583, 56020.14600788085]
[14853.063329127173, 56019.93246033635]
[14853.460061544476, 56019.113643337216]
[14853.574616686003, 56018.91802703655]
[14853.72873299625, 56018.58155283116]
[14853.971549438413, 56018.107632532476]
[14853.997534701826, 56018.05663907845]
[14854.065425012952, 56017.927742949825]
[14854.074781311472, 56017.90849531003]
[14854.611557946104, 56016.88440485327]
[14854.85520070418, 56016.38996381922]
[14855.207570589526, 56015.72116645044]
[14855.207570589528, 56015.721166450436]
[14855.34188901539, 56015.54464734015]
[14855.414461964107, 56015.335950292916]
[14855.476952164026, 56015.22348104029]
[14855.49954863344, 56015.201489225794]
[14855.746463992335, 56014.731618236416]
[14856.137445149898, 56013.99832357792]
[14856.351116803637, 56013.61698450224]
[14856.445349172483, 56013.44715116632]
[14856.46005608072, 56013.420535386875]
[14856.88142425127, 56012.679487231275]
[14856.93352385484, 56012.65913132473]
[14856.9590524653, 56012.542369243114]
[14857.421350023156, 56011.75022656043]
[14857.47321701341, 56011.65456697484]
[14857.499366113558, 56011.60844872043]
[14857.567681422353, 56011.49311478899]
[14857.852255124391, 56011.00812882174]
[14858.067838603913, 56010.641680765446]
[14858.118030648657, 56010.56051071547]
[14858.714507171786, 56009.556701918205]
[14859.256241065503, 56008.667138428194]
[14859.50422917141, 56008.63962142876]
[14859.527303393066, 56008.22687090969]
[14860.473934708998, 56006.745999306404]
[14861.288861298457, 56005.46594975921]
[14862.580258489696, 56004.0702515114]
[14862.713200641714, 56004.006572808205]
[14863.936666904754, 56001.53499618912]
[14864.554151852439, 56000.50296141824]
[14865.076083134796, 55999.61809780198]
[14865.369196347012, 55999.025203161465]
[14866.331757012664, 55997.43083806126]
[14866.47185917124, 55997.204152562015]
[14867.423169016929, 55995.62032503476]
[14868.380197882308, 55994.14160022227]
[14868.454290509388, 55993.86685913819]
[14870.111357285748, 55991.174592382085]
[14871.115015765283, 55989.395212071686]
[14871.515819247708, 55988.75946171561]
[14871.564195616771, 55988.68568117539]
[14871.566671122073, 55988.67577505802]
[14871.644844899725, 55988.56414705296]
[14871.690827951357, 55988.48860649988]
[14871.725360298635, 55988.43771128364]
[14871.742826345197, 55988.405414773995]
[14871.752442271605, 55988.39484845064]
[14871.840055393826, 55988.25031753978]
[14871.890217435512, 55988.177664216586]
[14871.891317719144, 55988.173920075285]
[14871.91730343615, 55988.13527477024]
[14871.971057708497, 55988.05317584399]
[14871.97955217527, 55988.0401196981]
[14871.988046765042, 55988.0270734889]
[14871.992738362682, 55988.02033555733]
[14872.008007077307, 55987.99387180882]
[14872.058510103758, 55987.91895003043]
[14872.255432114142, 55987.653696438414]
[14872.281679032907, 55987.58246936358]
[14872.449818671514, 55987.33541283288]
[14872.452167681591, 55987.32865660291]
[14872.555525034313, 55987.18102866676]
[14872.575527719713, 55987.149541671344]
[14872.584032644847, 55987.13716509738]
[14872.592537692988, 55987.12480025012]
[14872.673225489172, 55987.00814937868]
[14872.673525375074, 55987.008035919716]
[14872.753930098866, 55986.89250987363]
[14872.811377049511, 55986.812897269556]
[14872.846112162779, 55986.765829112]
[14872.898986367987, 55986.69220866505]
[14872.919235838905, 55986.660110827295]
[14872.978306112143, 55986.58499753362]
[14872.984686210224, 55986.56885188557]
[14873.0298580197, 55986.512813502944]
[14873.045902622769, 55986.48987051958]
[14873.067302752435, 55986.45959631947]
[14873.07583033227, 55986.44651688064]
[14873.088919156562, 55986.43087276583]
[14873.099530236386, 55986.416783859306]
[14873.110176247901, 55986.406236050985]
[14873.120201889828, 55986.387853622495]
[14873.226400868709, 55986.245758474266]
[14873.239845628887, 55986.228545423175]
[14873.243426858699, 55986.223072468834]
[14873.253981783502, 55986.20672518442]
[14873.26780741129, 55986.18868996755]
[14873.34153632141, 55986.09177442439]
[14873.395879547115, 55986.01875899468]
[14873.53448834882, 55985.84455402535]
[14873.53782738648, 55985.834491708345]
[14873.537827386483, 55985.83449170833]
[14873.557515317714, 55985.80735906567]
[14873.56298966274, 55985.804507453446]
[14873.58368590931, 55985.77734396489]
[14873.59432069968, 55985.76432843387]
[14873.60602844714, 55985.74615251304]
[14873.615943936184, 55985.73742600511]
[14873.653049087306, 55985.68717517059]
[14873.734214637743, 55985.58460728935]
[14873.736261493144, 55985.57989096975]
[14873.763014480546, 55985.54477379967]
[14873.784561913812, 55985.526593748196]
[14873.787587734689, 55985.51809522955]
[14873.847429831412, 55985.442200409256]
[14873.86067257849, 55985.42628787822]
[14873.86889877153, 55985.42334723719]
[14873.87391579452, 55985.41041181024]
[14873.885409463484, 55985.39459782286]
[14873.895383223906, 55985.38742988019]
[14873.953254208522, 55985.32158924526]
[14873.958354504364, 55985.30975508742]
[14873.966017109813, 55985.29788082039]
[14873.974882114968, 55985.29609450295]
[14873.985121654847, 55985.27588229991]
[14874.006253074635, 55985.25857790177]
[14874.03102582726, 55985.21996091497]
[14874.064264973278, 55985.190134453274]
[14874.064291659572, 55985.19012294077]
[14874.076652340877, 55985.17790424343]
[14874.095904940097, 55985.14982682294]
[14874.126151389812, 55985.11967864671]
[14874.127277698843, 55985.10854946694]
[14874.164056593567, 55985.0642796862]
[14874.195020141047, 55985.03785893107]
[14874.228063145196, 55985.00100693575]
[14874.24551745364, 55984.98469429459]
[14874.318672937003, 55984.89749251643]
[14874.323338875745, 55984.88348844798]
[14874.33412655687, 55984.88185089909]
[14874.342490359211, 55984.86403187421]
[14874.343070647856, 55984.859806472705]
[14874.360776128571, 55984.85237659277]
[14874.365532880713, 55984.84693549161]
[14874.369897222163, 55984.83347556535]
[14874.377403851462, 55984.82344875016]
[14874.391924398891, 55984.817846255544]
[14874.396943395026, 55984.81233285685]
[14874.422327483424, 55984.77375354478]
[14874.431963718407, 55984.77076707526]
[14874.439394814885, 55984.75510623398]
[14874.454403999891, 55984.736853531285]
[14874.481411388844, 55984.720506327685]
[14874.485352576507, 55984.70395882732]
[14874.50139461978, 55984.68765779457]
[14874.508904148744, 55984.677883577075]
[14874.520725504712, 55984.666647112455]
[14874.531311290202, 55984.65869876299]
[14874.556105401543, 55984.64058912199]
[14874.561017086902, 55984.61663338931]
[14874.581954922982, 55984.61458751494]
[14874.590249258974, 55984.59079503916]
[14874.609169947105, 55984.58466545171]
[14874.609375191785, 55984.57133764105]
[14874.636221712259, 55984.543990335835]
[14874.648559803718, 55984.540965131266]
[14874.655352804113, 55984.522094198146]
[14874.676677473242, 55984.51105955146]
[14874.682198886903, 55984.497689143835]
[14874.744958013494, 55984.42934805664]
[14874.751749266587, 55984.42457364621]
[14874.778203155956, 55984.4111168006]
[14874.88080274445, 55984.30290856704]
[14874.89769422548, 55984.28145076321]
[14874.913309669348, 55984.26479323159]
[14874.925146461796, 55984.254795717075]
[14874.940184767967, 55984.23698981041]
[14874.957269858027, 55984.22044050845]
[14874.967176558082, 55984.212999789546]
[14874.967279975355, 55984.212120059856]
[14874.967872296033, 55984.20832958486]
[14874.987066635435, 55984.20674426261]
[14875.000419820119, 55984.193980289565]
[14875.002258490224, 55984.177223418665]
[14875.022198583878, 55984.160097496664]
[14875.035718634375, 55984.14297520015]
[14875.047252313781, 55984.134544688415]
[14875.049001675501, 55984.130792421776]
[14875.055796622368, 55984.12649045938]
[14875.064341053958, 55984.11845533921]
[14875.085030765571, 55984.10549857673]
[14875.103576639947, 55984.07885098163]
[14875.110372255485, 55984.07463667654]
[14875.130072516766, 55984.05948670088]
[14875.142482021845, 55984.03850878958]
[14875.157258059644, 55984.02614223351]
[14875.19603899482, 55984.01382349788]
[14875.215116240399, 55983.97720508103]
[14875.237870010902, 55983.9628382468]
[14875.25292229069, 55983.94638346159]
[14875.285748684984, 55983.93519941184]
[14875.325202474329, 55983.91024922715]
[14875.326685862534, 55983.878939606344]
[14875.342971779899, 55983.867718949754]
[14875.391757492178, 55983.84422762368]
[14875.39459296199, 55983.82022766304]
[14875.411955613963, 55983.81469194998]
[14875.44520987768, 55983.79888480387]
[14875.448311250726, 55983.771810720325]
[14875.469311706642, 55983.75921854065]
[14875.473347281666, 55983.75267012558]
[14875.50374066799, 55983.73282382149]
[14875.506211319138, 55983.72755383636]
[14875.535628632912, 55983.71169688149]
[14875.540390279475, 55983.69027529115]
[14875.55734408418, 55983.68948633769]
[14875.56997240894, 55983.668885616775]
[14875.612964773198, 55983.665377582074]
[14875.614310353358, 55983.664169244126]
[14875.614310704517, 55983.66416922331]
[14875.614363975947, 55983.66416605755]
[14875.61596572035, 55983.65972443528]
[14875.617859697973, 55983.638434046814]
[14875.620061175901, 55983.63253669668]
[14875.669532634249, 55983.606435277106]
[14875.685815891302, 55983.585411259155]
[14875.708606275435, 55983.57263907897]
[14875.723290907865, 55983.56759520784]
[14875.72711619057, 55983.565116349346]
[14875.728618036748, 55983.55488448466]
[14875.75471362211, 55983.537306016995]
[14875.777260115945, 55983.52783438371]
[14875.804885341271, 55983.507342247794]
[14875.836344457564, 55983.50146223949]
[14875.836982124285, 55983.498481330316]
[14875.87590269652, 55983.454017170334]
[14875.885523830571, 55983.448226136425]
[14875.902122274128, 55983.443380855766]
[14875.902434844664, 55983.425436721154]
[14875.953008610177, 55983.40960820128]
[14875.980071403766, 55983.40045839206]
[14876.04832107918, 55983.35902875271]
[14876.226519050626, 55983.226620662754]
[14876.239502150245, 55983.22080389575]
[14927.796344255677, 55968.95078008444]
[14973.287906020194, 55942.30124018437]
[14973.681894156318, 55941.50752200281]
[14977.96134896363, 55927.799611551425]
[15007.071733335857, 55922.14706902174]
[15055.316466736816, 55866.23238629246]
[15055.569165149034, 55864.130924922145]
[15055.697789717602, 55863.432158549855]
[15055.762670842505, 55863.180240441936]
[15055.82793119448, 55862.99659574243]
[15055.860703580629, 55862.931102690396]
[15055.910039922528, 55862.866552862615]
[15055.924469870695, 55862.85545135226]
[15055.926532773216, 55862.85415292954]
[15055.932723702814, 55862.85069028501]
[15055.934788086692, 55862.849680483014]
[15055.938917965466, 55862.847877865875]
[15055.943049325595, 55862.846364970974]
[15055.959589579665, 55862.843220293056]
[15056.08742047231, 55862.57489506029]
[15056.164268460485, 55862.44304159193]
[15056.202696373643, 55862.378566786916]
[15056.231868402196, 55862.326348378745]
[15056.24112689951, 55862.315061821544]
[15056.439726238392, 55862.00245448072]
[15056.67685545869, 55861.663528018995]
[15056.68647090107, 55861.6505760807]
[15056.696086506738, 55861.63768572333]
[15056.845149275954, 55861.44577183096]
[15056.847282546185, 55859.99789994009]
[15057.04670607191, 55859.81851714144]
[15057.091413677936, 55859.78686298753]
[15057.12825958471, 55859.77105919631]
[15057.155372373689, 55859.75504545614]
[15057.165260820697, 55859.744356259805]
[15057.180646484308, 55859.73283735613]
[15057.18356630313, 55859.729811032616]
[15057.201907504412, 55859.708201815396]
[15057.2414574961, 55859.68117131989]
[15057.26039360677, 55859.66851852835]
[15057.265308976386, 55859.665415125666]
[15057.30113206913, 55859.64095908919]
[15057.316173866064, 55859.63987924102]
[15057.318562232735, 55859.637934729144]
[15057.327019488883, 55859.624520712816]
[15057.337768262634, 55859.62430556987]
[15057.34503612825, 55859.6211698245]
[15057.347379946652, 55859.62044890875]
[15057.368822276929, 55859.60690567872]
[15057.369180764314, 55859.60475309256]
[15057.37278505223, 55859.59474109421]
[15057.378797743051, 55859.59301366418]
[15057.410179173703, 55859.58290105544]
[15057.415212804191, 55859.5782294025]
[15057.416931027823, 55859.57641310318]
[15057.4176344215, 55859.57058193964]
[15057.421454688405, 55859.56698611224]
[15057.422409761855, 55859.56608955957]
[15057.430580550092, 55859.56333300261]
[15057.457506961124, 55859.55647504025]
[15057.457542416341, 55859.554174959994]
[15057.460294253056, 55859.5457029885]
[15057.462204565258, 55859.54397146198]
[15057.48353671395, 55859.53988612855]
[15057.489102717587, 55859.539400744114]
[15057.493673051506, 55859.536151316795]
[15057.499631375069, 55859.526599912635]
[15057.524462014833, 55859.520178886]
[15057.534159822806, 55859.509450958685]
[15057.541802350936, 55859.503002319325]
[15057.56220292759, 55859.50072791352]
[15057.562202927591, 55859.50072791349]
[15057.56271912389, 55859.49986831394]
[15057.569623215415, 55859.498699684475]
[15057.573753152867, 55859.49028871874]
[15057.580649923784, 55859.48492262969]
[15057.595400732811, 55859.48473558812]
[15057.598906116289, 55859.479484329226]
[15057.603222788792, 55859.47758800178]
[15057.616838624712, 55859.47615260955]
[15057.625569891685, 55859.47108768173]
[15057.641084571924, 55859.45884040957]
[15057.662166458647, 55859.45395285457]
[15057.674598226678, 55859.45076189819]
[15057.679178784947, 55859.4504825302]
[15057.681849926614, 55859.4419988649]
[15057.690731954477, 55859.43927483887]
[15057.701755858376, 55859.4343484014]
[15057.721115992508, 55859.43267221386]
[15057.722609221615, 55859.43115424312]
[15057.731500789328, 55859.4238229077]
[15057.759510013391, 55859.4224450328]
[15057.77144264449, 55859.418386089346]
[15057.783059597341, 55859.412836279866]
[15057.792658868022, 55859.410822441445]
[15057.805304178863, 55859.406800159755]
[15057.828880818279, 55859.40588282059]
[15057.836489125251, 55859.40208498006]
[15057.849373349034, 55859.39099956811]
[15057.866923982321, 55859.38747715422]
[15106.228864842991, 55858.36672421878]
[15109.693190856853, 55854.05462099547]
[15113.166287638227, 55850.51910805043]
[15117.51999250676, 55846.462454215616]
[15119.920371652666, 55844.199512804196]
[15123.638202587434, 55840.85512753522]
[15124.843150130453, 55839.94780581841]
[15124.856520659883, 55837.88306826989]
[15124.912398890157, 55837.864992618546]
[15124.926101204048, 55837.86084277928]
[15124.949038168394, 55837.85312819184]
[15124.95710897927, 55837.852179229514]
[15124.983855766472, 55837.84305945851]
[15125.014385963566, 55837.83585374805]
[15125.083941145731, 55837.819154096214]
[15125.111352769296, 55837.813420105886]
[15125.121367105847, 55837.812720291666]
[15125.134109781808, 55837.806701559166]
[15125.157327406147, 55837.802141061926]
[15125.17274733481, 55837.79950850805]
[15125.17617308689, 55837.79907376618]
[15125.203588226454, 55837.79461577423]
[15125.226808142368, 55837.79088166439]
[15125.234608641764, 55837.79053705014]
[15125.271383543693, 55837.787620359566]
[15125.281506501378, 55837.784737966474]
[15125.296472438446, 55837.781310264225]
[15125.325887663768, 55837.78123261454]
[15125.336346143356, 55837.77917157689]
[15125.34291909278, 55837.776281639606]
[15125.35816653775, 55837.77592491363]
[15125.392960171703, 55837.77334303317]
[15125.4198661534, 55837.77248693519]
[15125.458836400254, 55837.77147640149]
[15125.481571285387, 55837.77098269454]
[15125.489461298062, 55837.77008864962]
[15163.246890828377, 55835.4212898181]
values
[12417.314895538504, 22760059.933243528]
[14396.327348848867, 61084.70212256136]
[14485.44195826876, 57781.147636706875]
[14589.20202874205, 57712.623887884794]
[14589.202028742053, 57712.62388788479]
[14589.604667698166, 57672.99363300772]
[14590.997727007845, 57630.19175369968]
[14591.981067016703, 57558.27525971563]
[14591.981079630315, 57558.27517388271]
[14591.981079630634, 57558.275173880524]
[14591.98107963068, 57558.27517388015]
[14591.981079631661, 57558.275173873575]
[14591.98107963339, 57558.27517386178]
[14591.981079744435, 57558.275173106194]
[14591.981080040532, 57558.275171091256]
[14591.981080139227, 57558.275170419634]
[14591.98108290283, 57558.27515161389]
[14591.981084797872, 57558.27513871858]
[14591.982760628924, 57558.26373484289]
[14591.982806832086, 57558.26342042924]
[14591.983007045865, 57558.26205796634]
[14591.983591146145, 57558.258083109446]
[14594.536033809229, 57443.33401169522]
[14601.961680322705, 57308.21579868314]
[14601.963610610988, 57308.20406593836]
[14601.965821641785, 57308.190626829935]
[14601.965876776618, 57308.19029170963]
[14601.96587677662, 57308.19029170962]
[14601.96648335829, 57308.18660478986]
[14604.308492305145, 57266.48942094229]
[14606.840423681308, 57229.228125235255]
[14611.937811520795, 56476.77758834559]
[14650.775058616267, 56432.98995759636]
[14702.712031519102, 56422.70919334222]
[14703.811229430083, 56419.17726608583]
[14704.048391077644, 56417.192308836144]
[14704.345670390361, 56416.027839299]
[14704.940567767002, 56413.763085234845]
[14705.387037206785, 56412.118809601874]
[14705.535916811912, 56411.58071311037]
[14706.392522365599, 56408.57914763746]
[14706.545156631008, 56408.06398817648]
[14706.602160331342, 56407.868012056395]
[14706.727969906533, 56407.44545853706]
[14706.768680373181, 56407.30865123938]
[14706.77631382686, 56407.28303647754]
[14706.77702946705, 56407.28063568493]
[14706.777268013924, 56407.279835443296]
[14706.777745107907, 56407.27823499374]
[14706.778147656181, 56407.27688464943]
[14706.778223134008, 56407.276631463414]
[14706.778226229777, 56407.27662107887]
[14706.77822687473, 56407.27661891545]
[14706.778227347102, 56407.276617330885]
[14706.778227355611, 56407.27661730232]
[14706.778227358445, 56407.27661729283]
[14706.778227359116, 56407.27661729056]
[14706.778227359337, 56407.276617289834]
[14707.7351699933, 56404.17006992]
[14707.921829674222, 56403.58274673944]
[14708.764451752608, 56401.113053412526]
[14709.094615784954, 56399.816706687794]
[14709.0946157854, 56399.816706686484]
[14709.406378439782, 56399.06969618054]
[14709.825218626058, 56397.849697709295]
[14709.89767183935, 56397.59970437338]
[14709.993895012043, 56397.29981167491]
[14710.00965467797, 56397.23965992498]
[14710.090150748181, 56397.00265424591]
[14711.419822574475, 56393.202135097206]
[14711.679063938382, 56392.80172733582]
[14712.094158517617, 56391.58105067523]
[14712.530625486768, 56390.51390481957]
[14712.715335475667, 56389.977504491326]
[14712.753467231485, 56389.57820482332]
[14712.834407844615, 56389.36263751578]
[14712.850465653804, 56389.31717867468]
[14712.947496639577, 56389.05704843353]
[14713.427588279023, 56387.907479828726]
[14713.594814806822, 56387.47201893063]
[14713.738156547004, 56387.23662163504]
[14713.753847726552, 56386.943911951465]
[14713.753849860452, 56386.94390632299]
[14714.091084719214, 56386.02542574323]
[14714.359649675278, 56385.320739984345]
[14720.623741042271, 56382.312908290165]
[14722.389067385882, 56365.77694525631]
[14723.392933943305, 56363.5046422273]
[14724.398029399406, 56361.32548941775]
[14725.40435375418, 56359.25588378175]
[14725.907976768569, 56358.26690995015]
[14727.26929349465, 56355.76482021848]
[14731.720169685332, 56345.61668159434]
[14731.720169685335, 56345.616681594336]
[14734.16083800524, 56335.89350060272]
[14734.160838008656, 56335.893500589475]
[14734.160838008658, 56335.89350058947]
[14739.068629744328, 56319.226930796394]
[14771.938888134928, 56269.4891715643]
[14773.555623091494, 56222.99220102887]
[14801.421971914217, 56221.38700127582]
[14807.181941802637, 56158.36265418195]
[14817.572267574353, 56131.79676726583]
[14820.676775831353, 56119.26580127948]
[14834.527933807993, 56076.33308982676]
[14836.960566841502, 56063.414035407885]
[14839.684157286478, 56056.43193183089]
[14839.68415728648, 56056.43193183088]
[14841.186316342511, 56050.8647406358]
[14842.797173976025, 56045.243918926266]
[14843.662579375981, 56044.65491456718]
[14844.03480588795, 56042.72301099975]
[14845.461705081807, 56038.815695938596]
[14845.937731394, 56037.537765620604]
[14846.130058486504, 56036.34432626137]
[14846.244052964386, 56035.9999822847]
[14846.376887036186, 56035.629832718514]
[14846.509753671442, 56035.262603421324]
[14847.065756165677, 56033.691454842876]
[14847.066339137953, 56033.689977626345]
[14847.860573217418, 56031.789673002284]
[14847.931539638572, 56031.506645183734]
[14848.043950920644, 56031.272478003295]
[14848.108149697004, 56031.13416321346]
[14848.139005309165, 56031.04277335806]
[14848.241371393622, 56030.79508333984]
[14848.241371393624, 56030.795083339835]
[14849.595060779056, 56027.542580953996]
[14849.709840994008, 56027.25664243281]
[14849.976961946522, 56026.628142067]
[14850.221484958336, 56026.281469562695]
[14850.708808824313, 56025.49998309568]
[14851.33352117141, 56023.58487465843]
[14851.4486942549, 56023.322944640095]
[14851.716525330141, 56022.74175423232]
[14851.819335957513, 56022.531537969946]
[14851.914618584497, 56022.31541118516]
[14851.984486659183, 56022.169308494056]
[14852.099853349024, 56021.92179616397]
[14852.174792100788, 56021.740254896155]
[14852.297262642618, 56021.504809985476]
[14852.552502823644, 56020.97363673605]
[14852.780295694003, 56020.704151338825]
[14852.827094076882, 56020.412651481485]
[14852.846064450292, 56020.360839715424]
[14852.85539137139, 56020.33991485131]
[14852.896403118099, 56020.273676446246]
[14852.896405699892, 56020.27367120241]
[14852.94903490583, 56020.14600788085]
[14852.998506812164, 56020.05812121788]
[14853.063329127173, 56019.93246033635]
[14853.460061544476, 56019.113643337216]
[14853.574616686003, 56018.91802703655]
[14853.594380988636, 56018.84668367422]
[14853.72873299625, 56018.58155283116]
[14853.950365416627, 56018.1363325491]
[14853.960296611012, 56018.12479573304]
[14853.971549438413, 56018.107632532476]
[14853.997534701826, 56018.05663907845]
[14854.022994130484, 56017.98668506927]
[14854.065425012952, 56017.927742949825]
[14854.074781311472, 56017.90849531003]
[14854.085001513513, 56017.87510472312]
[14854.093947268748, 56017.8718759557]
[14854.586799631325, 56016.912327260296]
[14854.611557946104, 56016.88440485327]
[14854.85520070418, 56016.38996381922]
[14855.207570589526, 56015.72116645044]
[14855.207570589528, 56015.721166450436]
[14855.34188901539, 56015.54464734015]
[14855.342245095053, 56015.471578074306]
[14855.414461964107, 56015.335950292916]
[14855.476952164026, 56015.22348104029]
[14855.49954863344, 56015.201489225794]
[14855.593104590936, 56015.006426152]
[14855.696406635423, 56014.83054941454]
[14855.746463992335, 56014.731618236416]
[14855.875613533817, 56014.4809999349]
[14855.978962452495, 56014.306333324625]
[14856.054956795602, 56014.1405077639]
[14856.137445149898, 56013.99832357792]
[14856.351116803637, 56013.61698450224]
[14856.445349172483, 56013.44715116632]
[14856.46005608072, 56013.420535386875]
[14856.611509018869, 56013.15515585751]
[14856.738020649065, 56012.93710271532]
[14856.88142425127, 56012.679487231275]
[14856.93352385484, 56012.65913132473]
[14856.9590524653, 56012.542369243114]
[14857.094082032188, 56012.30719395878]
[14857.105554680566, 56012.296599558766]
[14857.165983582683, 56012.214991740155]
[14857.22914416253, 56012.07317239617]
[14857.239018391821, 56012.07121653201]
[14857.421350023156, 56011.75022656043]
[14857.47321701341, 56011.65456697484]
[14857.499366113558, 56011.60844872043]
[14857.567681422353, 56011.49311478899]
[14857.732650310794, 56011.197498207766]
[14857.852255124391, 56011.00812882174]
[14857.867074902508, 56010.97611679941]
[14858.067838603913, 56010.641680765446]
[14858.118030648657, 56010.56051071547]
[14858.362648255159, 56010.11615162534]
[14858.714507171786, 56009.556701918205]
[14859.1207587469, 56008.88835115498]
[14859.256241065503, 56008.667138428194]
[14859.50422917141, 56008.63962142876]
[14859.527303393066, 56008.22687090969]
[14859.594104461406, 56008.11265205072]
[14859.878698704046, 56007.624177073085]
[14860.473934708998, 56006.745999306404]
[14861.288861298457, 56005.46594975921]
[14861.641435215039, 56004.85692472121]
[14862.580258489696, 56004.0702515114]
[14862.713200641714, 56004.006572808205]
[14862.78051952293, 56003.66112817931]
[14863.644014169126, 56002.262548657556]
[14863.936666904754, 56001.53499618912]
[14864.554151852439, 56000.50296141824]
[14865.076083134796, 55999.61809780198]
[14865.16444784011, 55999.48080257558]
[14865.369196347012, 55999.025203161465]
[14866.331757012664, 55997.43083806126]
[14866.47185917124, 55997.204152562015]
[14867.423169016929, 55995.62032503476]
[14868.380197882308, 55994.14160022227]
[14868.454290509388, 55993.86685913819]
[14870.111357285748, 55991.174592382085]
[14871.115015765283, 55989.395212071686]
[14871.267304548108, 55989.16940717688]
[14871.375465455481, 55988.99540532133]
[14871.515819247708, 55988.75946171561]
[14871.564195616771, 55988.68568117539]
[14871.566671122073, 55988.67577505802]
[14871.622957979604, 55988.60027536023]
[14871.644844899725, 55988.56414705296]
[14871.690827951357, 55988.48860649988]
[14871.725360298635, 55988.43771128364]
[14871.742826345197, 55988.405414773995]
[14871.749997404038, 55988.39692611937]
[14871.752442271605, 55988.39484845064]
[14871.761136030587, 55988.3854701197]
[14871.800872476686, 55988.321160452855]
[14871.835164237405, 55988.263163881726]
[14871.840055393826, 55988.25031753978]
[14871.89015406044, 55988.17561400766]
[14871.891317719144, 55988.173920075285]
[14871.89806903918, 55988.1658494369]
[14871.91730343615, 55988.13527477024]
[14871.954661176824, 55988.07722399662]
[14871.971057708497, 55988.05317584399]
[14871.978845494656, 55988.04596826813]
[14871.97955217527, 55988.0401196981]
[14871.988046765042, 55988.0270734889]
[14871.99098490975, 55988.02158677837]
[14871.992738362682, 55988.02033555733]
[14872.008007077307, 55987.99387180882]
[14872.058510103758, 55987.91895003043]
[14872.255432114142, 55987.653696438414]
[14872.281679032907, 55987.58246936358]
[14872.449818671514, 55987.33541283288]
[14872.452167681591, 55987.32865660291]
[14872.555525034313, 55987.18102866676]
[14872.575527719713, 55987.149541671344]
[14872.582240508535, 55987.13574266304]
[14872.584738891072, 55987.131645705565]
[14872.592537692988, 55987.12480025012]
[14872.65405767363, 55987.0277589127]
[14872.673225489172, 55987.00814937868]
[14872.673525375074, 55987.008035919716]
[14872.753930098866, 55986.89250987363]
[14872.776466945306, 55986.86380235634]
[14872.788465595646, 55986.82806806616]
[14872.811377049511, 55986.812897269556]
[14872.846112162779, 55986.765829112]
[14872.869636184409, 55986.71080945726]
[14872.898986367987, 55986.69220866505]
[14872.919235838905, 55986.660110827295]
[14872.941318342897, 55986.62453238549]
[14872.95151062455, 55986.61642389179]
[14872.978306112143, 55986.58499753362]
[14872.984686210224, 55986.56885188557]
[14872.992751177131, 55986.52750336273]
[14873.021010327318, 55986.50975747215]
[14873.045902622769, 55986.48987051958]
[14873.067302752435, 55986.45959631947]
[14873.074306872162, 55986.44199003561]
[14873.085405218422, 55986.404813365196]
[14873.103693611996, 55986.37597275815]
[14873.15737056826, 55986.305350197734]
[14873.226400868709, 55986.245758474266]
[14873.239845628887, 55986.228545423175]
[14873.243426858699, 55986.223072468834]
[14873.244833447583, 55986.20517812601]
[14873.26780741129, 55986.18868996755]
[14873.295906080519, 55986.11619671593]
[14873.306081585555, 55986.10936211121]
[14873.324584425218, 55986.0947497026]
[14873.34153632141, 55986.09177442439]
[14873.395879547115, 55986.01875899468]
[14873.458466250742, 55985.897606127]
[14873.53448834882, 55985.84455402535]
[14873.53782738648, 55985.834491708345]
[14873.537827386483, 55985.83449170833]
[14873.54857487218, 55985.80259187494]
[14873.56782568158, 55985.75710930557]
[14873.581531638492, 55985.75388515738]
[14873.587480999462, 55985.73753084482]
[14873.615943936184, 55985.73742600511]
[14873.645092342118, 55985.65409201124]
[14873.677211177359, 55985.61892066515]
[14873.734214637743, 55985.58460728935]
[14873.736261493144, 55985.57989096975]
[14873.746012982183, 55985.5640993463]
[14873.753208626975, 55985.51591397932]
[14873.788297768497, 55985.51363686734]
[14873.789753488736, 55985.485321264816]
[14873.82040327381, 55985.463848379855]
[14873.831782150311, 55985.41765268433]
[14873.87391579452, 55985.41041181024]
[14873.885409463484, 55985.39459782286]
[14873.895383223906, 55985.38742988019]
[14873.896893337433, 55985.33608964699]
[14873.953254208522, 55985.32158924526]
[14873.958354504364, 55985.30975508742]
[14873.959152455123, 55985.29788291905]
[14873.966017109813, 55985.29788082039]
[14873.974882114968, 55985.29609450295]
[14873.985121654847, 55985.27588229991]
[14874.006253074635, 55985.25857790177]
[14874.018960368134, 55985.23508340778]
[14874.03102582726, 55985.21996091497]
[14874.061058200847, 55985.14069799448]
[14874.091782295289, 55985.12993856634]
[14874.126151389812, 55985.11967864671]
[14874.127277698843, 55985.10854946694]
[14874.164056593567, 55985.0642796862]
[14874.171186889467, 55985.03084345284]
[14874.182820250517, 55985.01872023572]
[14874.205352917123, 55984.967046684724]
[14874.252621306821, 55984.93550197992]
[14874.316663084233, 55984.88399803358]
[14874.323338875745, 55984.88348844798]
[14874.33407151582, 55984.84168947827]
[14874.33479663125, 55984.827922667224]
[14874.365436242299, 55984.81466535637]
[14874.373658514402, 55984.80336377976]
[14874.422327483424, 55984.77375354478]
[14874.431963718407, 55984.77076707526]
[14874.439394814885, 55984.75510623398]
[14874.454403999891, 55984.736853531285]
[14874.471262804802, 55984.70975561944]
[14874.47172693616, 55984.67782258061]
[14874.506949354361, 55984.62807987061]
[14874.546394341078, 55984.62722792072]
[14874.553904667815, 55984.589843434806]
[14874.609169947105, 55984.58466545171]
[14874.609375191785, 55984.57133764105]
[14874.62109128865, 55984.54865941712]
[14874.636221712259, 55984.543990335835]
[14874.648559803718, 55984.540965131266]
[14874.651428917254, 55984.46939085824]
[14874.701080401657, 55984.461511357826]
[14874.707716144805, 55984.45484334337]
[14874.719395782739, 55984.42870175907]
[14874.741735309182, 55984.42174661522]
[14874.766186943432, 55984.35074926595]
[14874.88080274445, 55984.30290856704]
[14874.882762209738, 55984.2541062851]
[14874.925745812983, 55984.236023378646]
[14874.95325905249, 55984.162257505974]
[14874.992433520263, 55984.14813940016]
[14875.035718634375, 55984.14297520015]
[14875.047252313781, 55984.134544688415]
[14875.049001675501, 55984.130792421776]
[14875.055796622368, 55984.12649045938]
[14875.05681505236, 55984.10603840073]
[14875.061037274849, 55984.098496917955]
[14875.079425189928, 55984.09816341315]
[14875.080573910216, 55984.08518745604]
[14875.102130895733, 55984.045246333]
[14875.136577061847, 55984.02798285443]
[14875.150534937413, 55984.023587233394]
[14875.183598887828, 55983.98741073479]
[14875.190756304439, 55983.98058035983]
[14875.211854336143, 55983.945487406134]
[14875.249272750863, 55983.937129877086]
[14875.285748684984, 55983.93519941184]
[14875.325202474329, 55983.91024922715]
[14875.326685862534, 55983.878939606344]
[14875.327594421042, 55983.81223848068]
[14875.394805689262, 55983.810730173536]
[14875.403230935573, 55983.77659952307]
[14875.431379411795, 55983.755611956556]
[14875.473347281666, 55983.75267012558]
[14875.50374066799, 55983.73282382149]
[14875.506211319138, 55983.72755383636]
[14875.506658932058, 55983.71081640337]
[14875.507033569604, 55983.70388646448]
[14875.530444716205, 55983.69292002861]
[14875.540390279475, 55983.69027529115]
[14875.55734408418, 55983.68948633769]
[14875.567934483137, 55983.64160471854]
[14875.594689948608, 55983.61781558603]
[14875.637910800207, 55983.601779236196]
[14875.641148367893, 55983.582482490914]
[14875.685499272104, 55983.567961112356]
[14875.696220290925, 55983.54087383021]
[14875.73176644157, 55983.53463323626]
[14875.74411799948, 55983.52590519265]
[14875.783201945247, 55983.49843664515]
[14875.787728704827, 55983.470233491666]
[14875.840611442649, 55983.450050099804]
[14875.863089268578, 55983.43425669]
[14875.884159914202, 55983.430560032866]
[14875.889575349955, 55983.3584447271]
[14875.990943146408, 55983.345093740325]
[14876.00673256693, 55983.31737003966]
[14876.065901259319, 55983.296286685596]
[14876.068154220902, 55983.291734677245]
[14876.226519050626, 55983.226620662754]
[14876.239502150245, 55983.22080389575]
[14927.796344255677, 55968.95078008444]
[14973.287906020194, 55942.30124018437]
[14973.681894156318, 55941.50752200281]
[14977.96134896363, 55927.799611551425]
[15007.071733335857, 55922.14706902174]
[15055.316466736816, 55866.23238629246]
[15055.569165149034, 55864.130924922145]
[15055.697789717602, 55863.432158549855]
[15055.762670842505, 55863.180240441936]
[15055.82793119448, 55862.99659574243]
[15055.860703580629, 55862.931102690396]
[15055.910039922528, 55862.866552862615]
[15055.924469870695, 55862.85545135226]
[15055.926532773216, 55862.85415292954]
[15055.932723702814, 55862.85069028501]
[15055.934788086692, 55862.849680483014]
[15055.938917965466, 55862.847877865875]
[15055.943049325595, 55862.846364970974]
[15055.959589579665, 55862.843220293056]
[15056.08742047231, 55862.57489506029]
[15056.164268460485, 55862.44304159193]
[15056.202696373643, 55862.378566786916]
[15056.231868402196, 55862.326348378745]
[15056.24112689951, 55862.315061821544]
[15056.439726238392, 55862.00245448072]
[15056.67685545869, 55861.663528018995]
[15056.68647090107, 55861.6505760807]
[15056.696086506738, 55861.63768572333]
[15056.845149275954, 55861.44577183096]
[15056.847282546185, 55859.99789994009]
[15056.967338774388, 55859.86334649415]
[15056.980577265389, 55859.842810551156]
[15056.994787257243, 55859.828979014055]
[15057.038154443266, 55859.79761353958]
[15057.08095569885, 55859.769793480715]
[15057.100280388724, 55859.75357643886]
[15057.117618822856, 55859.73386672499]
[15057.153325556139, 55859.71395813788]
[15057.201907504412, 55859.708201815396]
[15057.216427625033, 55859.66912037083]
[15057.239758086043, 55859.66519718016]
[15057.250838970229, 55859.64235251212]
[15057.287059315464, 55859.63426126304]
[15057.29178814245, 55859.62049192961]
[15057.29854900723, 55859.612613639976]
[15057.311093560182, 55859.6069931778]
[15057.31564275584, 55859.60190937087]
[15057.335306365585, 55859.5954808612]
[15057.342652293717, 55859.58765227501]
[15057.354810418174, 55859.579327987005]
[15057.36335805173, 55859.57427996164]
[15057.392687330132, 55859.56260798653]
[15057.405774893505, 55859.55102300962]
[15057.41802908854, 55859.54554053776]
[15057.425794672403, 55859.540894943566]
[15057.426984459835, 55859.53985424783]
[15057.43800747897, 55859.53546852373]
[15057.450073844575, 55859.531967777155]
[15057.458800241142, 55859.52367573578]
[15057.47474977559, 55859.49437094282]
[15057.523626957303, 55859.49242946083]
[15057.524816959207, 55859.49147276274]
[15057.533378120363, 55859.48948510058]
[15057.556638034195, 55859.477417242284]
[15057.56354956845, 55859.47679612595]
[15057.575472805785, 55859.47025349674]
[15057.58574923755, 55859.46994993447]
[15057.603131682585, 55859.4611745264]
[15057.611243090687, 55859.45709886825]
[15057.617570532826, 55859.45223798808]
[15057.621475552203, 55859.450500444465]
[15057.621776688546, 55859.42710506586]
[15057.638105077505, 55859.42526632607]
[15057.670763856933, 55859.422300464175]
[15057.715769181628, 55859.41747835012]
[15057.724287053705, 55859.41701965017]
[15057.727060262921, 55859.403129435275]
[15057.806385091048, 55859.3948252256]
[15057.849373349034, 55859.39099956811]
[15057.862962921812, 55859.37766931314]
[15106.228864842991, 55858.36672421878]
[15109.693190856853, 55854.05462099547]
[15113.166287638227, 55850.51910805043]
[15117.51999250676, 55846.462454215616]
[15119.920371652666, 55844.199512804196]
[15123.638202587434, 55840.85512753522]
[15124.843150130453, 55839.94780581841]
[15124.853912239048, 55837.8815968179]
[15124.855045559236, 55837.879762138895]
[15124.866348928857, 55837.87669687566]
[15124.875257957743, 55837.874494888325]
[15124.879484332625, 55837.87293180854]
[15124.882381752797, 55837.870751293965]
[15124.900845336611, 55837.86551541466]
[15124.905162714156, 55837.86354055934]
[15124.916144215831, 55837.861236064935]
[15124.922990849052, 55837.859114377134]
[15124.929280724213, 55837.857871469954]
[15124.941733182412, 55837.85283803702]
[15124.946170277462, 55837.851242634504]
[15124.957032868879, 55837.848863146246]
[15124.960049917609, 55837.848081525]
[15124.977201527996, 55837.84362877362]
[15124.982623423168, 55837.84104424578]
[15124.988326002209, 55837.83976056607]
[15124.991177306427, 55837.839124324964]
[15124.99309193183, 55837.838975017505]
[15124.994028620444, 55837.83849181521]
[15124.996714061106, 55837.8379574367]
[15124.999731277876, 55837.83723798537]
[15125.00085069426, 55837.83620298629]
[15125.013185631278, 55837.83610402535]
[15125.014385963566, 55837.83585374805]
[15125.014640836449, 55837.83294794417]
[15125.02578261447, 55837.83111330549]
[15125.028192473681, 55837.829262645835]
[15125.039963796542, 55837.827291076566]
[15125.040624829913, 55837.82666653572]
[15125.052362143415, 55837.824481411444]
[15125.055535300444, 55837.82270723006]
[15125.058488696099, 55837.821768009344]
[15125.068133006853, 55837.82099019802]
[15125.08152077692, 55837.81697010239]
[15125.081852625895, 55837.81680863171]
[15125.084538351386, 55837.816382196266]
[15125.087555938308, 55837.81579887479]
[15125.088160936428, 55837.81553214588]
[15125.090745033298, 55837.81477935628]
[15125.098155431786, 55837.81350856699]
[15125.108004982536, 55837.8113407728]
[15125.113787153932, 55837.81058439334]
[15125.118042451233, 55837.80989559273]
[15125.128454625521, 55837.807099923055]
[15125.134109781808, 55837.806701559166]
[15125.157327406147, 55837.802141061926]
[15125.157793527313, 55837.801813195]
[15125.161714512526, 55837.80046888036]
[15125.166337775534, 55837.799725636025]
[15125.166827255965, 55837.799529202464]
[15125.168855555574, 55837.79928301151]
[15125.169355707705, 55837.79926813435]
[15125.172373652318, 55837.798815177004]
[15125.178581023329, 55837.79746660577]
[15125.183149006949, 55837.79717364336]
[15125.185880440431, 55837.79697795386]
[15125.186486590943, 55837.796221937686]
[15125.192905541971, 55837.79492894885]
[15125.201802636468, 55837.794031472615]
[15125.21025918485, 55837.79229979643]
[15125.226808142368, 55837.79088166439]
[15125.234032580864, 55837.78866604333]
[15125.245857313672, 55837.78645446366]
[15125.250546785965, 55837.78611238115]
[15125.25418334683, 55837.785862904995]
[15125.255660180623, 55837.785406460855]
[15125.258362771227, 55837.78489253048]
[15125.26039136051, 55837.784749272236]
[15125.266060815173, 55837.78364059571]
[15125.269617766666, 55837.783344976015]
[15125.278768559361, 55837.78268886735]
[15125.27984485589, 55837.78204112861]
[15125.296472438446, 55837.781310264225]
[15125.30535758156, 55837.77948776997]
[15125.306469536814, 55837.778627597574]
[15125.310527021666, 55837.77844936854]
[15125.321991461593, 55837.7775866006]
[15125.329322334213, 55837.777069663454]
[15125.332423452028, 55837.77664932362]
[15125.337152854676, 55837.77544581415]
[15125.337152854678, 55837.77544581414]
[15125.339181691086, 55837.77538969152]
[15125.341210534605, 55837.77533602482]
[15125.346762513886, 55837.77436486846]
[15125.350820251904, 55837.77427558675]
[15125.356608370075, 55837.77346140722]
[15125.36425183372, 55837.77306364177]
[15125.371895394717, 55837.77269947319]
[15125.379538850219, 55837.77229344329]
[15125.38729385463, 55837.77104795246]
[15125.406131648147, 55837.77043133733]
[15125.40784619915, 55837.77037444602]
[15125.412498361464, 55837.769917188445]
[15125.41632051883, 55837.76986867232]
[15125.41647645246, 55837.76979565672]
[15125.416632386166, 55837.76972266479]
[15125.417980686356, 55837.7691088862]
[15125.425680337697, 55837.7684334372]
[15125.42697286419, 55837.768235146716]
[15125.43720222616, 55837.767736190515]
[15125.450753479428, 55837.76716799185]
[15125.467891210177, 55837.7665535712]
[15125.479122257251, 55837.76649310681]
[15125.48835128128, 55837.766026416204]
[15125.492965831776, 55837.765806823074]
[15125.508811951131, 55837.76570768956]
[15125.529273219714, 55837.76559689376]
[15163.246890828377, 55835.4212898181]
end_solutions
[-4.231306970962388, -32.99155419941863, -27.850442216287774, -21.76098043847154, -1.7113000798392428, -22.14933125878216, 9.379690654427538, 69.61989264254272, -27.71114859234614, 32.79303405417704, 29.687229269308517, -17.96836691866152, -40.63524834011013, -7.543274058194505, -0.4493606731824824, 19.929414163739757, -35.71090041071124, 8.372783948020079, 25.868350534022056, -0.8064139172495084]
[-4.231306957065456, -32.99157533554958, -27.85022760860953, -21.760991414293702, -1.7109103679996278, -22.148642010929464, 9.379527191999742, 69.62004563199417, -27.711271997855174, 32.79266458519261, 29.687553530286515, -17.968415761298836, -40.63520740478265, -7.54414791959886, -0.44942408209904333, 19.92872947444912, -35.710742227185335, 8.372668499850935, 25.867859660580525, -0.8068543062359428]
[-4.231302672406775, -32.99159248123969, -27.849943783466102, -21.76099973855699, -1.7104047695002866, -22.147743351209385, 9.379311726152194, 69.62024320111917, -27.711436819212587, 32.79218056707659, 29.687972152665868, -17.96848685099672, -40.635162682946685, -7.5452779447405245, -0.44950421379464345, 19.927839320216478, -35.71053524799669, 8.37252483244535, 25.86722063476364, -0.8074241305667841]
[-4.231299082793799, -32.99161097758899, -27.849659306533972, -21.761008732876967, -1.7098969895018554, -22.14684140181351, 9.379095718981128, 69.62044181169384, -27.711601785367208, 32.79169496926717, 29.688392671966298, -17.968557298034774, -40.63511667518573, -7.546413315502555, -0.44958481130767713, 19.926945701569597, -35.71032755250941, 8.372379832715266, 25.866579182776718, -0.8079964305135909]
[-4.231295044479204, -32.99163178598195, -27.84933926998533, -21.761018851486938, -1.7093257370036201, -22.145826708743154, 9.37885271091368, 69.62066524859034, -27.71178737229116, 32.79114867173158, 29.688865756179286, -17.96863655095259, -40.635064916454645, -7.54769060760984, -0.44967548350984, 19.92594038059186, -35.71009389508623, 8.372216708018922, 25.86585754929143, -0.8086402679537488]
[-4.231289782618739, -32.99164881216997, -27.849032164023647, -21.76102699691097, -1.7087800301442386, -22.144856114099625, 9.378619667751297, 69.62087834952654, -27.711965945746876, 32.79062559213379, 29.68931731094286, -17.96871439089712, -40.63501786086473, -7.54890974288608, -0.44976168292875074, 19.9249793254943, -35.70987024869159, 8.372062517805926, 25.86516750860754, -0.809255098070447]
[-4.231286642983715, -32.99167153345448, -27.84867858942863, -21.76103725791953, -1.7081504487054266, -22.143737984335594, 9.37835152123037, 69.62112515741885, -27.712170732210183, 32.79002286036064, 29.689837395288393, -17.968801972645515, -40.63496060089483, -7.550317464916434, -0.44986046422134907, 19.923872421135968, -35.70961237971185, 8.371883219895807, 25.864372601535397, -0.8099633330266021]
[-4.231282789795277, -32.991699418667274, -27.848244656971104, -21.76104985097549, -1.7073777805759751, -22.14236573417065, 9.378022432318321, 69.62142805801395, -27.712422061051505, 32.78928314409359, 29.690475680621553, -17.968909459336714, -40.63489032729539, -7.55204512377187, -0.44998169580771974, 19.92251394760528, -35.709295904145804, 8.37166317246066, 25.86339703376504, -0.8108325304727921]
[-3.964836225291174, -32.535237440292235, -27.542578955061416, -21.537753668423267, -1.5265391247341806, -21.606774856571796, 9.16140724649113, 69.62098986051267, -27.975893502858774, 32.4343788273621, 29.813092761539124, -18.337987217444116, -41.016693315770745, -7.78556487663281, -0.44016842605132955, 19.462738463620944, -35.572665574777815, 8.576799546275343, 25.512816788964685, -1.0144555381496105]
[-3.9648758974363494, -32.535349251923776, -27.54210962705229, -21.537807849965915, -1.5256398429588311, -21.60521423968192, 9.16104840602081, 69.62135406368537, -27.976150790514133, 32.433549594760734, 29.813841453969903, -18.338053293728485, -41.01654364378554, -7.787604836647285, -0.4403171415342596, 19.461180620336187, -35.57230827082779, 8.576499106006734, 25.51170187182513, -1.0154684073154001]
[-3.964905651545231, -32.53543311064743, -27.54175763104545, -21.5378484861229, -1.524965381627319, -21.604043777014518, 9.160779275668071, 69.62162721606491, -27.976343756255652, 32.43292767030971, 29.814402973292985, -18.338102850941766, -41.01643138979664, -7.789134806658141, -0.44042867814645714, 19.46001223787262, -35.572040292865275, 8.576273775805277, 25.510865683970465, -1.0162280591897423]
[-3.9649354056541126, -32.53551696937109, -27.541405635038608, -21.537889122279886, -1.5242909202958068, -21.60287331434711, 9.160510145315332, 69.62190036844444, -27.97653672199717, 32.432305745858685, 29.81496449261607, -18.338152408155043, -41.016319135807734, -7.790664776668997, -0.4405402147586547, 19.45884385540905, -35.57177231490276, 8.57604844560382, 25.510029496115802, -1.0169877110640844]
[-3.9649354056541126, -32.53551696937109, -27.541405635038608, -21.537889122279886, -1.5242909202958068, -21.60287331434711, 9.160510145315332, 69.62190036844444, -27.97653672199717, 32.432305745858685, 29.81496449261607, -18.338152408155043, -41.016319135807734, -7.790664776668997, -0.4405402147586547, 19.45884385540905, -35.57177231490276, 8.57604844560382, 25.510029496115802, -1.0169877110640844]
[-3.2820401382673543, -31.330037816506625, -26.632914998746976, -20.934411755903028, -0.8942617237669251, -19.919756796750463, 8.51734792330607, 69.68981010326237, -28.727054284447505, 31.337098668954162, 30.24212452326178, -19.339516207111956, -42.008630768539135, -8.747719205076788, -0.4185881672989036, 17.994403980718907, -35.142160190855925, 9.083730460770077, 24.39827545195036, -1.703094883543875]
[-3.2821358581978095, -31.32967257247458, -26.630209178956754, -20.934003292532914, -0.8902339528403644, -19.91244371801291, 8.515403825048192, 69.69147846635603, -28.728634664541694, 31.332879524528714, 30.245053426783286, -19.34047840553142, -42.00858997479729, -8.756561713705644, -0.4188551547466126, 17.98748901208548, -35.14034879510844, 9.082970718759718, 24.393188187186972, -1.7072429392997739]
[-3.2821996714847796, -31.329429076453216, -26.628405299096606, -20.933730983619505, -0.8875487722226573, -19.90756833218787, 8.51410775954294, 69.69259070841846, -28.729688251271156, 31.330066761578415, 30.247006029130958, -19.3411198711444, -42.00856277896939, -8.762456719458214, -0.4190331463784186, 17.98287903299653, -35.139141197943445, 9.082464224086145, 24.389796677344712, -1.7100083098037064]
[-3.282295391415235, -31.32906383242117, -26.625699479306384, -20.93332252024939, -0.8835210012960966, -19.900255253450318, 8.512163661285062, 69.6942590715121, -28.731268631365342, 31.32584761715297, 30.24993493265247, -19.342082069563865, -42.00852198522754, -8.771299228087072, -0.4193001338261277, 17.975964064363104, -35.13732980219596, 9.081704482075786, 24.38470941258132, -1.7141563655596053]
[-3.28245492463266, -31.32845509236776, -26.621189779656014, -20.93264174796587, -0.8768080497518288, -19.888066788887727, 8.50892349752193, 69.6970396766682, -28.733902598188994, 31.318815709777226, 30.25481643852165, -19.34368573359631, -42.00845399565779, -8.7860367424685, -0.4197451129056427, 17.964439116640726, -35.13431080928348, 9.080438245391852, 24.376230637975667, -1.7210697918194369]
[-3.2823727726577303, -31.32935049817928, -26.616050492920273, -20.933253714084767, -0.8669091060680425, -19.870671546466074, 8.504932061730456, 69.70086273863302, -28.73684736510884, 31.309686132204124, 30.26333303759555, -19.34464414490226, -42.007185766530085, -8.808348150055062, -0.42161239640984455, 17.946930257317685, -35.13040647069934, 9.077233691954365, 24.36376323992535, -1.7325252877893111]
[-3.285395285349818, -31.332685136181155, -26.547952847830544, -20.93247039297237, -0.7502536484556643, -19.663857748135136, 8.454232810038615, 69.74814780938564, -28.775626990421497, 31.196027384103118, 30.355942973846616, -19.36174956722555, -41.99618675425705, -9.069113392844368, -0.4365992845526361, 17.74480794765976, -35.08157629448661, 9.045544689364478, 24.217579887059962, -1.8599051982078283]
[-3.2872771595204853, -31.3236615909471, -26.527292540174514, -20.923845006244896, -0.7284269349463302, -19.621979161602326, 8.44058644027674, 69.75832568673434, -28.787893959492607, 31.168247017195853, 30.366530807875236, -19.37249526990099, -42.0005218997875, -9.114762227465224, -0.43319625858608835, 17.70944699984478, -35.06958303720634, 9.046711250197614, 24.189910331188827, -1.8773210512944802]
[-3.2889371929390734, -31.315672169317196, -26.505256877776375, -20.91611358407866, -0.702765342027148, -19.573570283640812, 8.425707725209055, 69.76985025862055, -28.800934276230556, 31.13743218871503, 30.380984977790682, -19.383069456009913, -42.00393708731866, -9.16927246879273, -0.43103482711067376, 17.667051997032658, -35.05630256819014, 9.046106330965301, 24.15740220036114, -1.8997221740456767]
[-3.3505873161801047, -31.085315548787797, -25.657279808722805, -20.680253862557933, 0.3842690179874737, -17.559749916647366, 7.8409366909342895, 70.24562772918401, -29.297850821358104, 29.90266440435247, 31.06328888964898, -19.746804817340838, -42.075294780286626, -11.513909495175621, -0.40421154323200514, 15.848461672005907, -34.52436440987484, 8.942541302835245, 22.78588709119513, -2.9148375414060848]
[-3.35410170845633, -31.0648594630469, -25.62278125469306, -20.661425510274054, 0.4135631521297119, -17.500762264626353, 7.819050168197544, 70.2603770565252, -29.318633051632606, 29.8598043177216, 31.071804242417876, -19.76774542979966, -42.0866850514942, -11.572449264810611, -0.39439339397717, 15.803009758823919, -34.50583066022282, 8.950206706354919, 22.748427196397387, -2.932801077609925]
[-3.3781360287828255, -30.984520603540496, -25.274310183736667, -20.576432266657026, 0.8795680901960586, -16.64354694999909, 7.576281514857179, 70.4618486157957, -29.52210645415361, 29.34285369204391, 31.37706148134989, -19.909281918629812, -42.1050407270079, -12.58358375161153, -0.3946486229682264, 15.018794841638698, -34.283218217679575, 8.892295877734696, 22.16111248299336, -3.3801130480801573]
[-3.378136028782826, -30.984520603540492, -25.27431018373666, -20.576432266657022, 0.8795680901960632, -16.64354694999908, 7.5762815148571745, 70.4618486157957, -29.522106454153615, 29.342853692043903, 31.37706148134989, -19.909281918629816, -42.10504072700791, -12.583583751611538, -0.3946486229682239, 15.018794841638691, -34.28321821767957, 8.892295877734698, 22.161112482993357, -3.380113048080159]
[-3.378136028782826, -30.984520603540492, -25.27431018373666, -20.576432266657022, 0.8795680901960632, -16.64354694999908, 7.5762815148571745, 70.4618486157957, -29.522106454153615, 29.342853692043903, 31.37706148134989, -19.909281918629816, -42.10504072700791, -12.583583751611538, -0.3946486229682239, 15.018794841638691, -34.28321821767957, 8.892295877734698, 22.161112482993357, -3.380113048080159]
[-3.3781360287828255, -30.984520603540496, -25.274310183736667, -20.576432266657026, 0.8795680901960586, -16.64354694999909, 7.576281514857179, 70.4618486157957, -29.52210645415361, 29.34285369204391, 31.37706148134989, -19.909281918629812, -42.1050407270079, -12.58358375161153, -0.3946486229682264, 15.018794841638698, -34.283218217679575, 8.892295877734696, 22.16111248299336, -3.3801130480801573]
[-3.4079075797941893, -30.95530353095881, -24.709814237758394, -20.52281612096749, 1.7704008788895182, -15.046039938640925, 7.165679629207128, 70.83016349788187, -29.846563980855088, 28.438288589878177, 32.04676611345609, -20.0826301134857, -42.05749791626219, -14.557050178608836, -0.4745220454696788, 13.488616311150457, -33.89431105143623, 8.690326339032527, 21.042738008486324, -4.3171910021548925]
[-3.4277587123022064, -30.935803803307692, -24.33345313841538, -20.487052385663603, 2.3643104107867354, -13.980990644437936, 6.891926329411534, 71.07571827751585, -30.062887537735122, 27.83520973846115, 32.493237117017316, -20.198216073259516, -42.02581553504932, -15.872734155135486, -0.5277594782109201, 12.468466448405142, -33.635024251244374, 8.555690621497657, 20.297127918199074, -4.941917897949855]
[-3.447609844810223, -30.916304075656583, -23.95709203907238, -20.45128865035972, 2.958219942683944, -12.915941350234968, 6.618173029615949, 71.32127305714982, -30.27921109461515, 27.232130887044136, 32.939708120578544, -20.313802033033333, -41.994133153836444, -17.18841813166212, -0.5809969109521661, 11.448316585659839, -33.375737451052515, 8.421054903962789, 19.55151782791183, -5.566644793744815]
end_values
[15125.52927322 55837.76559689]
[15125.46789121 55837.76655357]
[15125.38729385 55837.77104795]
[15125.30646954 55837.7786276 ]
[15125.21555314 55837.79106073]
[15125.12845463 55837.80709992]
[15125.02819247 55837.82926265]
[15124.90516271 55837.86354056]
[15057.73378227 55859.37448477]
[15057.60425184 55859.42873295]
[15057.50712263 55859.47689344]
[15057.41000938 55859.53146207]
[15057.41000938 55859.53146207]
[14875.88957535 55983.35844473]
[14875.32759442 55983.81223848]
[14874.95325905 55984.16225751]
[14874.39223388 55984.75340435]
[14873.45846625 55985.89760613]
[14872.28167903 55987.58246936]
[14857.73265031 56011.19749821]
[14854.02299413 56017.98668507]
[14849.97696195 56026.62814207]
[14711.41982257 56393.2021351 ]
[14706.77822736 56407.27661729]
[14662.66140392 56572.75783139]
[14662.66140392 56572.75783139]
[14662.66140392 56572.75783139]
[14662.66140392 56572.75783139]
[14612.49388805 57142.96763301]
[14594.53603381 57443.3340117 ]
[14588.97085281 57859.44826006]
