values
[16187.445205136819, 3653271.0347234365]
[16330.222635626447, 3616641.85805503]
[16483.1862847349, 3578713.722727345]
[16486.590145727572, 3578010.5082480633]
[16658.606826665902, 3484464.1505068876]
[16987.329217732637, 3448349.6627442925]
[17330.08974802639, 3071462.210181277]
[18110.701287212163, 3057517.8521454325]
[18228.483662941468, 3048002.1097466815]
[18562.361709289402, 3042534.1812842702]
[18746.12527353135, 3035362.4574297536]
[19217.670253344244, 3035255.945820478]
[19321.990085989528, 3031749.301702759]
values
[16097.052232684593, 3700023.6645199275]
[16097.196956843864, 3699628.402827791]
[16100.37241798526, 3696955.1264203484]
[16132.234705946034, 3617820.9205095354]
[16133.020122402882, 3616241.1662035347]
[16483.1862847349, 3578713.722727345]
[16486.590145727572, 3578010.5082480633]
[16658.606826665902, 3484464.1505068876]
[16987.329217732637, 3448349.6627442925]
[17330.08974802639, 3071462.210181277]
[17676.43161140174, 2991186.4411587436]
[17807.323914175537, 2979312.7062023496]
[17815.18106696835, 2979103.6048259875]
[17828.323760569685, 2979024.379847107]
[17832.881323882313, 2978487.38716039]
[17860.37886727301, 2977749.619764865]
[17923.080191153338, 2977731.776471893]
[17953.329211893837, 2977697.2996230414]
values
[15402.20089942587, 3125626.520863533]
[17155.094981479408, 2992900.0165141835]
[17322.9406814915, 2987759.0980349365]
[17346.186265814005, 2987207.8498857077]
[17354.215903810324, 2986070.7242247006]
[17359.08445552127, 2985561.4895068062]
[17363.981872932345, 2985224.844165397]
[17392.301110305067, 2984289.687475704]
[17414.749895830577, 2983661.463234827]
[17657.053621275536, 2945199.9799646013]
[17850.478792201382, 2940699.63770121]
[17927.506202491342, 2939401.037919724]
[17931.89985290052, 2936929.594846097]
[17946.875496976452, 2935357.188166214]
[17964.750322159223, 2934454.094446905]
[17974.174903487074, 2934018.5070928796]
[18007.949524669257, 2933807.503058395]
[18026.300175733846, 2932674.357011224]
[18328.557856583608, 2927567.432674491]
[18342.088739120478, 2914414.710134484]
[18418.430410100813, 2910025.2248299294]
[18447.072773887357, 2909681.34588483]
[18527.037453814402, 2900389.4201892084]
[18753.671760530364, 2895818.141620544]
[18837.74333905479, 2894091.850733701]
[18937.87458402353, 2893235.7419690383]
[19059.354971490182, 2891357.136701443]
[19070.56027812352, 2891027.5585527355]
[19088.470349035983, 2890949.6800106103]
[19217.98098400095, 2890307.385119831]
[19219.24479041631, 2890090.1689359844]
[19229.436392493357, 2890029.030710007]
[19243.597425631546, 2889915.170205824]
[19318.17323324906, 2889811.297696327]
[19331.168886993553, 2889647.8977221698]
[19355.220544849817, 2889520.3655085014]
[19433.58128022776, 2889404.6105326214]
values
[15280.391692520408, 3285207.3664893764]
[15280.612504129103, 3284751.590445614]
[15280.908668232782, 3284523.9605826675]
[15281.320726034714, 3284296.502826342]
[15281.932819226204, 3283154.8499101135]
[15283.145070385988, 3282820.4489448043]
[15286.716673993951, 3281185.4192448314]
[15288.509742482067, 3279688.4561077305]
[15295.268873330397, 3276973.7777562225]
[15298.255433212717, 3254761.7776245507]
[15402.20089942587, 3125626.520863533]
[16447.397632378128, 2955490.747472283]
[17394.972139849335, 2911012.36194261]
[17513.48825719922, 2902195.934930469]
[17561.398202158, 2899597.502020086]
[17675.490466539493, 2896183.3752057464]
[17793.329014880306, 2891014.083158052]
[17793.32901488031, 2891014.0831580516]
[17816.324238384703, 2890810.205947823]
[17975.50994879757, 2887474.457530792]
[18132.7521675408, 2886663.2161956746]
[18158.157934878327, 2875626.019720862]
[18171.394247535085, 2868030.5758739305]
[18211.460508201922, 2848905.947247219]
[18257.471483453846, 2847412.2329739328]
[18260.01411086743, 2847297.4395271344]
[18260.31917449424, 2847282.208806764]
[18261.238820797233, 2847250.5436499123]
[18263.350944868333, 2847179.3040310773]
[18264.945988684445, 2847132.131698989]
[18265.61834817935, 2847113.425365885]
[18268.14491918934, 2847045.8828535033]
[18269.555538239238, 2847011.960850176]
[18270.873913813673, 2846985.082619188]
[18270.979095169427, 2846978.784174021]
[18271.560544666885, 2846971.5948105794]
[18273.246763843374, 2846938.6776810973]
[18273.328893230773, 2846932.0283736065]
[18276.855008037503, 2846867.226389929]
[18281.682503987846, 2846828.4812801746]
[18285.125626055036, 2846740.470691393]
[18295.045800799468, 2846617.51227395]
[18301.070246579216, 2846548.151150905]
[18305.356020198116, 2846493.394154731]
[18368.256558465524, 2846397.2720472827]
[18398.32689575746, 2845681.815308616]
[18409.509466533516, 2845185.985318139]
[18417.22545944406, 2845125.6058300575]
[18417.94985587312, 2845124.6254103635]
[18419.79444871909, 2845105.440637005]
[18421.58130916594, 2845083.911972324]
[18423.604094017755, 2845064.1323701357]
[18425.39987517294, 2845049.191179271]
[18427.283899418548, 2845034.4208582994]
[18431.067847104543, 2845020.5638398086]
[18431.32870224489, 2845005.392826963]
[18436.180282852358, 2844982.4886546857]
[18440.579822703785, 2844949.3872163887]
[18442.004578380216, 2844945.9524528105]
[18445.03597534861, 2844939.9707574965]
[18445.796087018338, 2844922.4096446503]
[18448.205352851823, 2844920.621293282]
[18450.901491592762, 2844905.559678912]
[18451.39574621719, 2844896.115568406]
[18452.087586613252, 2844894.033781234]
[18455.20597070719, 2844883.6638596887]
[18455.33392984258, 2844881.9369917247]
[18455.790110219863, 2844877.497068742]
[18457.35752690925, 2844870.5049935826]
[18459.019791217892, 2844866.0559026483]
[18463.02338929989, 2844849.028460529]
[18463.64923672126, 2844845.57792697]
[18467.19665921948, 2844832.58153978]
[18469.772053910674, 2844822.9920403096]
[18471.273180197477, 2844817.6589756054]
[18528.39039626773, 2844708.0455046804]
[18528.99221471901, 2844642.666153383]
[18537.57125764685, 2844625.96516633]
[18550.40793765013, 2844615.3929768866]
[18557.800817548225, 2844601.8456587377]
[18562.715979869303, 2844575.4730240763]
[18569.44150319945, 2844450.7550104596]
[18594.70084538553, 2844396.836394944]
[18597.450227060162, 2844384.987557943]
[18599.768526171287, 2844358.5476225074]
[18600.580697799563, 2844326.66030622]
[18603.27929707209, 2844289.7202978586]
[18607.315167277393, 2844285.5236452557]
[18609.034667172986, 2844279.060442974]
[18610.804944133608, 2844275.905161457]
[18612.013919528654, 2844274.7625013688]
[18615.931400029982, 2844270.733392932]
[18616.563467464533, 2844268.4490226894]
[18617.3468257032, 2844267.9482344016]
[18618.808696318327, 2844267.5388377896]
[18623.964307473172, 2844265.564970418]
[18624.639112201054, 2844261.7452889606]
[18625.956065493636, 2844257.2794815945]
[18626.840663767834, 2844256.748743144]
[18628.602640211724, 2844255.7759002573]
[18632.09634313272, 2844254.1847668607]
[18635.54730321664, 2844253.066400074]
[18636.48650726684, 2844252.5407319814]
[18638.35905443544, 2844251.5666507734]
[18640.22319868271, 2844250.695578968]
[18642.47859395033, 2844250.4924327764]
[18643.01172297418, 2844249.9186871992]
[18643.923484401945, 2844249.2624764033]
[18646.96437731328, 2844248.081366875]
[18648.289071357165, 2844247.402450454]
[18650.497084805822, 2844246.940346551]
[18655.591645566463, 2844245.3701608055]
[18659.24260947145, 2844245.033682964]
[18659.91737302025, 2844244.704596751]
[18660.245870875635, 2844244.151427356]
[18664.676927167773, 2844243.7803972363]
[18664.800078922373, 2844243.437829102]
[18665.847010832156, 2844243.332549755]
[18668.909747286474, 2844242.9228151985]
[18671.572261502024, 2844242.7790820277]
[18671.908403325426, 2844242.751842156]
[18672.580042385453, 2844242.717470908]
[18672.803740550513, 2844242.711971912]
[18673.250880102318, 2844242.7099110708]
end_solutions
[-18.559955760042556, 2.6805239309285778, 16.735946432875355, 22.120165586794187, -15.194433487768773, 4.260845467491482, -15.275835175438718, -7.624201758559407, 16.768480484419833, 18.136942542748287, -6.717281995936604, -6.21780594592636, 4.88456222588646, 8.240546609248339, -9.471468121599939, -8.020276764367923, -10.542030144001608, -1.708178306806563, -14.23737721677959, -7.3916936326901]
[-18.5595354682213, 2.6808770017120827, 16.735655652848248, 22.120098244286208, -15.194453086308409, 4.261029954877983, -15.275709857709579, -7.623962403586234, 16.76875948704813, 18.137070939875702, -6.7170877052448645, -6.217754124599173, 4.883880181748486, 8.240413062393028, -9.470789315243815, -8.020255323975793, -10.541951058082613, -1.7080257316139862, -14.237840144544542, -7.391964670952231]
[-18.5595354682213, 2.6808770017120827, 16.735655652848248, 22.120098244286208, -15.194453086308409, 4.261029954877983, -15.275709857709579, -7.623962403586234, 16.76875948704813, 18.137070939875702, -6.7170877052448645, -6.217754124599173, 4.883880181748486, 8.240413062393028, -9.470789315243815, -8.020255323975793, -10.541951058082613, -1.7080257316139862, -14.237840144544542, -7.391964670952231]
[-18.558324152106962, 2.6835862789496265, 16.731623944274965, 22.12178788458898, -15.196219983097615, 4.260559183680337, -15.27452315214325, -7.622362983587164, 16.769829448967883, 18.137007839358148, -6.716005439969196, -6.2182595534798315, 4.878841405378571, 8.241009021979234, -9.466843739562005, -8.020350372843719, -10.540575486018971, -1.706676481903586, -14.240579858842281, -7.3944859518617285]
[-18.558324152106962, 2.6835862789496265, 16.731623944274965, 22.12178788458898, -15.196219983097615, 4.260559183680337, -15.27452315214325, -7.622362983587164, 16.769829448967883, 18.137007839358148, -6.716005439969196, -6.2182595534798315, 4.878841405378571, 8.241009021979234, -9.466843739562005, -8.020350372843719, -10.540575486018971, -1.706676481903586, -14.240579858842281, -7.3944859518617285]
[-18.556040062974894, 2.6891800906833927, 16.72260683731384, 22.12606846231605, -15.200456780808112, 4.2591318230336315, -15.272057499547262, -7.618861665782299, 16.77211154981564, 18.136645834394862, -6.713918784123959, -6.219539639061259, 4.867802112142865, 8.242702541348788, -9.458507224565142, -8.020522483896173, -10.537550248006202, -1.703761803294144, -14.24624682041269, -7.399914278929764]
[-18.556040062974894, 2.6891800906833927, 16.72260683731384, 22.12606846231605, -15.200456780808112, 4.2591318230336315, -15.272057499547262, -7.618861665782299, 16.77211154981564, 18.136645834394862, -6.713918784123959, -6.219539639061259, 4.867802112142865, 8.242702541348788, -9.458507224565142, -8.020522483896173, -10.537550248006202, -1.703761803294144, -14.24624682041269, -7.399914278929764]
[-18.54858892763973, 2.698208133432928, 16.70779779735756, 22.132876214262087, -15.2072804789719, 4.258522538263075, -15.26856123223516, -7.611137053622003, 16.77916302864501, 18.13715704760849, -6.710539496357439, -6.220929959934969, 4.84485347047287, 8.24449947823468, -9.440324468822663, -8.019934457219964, -10.533362664208017, -1.698594382465469, -14.257622407997902, -7.409120619356754]
[-18.54858892763973, 2.698208133432928, 16.70779779735756, 22.132876214262087, -15.2072804789719, 4.258522538263075, -15.26856123223516, -7.611137053622003, 16.77916302864501, 18.13715704760849, -6.710539496357439, -6.220929959934969, 4.84485347047287, 8.24449947823468, -9.440324468822663, -8.019934457219964, -10.533362664208017, -1.698594382465469, -14.257622407997902, -7.409120619356754]
[-18.547635405478612, 2.699767310375005, 16.705181982468854, 22.134150767888748, -15.208527166096504, 4.258226109592579, -15.267915840245696, -7.609950162014682, 16.780113032076756, 18.137128738752594, -6.709973469002631, -6.221252772860655, 4.841237988515324, 8.244939422898307, -9.43755016295137, -8.019900704511361, -10.532561424716448, -1.6977250428124508, -14.259405543998286, -7.4106994792212335]
[-18.544707280604477, 2.701862215337062, 16.70187963469113, 22.135458846977997, -15.20992741917568, 4.25873388236054, -15.267255037944958, -7.607594228202663, 16.782741024451077, 18.137648217247083, -6.709141259583465, -6.2212994953369325, 4.834562073678704, 8.244933660242713, -9.431965526338455, -8.01951170635073, -10.531855112786612, -1.6964260313083712, -14.262712946176133, -7.41290209414198]
[-18.53955641322655, 2.7051082314597235, 16.696631808837864, 22.137568460770332, -15.212166485391249, 4.259749272650449, -15.266309573102934, -7.603565471424302, 16.78739473030597, 18.13860753538861, -6.707866048574564, -6.221289193078904, 4.823263534476767, 8.244823071742688, -9.42248482993654, -8.018754996563263, -10.530856490231653, -1.6943168636409336, -14.268219160669489, -7.416418285349222]
[-18.533827817213794, 2.706974481790194, 16.69365633490824, 22.138451982235356, -15.213250502284586, 4.261692619454688, -15.266115577674231, -7.599828380764731, 16.79245845645348, 18.140016672757543, -6.707074656710973, -6.220724509693706, 4.813297867954996, 8.243937957698304, -9.413710378663009, -8.0177048125792, -10.530840892058052, -1.6928132346585525, -14.27297891315252, -7.418686067059385]
[-18.533827817213794, 2.706974481790194, 16.69365633490824, 22.138451982235356, -15.213250502284586, 4.261692619454688, -15.266115577674231, -7.599828380764731, 16.79245845645348, 18.140016672757543, -6.707074656710973, -6.220724509693706, 4.813297867954996, 8.243937957698304, -9.413710378663009, -8.0177048125792, -10.530840892058052, -1.6928132346585525, -14.27297891315252, -7.418686067059385]
[-18.534185854464596, 2.70685784114454, 16.693842302028845, 22.138396762143792, -15.21318275122875, 4.2615711602794235, -15.266127702388525, -7.600061948930955, 16.79214197356926, 18.139928601671983, -6.7071241187024455, -6.22075980240528, 4.813920722112607, 8.24399327732608, -9.414258781867606, -8.017770449078204, -10.530841866943902, -1.6929072114699513, -14.272681428622333, -7.418544330702499]
[-18.534185854464596, 2.70685784114454, 16.693842302028845, 22.138396762143792, -15.21318275122875, 4.2615711602794235, -15.266127702388525, -7.600061948930955, 16.79214197356926, 18.139928601671983, -6.7071241187024455, -6.22075980240528, 4.813920722112607, 8.24399327732608, -9.414258781867606, -8.017770449078204, -10.530841866943902, -1.6929072114699513, -14.272681428622333, -7.418544330702499]
[-18.535021274716456, 2.706585679638013, 16.694276225310247, 22.138267915263476, -15.213024665431806, 4.261287755537138, -15.266155993388544, -7.600606941318809, 16.791403513506083, 18.139723102472345, -6.707239530015887, -6.220842152065622, 4.815374048480365, 8.244122356457552, -9.415538389344995, -8.017923600909214, -10.530844141677552, -1.6931264906965486, -14.27198729805189, -7.418213612536434]
[-18.53616520814899, 2.7168154295061098, 16.674992388932296, 22.149745024654393, -15.22340468005233, 4.254676783541946, -15.261011361819262, -7.5957142949132965, 16.792002370647438, 18.136748680907683, -6.7040865189174, -6.225029830241401, 4.798284321901833, 8.250364743537416, -9.404920097050166, -8.019117595314238, -10.523685749854284, -1.6877521602009322, -14.279820505809855, -7.428616049839852]
[-18.53995053174947, 2.7177622679265525, 16.671606186404595, 22.15296360955682, -15.225907233871709, 4.2514616005320525, -15.260087056697547, -7.596454548616447, 16.78945958397747, 18.13494858207922, -6.7041807435178855, -6.226606045225235, 4.799279741486986, 8.252925603028618, -9.407355660918537, -8.019865351636504, -10.521967779473268, -1.6872950320437679, -14.278731765141771, -7.429790628919596]
[-18.53995053174947, 2.7177622679265525, 16.671606186404595, 22.15296360955682, -15.225907233871709, 4.2514616005320525, -15.260087056697547, -7.596454548616447, 16.78945958397747, 18.13494858207922, -6.7041807435178855, -6.226606045225235, 4.799279741486986, 8.252925603028618, -9.407355660918537, -8.019865351636504, -10.521967779473268, -1.6872950320437679, -14.278731765141771, -7.429790628919596]
[-18.54220763033444, 2.7218632867990467, 16.66469608270559, 22.156836396643772, -15.229504811537165, 4.248365452238758, -15.257789383572455, -7.595798335817017, 16.787831644476867, 18.133411389600745, -6.702786761252247, -6.2284020975252705, 4.795800599709152, 8.255473974602811, -9.405806942524002, -8.020844974755871, -10.518906042333843, -1.6855204510464163, -14.28066802950081, -7.4335056030783]
[-18.5471215032274, 2.7248606346557365, 16.657854828328386, 22.161991375089677, -15.233806154189274, 4.243602195082217, -15.255716241888194, -7.596210483120453, 16.7844748880566, 18.130842694533044, -6.702183994719912, -6.230876338659122, 4.795056448405388, 8.25930901988111, -9.407468147195107, -8.02208254263782, -10.515657203383114, -1.6841760323905763, -14.280547421012244, -7.436537669237397]
[-18.5471215032274, 2.7248606346557365, 16.657854828328386, 22.161991375089677, -15.233806154189274, 4.243602195082217, -15.255716241888194, -7.596210483120453, 16.7844748880566, 18.130842694533044, -6.702183994719912, -6.230876338659122, 4.795056448405388, 8.25930901988111, -9.407468147195107, -8.02208254263782, -10.515657203383114, -1.6841760323905763, -14.280547421012244, -7.436537669237397]
[-18.557837283502213, 2.731583237556335, 16.64190494530179, 22.174195448233966, -15.243934850839997, 4.232756551221771, -15.251113006620368, -7.596703217295486, 16.777438451053094, 18.125026367081816, -6.700949248617958, -6.2365382335071216, 4.792200513610868, 8.268172003238458, -9.410430687086674, -8.024721475775912, -10.508308105007655, -1.6809925726557304, -14.280573207894358, -7.443578675241316]
[-18.670230393314384, 2.880783399374308, 16.37649420206426, 22.33378555264204, -15.387867085353566, 4.097907227934226, -15.163580174659238, -7.58226205484553, 16.696988669343774, 18.055935734271074, -6.653247630353364, -6.3122577478307775, 4.6856921609394195, 8.377607547844974, -9.381914481300797, -8.065024368799957, -10.388171580101687, -1.616404541943628, -14.336324955776927, -7.5806818853304705]
[-18.681834208078087, 2.8882339094621248, 16.35827694476548, 22.34788374203882, -15.399521793350797, 4.0857424545264145, -15.15851998749211, -7.582423228588723, 16.6896293081773, 18.049440469504017, -6.651983671214122, -6.31863305525907, 4.681468593957906, 8.387663424003073, -9.384517151741722, -8.067827099312243, -10.379971061252224, -1.6127264597856166, -14.33661774651829, -7.588699765020117]
[-18.69923993022364, 2.899409674593849, 16.330951058817305, 22.36903102613399, -15.417003855346643, 4.067495294414696, -15.150929706741412, -7.582664989203515, 16.678590266427584, 18.039697572353433, -6.650087732505259, -6.32819601640151, 4.675133243485637, 8.402747238240213, -9.388421157403107, -8.07203119508068, -10.367670282978029, -1.6072093365486002, -14.337056932630333, -7.6007265845545895]
[-18.701585990349194, 2.916777875378127, 16.30611110573942, 22.379780340402213, -15.428097718369825, 4.0600800145020255, -15.142013507082199, -7.578124301790188, 16.676279456917086, 18.036418070380435, -6.643107627145588, -6.333169390857359, 4.657032895958036, 8.40889679567003, -9.376039437165325, -8.074989025835015, -10.357052985449723, -1.5998705552446777, -14.348571342031901, -7.615579924318949]
[-18.944392421063142, 3.0368419939664593, 15.972729275105564, 22.65692224033655, -15.652235456016244, 3.8167543524308036, -15.053975221578671, -7.591834201996743, 16.52414935433005, 17.90497090571308, -6.631865392554923, -6.458227023749421, 4.6076358133057145, 8.610010403224825, -9.459657264806314, -8.128257145043221, -10.20569786207609, -1.5378182124782291, -14.328812576421623, -7.7534571729630475]
[-18.963589309768874, 3.0808915331447846, 15.9002777973263, 22.69604360561898, -15.688991567059148, 3.7867178258456975, -15.029817588301333, -7.582954294349081, 16.510328533850966, 17.890292820808256, -6.616325232911529, -6.476142906946485, 4.566155659523623, 8.63487936328208, -9.438147162381906, -8.13767621969225, -10.174212618457652, -1.5185430471728707, -14.35220738365146, -7.793186202103824]
[-18.333678134532477, 9.50447493621761, 8.191697566179391, 24.874995119789006, -18.486843272260604, 2.5316507634585723, -11.907489287414297, -5.790293051812326, 16.40560907804148, 17.506452934360436, -3.714875517272424, -7.590973327862837, -2.0879636415899583, 9.62638043753146, -4.001062067464844, -9.072239743111686, -6.843472478500776, 1.0255673113370711, -19.18502647099655, -12.912777117933574]
end_values
[  18669.09699701 2844242.55396479]
[  18668.75333091 2844242.60497953]
[  18668.75333091 2844242.60497953]
[  18665.37264115 2844242.92791647]
[  18665.37264115 2844242.92791647]
[  18657.66338273 2844244.22397268]
[  18657.66338273 2844244.22397268]
[  18642.76238483 2844248.30994226]
[  18642.76238483 2844248.30994226]
[  18640.22422324 2844249.62328781]
[  18636.21250408 2844251.56058216]
[  18629.47991855 2844255.333797  ]
[  18624.17990828 2844258.42958952]
[  18624.17990828 2844258.42958952]
[  18624.51363047 2844258.20494285]
[  18624.51363047 2844258.20494285]
[  18625.29107962 2844257.69692363]
[  18610.67570188 2844273.31796183]
[  18610.05592575 2844273.2856925 ]
[  18610.05592575 2844273.2856925 ]
[  18606.6325192  2844280.79053832]
[  18604.78504388 2844285.04731633]
[  18604.78504388 2844285.04731633]
[  18601.28772549 2844296.07638424]
[  18457.35752691 2844870.50499358]
[  18445.79608702 2844922.40964465]
[  18431.32870224 2845005.39282696]
[  18416.42544724 2845108.30081241]
[  18290.81579915 2846655.71885843]
[  18264.94598868 2847132.13169899]
[  15280.39169252 3285207.36648938]
