values
[439.1671906924833, 2391.91671675586]
[440.3081676999634, 2097.0096482841154]
[440.5907775584134, 2026.0187195474064]
[440.9937919860258, 1993.646751377241]
[441.36627677394017, 1948.7008465511224]
[441.7842312475688, 1926.316412077023]
[442.4331710097295, 1812.62495989409]
[445.65168960329345, 1763.0563127827986]
[447.54361867180245, 1709.7402782860831]
[448.0195033802833, 1697.2327248014371]
[449.6613113861531, 1659.8787801133333]
[450.9151136965434, 1635.498935185385]
[451.6581428376231, 1620.1850506218452]
[452.2396622321696, 1611.6433653460886]
[454.24575322148485, 1576.9473066239048]
[454.6888297454143, 1570.3418902024011]
[456.9024155289274, 1533.8178656698747]
[457.93260631627874, 1520.6602759260122]
[460.7154242364553, 1483.583602573534]
[462.09912832357844, 1468.0104656730914]
[464.23824580454266, 1441.851509791702]
[466.70416746249947, 1418.5403350046806]
[468.2639652891379, 1404.2673641988063]
[468.84143021168757, 1399.153799216116]
[471.7477237330418, 1372.2498839207801]
[472.9226045233891, 1359.5998675508665]
[474.16504990026283, 1351.433006550866]
[474.80219441972076, 1346.3969563069363]
[476.5025942038526, 1333.423670018643]
[477.8984771542924, 1323.9726245275565]
[478.05191618627396, 1323.844664412729]
[478.0712921491058, 1322.3280031705935]
[479.39133865630544, 1314.9754037008443]
[480.75266131368414, 1306.26956965604]
[480.7941519608664, 1303.6607587804378]
[481.4739568673846, 1300.0275950532439]
[483.0893761634728, 1288.278054320817]
[486.17913161787175, 1269.3556952165836]
[486.6556934380204, 1266.0798207282062]
[489.3805011922478, 1257.4665253959035]
[490.63527601833607, 1244.3066550270578]
[491.9088691475544, 1237.5124957640805]
[494.5054478008888, 1224.2745062458212]
[495.0862545942577, 1222.1225114048377]
[495.8926005582255, 1218.4616048961907]
[497.70430811919283, 1208.637590776957]
[497.98336454991437, 1208.1311604229281]
[498.52379674876624, 1205.293345146077]
[502.6903228619684, 1187.363171727825]
[506.17652811448534, 1174.3651460943715]
[506.1826559599306, 1174.232989071308]
[506.1883530494672, 1174.1101943745064]
[506.18857016207, 1174.1055161214558]
[507.738549470179, 1167.7729676579695]
[508.47618882730706, 1165.0911435295827]
[508.4761888323328, 1165.0911434275663]
[509.7670116704612, 1161.8287909895726]
[509.76917032030076, 1161.786097213353]
[510.9044103144989, 1155.391829734369]
[512.988461665224, 1149.6132746020548]
[512.988461665225, 1149.6132746020357]
[516.7439568292059, 1147.1825560383948]
[516.9295550677534, 1143.9684617512703]
[517.1062850782198, 1140.9468698057933]
[517.1953952890394, 1139.4373240046243]
[517.2177504673263, 1139.0600677805373]
[517.2201974487363, 1139.0188085413024]
[517.2289397003069, 1138.8714592024244]
[517.2317382214518, 1138.8243090926808]
[517.2337458579345, 1138.7904895201289]
[517.2345372277566, 1138.7771597968508]
[517.2359369128441, 1138.7535854541536]
[517.2366368008713, 1138.7417983591092]
[517.2369867562561, 1138.7359048306632]
[517.2373367192213, 1138.7300113149347]
[517.2380366678938, 1138.7182243216298]
[517.2386600852092, 1138.7077265735456]
[517.2387366468886, 1138.706437379194]
[517.2389991468293, 1138.702017288896]
[517.239086647757, 1138.7005439270526]
[517.2391413360775, 1138.6996230763045]
[517.2391905557241, 1138.6987943108963]
[517.2392616510339, 1138.697597205751]
[517.2392835265769, 1138.697228865812]
[517.239436656206, 1138.6946504876285]
[517.2394475940922, 1138.6944663178515]
[517.2395022836341, 1138.6935454691525]
[517.2395679113288, 1138.692440451123]
[517.2395897872861, 1138.6920721118795]
[517.2396116632732, 1138.6917037726853]
[517.2396335392899, 1138.691335433541]
[517.2396718223904, 1138.6906908401581]
[517.2396882294611, 1138.6904145858975]
[517.2396991675175, 1138.6902304164062]
[517.2397046365486, 1138.6901383316651]
[517.2397073710647, 1138.6900922892958]
[517.2397101055814, 1138.690046246927]
[517.2397128400985, 1138.6900002045593]
[517.2397142073572, 1138.6899771833757]
[517.2397155746161, 1138.6899541621922]
[517.2397179673193, 1138.6899138751216]
[517.2397183091341, 1138.689908119826]
[517.2397188218563, 1138.6898994868825]
[517.2397191636711, 1138.6898937315866]
[517.239720360023, 1138.6898735880518]
[517.2397204454767, 1138.689872149228]
[517.2397205736572, 1138.689869990992]
[517.2397205950207, 1138.689869631286]
[517.2397206697926, 1138.6898683723152]
[517.2397206884857, 1138.6898680575723]
[517.2397207001688, 1138.6898678608582]
[517.2397207018378, 1138.6898678327561]
[517.2397207071787, 1138.6898677428296]
[517.2397207118519, 1138.689867664144]
[517.2397207162878, 1138.689867589454]
[517.2397207199049, 1138.6898675285515]
[517.2397207205307, 1138.6898675180134]
[517.2397207272069, 1138.6898674056054]
[517.2397207305448, 1138.689867349401]
[517.2397207317549, 1138.6898673290273]
[517.2397207322139, 1138.6898673212993]
[517.2397207322999, 1138.6898673198502]
[517.2397207323268, 1138.6898673194]
[517.2397207323534, 1138.68986731895]
[517.2397207324069, 1138.68986731805]
[517.2397207325478, 1138.6898673156788]
[517.2397207325607, 1138.6898673154592]
[517.2397207325686, 1138.6898673153275]
[517.2397207325697, 1138.6898673153084]
[517.2397207325724, 1138.6898673152616]
[517.2397207325741, 1138.6898673152327]
[517.2397207325764, 1138.6898673151952]
[517.2397207325787, 1138.6898673151575]
values
[438.5635719576364, 1967.1910403241736]
[440.5654976973333, 1874.3549667595469]
[442.4331710097295, 1812.62495989409]
[442.71055729597833, 1788.7044604090702]
[445.26600500536176, 1703.3955864284173]
[447.88903425799595, 1699.744644599171]
[448.0195033802833, 1697.2327248014371]
[448.02922366457767, 1687.931137033214]
[448.51690261575584, 1622.9335192536655]
[449.76488160994074, 1587.3031452681616]
[450.3205851844726, 1556.1904401346276]
[451.1514828912676, 1552.5038133374323]
[454.760923458262, 1540.1142632565577]
[455.2369365317731, 1460.9653133905697]
[457.9366721758795, 1423.3263122612912]
[462.5650278799443, 1414.6924043286353]
[464.44410160435405, 1411.1930271284596]
[465.7910337469488, 1369.6188404731035]
[467.74185373788316, 1305.024501627003]
[472.0332571730802, 1301.1186873156626]
[473.1034805715146, 1272.443848677124]
[475.4912619365926, 1229.4386802028373]
[483.71944306048795, 1200.8416431790833]
[488.28457414387566, 1182.8892233291328]
[492.0691335197054, 1142.4442759669846]
[493.6954604431106, 1064.9785956280436]
values
[394.6535278480139, 1946.6317438217986]
[394.6573738480824, 1941.7442438431326]
[394.6617575018812, 1939.3267274364014]
[394.66481248823453, 1938.1635016200507]
[394.67625569804477, 1934.556485127654]
[394.68025325283753, 1933.492928207756]
[394.68065785224314, 1933.4009984514366]
[394.7488761263565, 1921.6653770118662]
[394.80218834600424, 1915.701133596591]
[395.3436373724953, 1881.5324874589564]
[395.9504913296712, 1859.1475696071634]
[396.74720779194365, 1837.7807850915249]
[397.58947061831424, 1820.248176587043]
[398.1622081237304, 1810.035871736634]
[399.23187299171866, 1793.7181100124005]
[404.70317518329756, 1381.1537330658434]
[404.746815839908, 1379.265672870387]
[404.78789108868114, 1377.3760042428057]
[404.90186239934195, 1372.8491588096958]
[404.9237191394061, 1372.0920679807325]
[404.93928003110483, 1371.579135695113]
[404.9917312812346, 1369.7898114449695]
[405.01493518914384, 1369.040459756139]
[405.0496345068528, 1367.8942757640964]
[405.05642418955716, 1367.6867828472455]
[405.1570713280158, 1364.6650849587058]
[405.3154552148172, 1360.375674216714]
[405.3349654615124, 1359.8598464230797]
[405.34349706804727, 1359.6532934674894]
[405.37984588858245, 1358.737622737474]
[405.41226560116166, 1357.9522355279503]
[405.4566548706835, 1356.9040092101422]
[405.4819083844848, 1356.3054608742696]
[405.7811823123748, 1349.9261011103702]
[406.1442723924724, 1343.2364436209245]
[406.5951558018304, 1336.2052505981887]
[407.0552133830962, 1329.9542579714196]
[410.2912866452347, 1328.4434225000248]
[411.6666835068977, 1209.9261048856758]
[412.95611428452, 1194.9565292084565]
[413.3327429385872, 1191.5887760282549]
[418.07866948889017, 1113.185715184166]
[418.867234453746, 1108.9378121962577]
[424.9833440293765, 978.159077061909]
[425.14192148654695, 973.8674289753512]
[425.35171877887205, 969.594259972151]
[425.3660829870864, 969.4023714883064]
[425.38382643831915, 969.0849483120596]
[425.4005604610216, 968.7853596139728]
[425.4619999170679, 967.7581837857874]
[425.5346058156886, 966.6000842171284]
[425.6493990187526, 964.9102012297735]
[425.8503914107714, 962.2553961307525]
[425.85788381368764, 962.1751536688067]
[425.9050460327139, 961.594699133526]
[425.9271033814083, 961.3254186454424]
[425.9356405527185, 961.2362441512258]
[425.9438937517438, 961.1517631971003]
[425.95788100170745, 960.9657754502849]
[425.96076426436673, 960.9172967523401]
[425.9837089022541, 960.6914113757794]
[425.99592026123065, 960.4930372186249]
[426.0328284693479, 960.152099571033]
[426.11603181965535, 959.2425632841578]
[426.1624869748981, 958.7351132755573]
[426.198761055358, 958.3414589671831]
[426.23623660744727, 957.951802810545]
[426.2445533209539, 957.9042811567768]
[426.3690126375909, 956.7460019263237]
[426.47217024261295, 955.822359944582]
[426.5385413175426, 955.2650399278557]
[426.5902248032647, 954.834704719569]
[426.601255417158, 954.7495530278046]
[426.6329640574827, 954.4691429930824]
[426.64307914877685, 954.3623755635366]
[426.648192211122, 954.3619445678526]
[426.65421171216843, 954.2676069625414]
[426.7734538712856, 953.3160077756534]
[426.8028309355329, 953.0442583602659]
[426.81533882964516, 952.8690741212648]
[426.85674965726264, 952.676287371923]
[426.9139736099495, 952.0768999801564]
[426.9322409887235, 952.0656654350277]
[426.9591233269724, 951.9578695683558]
[426.9608501008063, 951.7002691366748]
[427.02597755726674, 951.11729938445]
[427.05042454898575, 950.9599289788641]
[427.0981698387918, 950.9357000148908]
[427.09894231577636, 950.8535521408555]
[427.2166319443582, 949.9754684758324]
[427.2926016637705, 949.6753242410283]
[427.3105060242969, 949.2590410474347]
[427.46015622934493, 948.5431977207452]
[427.4871002908911, 948.3284819574687]
[427.51430355696885, 948.1853750228922]
[427.5419586855298, 948.1081257906927]
[427.54972244765645, 947.910261664665]
[427.5874792199951, 947.6270868168143]
[427.59907846028625, 947.565533420269]
[427.61292235176165, 947.4953024852848]
[427.66528350038027, 947.3210149743156]
[427.69191942027317, 947.1239136436988]
[427.74471957850653, 946.7988544274247]
[427.8377880186351, 946.3570191583523]
[427.8806074439209, 946.1946302690537]
[427.90389864420507, 945.9579898485445]
[428.01054670042225, 945.7575081953493]
[428.1689241903306, 944.7860733531658]
[428.1788694681162, 944.6232621080194]
[428.2095614396294, 944.4984913542829]
[428.2379052554496, 944.3818863981957]
[428.24041114625567, 944.3745322134702]
[428.279160534004, 944.2099959474206]
[428.3179284894047, 944.107591712112]
[428.3245907374752, 943.9686581719736]
[428.327132751384, 943.9614896252457]
[428.39364212040914, 943.7748000958079]
[428.41736403324046, 943.6388436040884]
[428.4701634057251, 943.4463079489853]
[428.4793150501921, 943.3464001065703]
[428.52991073803474, 943.1168070025002]
[428.62562893929163, 942.8022220637855]
[428.68005301014375, 942.6181334337534]
[428.72915014892135, 942.3554559258058]
[428.73855758611, 942.3030927822873]
[428.7412738385573, 942.2968076289295]
[428.8293278592508, 941.9486714205211]
[428.86488464697806, 941.8683392570987]
[428.86494653942106, 941.8242042617511]
[428.8960603985099, 941.7108353934171]
[428.89883986838794, 941.7048716718464]
[428.9328909324678, 941.5976181634201]
[428.9462518581633, 941.5656439271665]
[429.04062613156214, 941.2069412554067]
[429.05385873358694, 941.1674990916038]
[429.0623867955132, 941.1239328898798]
[429.0858202553853, 941.0986766689462]
[429.1114092434684, 940.9731516757473]
[429.2277118404229, 940.7656087500956]
[429.2432689496933, 940.5900663193029]
[429.27979724601977, 940.4142288137616]
[429.2856568591757, 940.3874561160578]
[429.43485220847754, 939.9641207854252]
[429.51177885841554, 939.6928103318221]
[429.5147957842627, 939.6819477447684]
[429.53177162239706, 939.6316095808313]
[429.5510771032677, 939.5776081454774]
[429.5649301920198, 939.5399967155539]
[429.57174798122253, 939.5250059652524]
[429.65310928886447, 939.3077898001334]
[429.74980357077425, 939.0074077760114]
[429.9238466196779, 938.5580827524245]
[429.9312471122981, 938.52945812819]
[429.9527307564365, 938.4673172495942]
[429.9906802187104, 938.363836209787]
[429.99387138309595, 938.3599607067437]
[430.0085138948811, 938.3180245688975]
[430.02317639001257, 938.2817710595485]
[430.02876882036605, 938.2686131108]
[430.04597255341724, 938.2326764794129]
[430.0645996029361, 938.1777890164738]
[430.08590446823206, 938.128103474141]
[430.0880645274648, 938.1154874626707]
[430.11264828239877, 938.057593548721]
[430.1750004990083, 937.9092607739875]
[430.2185474196312, 937.8530752721729]
[430.237425728071, 937.7512330460951]
[430.25568832325996, 937.7076846667294]
[430.2636983961943, 937.6940476450493]
[430.27398226550423, 937.6643016931421]
[430.30077207221257, 937.6148183465316]
[430.4377809351673, 937.2843505008165]
[430.4810617366027, 937.2017271904162]
[430.487565646228, 937.1803956403962]
[430.5069183784385, 937.140339287632]
[430.5308312409589, 937.0842592408155]
[430.5462086826436, 937.046239148745]
[430.5650549027589, 937.0320325940279]
[430.56748244180534, 937.0017206380217]
[430.58931016688086, 936.984045297874]
[430.63499132000186, 936.8742042605909]
[430.6479557949097, 936.8428448250576]
[430.6545819906492, 936.8170939547168]
[430.6742015878727, 936.783502786031]
[430.68718350775634, 936.7826915495551]
[430.6986861684983, 936.727029721874]
[430.799062068397, 936.6091636625368]
[430.82897513351924, 936.4771859771978]
[430.8687979015634, 936.3851201982286]
[430.90390821482106, 936.3307735948839]
[430.9649017371201, 936.2132120299536]
[431.01030936549404, 936.109505564601]
[431.0324247769437, 936.0624753754203]
[431.04137432118614, 936.0562280027694]
[431.0666402884718, 936.0038543849055]
[431.07356650100485, 935.9963972632031]
[431.0938407263727, 935.9495258696995]
[431.1099990928977, 935.9252476536846]
[431.1211026094189, 935.8964484300591]
[431.1465371867562, 935.854659033865]
[431.1779286447785, 935.8098076710739]
[431.23372113975955, 935.7415762651825]
[431.32308426933764, 935.54167915589]
[431.38198355978074, 935.4703321364357]
[431.4759337869928, 935.2887892401541]
[431.50209603847674, 935.2417166061014]
[431.51801155197995, 935.217268125073]
[431.528312002474, 935.2040266562003]
[431.6205018082479, 935.0565432677183]
[431.68357249417346, 934.9591861435913]
[431.76002474742796, 934.8539242916102]
[431.8278989404514, 934.7462941449928]
[431.8511852021883, 934.7119345910096]
[431.8675136364277, 934.6902742879311]
[431.8679128850064, 934.6880067626313]
[431.88049621254265, 934.6709086989459]
[431.8944572745717, 934.64697284072]
[431.9210533238865, 934.6124643027694]
[431.92345210481034, 934.6095270109711]
[431.9417786120413, 934.5825422583993]
[431.9456854304054, 934.5781209577686]
[431.99191355436676, 934.5516024884449]
[432.0410068364055, 934.4455386574742]
[432.1085881281876, 934.3562910714204]
[432.2653569264415, 934.1540693971259]
[432.2773575230718, 934.1403817622408]
[432.28136230094475, 934.1345841244537]
[432.29818631770377, 934.1122723741543]
[432.3158612040397, 934.0919264080813]
[432.32596505502113, 934.0827260766]
[432.37819417419007, 934.0152279929408]
[432.4076560136557, 933.9805092418105]
[432.47775661529874, 933.9050457921815]
[432.4910939498978, 933.883197230504]
[432.51839176816827, 933.8535791170501]
[432.5671214344998, 933.819801561133]
[432.5749956257907, 933.7893974262641]
[432.575796929616, 933.7884638263789]
[432.60484305665346, 933.7556470965195]
[432.62947917160074, 933.7293384683184]
[432.6507121204492, 933.7046789876906]
[432.66427153040854, 933.6905529399226]
[432.66837846157716, 933.6857044732143]
[432.67248644530474, 933.6822144530842]
[432.6860649673069, 933.666836396609]
[432.70392184210664, 933.6487238238429]
[432.73217479049197, 933.6192988898956]
[432.7458044445038, 933.6062724580547]
[432.7623259213648, 933.5886236718566]
[432.84771473907784, 933.5003225602151]
[432.9080727747118, 933.4409416645371]
[432.91767855831915, 933.4339351368379]
[432.93356729644165, 933.414721672865]
[432.9641040187116, 933.3858268589868]
[432.992824818338, 933.3588716230961]
[433.0026401585827, 933.3486558167527]
[433.0207040933369, 933.3317796515854]
[433.02490291158887, 933.3287725451455]
[433.02910278239983, 933.3257710761159]
[433.0471960954091, 933.3090503400002]
[433.05561262401227, 933.301047214041]
[433.05704464553213, 933.2990093243234]
[433.08216579848045, 933.2765519260449]
[433.0859306376696, 933.272926316978]
[433.091419271062, 933.2714518627286]
[433.12667285015584, 933.2521290289263]
[433.20405096283787, 933.1675644078753]
[433.26620195938864, 933.1159776503479]
[433.29371789420827, 933.0905664182718]
[433.320110942046, 933.068571731443]
[433.3230206190541, 933.0666831272247]
[433.3523744624326, 933.043069817936]
[433.38368621946785, 933.0217556927178]
[433.3851588928248, 933.0166981484044]
[433.43505457168726, 932.980119041236]
[433.4428396063182, 932.9702824750264]
[433.4869263956216, 932.9388608404862]
[433.53143737704164, 932.9052198180419]
[433.5318540392592, 932.9032579794687]
[433.56350792463036, 932.8790483916063]
[433.56645892422654, 932.8766932173891]
[433.5673827276789, 932.8763777127954]
[433.579401253216, 932.8674803731337]
[433.5907949223742, 932.8592768934865]
[433.5932785007172, 932.8569488582897]
[433.61215584734026, 932.8443637216161]
[433.62013966920097, 932.8376564748405]
[433.6231001953367, 932.8358052470576]
[433.62610469299943, 932.8339075353603]
[433.6265279128876, 932.8330306361332]
[433.63087841451863, 932.830829943285]
[433.6331220729718, 932.8284226469802]
[433.6490176447964, 932.8170695764734]
[433.6928305998715, 932.7874373721774]
[433.7301200430588, 932.7633901453737]
[433.74503457740514, 932.7507000896212]
[433.78314051540156, 932.7274363726635]
[433.8576619412867, 932.6770618245001]
[433.8678182905215, 932.6708188893903]
[433.8708201392453, 932.6684437031811]
[433.8839879904446, 932.6603853353491]
[433.8895499153944, 932.6584666042085]
[433.898107836382, 932.6514303416751]
[433.9102983711739, 932.6443426447568]
[433.9253056560598, 932.6356632110486]
[433.930527087809, 932.6325874347508]
[433.931936304309, 932.6304769916849]
[433.9406528151521, 932.625195662431]
[433.94359062395523, 932.6235979733843]
[433.9968121615219, 932.5920149387568]
[433.9974963547216, 932.590948906647]
[434.0240271577893, 932.5759354658574]
[434.08615537574076, 932.5412103340369]
[434.10460183863154, 932.5295388461469]
[434.11177430355195, 932.5254628779361]
[434.12506322383393, 932.5181905741086]
[434.1383617391058, 932.5109929872901]
[434.1494826521962, 932.505042198254]
[434.1723481635921, 932.4932405571783]
[434.21302741844084, 932.4718423265782]
[434.2267676138867, 932.4638132044091]
[434.24843020069954, 932.4542767488443]
[434.2535207465823, 932.4501322403495]
[434.27678967447474, 932.4403640726654]
[434.3051912961532, 932.4301008597428]
[434.3218681701097, 932.4168732923968]
[434.3559309031496, 932.3993809205749]
[434.36939511556324, 932.3930462574662]
[434.3764156985588, 932.3903270053021]
[434.38286892296674, 932.3867739053698]
[434.39640766902295, 932.3807106974388]
[434.41092649342306, 932.3735611317109]
[434.4308995838175, 932.3647023342342]
[434.47657086255066, 932.3445737322483]
[434.4859293095627, 932.339850455291]
[434.48598484604855, 932.3397350386401]
[434.52324160050017, 932.3253203846036]
[434.5412290839545, 932.3163309758448]
[434.5685765359335, 932.3048462562624]
[434.56863224951326, 932.3046455283188]
[434.60328993803824, 932.2901985838715]
[434.6241701911315, 932.2821526955483]
[434.63057854211877, 932.2794536913332]
[434.67119799612976, 932.2662825866139]
[434.7074675746279, 932.2498542382066]
[434.72131039153237, 932.2445217907327]
[434.791008861715, 932.2196262788418]
[434.7911212344438, 932.2194356038196]
[434.80169782913947, 932.215652255658]
[434.81915995433627, 932.2099325273604]
[434.8250417065948, 932.2080433394464]
[434.8330816679715, 932.2049312202341]
[434.8399899168236, 932.202817689962]
[434.84004620653093, 932.2026205144251]
[434.85385140821796, 932.197926768275]
[434.855062027191, 932.1977853800086]
[434.8594495724911, 932.1962499852439]
[434.8649946257879, 932.1944021124899]
[434.8751311705791, 932.1909224163303]
[434.8784689253362, 932.189998860348]
[434.8961893227878, 932.1841390793894]
[434.9072113676125, 932.1806510896477]
[434.91823949188944, 932.1772784728503]
[434.92781830223214, 932.1741843657306]
[434.9594973830338, 932.1644940021748]
[435.00658467954077, 932.1514185132032]
[435.011920073455, 932.1491937422602]
[435.0133814491176, 932.1485007378852]
[435.02168013294903, 932.1463627849307]
[435.0230058487095, 932.1459063253723]
[435.02727028644154, 932.1447528769415]
[435.040854323593, 932.1407225914372]
[435.04930627743494, 932.1391465664257]
[435.06084371638474, 932.1352649328821]
[435.06447943887605, 932.1346144869688]
[435.07518186546764, 932.1320558135811]
[435.07872205764266, 932.1307198811174]
[435.0796639210412, 932.1301422539818]
[435.0867147198149, 932.1283760489817]
[435.12253974701383, 932.1186846281355]
[435.1582314178458, 932.1134702027349]
[435.1675272390478, 932.1074874854586]
[435.18442309133695, 932.10342331]
[435.2045536532963, 932.0984322232439]
[435.2126138060934, 932.0968130212605]
[435.2229775851382, 932.0952027488341]
[435.2239009283254, 932.0942260737232]
[435.23376248569735, 932.0919053898805]
[435.24272655913035, 932.0899870887278]
[435.25214582472887, 932.0879016247768]
[435.267896302698, 932.0850163387761]
[435.2760836505587, 932.0835075120357]
[435.2809703437349, 932.0819677557103]
[435.30308416521973, 932.0770321283006]
[435.3132955040495, 932.0761111309555]
[435.3144208249576, 932.0747065200028]
[435.329326390979, 932.0725332798606]
[435.3484679573005, 932.0679256995389]
[435.36361790466333, 932.065006374058]
[435.3768831388803, 932.0624996042278]
[435.39313545555416, 932.0624800707699]
[435.3972014345664, 932.0584474051387]
[435.39964314899123, 932.0583057313012]
[435.41103244232903, 932.0562577959452]
[435.42533256089104, 932.0560383999433]
[435.4338296055693, 932.0522599274481]
[435.4552244411659, 932.0486306002889]
[435.45665153756255, 932.0483927285705]
[435.4852137836129, 932.0437424841264]
[435.51953956442617, 932.0384316968841]
[435.5309938757404, 932.0367267692799]
[435.57687304287964, 932.030233732912]
[435.5826149049838, 932.0294588541966]
[435.60559783387106, 932.0264410078472]
[435.615660653871, 932.0251617895395]
[435.6458775592355, 932.021474200508]
[435.7093275271811, 932.0144777358184]
[435.7107717488483, 932.0143302098919]
[435.7151049943676, 932.0138906946813]
[435.73244668420944, 932.0121785723774]
[435.7425691040211, 932.0112137778422]
[435.7555906099907, 932.010010078556]
[435.8193641197714, 932.0047204857736]
[435.8833249432461, 932.0004190819903]
[435.8847807752663, 932.000332807448]
[435.9066298659214, 931.999099940697]
[435.92412481242195, 931.9981963366648]
[435.9503933554669, 931.9969787462312]
[436.01473732058844, 931.9946986381276]
[436.0271889927596, 931.994372051991]
[436.10278096038496, 931.9931819357945]
[436.1042513053463, 931.9931722254825]
values
[394.6535278480139, 1946.6317438217986]
[394.6573738480824, 1941.7442438431326]
[394.6617575018812, 1939.3267274364014]
[394.66481248823453, 1938.1635016200507]
[394.6682996109871, 1936.8402996174784]
[394.6688613279409, 1936.6573110143634]
[394.67607789544974, 1934.5759082370346]
[394.67625569804477, 1934.556485127654]
[394.68025325283753, 1933.492928207756]
[394.68065785224314, 1933.4009984514366]
[394.7107304190233, 1927.4115575507121]
[394.7153792694754, 1926.6425965836195]
[394.7428023836701, 1922.3683340371817]
[394.7488761263565, 1921.6653770118662]
[394.75728573185484, 1920.532300940439]
[394.80218834600424, 1915.701133596591]
[395.3436373724953, 1881.5324874589564]
[395.9504913296712, 1859.1475696071634]
[396.74720779194365, 1837.7807850915249]
[397.58947061831424, 1820.248176587043]
[398.1622081237304, 1810.035871736634]
[399.23187299171866, 1793.7181100124005]
[404.70317518329756, 1381.1537330658434]
[404.746815839908, 1379.265672870387]
[404.78789108868114, 1377.3760042428057]
[404.8463063009875, 1375.027479643823]
[404.90186239934195, 1372.8491588096958]
[404.9237191394061, 1372.0920679807325]
[404.9274335237574, 1372.016565508189]
[404.93928003110483, 1371.579135695113]
[404.9595068933241, 1370.8690497077623]
[404.9669834426251, 1370.6677629843966]
[404.9680921963059, 1370.5427015591222]
[404.9917312812346, 1369.7898114449695]
[405.01493518914384, 1369.040459756139]
[405.0496345068528, 1367.8942757640964]
[405.05642418955716, 1367.6867828472455]
[405.1570713280158, 1364.6650849587058]
[405.3154552148172, 1360.375674216714]
[405.3349654615124, 1359.8598464230797]
[405.34349706804727, 1359.6532934674894]
[405.3777314439608, 1358.8238987152995]
[405.37984588858245, 1358.737622737474]
[405.38461039996145, 1358.6226550754168]
[405.41226560116166, 1357.9522355279503]
[405.42968156637374, 1357.5437801355158]
[405.4566548706835, 1356.9040092101422]
[405.4819083844848, 1356.3054608742696]
[405.48834834520494, 1356.109722934962]
[405.63554033111416, 1352.9429821545996]
[405.75735468325496, 1350.2922483986388]
[405.7811823123748, 1349.9261011103702]
[406.1442723924724, 1343.2364436209245]
[406.5951558018304, 1336.2052505981887]
[407.0552133830962, 1329.9542579714196]
[410.2912866452347, 1328.4434225000248]
[411.6666835068977, 1209.9261048856758]
[412.95611428452, 1194.9565292084565]
[413.3327429385872, 1191.5887760282549]
[418.07866948889017, 1113.185715184166]
[418.867234453746, 1108.9378121962577]
[424.9833440293765, 978.159077061909]
[425.14192148654695, 973.8674289753512]
[425.29188912614677, 970.7582644858627]
[425.32981280541844, 969.9868843445425]
[425.35171877887205, 969.594259972151]
[425.3660829870864, 969.4023714883064]
[425.38382643831915, 969.0849483120596]
[425.38824274214807, 969.0113351373059]
[425.4005604610216, 968.7853596139728]
[425.4234143510787, 968.3912574238705]
[425.43751343941614, 968.1903338425627]
[425.4619999170679, 967.7581837857874]
[425.4909708007659, 967.2992141723331]
[425.5346058156886, 966.6000842171284]
[425.6493990187526, 964.9102012297735]
[425.8240749846688, 962.607152342655]
[425.8503914107714, 962.2553961307525]
[425.85788381368764, 962.1751536688067]
[425.88707649260283, 961.8480894296886]
[425.8918568286434, 961.7915603992687]
[425.89432870739165, 961.6997877378479]
[425.9050460327139, 961.594699133526]
[425.90535832368056, 961.5906799014438]
[425.9271033814083, 961.3254186454424]
[425.9356405527185, 961.2362441512258]
[425.9438937517438, 961.1517631971003]
[425.95788100170745, 960.9657754502849]
[425.96076426436673, 960.9172967523401]
[425.9837089022541, 960.6914113757794]
[425.99592026123065, 960.4930372186249]
[426.02635521563604, 960.1467935672614]
[426.0447481000328, 959.8906179172534]
[426.11603181965535, 959.2425632841578]
[426.15176219618616, 958.7278068571716]
[426.16505256267214, 958.5269432784279]
[426.198761055358, 958.3414589671831]
[426.20205729975464, 958.0170047914421]
[426.2072740093336, 957.9629815418581]
[426.23623660744727, 957.951802810545]
[426.2445533209539, 957.9042811567768]
[426.25084286632165, 957.6652127096263]
[426.2746078323797, 957.4239852193629]
[426.3237817866683, 957.0522275858973]
[426.3690126375909, 956.7460019263237]
[426.46068139606876, 955.6966613570061]
[426.4982077284493, 955.192723593992]
[426.5902248032647, 954.834704719569]
[426.601255417158, 954.7495530278046]
[426.61175682047303, 954.5460872105334]
[426.6329640574827, 954.4691429930824]
[426.64307914877685, 954.3623755635366]
[426.648192211122, 954.3619445678526]
[426.65421171216843, 954.2676069625414]
[426.6584138657409, 954.0309109834949]
[426.6962622515459, 953.5306785370396]
[426.7085280858071, 953.4323233427695]
[426.7734538712856, 953.3160077756534]
[426.78688246001974, 953.0278712178684]
[426.7935472694921, 952.8211883088154]
[426.80958034557756, 952.682813108374]
[426.8122752437839, 952.62623023022]
[426.81859762787013, 952.5780547313648]
[426.864107493133, 952.3627633390739]
[426.9139736099495, 952.0768999801564]
[426.9189371282566, 951.835530489882]
[426.94498453242363, 951.6468368875801]
[426.95237756005076, 951.5665915559185]
[427.00349451540626, 951.4618385080641]
[427.02597755726674, 951.11729938445]
[427.03818133623713, 951.0385127300416]
[427.05042454898575, 950.9599289788641]
[427.0981698387918, 950.9357000148908]
[427.09894231577636, 950.8535521408555]
[427.168443707596, 950.1189749539766]
[427.2166047295876, 950.0300364473826]
[427.2166319443582, 949.9754684758324]
[427.2926016637705, 949.6753242410283]
[427.3105060242969, 949.2590410474347]
[427.4035617887514, 948.6526865092187]
[427.43255765827115, 948.47958690886]
[427.4871002908911, 948.3284819574687]
[427.51430355696885, 948.1853750228922]
[427.5419586855298, 948.1081257906927]
[427.5430892220771, 947.9739888717954]
[427.5477459676269, 947.8154842618274]
[427.5551844019624, 947.7732114600175]
[427.56263321204, 947.7309936045242]
[427.585274002589, 947.6359672584841]
[427.5874792199951, 947.6270868168143]
[427.59907846028625, 947.565533420269]
[427.61292235176165, 947.4953024852848]
[427.6503387758899, 947.2479715533066]
[427.6807258721494, 947.0822293833862]
[427.71127898028203, 946.9173663545325]
[427.74471957850653, 946.7988544274247]
[427.8377880186351, 946.3570191583523]
[427.8806074439209, 946.1946302690537]
[427.90389864420507, 945.9579898485445]
[427.9724973268832, 945.5889397483427]
[428.1689241903306, 944.7860733531658]
[428.1788694681162, 944.6232621080194]
[428.19419573698366, 944.5607752795357]
[428.2095614396294, 944.4984913542829]
[428.2379052554496, 944.3818863981957]
[428.24041114625567, 944.3745322134702]
[428.24537457946747, 944.3220866309987]
[428.2788761529527, 944.1728176040881]
[428.31254373831104, 944.0244277182442]
[428.3245907374752, 943.9686581719736]
[428.327132751384, 943.9614896252457]
[428.39364212040914, 943.7748000958079]
[428.41736403324046, 943.6388436040884]
[428.4203824823584, 943.5661598189524]
[428.4701634057251, 943.4463079489853]
[428.4793150501921, 943.3464001065703]
[428.52991073803474, 943.1168070025002]
[428.62562893929163, 942.8022220637855]
[428.68005301014375, 942.6181334337534]
[428.72915014892135, 942.3554559258058]
[428.73855758611, 942.3030927822873]
[428.7412738385573, 942.2968076289295]
[428.7899877874934, 942.1085341699478]
[428.8261058025852, 941.9731008628474]
[428.8293278592508, 941.9486714205211]
[428.86238982955, 941.8385466968136]
[428.86494653942106, 941.8242042617511]
[428.88187348701535, 941.7588027809059]
[428.8960603985099, 941.7108353934171]
[428.89883986838794, 941.7048716718464]
[428.91584568353875, 941.6511434660177]
[428.9328909324678, 941.5976181634201]
[428.93545591909896, 941.5720757879457]
[428.9462518581633, 941.5656439271665]
[428.97223798168307, 941.4401590451115]
[428.98818035777003, 941.3843662859407]
[429.00629459124195, 941.3260988437522]
[429.0155550649387, 941.2934624005236]
[429.04062613156214, 941.2069412554067]
[429.04630014247056, 941.1789629826429]
[429.05385873358694, 941.1674990916038]
[429.0623867955132, 941.1239328898798]
[429.0858202553853, 941.0986766689462]
[429.1114092434684, 940.9731516757473]
[429.20947629240095, 940.637453881916]
[429.2432689496933, 940.5900663193029]
[429.2500839839255, 940.5187371435096]
[429.27979724601977, 940.4142288137616]
[429.2856568591757, 940.3874561160578]
[429.30220377829187, 940.3348546905969]
[429.4145721810638, 939.9911274963026]
[429.43485220847754, 939.9641207854252]
[429.43664108845644, 939.9215098804239]
[429.4925391300796, 939.7505697449218]
[429.5000139197971, 939.7245904659604]
[429.51177885841554, 939.6928103318221]
[429.5147957842627, 939.6819477447684]
[429.53177162239706, 939.6316095808313]
[429.54877880758687, 939.5814368226726]
[429.5510771032677, 939.5776081454774]
[429.5649301920198, 939.5399967155539]
[429.57174798122253, 939.5250059652524]
[429.6107346426514, 939.4028462394742]
[429.61434568367207, 939.392184652448]
[429.65310928886447, 939.3077898001334]
[429.6717157827421, 939.2445762344391]
[429.74980357077425, 939.0074077760114]
[429.78464443213477, 938.9114233769632]
[429.91954328294923, 938.5527670767211]
[429.9312471122981, 938.52945812819]
[429.9527307564365, 938.4673172495942]
[429.95797525302953, 938.4466723986624]
[429.9627995226078, 938.4385394953442]
[429.9906802187104, 938.363836209787]
[429.99387138309595, 938.3599607067437]
[430.0085138948811, 938.3180245688975]
[430.02317639001257, 938.2817710595485]
[430.02637891810724, 938.2723783337864]
[430.02876882036605, 938.2686131108]
[430.04597255341724, 938.2326764794129]
[430.0645996029361, 938.1777890164738]
[430.0857921985666, 938.1207629325933]
[430.0880645274648, 938.1154874626707]
[430.0952467380107, 938.1005292363396]
[430.11264828239877, 938.057593548721]
[430.1750004990083, 937.9092607739875]
[430.2185474196312, 937.8530752721729]
[430.237425728071, 937.7512330460951]
[430.25568832325996, 937.7076846667294]
[430.2636983961943, 937.6940476450493]
[430.27398226550423, 937.6643016931421]
[430.30077207221257, 937.6148183465316]
[430.4377809351673, 937.2843505008165]
[430.45574986542977, 937.2440844471284]
[430.47374815748503, 937.2042964397331]
[430.4810617366027, 937.2017271904162]
[430.487565646228, 937.1803956403962]
[430.5069183784385, 937.140339287632]
[430.52259468414184, 937.1046488291286]
[430.5274544743258, 937.0871934550303]
[430.5308312409589, 937.0842592408155]
[430.5462086826436, 937.046239148745]
[430.5650549027589, 937.0320325940279]
[430.56748244180534, 937.0017206380217]
[430.58142082615944, 936.9714600857203]
[430.58969972185304, 936.9500779002221]
[430.63499132000186, 936.8742042605909]
[430.635647212986, 936.8570963318028]
[430.64054953778736, 936.843401355427]
[430.6479557949097, 936.8428448250576]
[430.6545819906492, 936.8170939547168]
[430.6742015878727, 936.783502786031]
[430.68718350775634, 936.7826915495551]
[430.6901336348054, 936.7441021932782]
[430.6986861684983, 936.727029721874]
[430.7023692811172, 936.7151143193397]
[430.7085108047337, 936.7063101787304]
[430.7269173364547, 936.6686728754081]
[430.799062068397, 936.6091636625368]
[430.82897513351924, 936.4771859771978]
[430.8687979015634, 936.3851201982286]
[430.89745899775755, 936.3239818255162]
[430.96030278715534, 936.2073343811724]
[431.01030936549404, 936.109505564601]
[431.014203037299, 936.095936784639]
[431.0324247769437, 936.0624753754203]
[431.04137432118614, 936.0562280027694]
[431.0666402884718, 936.0038543849055]
[431.07356650100485, 935.9963972632031]
[431.08308738919095, 935.9662658942603]
[431.0894392632135, 935.9576637694859]
[431.0938407263727, 935.9495258696995]
[431.1099990928977, 935.9252476536846]
[431.1211026094189, 935.8964484300591]
[431.1465371867562, 935.854659033865]
[431.1779286447785, 935.8098076710739]
[431.23372113975955, 935.7415762651825]
[431.2844516011014, 935.6073560106396]
[431.32308426933764, 935.54167915589]
[431.38198355978074, 935.4703321364357]
[431.4759337869928, 935.2887892401541]
[431.4824960114214, 935.2733650281612]
[431.48906188622954, 935.266448879078]
[431.5017108410432, 935.243449731812]
[431.50209603847674, 935.2417166061014]
[431.51801155197995, 935.217268125073]
[431.528312002474, 935.2040266562003]
[431.5565285304582, 935.1624890989358]
[431.6205018082479, 935.0565432677183]
[431.68357249417346, 934.9591861435913]
[431.76002474742796, 934.8539242916102]
[431.8278989404514, 934.7462941449928]
[431.8511852021883, 934.7119345910096]
[431.8675136364277, 934.6902742879311]
[431.8679128850064, 934.6880067626313]
[431.88049621254265, 934.6709086989459]
[431.8876810493575, 934.6610175562055]
[431.8944572745717, 934.64697284072]
[431.90787782408, 934.6319155357054]
[431.9210533238865, 934.6124643027694]
[431.92345210481034, 934.6095270109711]
[431.9417786120413, 934.5825422583993]
[431.9456854304054, 934.5781209577686]
[431.99191355436676, 934.5516024884449]
[432.0377807624823, 934.4526593091941]
[432.0410068364055, 934.4455386574742]
[432.1085881281876, 934.3562910714204]
[432.2653569264415, 934.1540693971259]
[432.2773575230718, 934.1403817622408]
[432.28136230094475, 934.1345841244537]
[432.29818631770377, 934.1122723741543]
[432.3158612040397, 934.0919264080813]
[432.31987624812496, 934.086183398885]
[432.32596505502113, 934.0827260766]
[432.37819417419007, 934.0152279929408]
[432.4076560136557, 933.9805092418105]
[432.4736310124096, 933.9033991995099]
[432.4910939498978, 933.883197230504]
[432.51839176816827, 933.8535791170501]
[432.5582366850101, 933.8079979930535]
[432.5749956257907, 933.7893974262641]
[432.575796929616, 933.7884638263789]
[432.60484305665346, 933.7556470965195]
[432.62947917160074, 933.7293384683184]
[432.6507121204492, 933.7046789876906]
[432.66427153040854, 933.6905529399226]
[432.66837846157716, 933.6857044732143]
[432.67248644530474, 933.6822144530842]
[432.6860649673069, 933.666836396609]
[432.70392184210664, 933.6487238238429]
[432.73217479049197, 933.6192988898956]
[432.7458044445038, 933.6062724580547]
[432.7623259213648, 933.5886236718566]
[432.84771473907784, 933.5003225602151]
[432.9080727747118, 933.4409416645371]
[432.91767855831915, 933.4339351368379]
[432.93356729644165, 933.414721672865]
[432.9641040187116, 933.3858268589868]
[432.992824818338, 933.3588716230961]
[433.0026401585827, 933.3486558167527]
[433.0207040933369, 933.3317796515854]
[433.02490291158887, 933.3287725451455]
[433.02910278239983, 933.3257710761159]
[433.0471960954091, 933.3090503400002]
[433.05561262401227, 933.301047214041]
[433.05704464553213, 933.2990093243234]
[433.08216579848045, 933.2765519260449]
[433.0859306376696, 933.272926316978]
[433.091419271062, 933.2714518627286]
[433.11027179537393, 933.2499564084691]
[433.20405096283787, 933.1675644078753]
[433.2611111784869, 933.1178761917188]
[433.26620195938864, 933.1159776503479]
[433.29371789420827, 933.0905664182718]
[433.320110942046, 933.068571731443]
[433.3230206190541, 933.0666831272247]
[433.3523744624326, 933.043069817936]
[433.38368621946785, 933.0217556927178]
[433.3851588928248, 933.0166981484044]
[433.3894495981601, 933.014179593065]
[433.40794050479565, 932.9995572062583]
[433.43505457168726, 932.980119041236]
[433.4428396063182, 932.9702824750264]
[433.4869263956216, 932.9388608404862]
[433.53143737704164, 932.9052198180419]
[433.5318540392592, 932.9032579794687]
[433.56350792463036, 932.8790483916063]
[433.56645892422654, 932.8766932173891]
[433.5673827276789, 932.8763777127954]
[433.579401253216, 932.8674803731337]
[433.57986351347273, 932.8667936131209]
[433.5907949223742, 932.8592768934865]
[433.5932785007172, 932.8569488582897]
[433.61215584734026, 932.8443637216161]
[433.62013966920097, 932.8376564748405]
[433.6231001953367, 932.8358052470576]
[433.62610469299943, 932.8339075353603]
[433.6265279128876, 932.8330306361332]
[433.63087841451863, 932.8308299432849]
[433.6331220729718, 932.8284226469802]
[433.6335858504403, 932.8281069043783]
[433.6490176447964, 932.8170695764734]
[433.6928305998715, 932.7874373721774]
[433.7150045164314, 932.7714584772439]
[433.7301200430588, 932.7633901453737]
[433.74503457740514, 932.7507000896212]
[433.78314051540156, 932.7274363726635]
[433.8571918876744, 932.6771268289313]
[433.8576619412867, 932.6770618245001]
[433.8678182905215, 932.6708188893903]
[433.8708201392453, 932.6684437031811]
[433.87737575394675, 932.6643141660761]
[433.8839879904446, 932.6603853353491]
[433.8844587888145, 932.6599095977097]
[433.8895499153944, 932.6584666042085]
[433.890494179592, 932.6561660156411]
[433.898107836382, 932.6514303416751]
[433.90467343950985, 932.6472981284068]
[433.9102983711739, 932.6443426447568]
[433.9117672819478, 932.6430059350776]
[433.9253056560598, 932.6356632110486]
[433.930527087809, 932.6325874347508]
[433.931936304309, 932.6304769916849]
[433.9406528151521, 932.625195662431]
[433.94359062395523, 932.6235979733843]
[433.9968121615219, 932.5920149387568]
[433.9974963547216, 932.590948906647]
[434.0240271577893, 932.5759354658574]
[434.0249765201882, 932.5748894190052]
[434.08615537574076, 932.5412103340369]
[434.10460183863154, 932.5295388461469]
[434.1051334415322, 932.5291978502556]
[434.1112425039331, 932.5258947000843]
[434.11177430355195, 932.5254628779361]
[434.1184175643192, 932.5218083641888]
[434.12506322383393, 932.5181905741085]
[434.13171128209615, 932.5145854484757]
[434.13610123542907, 932.5122145696035]
[434.1383617391058, 932.5109929872901]
[434.138894341733, 932.5105412975698]
[434.14168786714094, 932.5092015058652]
[434.1450145948629, 932.507413190552]
[434.1460802096893, 932.5067054265746]
[434.1494826521962, 932.505042198254]
[434.15273585763043, 932.5030484951146]
[434.1665877715261, 932.4956395535079]
[434.1723481635921, 932.4932405571783]
[434.21302741844084, 932.4718423265782]
[434.2267676138867, 932.4638132044091]
[434.24843020069954, 932.4542767488443]
[434.2535207465823, 932.4501322403495]
[434.27678967447474, 932.4403640726654]
[434.3051912961532, 932.4301008597428]
[434.3218681701097, 932.4168732923968]
[434.3232614868854, 932.4153684909801]
[434.3559309031496, 932.3993809205749]
[434.3626618099827, 932.3962014301854]
[434.3660281629295, 932.3946222607699]
[434.36885573473603, 932.3934625663546]
[434.36939511556324, 932.3930462574662]
[434.3761308198913, 932.3899037491942]
[434.38286892296674, 932.3867739053698]
[434.38340871336584, 932.3863597339534]
[434.39640766902295, 932.3807106974388]
[434.39689250919577, 932.3801400938218]
[434.41092649342306, 932.3735611317109]
[434.4308995838175, 932.3647023342342]
[434.47657086255066, 932.3445737322483]
[434.4859293095627, 932.339850455291]
[434.48598484604855, 932.3397350386401]
[434.49954150202296, 932.33389997501]
[434.52324160050017, 932.3253203846036]
[434.5412290839545, 932.3163309758448]
[434.5685765359335, 932.3048462562624]
[434.56863224951326, 932.3046455283188]
[434.60328993803824, 932.2901985838715]
[434.6101084909372, 932.287493364066]
[434.61351866691695, 932.2861455033309]
[434.61638287398455, 932.2851795992922]
[434.61692944258357, 932.2848008087077]
[434.62336687400057, 932.2821824802573]
[434.6237527929774, 932.2821209177968]
[434.63057854211877, 932.2794536913332]
[434.64125143678694, 932.2751426454172]
[434.64478460825126, 932.2737826328113]
[434.67119799612976, 932.2662825866139]
[434.7074675746279, 932.2498542382066]
[434.72131039153237, 932.2445217907327]
[434.72817036871675, 932.2419503175878]
[434.791008861715, 932.2196262788418]
[434.7911212344438, 932.2194356038196]
[434.80169782913947, 932.215652255658]
[434.81915995433627, 932.2099325273604]
[434.8250417065948, 932.2080433394464]
[434.8266403790104, 932.2070809792566]
[434.8330816679715, 932.2049312202341]
[434.8335371134308, 932.2047884209262]
[434.8399899168236, 932.202817689962]
[434.84004620653093, 932.2026205144251]
[434.84349660742237, 932.2014390390273]
[434.8463944417846, 932.2005263887104]
[434.8469476080007, 932.2002607297411]
[434.8534611143564, 932.1982279507691]
[434.85385140821796, 932.197926768275]
[434.855062027191, 932.1977853800086]
[434.8594495724911, 932.1962499852439]
[434.8649946257879, 932.1944021124899]
[434.8717518857461, 932.1921445753776]
[434.8751311705791, 932.1909224163303]
[434.8774165609852, 932.1904747347332]
[434.8784689253362, 932.189998860348]
[434.8961893227878, 932.1841390793894]
[434.9072113676125, 932.1806510896477]
[434.91557646348247, 932.1780650962995]
[434.91823949188944, 932.1772784728503]
[434.92184498208275, 932.176095242958]
[434.92781830223214, 932.1741843657306]
[434.9594973830338, 932.1644940021748]
[435.00658467954077, 932.1514185132032]
[435.0098106892334, 932.1496066925057]
[435.011920073455, 932.1491937422602]
[435.0133814491176, 932.1485007378852]
[435.02147740289917, 932.1461598407832]
[435.0230058487095, 932.1459063253723]
[435.02727028644154, 932.1447528769415]
[435.040854323593, 932.1407225914372]
[435.04762824758166, 932.1388769687852]
[435.06084371638474, 932.1352649328821]
[435.06447943887605, 932.1346144869688]
[435.0660969017091, 932.1337323656891]
[435.07268206974794, 932.1320774146469]
[435.07518186546764, 932.1320558135811]
[435.0761726955511, 932.1311082512584]
[435.07872205764266, 932.1307198811174]
[435.07875307628046, 932.1304102947314]
[435.0796639210412, 932.1301422539818]
[435.08458238318616, 932.1286765767845]
[435.0867147198149, 932.1283760489817]
[435.09030696336845, 932.1275336321231]
[435.12253974701383, 932.1186846281355]
[435.1466869987567, 932.1133675623403]
[435.1675272390478, 932.1074874854586]
[435.17325967038227, 932.1059430413121]
[435.17919780757677, 932.1049123132636]
[435.18442309133695, 932.10342331]
[435.18689820531506, 932.1027302110409]
[435.2045536532963, 932.0984322232439]
[435.20591500706814, 932.0983644777647]
[435.2126138060934, 932.0968130212605]
[435.2177428267029, 932.0953388510059]
[435.2229775851382, 932.0952027488341]
[435.2239009283254, 932.0942260737232]
[435.2241054279581, 932.0938654674889]
[435.23376248569735, 932.0919053898805]
[435.23663705534625, 932.0914362561962]
[435.24272655913035, 932.0899870887278]
[435.2436757879733, 932.0894488764537]
[435.2510859426784, 932.0881351069587]
[435.25214582472887, 932.0879016247768]
[435.2623223248385, 932.085243045653]
[435.267896302698, 932.0850163387761]
[435.2680964556801, 932.0843773473057]
[435.2760836505587, 932.0835075120357]
[435.2809703437349, 932.0819677557103]
[435.2809856890533, 932.0811845597932]
[435.2883216560001, 932.0797608724334]
[435.2911677568608, 932.0790624602431]
[435.2999939650256, 932.0775095796658]
[435.30308416521973, 932.0770321283006]
[435.3065259514093, 932.075767345143]
[435.3144208249576, 932.0747065200028]
[435.3261744457318, 932.0717023588434]
[435.3484679573005, 932.0679256995389]
[435.3517703465549, 932.0665765898071]
[435.36361790466333, 932.065006374058]
[435.37207727219885, 932.0628716274856]
[435.3768831388803, 932.0624996042278]
[435.3902231825742, 932.0591991923467]
[435.3972014345664, 932.0584474051387]
[435.39964314899123, 932.0583057313012]
[435.410376656808, 932.055745396893]
[435.41541279092127, 932.0547710305921]
[435.42252222354693, 932.0537236801042]
[435.4287468003351, 932.0521953021989]
[435.43489883032566, 932.0520757334893]
[435.435781646861, 932.0513926721244]
[435.4416037355313, 932.0499436737747]
[435.4552244411659, 932.0486306002889]
[435.4555812061945, 932.0485710845066]
[435.456170297829, 932.0481186707248]
[435.47581193017527, 932.0445825903357]
[435.4852137836129, 932.0437424841264]
[435.4944656197455, 932.0414106849136]
[435.51953956442617, 932.0384316968841]
[435.52013035659854, 932.0379884835935]
[435.5309938757404, 932.0367267692799]
[435.5318224917679, 932.0353442975555]
[435.57687304287964, 932.030233732912]
[435.5822074494098, 932.0283608379409]
[435.593744168093, 932.0279807671195]
[435.59629809389816, 932.0266310672449]
[435.6045199557736, 932.0265795503835]
[435.6048164757675, 932.0263640242146]
[435.61530118580714, 932.0252070452339]
[435.615660653871, 932.0251617895395]
[435.61666544655213, 932.0246018038529]
[435.62033428898354, 932.0245763685737]
[435.62393008832805, 932.0241297134563]
[435.62536857738354, 932.0239519446588]
[435.6378554511468, 932.0225884778384]
[435.6458775592355, 932.021474200508]
[435.6609693018176, 932.0189494517649]
[435.68984000436785, 932.0165192939876]
[435.7093275271811, 932.0144777358184]
[435.7107717488483, 932.0143302098919]
[435.7136385206706, 932.0135258991959]
[435.72191555215824, 932.0132882994315]
[435.73244668420944, 932.0121785723774]
[435.7335310024245, 932.0120740052182]
[435.7425691040211, 932.0112137778422]
[435.74416472968153, 932.010975198983]
[435.7521225338974, 932.0092803927616]
[435.76463793335193, 932.0091985013679]
[435.7670672791391, 932.0091419676683]
[435.77150183780446, 932.0079349234879]
[435.78714393756997, 932.0071885007246]
[435.79072154707745, 932.0058859927242]
[435.8193641197714, 932.0047204857736]
[435.8631223078059, 932.0007310230926]
[435.8791972079457, 932.000374990681]
[435.8844168081906, 932.000354328231]
[435.8847807752663, 932.000332807448]
[435.8858727127755, 932.0002684365097]
[435.89461017209635, 931.9997638051748]
[435.90480827689623, 931.9991982931006]
[435.9066298659214, 931.999099940697]
[435.9119339922743, 931.9986501003774]
[435.9172506715494, 931.9984634471995]
[435.92412481242195, 931.9981963366648]
[435.92905715004815, 931.9975298660863]
[435.9391941160092, 931.9968940863924]
[435.95013365430884, 931.9968317509388]
[435.95138704489887, 931.9960262023711]
[435.97732900587505, 931.9954976250722]
[436.0048955948095, 931.994646627142]
[436.01557520749236, 931.9945171837087]
[436.0271889927596, 931.994372051991]
[436.0356161466048, 931.9941720376805]
[436.03854808038625, 931.9941064233042]
[436.0400066977095, 931.9931937173956]
[436.0704992793677, 931.9931875120684]
[436.0809946724353, 931.9931382456946]
[436.09149501425986, 931.9931150685878]
[436.09749492571933, 931.9926071312765]
end_solutions
[1.3320024191548632, 0.8858925547973985]
[1.3118057522095383, 0.8944570731985999]
[1.2894427950287422, 0.9039390308650324]
[1.2712654855261962, 0.9116426180642396]
[1.2530566594038066, 0.919365974184251]
[1.227495019518455, 0.9301981986373207]
[1.2019333796331035, 0.9410304230903903]
[1.1710300181515434, 0.9541255460326759]
[1.137211933061755, 0.9684577102975395]
[1.1033938479719665, 0.9827898745624031]
[1.0665503091949389, 0.9984030515580715]
[1.031888236983378, 1.0130900307867443]
[0.9888292933912319, 1.0313374225238148]
[0.9415719141087933, 1.0513650205150837]
[0.90362635446478, 1.067452176858497]
[0.8459810418571697, 1.0918811639491373]
[0.7869948953044127, 1.1168644815326485]
[0.7221611423169404, 1.1443246322764524]
[0.647987044572234, 1.1757944536776859]
[0.5762751456055206, 1.206151469516967]
[0.5045632466388073, 1.2365084853562482]
[0.3838227394428571, 1.2877037176334831]
[0.28406995689345416, 1.329977884955142]
[0.16023483895036497, 1.3824163471484812]
[0.002815593979621084, 1.4490040636157593]
[-0.13781158747729547, 1.508517152946068]
[-0.36554442317649766, 1.6048614140785005]
[-0.589079242997243, 1.6994370184266907]
[-0.9066897057565804, 1.8233106969001103]
[-1.9021652217113731, -0.3034871607325661]
[-3.7359186143656635, -2.5068277808075496]
end_values
[436.09749493 931.99260713]
[435.95138704 931.9960262 ]
[435.79072155 932.00588599]
[435.6609693  932.01894945]
[435.53182249 932.0353443 ]
[435.35177035 932.06657659]
[435.17325967 932.10594304]
[434.95949738 932.164494  ]
[434.72817037 932.24195032]
[434.4995415  932.33389998]
[434.25352075 932.45013224]
[434.02497652 932.57488942]
[433.74503458 932.75070009]
[433.44283961 932.97028248]
[433.20405096 933.16756441]
[432.84771474 933.50032256]
[432.49109395 933.88319723]
[432.10858813 934.35629107]
[431.68357249 934.95918614]
[431.2844516  935.60735601]
[430.897459   936.32398183]
[430.27398227 937.66430169]
[429.78464443 938.91142338]
[429.20947629 940.63745388]
[428.52991074 943.116807  ]
[427.97249733 945.58893975]
[427.16844371 950.11897495]
[426.49820773 955.19272359]
[425.64939902 964.91020123]
[ 405.15707133 1364.66508496]
[ 394.65352785 1946.63174382]
