values
[394.53431863703076, -120.47692105537475]
[394.5345495680733, -121.16035153502438]
[394.53552912100855, -121.29610426422758]
[394.5384215936058, -121.56667635590728]
[394.54033451326774, -121.70149571838377]
[394.547940005707, -122.10408707235979]
[394.55109741433796, -122.23766194586732]
[394.5715512911261, -122.90086947977137]
[394.58755708410587, -123.29506053320694]
[394.5997832239703, -123.55629895761945]
[394.6063629772658, -123.68645148646235]
[394.6132538528036, -123.81629289306301]
[394.65237506412615, -124.4608330924327]
[394.7095875517071, -125.22401429768242]
[394.7423939457678, -125.60140475003703]
[394.75395165493916, -125.7265793230041]
[394.77800044000867, -125.9759951022115]
[394.79049151590675, -126.10023630845185]
[394.85761372903085, -126.71677550601999]
[394.9169116998904, -127.20440666371417]
[394.9553694539514, -127.52333420935172]
[394.98118762662585, -127.68705986553253]
[395.015192323447, -127.92651973298828]
[395.1246733477242, -128.63743240154176]
[395.183614010133, -128.98868858554826]
[395.245354772722, -129.3371446693746]
[395.2665572714028, -129.45267445283224]
[395.28807089232583, -129.56789311404765]
[395.37723659844045, -130.02565653648685]
[395.49569398153403, -130.59086056408546]
[395.5203188248795, -130.70296800287846]
[395.67460145203916, -131.36907906854944]
[395.7190669758484, -131.5246414792767]
[395.81172616966717, -131.91561576161368]
[395.8977344671508, -132.23980431054534]
[395.90941320926163, -132.2878230499668]
[395.92702614412985, -132.34724491570475]
[395.97754528388106, -132.5436130027026]
[395.99412644907596, -132.6040666381139]
[396.0167679085204, -132.66769999772953]
[396.06771958441334, -132.86363554858568]
[396.25646848601826, -133.4952803398114]
[396.4907299006111, -134.21409624987763]
[396.5187673167697, -134.3002624286397]
[396.52412392467727, -134.3157112989884]
[396.5400599509289, -134.36524461354054]
[396.56871648051253, -134.45034119943332]
[396.68660445350577, -134.73250909551308]
[396.75454326275616, -134.8645982207992]
[396.8449008438078, -135.2139594593014]
[396.88994193189393, -135.3359731353061]
[397.1374050186784, -135.96270587312225]
[397.2038955899232, -136.12478250427313]
[397.21878285337806, -136.16068795246176]
[397.4160095935629, -136.6237664636422]
[397.62009349068086, -137.0799878178895]
[397.749091872235, -137.3573311294832]
[398.01487901481767, -137.90422737319628]
[398.1516677758462, -138.17378030531563]
[398.4330356773775, -138.70509579008]
[398.4689370131447, -138.7707798775998]
[398.51404191662726, -138.85265675322594]
[398.5776148178804, -138.966858342725]
[398.8745634783604, -139.4825930685407]
[399.02693299833766, -139.73656524171136]
[399.10409155576053, -139.86257753086238]
[399.18189931147293, -139.9879406217239]
[399.2668019490931, -140.10306591864023]
[399.45459686984094, -140.3153268669654]
[399.4996223172179, -140.48290100227467]
[399.9021452933666, -140.66789018158568]
[399.9546653392967, -141.1001822580932]
[400.1026244557503, -141.35087597366146]
[400.1290596530863, -141.38842244516047]
[400.2487195037571, -141.5548898152677]
[400.2563066700991, -141.562205888192]
[400.4616928314144, -141.79727660615282]
[400.51511437024755, -141.9054591081322]
[400.58871555816984, -141.98957973148546]
[400.81342070238804, -142.29001571648664]
[400.9141100857775, -142.40955477273522]
[401.0499844350361, -142.574710883521]
[401.2937663587788, -142.8521878594607]
[401.32604679967613, -142.90070943896959]
[401.7813297458409, -143.41249954177286]
[401.80964173553315, -143.4404203556154]
[402.01040995293835, -143.65751691709403]
[402.04136576365977, -143.6905427752076]
[402.0507985561165, -143.70131048785245]
[402.1887432225794, -143.8441957763323]
[402.4878118065415, -144.14718811245885]
[402.7397390891107, -144.39387545056854]
[403.22409403162436, -144.84643736463312]
[403.4875364013284, -145.081609615608]
[403.810902808437, -145.360304128588]
[403.98729412782507, -145.50756041353654]
[404.0295619840826, -145.5317085498898]
[404.05552812144987, -145.56001792438823]
[404.1674069594895, -145.63950160076672]
[404.30673658440713, -145.76756173275086]
[404.5947816362402, -145.98783745856588]
[404.64460609204156, -146.01733998269833]
[405.1253306130704, -146.382997006161]
[405.2791309993169, -146.48349061619044]
[405.3052537666714, -146.51164336070173]
[405.3280653263988, -146.5164356312032]
[405.6697103158599, -146.7643258277967]
[405.93313670590874, -146.93016045036612]
[406.3995643584316, -147.24657804329092]
[406.55470288278894, -147.32739047215884]
[406.82399516879786, -147.50373899016057]
[406.9523261481051, -147.5830766390823]
[406.98106277389815, -147.59230941134408]
[407.152533395336, -147.70571526445235]
[407.52227417575716, -147.90613552396874]
[407.54656585013345, -147.9288218259384]
[407.71628459696205, -148.02585750688704]
[407.8719639374516, -148.0993882378246]
[407.92284997823884, -148.13322857515615]
[408.1316256900524, -148.23838931288856]
[408.7162931357337, -148.537615311268]
[409.20591556401183, -148.7513625856275]
[409.2935529078087, -148.8153930536767]
[409.30660657231164, -148.82582837734668]
[409.9099557277431, -149.06611862056914]
[409.92249149256656, -149.09920384255673]
[410.564532994402, -149.3699117143592]
[410.7295270397661, -149.43982181247057]
[410.77229647187124, -149.45913681626735]
[410.93327319885617, -149.51963063262585]
[411.0571621650523, -149.56856137400334]
[411.5575958533939, -149.75940651595621]
[412.1941130668241, -149.98698784039402]
[412.23264631124204, -149.99710543174598]
[412.4521344286861, -150.07460589367923]
[412.58187678315073, -150.1176832467883]
[412.59406513725446, -150.12169674026953]
[412.84282483914694, -150.20237460593927]
[413.3705743394078, -150.36590393597285]
[413.6373757836725, -150.4447419068554]
[414.04123631773723, -150.5593404955115]
[414.672455615906, -150.72741234487071]
[414.7240928549592, -150.74058249615757]
[415.27032840615226, -150.8703148993948]
[415.2791581671395, -150.8767960142718]
[415.4191439510738, -150.90962993791112]
[415.6124208611111, -150.9539801257875]
[415.7668224115469, -150.98860013051032]
[415.8420279970109, -151.0052050146948]
[416.12638960608086, -151.0664828207721]
[416.28720044110486, -151.10009415676845]
[416.41270234457363, -151.12580949742656]
[416.55659038735354, -151.15474116222026]
[416.6106741597846, -151.1654647801293]
[416.70096621248916, -151.18318504465825]
[416.9911812098276, -151.2386094624671]
[417.1370203820303, -151.26558999783796]
[417.43016207350286, -151.31808772151263]
[417.651298770791, -151.35618058558487]
[417.76227868579775, -151.3748154512584]
[418.2089421215754, -151.4466111382016]
[418.29318025083927, -151.45958409444782]
[418.3212939244575, -151.4638741159997]
[418.4339201049147, -151.4808627162227]
[418.54682066294697, -151.49757693887062]
[418.71668595794864, -151.52213381488926]
[419.00116667082693, -151.56169005371152]
[419.5752726761162, -151.6356579518233]
[419.6909170098993, -151.6496283987204]
[419.98122824624807, -151.6833541140722]
[421.3686616047011, -151.81889442861157]
[421.4734966175052, -151.8274723489027]
values
[394.5050702029169, -120.29595695866739]
[394.50643931618293, -121.14916460876663]
[394.51027061264375, -121.27874342725327]
[394.5111220112155, -121.31145219286785]
[394.51265885970554, -121.60379361111296]
[394.53111938292665, -122.2458815352831]
[394.5599369716291, -123.07164070994591]
[394.57564915360916, -123.32274875786084]
[394.5875210127907, -123.6989335306273]
[394.59410999994435, -123.79219449423482]
[394.5962292167865, -123.82363544157896]
[394.6052905184894, -123.94798425482354]
[394.61242186891445, -124.04070285515965]
[394.65237506412615, -124.4608330924327]
[394.65924673104263, -124.74860480563561]
[394.70878682442486, -125.2068929478996]
[394.7095875517071, -125.22401429768242]
[394.71486083264915, -125.28710715780957]
[394.7256407362149, -125.41305953638225]
[394.7314813801322, -125.59806724828388]
[394.7423939457678, -125.60140475003703]
[394.7508221532333, -125.77842637670514]
[394.7572750414678, -125.83909381684329]
[394.7603311752527, -125.87022075359296]
[394.77800044000867, -125.9759951022115]
[394.79049151590675, -126.10023630845185]
[394.80908859153885, -126.28839873962292]
[394.83951192813316, -126.61143369354315]
[394.85761372903085, -126.71677550601999]
[394.89409160661387, -127.02212833378306]
[394.89905404926554, -127.0954985337736]
[394.90182426552764, -127.13687788961906]
[394.9169116998904, -127.20440666371417]
[394.9298930817343, -127.34144623277271]
[394.93390202738607, -127.37162035765553]
[394.937930418178, -127.4017750373982]
[394.9553694539514, -127.52333420935172]
[394.98118762662585, -127.68705986553253]
[394.9895721299903, -127.74704150323731]
[394.9980344139153, -127.80694536038152]
[395.015192323447, -127.92651973298828]
[395.04044533922644, -128.11965380918042]
[395.10564870473905, -128.51972476238845]
[395.1246733477242, -128.63743240154176]
[395.1541606609955, -128.82633218024202]
[395.183614010133, -128.98868858554826]
[395.1942561070947, -129.0397682952738]
[395.21418654021824, -129.16715955221]
[395.2348701942224, -129.27926310680496]
[395.2401027609022, -129.30821361065983]
[395.245354772722, -129.3371446693746]
[395.25591713178216, -129.3949484513837]
[395.2665572714028, -129.45267445283224]
[395.28807089232583, -129.56789311404765]
[395.37723659844045, -130.02565653648685]
[395.46103912278505, -130.42908565916377]
[395.47297376232893, -130.4834928355341]
[395.49569398153403, -130.59086056408546]
[395.5079675129265, -130.64695317376223]
[395.5203188248795, -130.70296800287846]
[395.5265236485662, -130.73094624972634]
[395.67460145203916, -131.36907906854944]
[395.7190669758484, -131.5246414792767]
[395.81172616966717, -131.91561576161368]
[395.8400844799195, -132.0239897334998]
[395.8472226703329, -132.05103461362097]
[395.8543803058865, -132.07806004860203]
[395.88320529950215, -132.1859673371248]
[395.8977344671508, -132.23980431054534]
[395.9021385422243, -132.26293897162452]
[395.90941320926163, -132.2878230499668]
[395.92702614412985, -132.34724491570475]
[395.9510772505097, -132.44663742269944]
[395.97754528388106, -132.5436130027026]
[395.99412644907596, -132.6040666381139]
[396.00119643074265, -132.62915540182678]
[396.0167679085204, -132.66769999772953]
[396.03005705869793, -132.73123389008384]
[396.0524960829232, -132.81049290900657]
[396.06771958441334, -132.86363554858568]
[396.0823050224396, -132.9031661842399]
[396.090055023367, -132.9295992538471]
[396.25646848601826, -133.4952803398114]
[396.45641778834386, -134.11572473031646]
[396.473585803848, -134.16692285588158]
[396.4907299006111, -134.21409624987763]
[396.5187673167697, -134.3002624286397]
[396.52412392467727, -134.3157112989884]
[396.5400599509289, -134.36524461354054]
[396.56871648051253, -134.45034119943332]
[396.57596374880853, -134.46704232143105]
[396.5824893735797, -134.48591305248164]
[396.5890251420741, -134.50477363980897]
[396.5907751585649, -134.51500781988528]
[396.5955710542918, -134.523624083413]
[396.68660445350577, -134.73250909551308]
[396.75454326275616, -134.8645982207992]
[396.8449008438078, -135.2139594593014]
[396.88994193189393, -135.3359731353061]
[397.07516865777615, -135.81105166078913]
[397.10082084274586, -135.87230826994607]
[397.1154240819491, -135.90849774238637]
[397.12274091713556, -135.9265772630216]
[397.1300678960453, -135.94464663993355]
[397.1374050186784, -135.96270587312225]
[397.17099116465505, -136.04142487709396]
[397.2038955899232, -136.12478250427313]
[397.21878285337806, -136.16068795246176]
[397.4160095935629, -136.6237664636422]
[397.62009349068086, -137.0799878178895]
[397.7085009256093, -137.2709402970002]
[397.72470687308976, -137.30552706116325]
[397.7328250624149, -137.32280522765984]
[397.749091872235, -137.3573311294832]
[398.01487901481767, -137.90422737319628]
[398.0233522344574, -137.9211505093783]
[398.1516677758462, -138.17378030531563]
[398.335143861188, -138.52362769223038]
[398.34399239858885, -138.54017551065127]
[398.3463635580547, -138.54339306591027]
[398.352851079713, -138.55671318534885]
[398.3617199045604, -138.5732407163232]
[398.3705988731311, -138.58975810357424]
[398.3883872414423, -138.62276244690653]
[398.4330356773775, -138.70509579008]
[398.4689370131447, -138.7707798775998]
[398.51404191662726, -138.85265675322594]
[398.53215488408324, -138.88533649741348]
[398.5776148178804, -138.966858342725]
[398.6508781855661, -139.09676582161322]
[398.68775331876753, -139.16147611169876]
[398.7247907515414, -139.2260241022119]
[398.8745634783604, -139.4825930685407]
[399.02693299833766, -139.73656524171136]
[399.03384857472395, -139.74455290459133]
[399.03654231498405, -139.7523522808867]
[399.0461617753537, -139.76812917633876]
[399.05579137944665, -139.78389592806755]
[399.0750810188024, -139.8153990003553]
[399.0873160178665, -139.83414907183777]
[399.09441123305123, -139.84686149774996]
[399.10409155576053, -139.86257753086238]
[399.12093787353325, -139.89093521000828]
[399.1429142838306, -139.92534022607936]
[399.148135177286, -139.9312967620736]
[399.18189931147293, -139.9879406217239]
[399.2668019490931, -140.10306591864023]
[399.45459686984094, -140.3153268669654]
[399.4996223172179, -140.48290100227467]
[399.8640504555185, -141.02156424410705]
[399.89040953849434, -141.05717530222444]
[399.9113830359135, -141.08699451644873]
[399.9296485450746, -141.1139330042063]
[399.9323971082258, -141.11677315577992]
[399.9694918944697, -141.16807483563147]
[399.988402279034, -141.19824288063592]
[400.00325052478115, -141.21320111342132]
[400.0593336148545, -141.2945929190121]
[400.08063171141845, -141.32408753409163]
[400.1026244557503, -141.35087597366146]
[400.1290596530863, -141.38842244516047]
[400.2487195037571, -141.5548898152677]
[400.2563066700991, -141.562205888192]
[400.3773947014365, -141.72724507763266]
[400.4616928314144, -141.79727660615282]
[400.51511437024755, -141.9054591081322]
[400.58871555816984, -141.98957973148546]
[400.80027113759684, -142.27144169044033]
[400.81342070238804, -142.29001571648664]
[400.8230345259969, -142.29745948594194]
[400.8743860665224, -142.3588707981531]
[400.88573748270494, -142.37394570697282]
[400.90647437923036, -142.4022872400161]
[400.9141100857775, -142.40955477273522]
[401.0499844350361, -142.574710883521]
[401.2937663587788, -142.8521878594607]
[401.30544016379645, -142.87611207793069]
[401.32604679967613, -142.90070943896959]
[401.7509245119434, -143.3789231068353]
[401.7809130687673, -143.4124909602025]
[401.7813297458409, -143.41249954177286]
[401.7997685494276, -143.433724228153]
[401.80964173553315, -143.4404203556154]
[401.82695274155384, -143.46086172688018]
[401.8954261934478, -143.53545188537527]
[401.90341711105486, -143.54236420703447]
[401.99231412696463, -143.63594925310088]
[402.01040995293835, -143.65751691709403]
[402.03065601411254, -143.67863538046257]
[402.04136576365977, -143.6905427752076]
[402.0507985561165, -143.70131048785245]
[402.1887432225794, -143.8441957763323]
[402.2512672808923, -143.90920979704543]
[402.4878118065415, -144.14718811245885]
[402.7397390891107, -144.39387545056854]
[402.9471988477919, -144.5908924513414]
[402.979560540214, -144.6212366518225]
[402.9801872893382, -144.62188567863018]
[403.00160940079104, -144.64182809172001]
[403.01327095597264, -144.65278368083068]
[403.22409403162436, -144.84643736463312]
[403.4875364013284, -145.081609615608]
[403.61412539007, -145.1920694180757]
[403.810902808437, -145.360304128588]
[403.92318596244183, -145.44732687429845]
[403.97474284505273, -145.4974945520166]
[403.98729412782507, -145.50756041353654]
[404.0097915050817, -145.5255770435347]
[404.00980514792286, -145.52598865933754]
[404.009859142512, -145.52635992339228]
[404.0295619840826, -145.5317085498898]
[404.03241884042467, -145.54346371544656]
[404.05552812144987, -145.56001792438823]
[404.0611485691883, -145.56905567753634]
[404.0780633853695, -145.57884718501137]
[404.1400207703761, -145.63324708673753]
[404.1674069594895, -145.63950160076672]
[404.30673658440713, -145.76756173275086]
[404.5472831489925, -145.9551584485919]
[404.5947816362402, -145.98783745856588]
[404.64460609204156, -146.01733998269833]
[404.9679992039725, -146.2682070460774]
[405.0451616996651, -146.3213148130879]
[405.0999704045374, -146.36911898337107]
[405.1253306130704, -146.382997006161]
[405.14900878022405, -146.40068336355003]
[405.2374839156693, -146.46822900480447]
[405.2405900766548, -146.47395777899544]
[405.2791309993169, -146.48349061619044]
[405.2894923043714, -146.50523304850057]
[405.3052537666714, -146.51164336070173]
[405.3280653263988, -146.5164356312032]
[405.6697103158599, -146.7643258277967]
[405.72056939077186, -146.79449476739438]
[405.93313670590874, -146.93016045036612]
[406.25270866795205, -147.14840052467255]
[406.28034471872814, -147.16042796386336]
[406.29687567329, -147.17802213920038]
[406.3995643584316, -147.24657804329092]
[406.50293040996206, -147.31445658099253]
[406.5468113892294, -147.3456399975228]
[406.5730103181059, -147.35952981725714]
[406.82399516879786, -147.50373899016057]
[406.9523261481051, -147.5830766390823]
[406.97534647440074, -147.59650445174697]
[407.152533395336, -147.70571526445235]
[407.52227417575716, -147.90613552396874]
[407.54656585013345, -147.9288218259384]
[407.71628459696205, -148.02585750688704]
[407.7458871985254, -148.03806998568817]
[407.81929099628337, -148.07981933233867]
[407.83567978596835, -148.09012850472362]
[407.8521321516722, -148.10037410108967]
[407.8852276111366, -148.12067456576509]
[407.89296625996957, -148.12129721306093]
[407.8983511350184, -148.12921951354107]
[407.92284997823884, -148.13322857515615]
[407.9286174265731, -148.14173749128105]
[407.9622590395351, -148.14399589035318]
[408.1010012523908, -148.22719867018563]
[408.1316256900524, -148.23838931288856]
[408.50320321280424, -148.43676878465152]
[408.53675972683124, -148.45660819476439]
[408.56853560566134, -148.4676165852289]
[408.7162931357337, -148.537615311268]
[409.12727089159836, -148.73840963028272]
[409.20591556401183, -148.7513625856275]
[409.2557732179246, -148.80515433457467]
[409.2730680943044, -148.81455742026483]
[409.2935529078087, -148.8153930536767]
[409.30660657231164, -148.82582837734668]
[409.3188794875587, -148.8331987679629]
[409.34541574503595, -148.834201226391]
[409.9099557277431, -149.06611862056914]
[409.92249149256656, -149.09920384255673]
[409.9927202592485, -149.13576692415444]
[410.54402240371803, -149.36156637546603]
[410.564532994402, -149.3699117143592]
[410.6578675558079, -149.4046894481491]
[410.686958613531, -149.4203058028038]
[410.69139955711785, -149.43080094483335]
[410.7295270397661, -149.43982181247057]
[410.7476008508029, -149.44844596350373]
[410.76573823785856, -149.457006538518]
[410.77229647187124, -149.45913681626735]
[410.8022037400265, -149.47393696048982]
[410.85013273889973, -149.49046070256907]
[410.91638457949296, -149.51672434579632]
[410.9199887275938, -149.51878068324967]
[410.93327319885617, -149.51963063262585]
[411.0571621650523, -149.56856137400334]
[411.0934608376787, -149.58803116970174]
[411.1503989968703, -149.6049393228655]
[411.5575958533939, -149.75940651595621]
[411.8743301402474, -149.8747214980367]
[412.1941130668241, -149.98698784039402]
[412.23264631124204, -149.99710543174598]
[412.29064242954314, -150.0200732583552]
[412.3301425823347, -150.02772145584913]
[412.40669793344983, -150.05795795301367]
[412.4521344286861, -150.07460589367923]
[412.51694463312396, -150.09620554302822]
[412.58187678315073, -150.1176832467883]
[412.59406513725446, -150.12169674026953]
[412.61438858775995, -150.12837636907247]
[412.6184547069109, -150.12971086578318]
[412.67313299304664, -150.14347827614117]
[412.71210691997095, -150.16027281754162]
[412.84282483914694, -150.20237460593927]
[413.105724024566, -150.28511483566746]
[413.3705743394078, -150.36590393597285]
[413.6373757836725, -150.4447419068554]
[413.7715081793384, -150.48342921876315]
[413.9187740074222, -150.52518494583794]
[414.04123631773723, -150.5593404955115]
[414.1386464556061, -150.5861445224612]
[414.14288739519117, -150.5873041987378]
[414.1471288111262, -150.58846339866443]
[414.2644100154514, -150.61972177704268]
[414.672455615906, -150.72741234487071]
[414.7240928549592, -150.74058249615757]
[414.93132775510986, -150.79257715736736]
[415.27032840615226, -150.8703148993948]
[415.2791581671395, -150.8767960142718]
[415.4191439510738, -150.90962993791112]
[415.5200600246242, -150.93292802917924]
[415.54642739930097, -150.9389643496725]
[415.6124208611111, -150.9539801257875]
[415.6674972852684, -150.96641139990118]
[415.7005788660095, -150.97383443812262]
[415.71381900081775, -150.9767961508994]
[415.7314791827948, -150.980738432369]
[415.735895419164, -150.98172281186152]
[415.7403121318831, -150.98270671500407]
[415.7668224115469, -150.98860013051032]
[415.8420279970109, -151.0052050146948]
[415.91293548089504, -151.02070738459753]
[416.12638960608086, -151.0664828207721]
[416.28720044110486, -151.10009415676845]
[416.41270234457363, -151.12580949742656]
[416.55659038735354, -151.15474116222026]
[416.6106741597846, -151.1654647801293]
[416.70096621248916, -151.18318504465825]
[416.9911812098276, -151.2386094624671]
[417.1370203820303, -151.26558999783796]
[417.28334733658875, -151.29208275085315]
[417.3612819309549, -151.30595862613546]
[417.3888211265253, -151.31082312573517]
[417.41637747069404, -151.31567047673641]
[417.43016207350286, -151.31808772151263]
[417.471541604827, -151.32531373294358]
[417.651298770791, -151.35618058558487]
[417.76227868579775, -151.3748154512584]
[418.2089421215754, -151.4466111382016]
[418.23700434939826, -151.4509526055488]
[418.29318025083927, -151.45958409444782]
[418.3212939244575, -151.4638741159997]
[418.4339201049147, -151.4808627162227]
[418.54682066294697, -151.49757693887062]
[418.71668595794864, -151.52213381488926]
[419.00116667082693, -151.56169005371152]
[419.1011400559725, -151.57512960166113]
[419.1059059332099, -151.5757643402854]
[419.1297424646463, -151.57893088815737]
[419.22042989189475, -151.59085516228075]
[419.5752726761162, -151.6356579518233]
[419.6909170098993, -151.6496283987204]
[419.98122824624807, -151.6833541140722]
[420.2439745641288, -151.71224105272194]
[420.8476375956445, -151.77285377219226]
[420.8772689202249, -151.77562614278196]
[420.9069173934037, -151.7783813647732]
[420.9588434852816, -151.78316173944285]
[421.0405477366141, -151.79056764982806]
[421.1745253389429, -151.80240667576444]
[421.3686616047011, -151.81889442861157]
[421.4734966175052, -151.8274723489027]
[421.9554175716809, -151.86401051744778]
[422.06142297632874, -151.87141804589518]
[422.39595042023336, -151.89333124886116]
[422.88623989044913, -151.92150090136624]
[422.99407590798063, -151.92707781692985]
[423.1949001271315, -151.93687761638438]
[423.24909197757864, -151.9393922324848]
[423.3343567066628, -151.94323766511835]
[423.36539421631545, -151.94460385063573]
[424.28871547679347, -151.97719159767425]
[425.0269336682545, -151.9923593189169]
[425.0828736039554, -151.99312584976357]
[425.17088532415255, -151.99422429128407]
[425.2269603050662, -151.99485577691803]
[425.25902673062546, -151.99519304652887]
[425.34729782337405, -151.9960321154979]
[426.2452904681587, -151.9972420116822]
values
[394.5050702029169, -120.29595695866739]
[394.50643931618293, -121.14916460876663]
[394.50831323231506, -121.47472912355599]
[394.51265885970554, -121.60379361111296]
[394.51445239990636, -121.65192504629272]
[394.53111938292665, -122.2458815352831]
[394.538943641419, -122.56549570771224]
[394.5599369716291, -123.07164070994591]
[394.5646334011292, -123.15042942001276]
[394.5676165137656, -123.19737128275692]
[394.5694639431559, -123.22908401755295]
[394.57564915360916, -123.32274875786084]
[394.5777093325144, -123.46479191954901]
[394.5808767836885, -123.51154944375548]
[394.5875210127907, -123.6989335306273]
[394.59410999994435, -123.79219449423482]
[394.5962292167865, -123.82363544157896]
[394.59963320295356, -123.87015643079249]
[394.6052905184894, -123.94798425482354]
[394.61242186891445, -124.04070285515965]
[394.65237506412615, -124.4608330924327]
[394.65924673104263, -124.74860480563561]
[394.6729508241629, -124.90187099164909]
[394.70878682442486, -125.2068929478996]
[394.7095875517071, -125.22401429768242]
[394.71486083264915, -125.28710715780957]
[394.71612373999363, -125.4464546092887]
[394.7314813801322, -125.59806724828388]
[394.73313470871443, -125.61277873089594]
[394.7440240225784, -125.71955762713347]
[394.7508221532333, -125.77842637670514]
[394.75180939502496, -125.80774823542671]
[394.7572750414678, -125.83909381684329]
[394.7603311752527, -125.87022075359296]
[394.77800044000867, -125.9759951022115]
[394.79049151590675, -126.10023630845185]
[394.80908859153885, -126.28839873962292]
[394.821297135969, -126.46267820657353]
[394.83951192813316, -126.61143369354315]
[394.85761372903085, -126.71677550601999]
[394.89409160661387, -127.02212833378306]
[394.89905404926554, -127.0954985337736]
[394.90182426552764, -127.13687788961906]
[394.90977065008025, -127.19459838529298]
[394.9169116998904, -127.20440666371417]
[394.92373401280634, -127.29830323266836]
[394.9298930817343, -127.34144623277271]
[394.93390202738607, -127.37162035765553]
[394.937930418178, -127.4017750373982]
[394.9553694539514, -127.52333420935172]
[394.98118762662585, -127.68705986553253]
[394.9895721299903, -127.74704150323731]
[394.9980344139153, -127.80694536038152]
[395.015192323447, -127.92651973298828]
[395.04044533922644, -128.11965380918042]
[395.10564870473905, -128.51972476238845]
[395.1246733477242, -128.63743240154176]
[395.1541606609955, -128.82633218024202]
[395.1591418636543, -128.85553404811782]
[395.16414251145324, -128.8847164708535]
[395.1714311152293, -128.92672993610972]
[395.183614010133, -128.98868858554826]
[395.183854479331, -128.99779171157496]
[395.1942561070947, -129.0397682952738]
[395.19891611686404, -129.082580024803]
[395.21418654021824, -129.16715955221]
[395.2270775942969, -129.23775363769823]
[395.2348701942224, -129.27926310680496]
[395.2401027609022, -129.30821361065983]
[395.245354772722, -129.3371446693746]
[395.25591713178216, -129.3949484513837]
[395.2665572714028, -129.45267445283224]
[395.28807089232583, -129.56789311404765]
[395.37723659844045, -130.02565653648685]
[395.4270410906067, -130.2626052773614]
[395.46103912278505, -130.42908565916377]
[395.4669140657928, -130.4553694615356]
[395.47297376232893, -130.4834928355341]
[395.49569398153403, -130.59086056408546]
[395.49920064023775, -130.6064179774187]
[395.5079675129265, -130.64695317376223]
[395.51413344633295, -130.67497031089042]
[395.5203188248795, -130.70296800287846]
[395.5265236485662, -130.73094624972634]
[395.54167005216675, -130.79928498569268]
[395.5754067839556, -130.94888334423192]
[395.67460145203916, -131.36907906854944]
[395.7190669758484, -131.5246414792767]
[395.81172616966717, -131.91561576161368]
[395.8400844799195, -132.0239897334998]
[395.8472226703329, -132.05103461362097]
[395.8543803058865, -132.07806004860203]
[395.86427671342335, -132.11746571009743]
[395.88320529950215, -132.1859673371248]
[395.8977344671508, -132.23980431054534]
[395.9021385422243, -132.26293897162452]
[395.90941320926163, -132.2878230499668]
[395.92702614412985, -132.34724491570475]
[395.9510772505097, -132.44663742269944]
[395.97754528388106, -132.5436130027026]
[395.99412644907596, -132.6040666381139]
[396.00119643074265, -132.62915540182678]
[396.0167679085204, -132.66769999772953]
[396.03005705869793, -132.73123389008384]
[396.0356697491691, -132.75101755543443]
[396.0524960829232, -132.81049290900657]
[396.06771958441334, -132.86363554858568]
[396.0823050224396, -132.9031661842399]
[396.090055023367, -132.9295992538471]
[396.1337934156127, -133.08431495042714]
[396.2102788615762, -133.3409915502727]
[396.25646848601826, -133.4952803398114]
[396.3355065064511, -133.7424380425623]
[396.3477969767478, -133.78094028390905]
[396.45641778834386, -134.11572473031646]
[396.473585803848, -134.16692285588158]
[396.4907299006111, -134.21409624987763]
[396.491914759275, -134.22489558778082]
[396.5187673167697, -134.3002624286397]
[396.52412392467727, -134.3157112989884]
[396.5271507127178, -134.32736114010817]
[396.5315902452327, -134.3415555738572]
[396.5400599509289, -134.36524461354054]
[396.56871648051253, -134.45034119943332]
[396.57596374880853, -134.46704232143105]
[396.5824893735797, -134.48591305248164]
[396.5890251420741, -134.50477363980897]
[396.5907751585649, -134.51500781988528]
[396.5955710542918, -134.523624083413]
[396.68660445350577, -134.73250909551308]
[396.75454326275616, -134.8645982207992]
[396.7930447066279, -135.07732137906777]
[396.8449008438078, -135.2139594593014]
[396.88994193189393, -135.3359731353061]
[397.0606769987343, -135.77475060818745]
[397.07516865777615, -135.81105166078913]
[397.10082084274586, -135.87230826994607]
[397.1154240819491, -135.90849774238637]
[397.12274091713556, -135.9265772630216]
[397.1300678960453, -135.94464663993355]
[397.1374050186784, -135.96270587312225]
[397.17099116465505, -136.04142487709396]
[397.2038955899232, -136.12478250427313]
[397.21878285337806, -136.16068795246176]
[397.22798722404264, -136.18490723168713]
[397.4005948564978, -136.58838848906382]
[397.4160095935629, -136.6237664636422]
[397.62009349068086, -137.0799878178895]
[397.68426808231317, -137.21898407283112]
[397.700413167454, -137.2536316993338]
[397.7085009256093, -137.2709402970002]
[397.71659882748787, -137.28823875094335]
[397.72470687308976, -137.30552706116325]
[397.7328250624149, -137.32280522765984]
[397.749091872235, -137.3573311294832]
[398.01487901481767, -137.90422737319628]
[398.0233522344574, -137.9211505093783]
[398.0318355978204, -137.93806350183704]
[398.1516677758462, -138.17378030531563]
[398.335143861188, -138.52362769223038]
[398.34399239858885, -138.54017551065127]
[398.3463635580547, -138.54339306591027]
[398.352851079713, -138.55671318534885]
[398.3617199045604, -138.5732407163232]
[398.3705988731311, -138.58975810357424]
[398.37948798542504, -138.60626534710204]
[398.3883872414423, -138.62276244690653]
[398.4330356773775, -138.70509579008]
[398.4689370131447, -138.7707798775998]
[398.51404191662726, -138.85265675322594]
[398.53215488408324, -138.88533649741348]
[398.5776148178804, -138.966858342725]
[398.6508781855661, -139.09676582161322]
[398.68775331876753, -139.16147611169876]
[398.7247907515414, -139.2260241022119]
[398.8745634783604, -139.4825930685407]
[399.02693299833766, -139.73656524171136]
[399.03384857472395, -139.74455290459133]
[399.03654231498405, -139.7523522808867]
[399.0461617753537, -139.76812917633876]
[399.05579137944665, -139.78389592806755]
[399.0750810188024, -139.8153990003553]
[399.08474105406515, -139.83113532091429]
[399.0873160178665, -139.83414907183777]
[399.09441123305123, -139.84686149774996]
[399.10409155576053, -139.86257753086238]
[399.12093787353325, -139.89093521000828]
[399.1429142838306, -139.92534022607936]
[399.148135177286, -139.9312967620736]
[399.18189931147293, -139.9879406217239]
[399.2668019490931, -140.10306591864023]
[399.45459686984094, -140.3153268669654]
[399.45933889299647, -140.42159900320917]
[399.4693945334669, -140.43693971856044]
[399.47946031766065, -140.45227029018847]
[399.4996223172179, -140.48290100227467]
[399.8640504555185, -141.02156424410705]
[399.89040953849434, -141.05717530222444]
[399.9113830359135, -141.08699451644873]
[399.9296485450746, -141.1139330042063]
[399.9323971082258, -141.11677315577992]
[399.9479848341144, -141.14080071208514]
[399.9694918944697, -141.16807483563147]
[399.988402279034, -141.19824288063592]
[400.00325052478115, -141.21320111342132]
[400.0593336148545, -141.2945929190121]
[400.08063171141845, -141.32408753409163]
[400.1026244557503, -141.35087597366146]
[400.1290596530863, -141.38842244516047]
[400.2487195037571, -141.5548898152677]
[400.2563066700991, -141.562205888192]
[400.3773947014365, -141.72724507763266]
[400.46077172051974, -141.832051049512]
[400.51511437024755, -141.9054591081322]
[400.58871555816984, -141.98957973148546]
[400.80027113759684, -142.27144169044033]
[400.81342070238804, -142.29001571648664]
[400.8230345259969, -142.29745948594194]
[400.8428607863037, -142.32283722255374]
[400.8743860665224, -142.3588707981531]
[400.88573748270494, -142.37394570697282]
[400.90647437923036, -142.4022872400161]
[400.9141100857775, -142.40955477273522]
[401.0499844350361, -142.574710883521]
[401.2937663587788, -142.8521878594607]
[401.30544016379645, -142.87611207793069]
[401.32604679967613, -142.90070943896959]
[401.55055395970237, -143.15200089593787]
[401.7509245119434, -143.3789231068353]
[401.7809130687673, -143.4124909602025]
[401.78111636333557, -143.41250029495617]
[401.7997685494276, -143.433724228153]
[401.80964173553315, -143.4404203556154]
[401.82695274155384, -143.46086172688018]
[401.8954261934478, -143.53545188537527]
[401.90341711105486, -143.54236420703447]
[401.9528071592076, -143.5965953152201]
[401.9643260771913, -143.6096156120208]
[401.99231412696463, -143.63594925310088]
[402.01040995293835, -143.65751691709403]
[402.03065601411254, -143.67863538046257]
[402.04136576365977, -143.6905427752076]
[402.0507985561165, -143.70131048785245]
[402.1887432225794, -143.8441957763323]
[402.2512672808923, -143.90920979704543]
[402.2514217570772, -143.90926795018254]
[402.4878118065415, -144.14718811245885]
[402.48800039089184, -144.1472121574305]
[402.4881990631792, -144.1472261144651]
[402.7397390891107, -144.39387545056854]
[402.8580582516027, -144.50696592515635]
[402.93164416197374, -144.57644362517433]
[402.9471988477919, -144.5908924513414]
[402.9794913898062, -144.62109317290833]
[402.979560540214, -144.6212366518225]
[402.9801872893382, -144.62188567863018]
[402.9803270553051, -144.6219585419852]
[403.00160940079104, -144.64182809172001]
[403.01327095597264, -144.65278368083068]
[403.02901746439704, -144.66704068439162]
[403.1032036389573, -144.73591812022033]
[403.22409403162436, -144.84643736463312]
[403.3582043642227, -144.96697159022574]
[403.4875364013284, -145.081609615608]
[403.61412539007, -145.1920694180757]
[403.810902808437, -145.360304128588]
[403.92318596244183, -145.44732687429845]
[403.97474284505273, -145.4974945520166]
[403.98729412782507, -145.50756041353654]
[404.0097915050817, -145.5255770435347]
[404.00980514792286, -145.52598865933754]
[404.00982710124896, -145.5261793353334]
[404.009859142512, -145.52635992339228]
[404.0099534888493, -145.526690835699]
[404.0295619840826, -145.5317085498898]
[404.03241884042467, -145.54346371544656]
[404.05552812144987, -145.56001792438823]
[404.0611485691883, -145.56905567753634]
[404.07482904245865, -145.57991441905037]
[404.1400207703761, -145.63324708673753]
[404.1674069594895, -145.63950160076672]
[404.30673658440713, -145.76756173275086]
[404.54719915506683, -145.95566770116153]
[404.5947816362402, -145.98783745856588]
[404.64460609204156, -146.01733998269833]
[404.9679992039725, -146.2682070460774]
[405.0451616996651, -146.3213148130879]
[405.09956679140436, -146.37037311379203]
[405.1253306130704, -146.382997006161]
[405.14900878022405, -146.40068336355003]
[405.16409052407647, -146.4178777640899]
[405.1681023643277, -146.42036193647334]
[405.1721311335342, -146.4228291799015]
[405.1995408634974, -146.4438331859207]
[405.23679104792694, -146.47041027780074]
[405.24053803458605, -146.47443507970817]
[405.2791309993169, -146.48349061619044]
[405.2894923043714, -146.50523304850057]
[405.3052537666714, -146.51164336070173]
[405.3280653263988, -146.5164356312032]
[405.6697103158599, -146.7643258277967]
[405.72056939077186, -146.79449476739438]
[405.8077736698754, -146.8662880754983]
[405.93313670590874, -146.93016045036612]
[406.25270866795205, -147.14840052467255]
[406.28034471872814, -147.16042796386336]
[406.29687567329, -147.17802213920038]
[406.31219248228524, -147.18940329227505]
[406.34018239378844, -147.20778403855925]
[406.3936612037224, -147.24747359061928]
[406.45411239796795, -147.2875089783094]
[406.46621307171, -147.29344611823632]
[406.47058796029523, -147.29556724228576]
[406.48732055493406, -147.30336847395057]
[406.4993110325426, -147.3152579060208]
[406.52819214792294, -147.33479052662284]
[406.5325050590758, -147.33697362810466]
[406.5446156693017, -147.34290083154772]
[406.54668695414944, -147.34597706192474]
[406.5730103181059, -147.35952981725714]
[406.82399516879786, -147.50373899016057]
[406.9523261481051, -147.5830766390823]
[406.97534647440074, -147.59650445174697]
[407.152533395336, -147.70571526445235]
[407.2113720188602, -147.74370411289294]
[407.52227417575716, -147.90613552396874]
[407.54656585013345, -147.9288218259384]
[407.6804864640389, -148.00259923011612]
[407.71628459696205, -148.02585750688704]
[407.7458871985254, -148.03806998568817]
[407.77417801696953, -148.04986791585492]
[407.81800662925065, -148.08326783513766]
[407.8226464980257, -148.08512397899727]
[407.83567978596835, -148.09012850472362]
[407.848855109123, -148.09499099523794]
[407.8521321516722, -148.10037410108967]
[407.8852276111366, -148.12067456576509]
[407.89296625996957, -148.12129721306093]
[407.8960619186491, -148.12657384400768]
[407.89821023600655, -148.12957304187492]
[407.9136830344183, -148.13348655454215]
[407.9286174265731, -148.14173749128105]
[407.9439566288281, -148.1516266961147]
[407.97438826637097, -148.16960879455425]
[407.9790022484255, -148.1714908251344]
[407.99195734119166, -148.17657354603722]
[408.1010012523908, -148.22719867018563]
[408.1316256900524, -148.23838931288856]
[408.50320321280424, -148.43676878465152]
[408.53675972683124, -148.45660819476439]
[408.56853560566134, -148.4676165852289]
[408.6970648624465, -148.5390256556861]
[408.91135902560035, -148.6413004014245]
[409.12727089159836, -148.73840963028272]
[409.20591556401183, -148.7513625856275]
[409.2371594991281, -148.79923422706753]
[409.2557732179246, -148.80515433457467]
[409.2696410519236, -148.80932431424463]
[409.2730680943044, -148.81455742026483]
[409.2935529078087, -148.8153930536767]
[409.30660657231164, -148.82582837734668]
[409.3188794875587, -148.8331987679629]
[409.34541574503595, -148.834201226391]
[409.3535079822754, -148.85196619738605]
[409.4201059339318, -148.88354421510445]
[409.43389557275435, -148.88779238995085]
[409.4388726031429, -148.889311372197]
[409.50267887942056, -148.92233256788413]
[409.53481908225893, -148.93860610102817]
[409.56711732823027, -148.9547215910392]
[409.58552288323284, -148.9608498623403]
[409.6397721324598, -148.98044692546867]
[409.9099557277431, -149.06611862056914]
[409.92249149256656, -149.09920384255673]
[409.9927202592485, -149.13576692415444]
[410.2456672913323, -149.24690378687603]
[410.3305250853405, -149.28340729113626]
[410.54402240371803, -149.36156637546603]
[410.564532994402, -149.3699117143592]
[410.6578675558079, -149.4046894481491]
[410.686958613531, -149.4203058028038]
[410.69139955711785, -149.43080094483335]
[410.7295270397661, -149.43982181247057]
[410.7476008508029, -149.44844596350373]
[410.76573823785856, -149.457006538518]
[410.77229647187124, -149.45913681626735]
[410.8022037400265, -149.47393696048982]
[410.85013273889973, -149.49046070256907]
[410.91638457949296, -149.51672434579632]
[410.9199887275938, -149.51878068324967]
[410.93327319885617, -149.51963063262585]
[411.00658925347454, -149.55354145563746]
[411.03740534235664, -149.57024035266843]
[411.0934608376787, -149.58803116970174]
[411.1503989968703, -149.6049393228655]
[411.52041499258775, -149.7431914526225]
[411.5575958533939, -149.75940651595621]
[411.8743301402474, -149.8747214980367]
[412.1941130668241, -149.98698784039402]
[412.23264631124204, -149.99710543174598]
[412.29064242954314, -150.0200732583552]
[412.3301425823347, -150.02772145584913]
[412.3748537771111, -150.05134227082897]
[412.40669793344983, -150.05795795301367]
[412.4521344286861, -150.07460589367923]
[412.51694463312396, -150.09620554302822]
[412.55652684634276, -150.1123917981343]
[412.58187678315073, -150.1176832467883]
[412.59406513725446, -150.12169674026953]
[412.61438858775995, -150.12837636907247]
[412.61642158779165, -150.12904367697158]
[412.6184547069109, -150.12971086578318]
[412.67313299304664, -150.14347827614117]
[412.71210691997095, -150.16027281754162]
[412.7289109386758, -150.16064789279804]
[412.7643032159662, -150.17366935149005]
[412.84282483914694, -150.20237460593927]
[413.105724024566, -150.28511483566746]
[413.3705743394078, -150.36590393597285]
[413.6373757836725, -150.4447419068554]
[413.7715081793384, -150.48342921876315]
[413.9187740074222, -150.52518494583794]
[414.04123631773723, -150.5593404955115]
[414.1386464556061, -150.5861445224612]
[414.14076686585486, -150.58672442014324]
[414.14288739519117, -150.5873041987378]
[414.14500804361495, -150.58788385824488]
[414.1471288111262, -150.58846339866443]
[414.2644100154514, -150.61972177704268]
[414.672455615906, -150.72741234487071]
[414.7240928549592, -150.74058249615757]
[414.92699916713275, -150.7915051294828]
[414.93132775510986, -150.79257715736736]
[414.939986360114, -150.7947197840866]
[415.27032840615226, -150.8703148993948]
[415.2791581671395, -150.8767960142718]
[415.4191439510738, -150.90962993791112]
[415.5200600246242, -150.93292802917924]
[415.54642739930097, -150.9389643496725]
[415.6124208611111, -150.9539801257875]
[415.6674972852684, -150.96641139990118]
[415.7005788660095, -150.97383443812262]
[415.71381900081775, -150.9767961508994]
[415.72706342277564, -150.97975357652652]
[415.7292712432415, -150.9802460639915]
[415.7314791827948, -150.980738432369]
[415.735895419164, -150.98172281186152]
[415.7403121318831, -150.98270671500407]
[415.7668224115469, -150.98860013051032]
[415.8420279970109, -151.0052050146948]
[415.91293548089504, -151.02070738459753]
[416.12638960608086, -151.0664828207721]
[416.28720044110486, -151.10009415676845]
[416.41270234457363, -151.12580949742656]
[416.5475830941811, -151.15294722366934]
[416.55659038735354, -151.15474116222026]
[416.6106741597846, -151.1654647801293]
[416.70096621248916, -151.18318504465825]
[416.9911812098276, -151.2386094624671]
[417.1370203820303, -151.26558999783796]
[417.28334733658875, -151.29208275085315]
[417.31312960252177, -151.29740448802102]
[417.3268820517085, -151.2998538864193]
[417.3612819309549, -151.30595862613546]
[417.384230069722, -151.31001356667676]
[417.3888211265253, -151.31082312573517]
[417.3934126596785, -151.3116322084436]
[417.41637747069404, -151.31567047673641]
[417.43016207350286, -151.31808772151263]
[417.46464233680445, -151.3241120771736]
[417.471541604827, -151.32531373294358]
[417.651298770791, -151.35618058558487]
[417.76227868579775, -151.3748154512584]
[418.2089421215754, -151.4466111382016]
[418.23700434939826, -151.4509526055488]
[418.29318025083927, -151.45958409444782]
[418.3212939244575, -151.4638741159997]
[418.4339201049147, -151.4808627162227]
[418.54682066294697, -151.49757693887062]
[418.71668595794864, -151.52213381488926]
[419.00116667082693, -151.56169005371152]
[419.0368473360195, -151.56651400748152]
[419.1011400559725, -151.57512960166113]
[419.10352293504747, -151.575447030517]
[419.1059059332099, -151.5757643402854]
[419.1297424646463, -151.57893088815737]
[419.17745125376587, -151.58522825765456]
[419.22042989189475, -151.59085516228075]
[419.5752726761162, -151.6356579518233]
[419.6909170098993, -151.6496283987204]
[419.98122824624807, -151.6833541140722]
[419.9860812955275, -151.68390168065434]
[420.2439745641288, -151.71224105272194]
[420.8476375956445, -151.77285377219226]
[420.8772689202249, -151.77562614278196]
[420.88220914154647, -151.77608653732204]
[420.8846794308385, -151.77631655596088]
[420.8920910132395, -151.77700589735238]
[420.9069173934037, -151.7783813647732]
[420.94400210009377, -151.78180127704567]
[420.94894875213976, -151.78225524086136]
[420.9588434852816, -151.78316173944285]
[420.96131746628583, -151.7833880663695]
[420.9736891576191, -151.78451791469044]
[421.0256827721034, -151.78923076675372]
[421.0306372839236, -151.78967687079512]
[421.0355922720939, -151.79012249848657]
[421.0380699448102, -151.79034513370107]
[421.0405477366141, -151.79056764982806]
[421.1745253389429, -151.80240667576444]
[421.3686616047011, -151.81889442861157]
[421.4734966175052, -151.8274723489027]
[421.789262077903, -151.85194568779045]
[421.9554175716809, -151.86401051744778]
[422.06142297632874, -151.87141804589518]
[422.39595042023336, -151.89333124886116]
[422.8708518936859, -151.92068705054442]
[422.88623989044913, -151.92150090136624]
[422.8888049733825, -151.92163612636367]
[422.9401316404235, -151.9243156179394]
[422.95553892936, -151.925110176588]
[422.970950505446, -151.92590044808694]
[422.99407590798063, -151.92707781692985]
[423.01978211299723, -151.92837469122165]
[423.0223533884801, -151.92850372366962]
[423.02492478305044, -151.92863263703012]
[423.1949001271315, -151.93687761638438]
[423.24909197757864, -151.9393922324848]
[423.3343567066628, -151.94323766511835]
[423.36539421631545, -151.94460385063573]
[423.9740532306561, -151.96781689211105]
[423.9897456150417, -151.9683263553105]
[424.06041439825316, -151.97056588623164]
[424.28871547679347, -151.97719159767425]
[424.9391341619631, -151.99104866349066]
[424.9444516524504, -151.99113178886503]
[425.01096047556945, -151.99213066401694]
[425.0269336682545, -151.9923593189169]
[425.0828736039554, -151.99312584976357]
[425.09886608881374, -151.99333521249028]
[425.17088532415255, -151.99422429128407]
[425.17355437046405, -151.99425555290344]
[425.18690138833375, -151.99441007468792]
[425.2269603050662, -151.99485577691803]
[425.2536811354907, -151.99513802580194]
[425.25635387351434, -151.99516559570915]
[425.25902673062546, -151.99519304652887]
[425.34729782337405, -151.9960321154979]
[426.2452904681587, -151.9972420116822]
values
[394.5050702029169, -120.29595695866739]
[394.50643931618293, -121.14916460876663]
[394.50831323231506, -121.47472912355599]
[394.51265885970554, -121.60379361111296]
[394.51445239990636, -121.65192504629272]
[394.53111938292665, -122.2458815352831]
[394.538943641419, -122.56549570771224]
[394.5599369716291, -123.07164070994591]
[394.5646334011292, -123.15042942001276]
[394.5676165137656, -123.19737128275692]
[394.5694639431559, -123.22908401755295]
[394.57564915360916, -123.32274875786084]
[394.5777093325144, -123.46479191954901]
[394.5808767836885, -123.51154944375548]
[394.5875210127907, -123.6989335306273]
[394.59410999994435, -123.79219449423482]
[394.5962292167865, -123.82363544157896]
[394.59963320295356, -123.87015643079249]
[394.6052905184894, -123.94798425482354]
[394.61242186891445, -124.04070285515965]
[394.63074947319257, -124.349813681803]
[394.65237506412615, -124.4608330924327]
[394.65924673104263, -124.74860480563561]
[394.6729508241629, -124.90187099164909]
[394.6980640634535, -125.22056099447424]
[394.70838105027826, -125.37206178985849]
[394.7146772639588, -125.38728288429702]
[394.71521959819063, -125.41704965057845]
[394.71612373999363, -125.4464546092887]
[394.7314813801322, -125.59806724828388]
[394.73313470871443, -125.61277873089594]
[394.7440240225784, -125.71955762713347]
[394.7508221532333, -125.77842637670514]
[394.75180939502496, -125.80774823542671]
[394.7572750414678, -125.83909381684329]
[394.7603311752527, -125.87022075359296]
[394.77800044000867, -125.9759951022115]
[394.79049151590675, -126.10023630845185]
[394.8000953317397, -126.27023581996148]
[394.80908859153885, -126.28839873962292]
[394.821297135969, -126.46267820657353]
[394.83951192813316, -126.61143369354315]
[394.85761372903085, -126.71677550601999]
[394.8920821247509, -127.06448452125018]
[394.89905404926554, -127.0954985337736]
[394.90182426552764, -127.13687788961906]
[394.90572697430906, -127.16715825137219]
[394.90977065008025, -127.19459838529298]
[394.9169116998904, -127.20440666371417]
[394.91966694185413, -127.2695368635073]
[394.92373401280634, -127.29830323266836]
[394.9298930817343, -127.34144623277271]
[394.93390202738607, -127.37162035765553]
[394.937930418178, -127.4017750373982]
[394.94632023588315, -127.4590520999196]
[394.9553694539514, -127.52333420935172]
[394.98118762662585, -127.68705986553253]
[394.9895721299903, -127.74704150323731]
[394.9980344139153, -127.80694536038152]
[395.015192323447, -127.92651973298828]
[395.04044533922644, -128.11965380918042]
[395.10564870473905, -128.51972476238845]
[395.1246733477242, -128.63743240154176]
[395.1541606609955, -128.82633218024202]
[395.1591418636543, -128.85553404811782]
[395.16414251145324, -128.8847164708535]
[395.1714311152293, -128.92672993610972]
[395.1763279889311, -128.95466650252118]
[395.182936366706, -128.99226476819007]
[395.183854479331, -128.99779171157496]
[395.19380923219484, -129.05350383893767]
[395.19494146493764, -129.05624557621613]
[395.19891611686404, -129.082580024803]
[395.20404244667344, -129.11163676552823]
[395.2047959021677, -129.11462910520117]
[395.2115855934454, -129.15204605736722]
[395.21418654021824, -129.16715955221]
[395.2150949089134, -129.1726962395247]
[395.2219250447944, -129.21007274708748]
[395.2270775942969, -129.23775363769823]
[395.2348701942224, -129.27926310680496]
[395.2401027609022, -129.30821361065983]
[395.245354772722, -129.3371446693746]
[395.25591713178216, -129.3949484513837]
[395.2665572714028, -129.45267445283224]
[395.28807089232583, -129.56789311404765]
[395.37723659844045, -130.02565653648685]
[395.4219525865428, -130.24013337011613]
[395.4270410906067, -130.2626052773614]
[395.46103912278505, -130.42908565916377]
[395.4669140657928, -130.4553694615356]
[395.47297376232893, -130.4834928355341]
[395.49569398153403, -130.59086056408546]
[395.49920064023775, -130.6064179774187]
[395.5079675129265, -130.64695317376223]
[395.51413344633295, -130.67497031089042]
[395.5203188248795, -130.70296800287846]
[395.5265236485662, -130.73094624972634]
[395.54167005216675, -130.79928498569268]
[395.54765240441884, -130.82613607355387]
[395.5690762782584, -130.92103077939447]
[395.57426032774185, -130.94375202270365]
[395.5754067839556, -130.94888334423192]
[395.5896738757591, -131.01047398383193]
[395.59079527008487, -131.01563036724818]
[395.6181362474115, -131.13251326239433]
[395.6351186076984, -131.20394418899494]
[395.64152484854435, -131.2303713882623]
[395.67460145203916, -131.36907906854944]
[395.7190669758484, -131.5246414792767]
[395.77956148612736, -131.7977594942511]
[395.8089137971326, -131.91263105571863]
[395.81172616966717, -131.91561576161368]
[395.8271309814727, -131.9828271582661]
[395.8400844799195, -132.0239897334998]
[395.8472226703329, -132.05103461362097]
[395.8543803058865, -132.07806004860203]
[395.86427671342335, -132.11746571009743]
[395.88320529950215, -132.1859673371248]
[395.8977344671508, -132.23980431054534]
[395.9021385422243, -132.26293897162452]
[395.90941320926163, -132.2878230499668]
[395.92702614412985, -132.34724491570475]
[395.9510772505097, -132.44663742269944]
[395.97639087559145, -132.5389920077192]
[395.97754528388106, -132.5436130027026]
[395.99412644907596, -132.6040666381139]
[396.00119643074265, -132.62915540182678]
[396.002606126828, -132.63402348348347]
[396.00869222204733, -132.65584268105673]
[396.01479559918613, -132.6776445967106]
[396.0203803946169, -132.69745615710153]
[396.03005705869793, -132.73123389008384]
[396.0342476075793, -132.74660587520492]
[396.0356697491691, -132.75101755543443]
[396.0524960829232, -132.81049290900657]
[396.06771958441334, -132.86363554858568]
[396.0823050224396, -132.9031661842399]
[396.090055023367, -132.9295992538471]
[396.1337934156127, -133.08431495042714]
[396.2102788615762, -133.3409915502727]
[396.25646848601826, -133.4952803398114]
[396.2624767816971, -133.5146683999543]
[396.3355065064511, -133.7424380425623]
[396.3477969767478, -133.78094028390905]
[396.45641778834386, -134.11572473031646]
[396.473585803848, -134.16692285588158]
[396.4907299006111, -134.21409624987763]
[396.491914759275, -134.22489558778082]
[396.4937936167896, -134.2288505520855]
[396.50889671421027, -134.27425544875973]
[396.51588485516555, -134.2951726005971]
[396.5187673167697, -134.3002624286397]
[396.5223166510924, -134.314137160492]
[396.5228902780402, -134.31607247051502]
[396.5269940675572, -134.32827003164923]
[396.5315902452327, -134.3415555738572]
[396.5336002599617, -134.346307948686]
[396.5381456754179, -134.36132506723226]
[396.5400599509289, -134.36524461354054]
[396.56871648051253, -134.45034119943332]
[396.57596374880853, -134.46704232143105]
[396.5824893735797, -134.48591305248164]
[396.5890251420741, -134.50477363980897]
[396.5907751585649, -134.51500781988528]
[396.5955710542918, -134.523624083413]
[396.68660445350577, -134.73250909551308]
[396.75454326275616, -134.8645982207992]
[396.7930447066279, -135.07732137906777]
[396.8449008438078, -135.2139594593014]
[396.88994193189393, -135.3359731353061]
[397.0606769987343, -135.77475060818745]
[397.0679177563936, -135.79290620634993]
[397.07342087872934, -135.8054611252558]
[397.07516865777615, -135.81105166078913]
[397.0806793877057, -135.8235989721012]
[397.08625817843574, -135.83607822261268]
[397.0879480404053, -135.84172667522333]
[397.0935344387292, -135.85419831814102]
[397.10082084274586, -135.87230826994607]
[397.1154240819491, -135.90849774238637]
[397.12274091713556, -135.9265772630216]
[397.1300678960453, -135.94464663993355]
[397.1374050186784, -135.96270587312225]
[397.17099116465505, -136.04142487709396]
[397.2038955899232, -136.12478250427313]
[397.21878285337806, -136.16068795246176]
[397.22798722404264, -136.18490723168713]
[397.38522069432577, -136.55296993959234]
[397.4005948564978, -136.58838848906382]
[397.4160095935629, -136.6237664636422]
[397.62009349068086, -137.0799878178895]
[397.6703309271958, -137.18771723102986]
[397.67809589926713, -137.20709821463555]
[397.68426808231317, -137.21898407283112]
[397.6923355530219, -137.2363129579441]
[397.700413167454, -137.2536316993338]
[397.7085009256093, -137.2709402970002]
[397.71659882748787, -137.28823875094335]
[397.72470687308976, -137.30552706116325]
[397.7328250624149, -137.32280522765984]
[397.749091872235, -137.3573311294832]
[398.01487901481767, -137.90422737319628]
[398.0233522344574, -137.9211505093783]
[398.0318355978204, -137.93806350183704]
[398.1516677758462, -138.17378030531563]
[398.335143861188, -138.52362769223038]
[398.34399239858885, -138.54017551065127]
[398.3460778967573, -138.54542832706298]
[398.352851079713, -138.55671318534885]
[398.3549391140109, -138.5619634656311]
[398.3617199045604, -138.5732407163232]
[398.3705988731311, -138.58975810357424]
[398.37714703094485, -138.6030175868574]
[398.37948798542504, -138.60626534710204]
[398.3883872414423, -138.62276244690653]
[398.4330356773775, -138.70509579008]
[398.4689370131447, -138.7707798775998]
[398.51404191662726, -138.85265675322594]
[398.53215488408324, -138.88533649741348]
[398.5776148178804, -138.966858342725]
[398.6508781855661, -139.09676582161322]
[398.68775331876753, -139.16147611169876]
[398.7247907515414, -139.2260241022119]
[398.8745634783604, -139.4825930685407]
[399.02693299833766, -139.73656524171136]
[399.03384857472395, -139.74455290459133]
[399.03654231498405, -139.7523522808867]
[399.0461617753537, -139.76812917633876]
[399.05579137944665, -139.78389592806755]
[399.0750810188024, -139.8153990003553]
[399.08474105406515, -139.83113532091429]
[399.0873160178665, -139.83414907183777]
[399.09441123305123, -139.84686149774996]
[399.10409155576053, -139.86257753086238]
[399.12093787353325, -139.89093521000828]
[399.1429142838306, -139.92534022607936]
[399.148135177286, -139.9312967620736]
[399.18189931147293, -139.9879406217239]
[399.2668019490931, -140.10306591864023]
[399.45459686984094, -140.3153268669654]
[399.45933889299647, -140.42159900320917]
[399.4693945334669, -140.43693971856044]
[399.47946031766065, -140.45227029018847]
[399.4972904005892, -140.47789460432324]
[399.4996223172179, -140.48290100227467]
[399.8640504555185, -141.02156424410705]
[399.89040953849434, -141.05717530222444]
[399.9113830359135, -141.08699451644873]
[399.9296485450746, -141.1139330042063]
[399.9323971082258, -141.11677315577992]
[399.9479848341144, -141.14080071208514]
[399.9694918944697, -141.16807483563147]
[399.988402279034, -141.19824288063592]
[400.00325052478115, -141.21320111342132]
[400.0593336148545, -141.2945929190121]
[400.08063171141845, -141.32408753409163]
[400.1026244557503, -141.35087597366146]
[400.1290596530863, -141.38842244516047]
[400.2487195037571, -141.5548898152677]
[400.2563066700991, -141.562205888192]
[400.3393737118473, -141.67485807338457]
[400.3773947014365, -141.72724507763266]
[400.46077172051974, -141.832051049512]
[400.51511437024755, -141.9054591081322]
[400.58871555816984, -141.98957973148546]
[400.77967362522656, -142.24296077324186]
[400.80027113759684, -142.27144169044033]
[400.81342070238804, -142.29001571648664]
[400.8230345259969, -142.29745948594194]
[400.8428607863037, -142.32283722255374]
[400.8743860665224, -142.3588707981531]
[400.88573748270494, -142.37394570697282]
[400.90647437923036, -142.4022872400161]
[400.9141100857775, -142.40955477273522]
[401.0499844350361, -142.574710883521]
[401.2937663587788, -142.8521878594607]
[401.30544016379645, -142.87611207793069]
[401.32604679967613, -142.90070943896959]
[401.49244799240347, -143.09009406237823]
[401.55055395970237, -143.15200089593787]
[401.7509245119434, -143.3789231068353]
[401.7809130687673, -143.4124909602025]
[401.78111636333557, -143.41250029495617]
[401.7812217935961, -143.41250117935664]
[401.7997685494276, -143.433724228153]
[401.80964173553315, -143.4404203556154]
[401.82695274155384, -143.46086172688018]
[401.8954261934478, -143.53545188537527]
[401.90341711105486, -143.54236420703447]
[401.93942731046957, -143.5825734469801]
[401.9528071592076, -143.5965953152201]
[401.9643260771913, -143.6096156120208]
[401.99231412696463, -143.63594925310088]
[402.01040995293835, -143.65751691709403]
[402.03065601411254, -143.67863538046257]
[402.04136576365977, -143.6905427752076]
[402.0507985561165, -143.70131048785245]
[402.1887432225794, -143.8441957763323]
[402.2512672808923, -143.90920979704543]
[402.2514217570772, -143.90926795018254]
[402.4878118065415, -144.14718811245885]
[402.48800039089184, -144.1472121574305]
[402.4881990631792, -144.1472261144651]
[402.7397390891107, -144.39387545056854]
[402.8580582516027, -144.50696592515635]
[402.93164416197374, -144.57644362517433]
[402.9471988477919, -144.5908924513414]
[402.9794913898062, -144.62109317290833]
[402.979560540214, -144.6212366518225]
[402.98005761130827, -144.6218027273381]
[402.9801872893382, -144.62188567863018]
[402.9803270553051, -144.6219585419852]
[403.00160940079104, -144.64182809172001]
[403.01327095597264, -144.65278368083068]
[403.02901746439704, -144.66704068439162]
[403.05583585976007, -144.69216322079097]
[403.1032036389573, -144.73591812022033]
[403.22409403162436, -144.84643736463312]
[403.3582043642227, -144.96697159022574]
[403.4875364013284, -145.081609615608]
[403.61412539007, -145.1920694180757]
[403.810902808437, -145.360304128588]
[403.88054476423383, -145.4182002518172]
[403.92318596244183, -145.44732687429845]
[403.9302105479772, -145.45960398936998]
[403.93022125066346, -145.4598590733362]
[403.97474284505273, -145.4974945520166]
[403.98729412782507, -145.50756041353654]
[404.0097915050817, -145.5255770435347]
[404.00980514792286, -145.52598865933754]
[404.00982710124896, -145.5261793353334]
[404.00984186088834, -145.526270890355]
[404.009859142512, -145.52635992339228]
[404.0099534888493, -145.526690835699]
[404.0295619840826, -145.5317085498898]
[404.03241884042467, -145.54346371544656]
[404.05552812144987, -145.56001792438823]
[404.0611485691883, -145.56905567753634]
[404.07482904245865, -145.57991441905037]
[404.08982538208477, -145.59231979640225]
[404.1400207703761, -145.63324708673753]
[404.1674069594895, -145.63950160076672]
[404.30673658440713, -145.76756173275086]
[404.54717229000954, -145.95590719554082]
[404.5947816362402, -145.98783745856588]
[404.64460609204156, -146.01733998269833]
[404.9679992039725, -146.2682070460774]
[405.0451616996651, -146.3213148130879]
[405.0994911079636, -146.3706614265547]
[405.1253306130704, -146.382997006161]
[405.14900878022405, -146.40068336355003]
[405.16409052407647, -146.4178777640899]
[405.1681023643277, -146.42036193647334]
[405.1721311335342, -146.4228291799015]
[405.1837628865022, -146.4323157605988]
[405.1891940937925, -146.43436320014487]
[405.1995408634974, -146.4438331859207]
[405.23679104792694, -146.47041027780074]
[405.24053803458605, -146.47443507970817]
[405.26838292384315, -146.4936218358406]
[405.2894923043714, -146.50523304850057]
[405.3052537666714, -146.51164336070173]
[405.3280653263988, -146.5164356312032]
[405.66684454503115, -146.7702747237942]
[405.72056939077186, -146.79449476739438]
[405.8077736698754, -146.8662880754983]
[405.83999304014156, -146.88908476851014]
[405.93313670590874, -146.93016045036612]
[406.25270866795205, -147.14840052467255]
[406.28034471872814, -147.16042796386336]
[406.29687567329, -147.17802213920038]
[406.31219248228524, -147.18940329227505]
[406.32151108877736, -147.20088668063767]
[406.34018239378844, -147.20778403855925]
[406.3936612037224, -147.24747359061928]
[406.42657678563353, -147.2695740719862]
[406.45411239796795, -147.2875089783094]
[406.46621307171, -147.29344611823632]
[406.47058796029523, -147.29556724228576]
[406.485342914386, -147.30569423316888]
[406.4993110325426, -147.3152579060208]
[406.5100242302393, -147.3245740931268]
[406.51586275092757, -147.32621421927487]
[406.52819214792294, -147.33479052662284]
[406.5324447007819, -147.33714030105955]
[406.5446156693017, -147.34290083154772]
[406.54668695414944, -147.34597706192474]
[406.5730103181059, -147.35952981725714]
[406.82399516879786, -147.50373899016057]
[406.9523261481051, -147.5830766390823]
[406.97534647440074, -147.59650445174697]
[407.152533395336, -147.70571526445235]
[407.2113720188602, -147.74370411289294]
[407.52227417575716, -147.90613552396874]
[407.54656585013345, -147.9288218259384]
[407.6804864640389, -148.00259923011612]
[407.71628459696205, -148.02585750688704]
[407.7458871985254, -148.03806998568817]
[407.77417801696953, -148.04986791585492]
[407.81800662925065, -148.08326783513766]
[407.8226464980257, -148.08512397899727]
[407.83567978596835, -148.09012850472362]
[407.848855109123, -148.09499099523794]
[407.8521321516722, -148.10037410108967]
[407.8852276111366, -148.12067456576509]
[407.89296625996957, -148.12129721306093]
[407.8960619186491, -148.12657384400768]
[407.89821023600655, -148.12957304187492]
[407.90497636043773, -148.13438762337393]
[407.9112562287774, -148.13558640187057]
[407.91375098458786, -148.1393670150433]
[407.9264698436672, -148.14165860696713]
[407.9286174265731, -148.14173749128105]
[407.9439566288281, -148.1516266961147]
[407.95871489833047, -148.16040021762083]
[407.9591526922079, -148.1606375007261]
[407.96142264518625, -148.1616687113956]
[407.97438826637097, -148.16960879455425]
[407.9790022484255, -148.1714908251344]
[407.99195734119166, -148.17657354603722]
[408.1010012523908, -148.22719867018563]
[408.1316256900524, -148.23838931288856]
[408.50320321280424, -148.43676878465152]
[408.53675972683124, -148.45660819476439]
[408.56853560566134, -148.4676165852289]
[408.64785386223673, -148.51826329894513]
[408.6611895120177, -148.5199912574978]
[408.6970648624465, -148.5390256556861]
[408.7169351412943, -148.54561114886417]
[408.91135902560035, -148.6413004014245]
[409.12727089159836, -148.73840963028272]
[409.20591556401183, -148.7513625856275]
[409.2371594991281, -148.79923422706753]
[409.2557732179246, -148.80515433457467]
[409.2696410519236, -148.80932431424463]
[409.2730680943044, -148.81455742026483]
[409.2935529078087, -148.8153930536767]
[409.30660657231164, -148.82582837734668]
[409.3188794875587, -148.8331987679629]
[409.34541574503595, -148.834201226391]
[409.3535079822754, -148.85196619738605]
[409.3855889682909, -148.86932048645045]
[409.3860493091429, -148.86953522258116]
[409.4015962970322, -148.87752002570033]
[409.42002205396886, -148.8866023004027]
[409.42688532412535, -148.88721767708253]
[409.43389557275435, -148.88779238995085]
[409.43607550514133, -148.89178151188608]
[409.45234663685335, -148.8967430428299]
[409.4706967197152, -148.90590099160707]
[409.50267887942056, -148.92233256788413]
[409.53481908225893, -148.93860610102817]
[409.56711732823027, -148.9547215910392]
[409.58552288323284, -148.9608498623403]
[409.6397721324598, -148.98044692546867]
[409.9099557277431, -149.06611862056914]
[409.92249149256656, -149.09920384255673]
[409.9927202592485, -149.13576692415444]
[410.1938309634282, -149.22579255249408]
[410.2456672913323, -149.24690378687603]
[410.3305250853405, -149.28340729113626]
[410.44402129204695, -149.31962894008873]
[410.54402240371803, -149.36156637546603]
[410.564532994402, -149.3699117143592]
[410.6578675558079, -149.4046894481491]
[410.686958613531, -149.4203058028038]
[410.69139955711785, -149.43080094483335]
[410.7295270397661, -149.43982181247057]
[410.7476008508029, -149.44844596350373]
[410.76573823785856, -149.457006538518]
[410.77229647187124, -149.45913681626735]
[410.8022037400265, -149.47393696048982]
[410.85013273889973, -149.49046070256907]
[410.91638457949296, -149.51672434579632]
[410.9199887275938, -149.51878068324967]
[410.93327319885617, -149.51963063262585]
[410.97033123730705, -149.54105877751007]
[410.9872794300341, -149.54534324743884]
[411.00658925347454, -149.55354145563746]
[411.0229263927097, -149.5607361074108]
[411.0234113540804, -149.56092622302282]
[411.03740534235664, -149.57024035266843]
[411.07562616653155, -149.58030881889232]
[411.0765974730382, -149.58068766635108]
[411.0934608376787, -149.58803116970174]
[411.1503989968703, -149.6049393228655]
[411.15137165780425, -149.60531681589703]
[411.15234434851004, -149.60569427915667]
[411.52041499258775, -149.7431914526225]
[411.5575958533939, -149.75940651595621]
[411.8733355969874, -149.87436588733132]
[411.8743301402474, -149.8747214980367]
[412.1941130668241, -149.98698784039402]
[412.23264631124204, -149.99710543174598]
[412.29064242954314, -150.0200732583552]
[412.3301425823347, -150.02772145584913]
[412.3748537771111, -150.05134227082897]
[412.40669793344983, -150.05795795301367]
[412.4521344286861, -150.07460589367923]
[412.48137574446946, -150.08768816179946]
[412.48188259560925, -150.0878563876424]
[412.51694463312396, -150.09620554302822]
[412.55652684634276, -150.1123917981343]
[412.58187678315073, -150.1176832467883]
[412.59406513725446, -150.12169674026953]
[412.61133931100136, -150.1273751839348]
[412.61235570681566, -150.1277089420859]
[412.6128639158873, -150.127875809997]
[412.6133721324019, -150.1280426704651]
[412.61438858775995, -150.12837636907247]
[412.61642158779165, -150.12904367697158]
[412.6184547069109, -150.12971086578318]
[412.67313299304664, -150.14347827614117]
[412.6897898430352, -150.1496781401783]
[412.69080762304867, -150.1500105141303]
[412.71210691997095, -150.16027281754162]
[412.7289109386758, -150.16064789279804]
[412.7643032159662, -150.17366935149005]
[412.84282483914694, -150.20237460593927]
[413.105724024566, -150.28511483566746]
[413.36849763426756, -150.36528033318228]
[413.3705743394078, -150.36590393597285]
[413.6373757836725, -150.4447419068554]
[413.7715081793384, -150.48342921876315]
[413.9187740074222, -150.52518494583794]
[414.04123631773723, -150.5593404955115]
[414.1370562260706, -150.58570952104853]
[414.1375862951395, -150.5858545289624]
[414.1386464556061, -150.5861445224612]
[414.1397066458445, -150.58643448618818]
[414.14076686585486, -150.58672442014324]
[414.14288739519117, -150.5873041987378]
[414.14500804361495, -150.58788385824488]
[414.1471288111262, -150.58846339866443]
[414.2644100154514, -150.61972177704268]
[414.2764264479221, -150.62139050372593]
[414.672455615906, -150.72741234487071]
[414.7240928549592, -150.74058249615757]
[414.92483505177546, -150.7909689369093]
[414.92591709456815, -150.791237048082]
[414.92699916713275, -150.7915051294828]
[414.93132775510986, -150.79257715736736]
[414.939986360114, -150.7947197840866]
[415.27032840615226, -150.8703148993948]
[415.2791581671395, -150.8767960142718]
[415.4191439510738, -150.90962993791112]
[415.5200600246242, -150.93292802917924]
[415.54642739930097, -150.9389643496725]
[415.6124208611111, -150.9539801257875]
[415.6674972852684, -150.96641139990118]
[415.7005788660095, -150.97383443812262]
[415.71381900081775, -150.9767961508994]
[415.72706342277564, -150.97975357652652]
[415.72816731812264, -150.97999983514495]
[415.7292712432415, -150.9802460639915]
[415.7314791827948, -150.980738432369]
[415.735895419164, -150.98172281186152]
[415.7403121318831, -150.98270671500407]
[415.7668224115469, -150.98860013051032]
[415.8420279970109, -151.0052050146948]
[415.91293548089504, -151.02070738459753]
[416.12638960608086, -151.0664828207721]
[416.28720044110486, -151.10009415676845]
[416.41270234457363, -151.12580949742656]
[416.5475830941811, -151.15294722366934]
[416.55659038735354, -151.15474116222026]
[416.6106741597846, -151.1654647801293]
[416.70096621248916, -151.18318504465825]
[416.9911812098276, -151.2386094624671]
[417.1370203820303, -151.26558999783796]
[417.28334733658875, -151.29208275085315]
[417.31312960252177, -151.29740448802102]
[417.3154213796675, -151.29781301880612]
[417.3228704778391, -151.29913992140973]
[417.3268820517085, -151.2998538864193]
[417.3612819309549, -151.30595862613546]
[417.3819347199516, -151.30960860851636]
[417.38308237995085, -151.30981110248248]
[417.3836562211149, -151.3099123383011]
[417.384230069722, -151.31001356667676]
[417.38537778926496, -151.31021600109918]
[417.38652553857986, -151.31041840574972]
[417.3888211265253, -151.31082312573517]
[417.3934126596785, -151.3116322084436]
[417.41637747069404, -151.31567047673641]
[417.43016207350286, -151.31808772151263]
[417.4456748761463, -151.32080199740233]
[417.46464233680445, -151.3241120771736]
[417.471541604827, -151.32531373294358]
[417.651298770791, -151.35618058558487]
[417.76227868579775, -151.3748154512584]
[418.2089421215754, -151.4466111382016]
[418.2346651754318, -151.45059147158437]
[418.23700434939826, -151.4509526055488]
[418.29318025083927, -151.45958409444782]
[418.3212939244575, -151.4638741159997]
[418.4339201049147, -151.4808627162227]
[418.54682066294697, -151.49757693887062]
[418.71668595794864, -151.52213381488926]
[418.9667008309775, -151.5570014285638]
[419.00116667082693, -151.56169005371152]
[419.03565754882095, -151.56635364071465]
[419.0368473360195, -151.56651400748152]
[419.03922699973225, -151.5668346516996]
[419.04101182566797, -151.567075056712]
[419.1011400559725, -151.57512960166113]
[419.10352293504747, -151.575447030517]
[419.1047144192428, -151.57560570028713]
[419.10501229494344, -151.5756453630778]
[419.10531017250486, -151.57568502400775]
[419.1059059332099, -151.5757643402854]
[419.1297424646463, -151.57893088815737]
[419.1655195907051, -151.5836583810611]
[419.17745125376587, -151.58522825765456]
[419.22042989189475, -151.59085516228075]
[419.5752726761162, -151.6356579518233]
[419.6909170098993, -151.6496283987204]
[419.98122824624807, -151.6833541140722]
[419.9860812955275, -151.68390168065434]
[419.9897213950918, -151.68431204298633]
[420.2439745641288, -151.71224105272194]
[420.8476375956445, -151.77285377219226]
[420.8772689202249, -151.77562614278196]
[420.88220914154647, -151.77608653732204]
[420.8846794308385, -151.77631655596088]
[420.887149839218, -151.77654645551218]
[420.89023801715916, -151.77683366248456]
[420.8905468451874, -151.77686237294773]
[420.8908556750763, -151.77689108155013]
[420.8920910132395, -151.77700589735238]
[420.9069173934037, -151.7783813647732]
[420.94400210009377, -151.78180127704567]
[420.94894875213976, -151.78225524086136]
[420.9551327370644, -151.78282202576383]
[420.9569880776796, -151.7829919160967]
[420.9588434852816, -151.78316173944285]
[420.96131746628583, -151.7833880663695]
[420.9736891576191, -151.78451791469044]
[421.02320569482447, -151.7890075361018]
[421.02382495297974, -151.78906335492923]
[421.0256827721034, -151.78923076675372]
[421.0306372839236, -151.78967687079512]
[421.0355922720939, -151.79012249848657]
[421.0380699448102, -151.79034513370107]
[421.0405477366141, -151.79056764982806]
[421.1745253389429, -151.80240667576444]
[421.3686616047011, -151.81889442861157]
[421.4734966175052, -151.8274723489027]
[421.789262077903, -151.85194568779045]
[421.8018314544683, -151.8528778508793]
[421.9428118734314, -151.86311467604312]
[421.9554175716809, -151.86401051744778]
[422.0147042328766, -151.86818109262677]
[422.06142297632874, -151.87141804589518]
[422.08416575076063, -151.87297804284083]
[422.39595042023336, -151.89333124886116]
[422.8708518936859, -151.92068705054442]
[422.87790419336346, -151.92106059767664]
[422.87822477383827, -151.9210775556932]
[422.8785453561738, -151.92109451184902]
[422.88623989044913, -151.92150090136624]
[422.8888049733825, -151.92163612636367]
[422.89137017540344, -151.92177123227358]
[422.9401316404235, -151.9243156179394]
[422.9426992241942, -151.92444834209957]
[422.9491187046287, -151.92477963149219]
[422.9510446938969, -151.92487887317208]
[422.95553892936, -151.925110176588]
[422.96838161171297, -151.92576903388917]
[422.970950505446, -151.92590044808694]
[422.99407590798063, -151.92707781692985]
[423.01978211299723, -151.92837469122165]
[423.02010351592, -151.92839082679023]
[423.02042492070353, -151.92840696049808]
[423.0223533884801, -151.92850372366962]
[423.02492478305044, -151.92863263703012]
[423.1949001271315, -151.93687761638438]
[423.24909197757864, -151.9393922324848]
[423.3343567066628, -151.94323766511835]
[423.36539421631545, -151.94460385063573]
[423.9740532306561, -151.96781689211105]
[423.9897456150417, -151.9683263553105]
[424.06041439825316, -151.97056588623164]
[424.2788563242505, -151.97692459547653]
[424.28871547679347, -151.97719159767425]
[424.9391341619631, -151.99104866349066]
[424.941792847663, -151.99109028572158]
[424.9437869400891, -151.99112142424363]
[424.9441192953394, -151.9911266074847]
[424.9444516524504, -151.99113178886503]
[425.01096047556945, -151.99213066401694]
[425.0269336682545, -151.9923593189169]
[425.0828736039554, -151.99312584976357]
[425.09886608881374, -151.99333521249028]
[425.17088532415255, -151.99422429128407]
[425.17355437046405, -151.99425555290344]
[425.1802275072505, -151.9943331859441]
[425.18690138833375, -151.99441007468792]
[425.2269603050662, -151.99485577691803]
[425.2536811354907, -151.99513802580194]
[425.25434930883216, -151.9951449294432]
[425.25635387351434, -151.99516559570915]
[425.25902673062546, -151.99519304652887]
[425.34729782337405, -151.9960321154979]
[425.93030170996985, -151.99831997291122]
end_solutions
[-0.4434545041517185, 1.527026097931631]
[-0.5303729262400367, 1.3699341255206758]
[-0.6238183518219049, 1.2010455761804577]
[-0.7170865736890162, 1.0324772958971424]
[-0.8039754618248749, 0.8754387016623377]
[-0.8909234178656527, 0.7182933510752321]
[-0.9777532380965923, 0.5613615131927284]
[-1.064464922517694, 0.4046431880148268]
[-1.1513538106535528, 0.24760459378002214]
[-1.2874712161585642, 0.09236412898111238]
[-1.42758497512207, -0.05087064197705635]
[-1.549572535419851, -0.20443991829846211]
[-1.6904321532402031, -0.343859007238159]
[-1.8312917710605554, -0.4832780961778559]
[-1.9611604137710872, -0.5981000224935703]
[-2.089322971499719, -0.714382511215938]
[-2.242450914875377, -0.8645965971123835]
[-2.3681755490485163, -1.004715023354453]
[-2.4939001832216556, -1.144833449596523]
[-2.607736275567101, -1.284480356314694]
[-2.7215723679125468, -1.424127263032865]
[-2.8325625579493563, -1.5602829970830818]
[-2.939877182495459, -1.7096042026874374]
[-3.050037709350198, -1.8624165809597473]
[-3.165813321854683, -2.0169709844919437]
[-3.281588934359168, -2.1715253880241403]
[-3.4001473377227684, -2.3316606835383027]
[-3.4846084581491192, -2.4780000777622964]
[-3.5864620214449427, -2.659220046873572]
[-3.6709231418712935, -2.8055594410975657]
[-3.772776705167117, -2.9867794102088414]
end_values
[ 425.93030171 -151.99831997]
[ 423.97405323 -151.96781689]
[ 421.94281187 -151.86311468]
[ 419.9897214  -151.68431204]
[ 418.23700435 -151.45095261]
[ 416.54758309 -151.15294722]
[ 414.92483505 -150.79096894]
[ 413.36849763 -150.36528033]
[ 411.8733356  -149.87436589]
[ 410.19383096 -149.22579255]
[ 408.64785386 -148.5182633 ]
[ 407.21137202 -147.74370411]
[ 405.83999304 -146.88908477]
[ 404.54717229 -145.9559072 ]
[ 403.4875364  -145.08160962]
[ 402.48781181 -144.14718811]
[ 401.3260468  -142.90070944]
[ 400.3773947  -141.72724508]
[ 399.49962232 -140.482901  ]
[ 398.72479075 -139.2260241 ]
[ 398.01487901 -137.90422737]
[ 397.38522069 -136.55296994]
[ 396.79304471 -135.07732138]
[ 396.25646849 -133.49528034]
[ 395.77956149 -131.79775949]
[ 395.3772366  -130.02565654]
[ 395.04044534 -128.11965381]
[ 394.82129714 -126.46267821]
[ 394.63074947 -124.34981368]
[ 394.53894364 -122.56549571]
[ 394.5050702  -120.29595696]
