values
[31.370309072323398, 988.9921829549437]
[31.37436437623483, 988.7856921047712]
[31.374634396521984, 988.7787061497016]
[31.378065545822576, 988.7046580843596]
[31.379262201411077, 988.6423839915844]
[31.379722558874615, 988.6378184533595]
[31.38421218150482, 988.5678036573343]
[31.388028062171852, 988.4980748960727]
[31.396573935815585, 988.3594754778413]
[31.39750825230465, 988.3550970093472]
[31.398023201422088, 988.352910429666]
[31.398425703436317, 988.3493597457181]
[31.405305273239286, 988.2898078411985]
[31.40580438050984, 988.2862713500995]
[31.41328750959896, 988.1537216112232]
[31.423352683335477, 988.0717437526689]
[31.450573231635786, 987.8165191954698]
[31.45143817339643, 987.8084893008778]
[31.454794066787876, 987.7925144578018]
[31.519336595076368, 987.4102138207069]
[31.52232814240444, 987.3554594506361]
[31.53008409202634, 987.2947916980813]
[31.531197451112575, 987.2882106330443]
[31.56212222381283, 987.1548096702937]
[31.580291881870767, 987.0886575251351]
[31.585986459060322, 987.0443485470761]
[31.595898358608306, 987.005935886153]
[31.62401167652073, 986.8584069598833]
[31.640854905378042, 986.7855253053855]
[31.642546474774335, 986.7773972300579]
[31.690275428024133, 986.5834485584489]
[31.733407111203014, 986.4410542138877]
[31.738422036102744, 986.365655027486]
[31.762992432332695, 986.3004333179014]
[31.774848651155068, 986.1884261558648]
[31.789897746204446, 986.16158587049]
[31.794292495152206, 986.0720002808403]
[31.79597466329344, 986.0660293233295]
[31.796578570173732, 986.0652031657081]
[31.79683406147697, 986.0630452599717]
[31.797705921212216, 986.060062140212]
[31.799487748046896, 986.0540987314879]
[31.80039806218368, 986.0511184425233]
[31.801321531800674, 986.0481390971569]
[31.80515005250633, 986.0362311516747]
[31.83558748263506, 986.0245118716533]
[31.84831402105174, 985.9371574847632]
[31.942000185401174, 985.8208195982314]
[31.990745418960728, 985.7556842197048]
[32.058612835254124, 985.6048424671978]
[32.077932282044955, 985.6013340184423]
[32.09003718740189, 985.4939503620557]
[32.10815431804268, 985.3429595792923]
[32.12126213027822, 985.296298960762]
[32.14750004994645, 985.2023958696218]
[32.14875839926934, 985.1997177267141]
[32.150038959424876, 985.1970405274047]
[32.15266718950389, 985.1916889595809]
[32.1553856460382, 985.1863411661504]
[32.15631199380479, 985.1845594070943]
[32.16011912099794, 985.1774365646401]
[32.16109646784384, 985.175656902469]
[32.16409024772343, 985.1703204322182]
[32.17474423438518, 985.1525594575555]
[32.17700050997895, 985.1490122951473]
[32.18163919546324, 985.1419230028552]
[32.18906807049964, 985.1317948333676]
[32.20187761377761, 985.1136329340111]
[32.207766199163075, 985.1047143057261]
[32.21386458799821, 985.0958024249652]
[32.316236475426614, 985.0071914350016]
[32.72203981969005, 984.5179528744537]
[32.76900669109649, 984.3594778079337]
[32.81835804138662, 984.2415814566712]
[32.8229374135819, 984.2357589834804]
[32.82768102983126, 984.229943818582]
[32.832589854819176, 984.2241359619762]
[32.84649300996939, 984.2086840737904]
[32.84831435065756, 984.2067562419135]
[32.85388982890501, 984.2009776184775]
[32.86256644888567, 984.192323386372]
[32.873275871345136, 984.1878410083165]
[32.87699283620975, 984.1838551010602]
[32.877860850159315, 984.1779362076584]
[32.88851280827987, 984.1719075005773]
[32.89084096384417, 984.1664593520037]
[32.904474581921086, 984.155011729519]
[32.91392154063619, 984.1473962218456]
[32.91608275658723, 984.1454116323357]
[32.96569980446441, 984.1031741859243]
[33.083129664187744, 984.0192750818096]
[33.19250999281496, 983.9216679359578]
[33.518302767929235, 983.7041610947554]
[33.919952360518444, 983.3757201068861]
[34.099344148744166, 983.1267474241397]
[34.12293085188905, 983.1084482599979]
[34.13690815149756, 983.0979997775212]
[34.1475898141679, 983.09024469384]
[34.18515674522827, 983.064449784831]
[34.19865454839984, 983.0554660008996]
[34.218649823833175, 983.0427155117598]
[34.22494588860926, 983.0389372502565]
[34.247902273457896, 983.0242109656702]
[34.25366282211066, 983.0211578816966]
[34.283334334216924, 983.0034741111207]
[34.320093481235425, 982.9829434559757]
[34.35807482144073, 982.9626190002356]
[34.429616258149075, 982.9260964483067]
[34.4372132240459, 982.9225886869692]
[34.47115919431669, 982.9055621156217]
[34.47809704149452, 982.902882829443]
[34.53870863008565, 982.8733947663063]
[34.646925908930974, 982.8261213933854]
[34.98142406618363, 982.6824960926954]
[35.36579892154411, 982.5939157018117]
[35.43126165229219, 982.5408869904599]
[35.572007864428976, 982.434835777016]
[35.73219493879609, 982.3287928425857]
[36.1398373461317, 982.1167318107657]
[36.38401278410154, 981.954278433485]
[36.86473527688736, 981.863481877479]
[37.2571136441321, 981.6927090952879]
[37.73862853989494, 981.4807474116301]
[38.087636342853465, 981.2423301015483]
[38.25146856651882, 981.1345765204337]
[38.47157342274424, 980.9910290521801]
[38.52270269385794, 980.9665981712166]
[38.52961043022609, 980.9584408399646]
[38.61658477724625, 980.925551001757]
[38.70094095112739, 980.8933601309695]
[38.742929080838906, 980.8805138568339]
[38.76939841029397, 980.8689656517686]
[38.8426826266564, 980.8445802730082]
[39.00423178945117, 980.7958368168095]
[39.113221480745224, 980.7706970171439]
[42.4599830798103, 980.2760680768265]
[43.92011535361153, 979.5235126462977]
[44.346001657195245, 979.2118963841042]
[44.5803141417239, 979.134396367333]
[44.882493523478836, 979.0570579700727]
[45.70006842584592, 978.9028660340846]
[46.78785057446979, 978.7493205761399]
[52.74354175526161, 978.2087289987559]
[53.58624840507275, 978.0661251206506]
[54.769512389093606, 977.6430504280314]
[57.629296953022184, 977.1770068442095]
[59.990410075813685, 976.9164490006615]
[68.58663974208841, 976.1462189537921]
[73.88488056763426, 974.5895375524177]
[144.07171260861193, 968.0023186744795]
[149.73126605229118, 966.9813376284183]
[229.6506193883008, 965.156431693008]
[250.0793530534361, 959.2813924960626]
[255.95782093156168, 958.8307821082557]
[259.8907970836574, 958.5751276868858]
[273.3217204716434, 958.3691851143175]
[276.97044962318284, 957.8196079065506]
[303.46138054193057, 956.4036484289823]
[434.8446415812023, 952.2969352933712]
[504.6171943059921, 946.395808117169]
[647.478263050233, 942.097411641671]
[648.4135706232357, 941.7770097444483]
[703.9576693805246, 940.0109055969599]
[797.1097084448006, 936.0438370606854]
[832.83919832767, 934.666123790155]
[854.0738979935265, 933.9728987017262]
[868.0537058718734, 933.574542346594]
[872.8554506938829, 933.57147201262]
[905.7853096368923, 932.919035815754]
values
[31.370272076986097, 989.0264211064783]
[31.37027220752766, 989.0234505979166]
[31.37027234045608, 989.021965456668]
[31.370275889736707, 989.0019062940448]
[31.370309072323398, 988.9921829549437]
[31.370352399622305, 988.9873237236366]
[31.370506046089524, 988.9611927436505]
[31.371012225422582, 988.9206323678841]
[31.371031518700317, 988.9194225823386]
[31.371481162416995, 988.8047364021318]
[31.37251870266206, 988.3981215452441]
[31.379261741880693, 988.278857222281]
[31.379846331124238, 988.2620481059512]
[31.380342599344853, 988.2510910078133]
[31.390260815472864, 987.9077616763393]
[31.41220866495502, 987.6952640789008]
[31.415564607158387, 987.4442835757025]
[31.44518781375869, 987.1919286462858]
[31.451190768193772, 987.0576149484967]
[31.451926431157133, 987.01237040944]
[31.452729748297216, 986.9979759127463]
[31.453382160238974, 986.9881500743099]
[31.45390226713968, 986.9811338789298]
[31.454351638984, 986.9755222790131]
[31.454587569878186, 986.972716931184]
[31.454647731599245, 986.9720156413234]
[31.454831056061387, 986.9699118847742]
[31.45508213359117, 986.9671071397839]
[31.4561628588584, 986.9558911740171]
[31.45667427038001, 986.9509857055107]
[31.457931299647267, 986.9397766723908]
[31.46105075909049, 986.9156236056018]
[31.480671497145167, 986.824578797909]
[31.501269920858277, 986.7430348167181]
[31.502510903882282, 986.737477312733]
[31.526965263543918, 986.5652214893701]
[31.52822615990905, 986.5583265931695]
[31.528380990331197, 986.5575233028383]
[31.529027959206218, 986.5541905597074]
[31.52958188592669, 986.5514335808404]
[31.53015157971942, 986.5486769033927]
[31.531187023630174, 986.5438534431498]
[31.531338979986337, 986.5431644527557]
[31.53390923246777, 986.5321431685152]
[31.536742381308642, 986.5211267069855]
[31.539834782094488, 986.5101150681669]
[31.54317562177494, 986.4991082520593]
[31.544489096721552, 986.494981939374]
[31.546747280706438, 986.4881062586626]
[31.548612442304613, 986.4826070704809]
[31.55083157480327, 986.4824575080461]
[31.552520675711307, 986.4742621336422]
[31.553467192407112, 986.4701831892268]
[31.55448238125209, 986.4661167400023]
[31.56506775962322, 986.4340349730813]
[31.58611409544442, 986.4221522714034]
[31.596077352874143, 986.372270515906]
[31.60691823228249, 986.3224251782235]
[31.618055294697708, 986.2855173710532]
[31.62087309194747, 986.270743552569]
[31.622573579346763, 986.2613418454987]
[31.624471525822425, 986.2519414382438]
[31.631825214365602, 986.222843756303]
[31.633244444824392, 986.2179191129844]
[31.634213127521026, 986.2143528073776]
[31.634709743942178, 986.2129944697888]
[31.637785956450568, 986.2031451837656]
[31.641068699666416, 986.1932958982335]
[31.642792048301988, 986.1883712556514]
[31.64522774692896, 986.1810041512838]
[31.664114683956353, 986.1308338407981]
[31.671446737278863, 986.1131175518916]
[31.710814208690213, 986.0217476652988]
[31.744639771491613, 985.9491382950969]
[31.751893214131186, 985.904496034335]
[31.752025294707202, 985.9034275078083]
[31.7530440904377, 985.9001397943641]
[31.79033381163185, 985.7568950450352]
[31.792451988329876, 985.7504868768804]
[31.793377633185045, 985.7476585701876]
[31.794695653388416, 985.7440741460306]
[31.79737566357755, 985.7362972579489]
[31.800192278062312, 985.7285230826421]
[31.803152430040686, 985.7207516201104]
[31.845165202993538, 985.7025035779624]
[31.84759341432514, 985.6398212117974]
[31.853018693340953, 985.6314226115085]
[31.86888800704559, 985.6081356588536]
[32.058612835254124, 985.6048424671978]
[32.077932282044955, 985.6013340184423]
[32.09003718740189, 985.4939503620557]
[32.10702447798789, 985.158583276253]
[32.11274544916951, 985.1262293735394]
[32.13304816694494, 985.0604273823913]
[32.14105768719984, 985.0428158646723]
[32.14309287902537, 985.0386281052945]
[32.14407395717796, 985.036714750592]
[32.146505342786746, 985.0313565995938]
[32.148407404441436, 985.028347033893]
[32.14973338138336, 985.0260391892347]
[32.14973400128661, 985.0257167004042]
[32.15301293921563, 985.0199870609651]
[32.15701749301934, 985.01282237104]
[32.157894768686404, 985.0116348318084]
[32.15938111066914, 985.0093324605206]
[32.160286559740854, 985.007821628475]
[32.161122772489875, 985.0055644774014]
[32.16242515319402, 985.0047306194176]
[32.163062637661405, 985.0030465317644]
[32.16557963496407, 984.999481131546]
[32.167499831505744, 984.9971147242567]
[32.16949788831586, 984.9932817164838]
[32.17489910889257, 984.9861650568448]
[32.17629255174438, 984.9842648147277]
[32.17698856885315, 984.9834787867976]
[32.177005607287164, 984.9830690930603]
[32.184979226699625, 984.9728741469364]
[32.189731527022566, 984.9668251119522]
[32.19934410809876, 984.9552312678327]
[32.2249978471924, 984.9270846149955]
[32.25377562663067, 984.8990388282862]
[32.683550231934916, 984.568119138822]
[32.72203981969005, 984.5179528744537]
[32.76900669109649, 984.3594778079337]
[32.804891669970196, 984.2601658777108]
[32.80850913465571, 984.2548264077169]
[32.81225396933535, 984.2494924099409]
[32.81307742040934, 984.248787169631]
[32.81417452626565, 984.2468274631348]
[32.81550735739824, 984.2456142552307]
[32.816127361191526, 984.2441638843832]
[32.81835804138662, 984.2415814566712]
[32.8229374135819, 984.2357589834804]
[32.82374919598554, 984.2342113433492]
[32.824263945975254, 984.2335232499216]
[32.825288626381735, 984.2328504874946]
[32.82768102983126, 984.229943818582]
[32.828454241603815, 984.2280210784934]
[32.83095887543677, 984.2144062705178]
[32.838572924050276, 984.2059465384829]
[32.84760382520369, 984.1955929126109]
[32.84876678103644, 984.1942999591782]
[32.85114622179232, 984.1935457226439]
[32.851954941479924, 984.1911789659839]
[32.85230117724283, 984.1904227652824]
[32.85957496200518, 984.1826758762991]
[32.86462454968293, 984.1811934580546]
[32.870997903551974, 984.1710742898451]
[32.88191497118507, 984.1689916317596]
[32.88315730069537, 984.1677994426027]
[32.88927988123821, 984.1537140909618]
[32.899761442849496, 984.1514090853716]
[32.908263771634196, 984.148792102417]
[32.90930413831998, 984.1440016785024]
[32.91642337644261, 984.1378964214083]
[32.95043125025731, 984.1142993966433]
[32.96569980446441, 984.1031741859243]
[33.083129664187744, 984.0192750818096]
[33.19250999281496, 983.9216679359578]
[33.518302767929235, 983.7041610947554]
[33.63665137308468, 983.6218602286052]
[33.919952360518444, 983.3757201068861]
[34.088290402845736, 983.1355539805444]
[34.08938616808408, 983.1345812367825]
[34.09823093522189, 983.1277228044754]
[34.09879815545079, 983.1273823870752]
[34.099344148744166, 983.1267474241397]
[34.09998365200536, 983.1262376922389]
[34.102367144295336, 983.1242468162378]
[34.10262265566591, 983.1241757959064]
[34.10429593236636, 983.1228959600289]
[34.109108309397264, 983.1189088015431]
[34.110434113238526, 983.1180745878005]
[34.11189768698045, 983.116945062884]
[34.116385419767695, 983.1134910636806]
[34.12285857873431, 983.1082496444725]
[34.12351428152301, 983.1079585812893]
[34.12797848858338, 983.104617762016]
[34.13478880672084, 983.099477109698]
[34.13572219932812, 983.0988438210675]
[34.13690815149756, 983.0979997775212]
[34.14065554937381, 983.0954333587856]
[34.142611866689116, 983.0938553458287]
[34.14488227668742, 983.0921809290586]
[34.1475898141679, 983.09024469384]
[34.15216679020904, 983.0868858544934]
[34.159941686650214, 983.0815868359949]
[34.16056116127405, 983.0810938725415]
[34.18298858647026, 983.0657006489041]
[34.18515674522827, 983.064449784831]
[34.19865454839984, 983.0554660008996]
[34.19930793045635, 983.0549697085356]
[34.20678770022497, 983.0499983803285]
[34.218649823833175, 983.0427155117598]
[34.22073132229006, 983.042112227407]
[34.22106430813228, 983.0407906357278]
[34.22341554312226, 983.039139565664]
[34.22494588860926, 983.0389372502565]
[34.231610747197266, 983.0344006699493]
[34.23277346594595, 983.033796702276]
[34.24027116216209, 983.0290964547287]
[34.247144216981994, 983.0249017922883]
[34.247902273457896, 983.0242109656702]
[34.25332999487169, 983.0202841937726]
[34.26838241689548, 983.0123040466607]
[34.283334334216924, 983.0034741111207]
[34.28856346504827, 982.9995769819951]
[34.320093481235425, 982.9829434559757]
[34.32870889505585, 982.9778495547259]
[34.32908024446715, 982.9775964427816]
[34.336582950547324, 982.9734820113648]
[34.350095643275814, 982.9651626067758]
[34.35807482144073, 982.9626190002356]
[34.360746330089164, 982.9601372376846]
[34.372626882188236, 982.9554387088209]
[34.37585005958233, 982.952472590661]
[34.38485547244715, 982.9473627549935]
[34.39391826353215, 982.9422545644721]
[34.406225953222965, 982.9347326994973]
[34.41143838299887, 982.9335025321651]
[34.420477384669084, 982.9297784161232]
[34.429616258149075, 982.9260964483067]
[34.4372132240459, 982.9225886869692]
[34.44267988818968, 982.9174222567224]
[34.44590383688434, 982.9146820659215]
[34.47115919431669, 982.9055621156217]
[34.47809704149452, 982.902882829443]
[34.49341261948864, 982.8923241425686]
[34.516308828006494, 982.8800121235736]
[34.53870863008565, 982.8733947663063]
[34.543829888445295, 982.8682503435424]
[34.591558605550794, 982.8429286023662]
[34.63128015745308, 982.8269446704941]
[34.646925908930974, 982.8261213933854]
[34.98142406618363, 982.6824960926954]
[35.36579892154411, 982.5939157018117]
[35.43126165229219, 982.5408869904599]
[35.572007864428976, 982.434835777016]
[35.73219493879609, 982.3287928425857]
[36.1398373461317, 982.1167318107657]
[36.38401278410154, 981.954278433485]
[36.48320862293483, 981.9211669719531]
[36.86473527688736, 981.863481877479]
[36.96447121639842, 981.7813616367063]
[37.2571136441321, 981.6927090952879]
[37.73862853989494, 981.4807474116301]
[38.087636342853465, 981.2423301015483]
[38.25146856651882, 981.1345765204337]
[38.39224425736114, 981.0226266090425]
[38.45105474660659, 980.9921356898499]
[38.47157342274424, 980.9910290521801]
[38.5156677799866, 980.9619713825987]
[38.52961043022609, 980.9584408399646]
[38.558717069942745, 980.9440270924397]
[38.56467806391086, 980.941460186635]
[38.56769746118087, 980.9404789387328]
[38.58248163984047, 980.937444821483]
[38.58667088792429, 980.9321336872889]
[38.59284060455372, 980.9303273568755]
[38.61658477724625, 980.925551001757]
[38.6371433239962, 980.9177637106112]
[38.664572468548464, 980.9026226039206]
[38.67292236868228, 980.9012423524846]
[38.70094095112739, 980.8933601309695]
[38.71485614610417, 980.8859988858782]
[38.73392935048327, 980.8791240444576]
[38.74979727271271, 980.8734381324937]
[38.75434641367431, 980.872844261746]
[38.75434641367433, 980.8728442617459]
[38.75722868147667, 980.8718799493935]
[38.7588041690131, 980.8715204933021]
[38.76939841029397, 980.8689656517686]
[38.805428020898994, 980.8567718248333]
[38.8426826266564, 980.8445802730082]
[38.938139638276255, 980.8164503862714]
[38.943475225999464, 980.8160490254642]
[39.00423178945117, 980.7958368168095]
[39.113221480745224, 980.7706970171439]
[39.43770443645701, 980.7674207364721]
[41.78171623441345, 980.3237600201455]
[42.4599830798103, 980.2760680768265]
[43.15781710110856, 979.9939051680677]
[43.25898166260662, 979.967312495422]
[43.306098315341295, 979.9541386385771]
[43.38734050115925, 979.9286409332324]
[43.88630618455859, 979.5666025455438]
[43.92011535361153, 979.5235126462977]
[44.346001657195245, 979.2118963841042]
[44.56574987532733, 979.1300821969633]
[44.62144456890698, 979.1226188778686]
[44.66183425139119, 979.1057547111571]
[44.766327703103975, 979.0817538372924]
[44.81577338542359, 979.0694681288879]
[44.873109997003326, 979.0575988077743]
[44.882493523478836, 979.0570579700727]
[44.93422115238257, 979.0452996561706]
[44.98757995660022, 979.0335436173787]
[45.70006842584592, 978.9028660340846]
[46.13116617748457, 978.8377155576819]
[46.21274862122808, 978.8260124953567]
[46.78785057446979, 978.7493205761399]
[51.57158015677378, 978.1817433811427]
[51.92985182685136, 978.1707431473721]
[51.996688818291716, 978.1592883254473]
[53.58624840507275, 978.0661251206506]
[53.93112703899072, 977.7796488555601]
[54.06537335059187, 977.744325573156]
[54.769512389093606, 977.6430504280314]
[54.887387560334936, 977.3301971722029]
[55.16507530021228, 977.1527607138111]
[55.77092563759431, 976.9401463735716]
[57.34006146878997, 976.5971665252334]
[57.581052582439945, 976.5613582596545]
[57.83425318772538, 976.5259120648356]
[58.00983452642636, 976.5022078843838]
[58.09938023063257, 976.4908279407765]
[58.376443259098565, 976.4550990408478]
[60.18109644523997, 976.2414894383022]
[60.73462619364942, 976.1806236859933]
[60.96834354697104, 976.1569841881351]
[61.08620627238141, 976.145201878877]
[66.29850632862242, 975.6278668362111]
[66.41245803756225, 975.6162092340671]
[68.84498929219104, 975.3431093889126]
[71.31949482751563, 975.0055481748136]
[72.01953371045343, 974.8918928001576]
[73.88488056763426, 974.5895375524177]
[76.49111841609955, 974.0932619702014]
[76.94751569637677, 974.0232444072603]
[78.023609631921, 973.8659515209578]
[78.60355212542576, 973.786988972075]
[78.86927863701992, 973.7523340291427]
[79.76758671015801, 973.6387416925323]
[80.05718416224316, 973.6039212796737]
[83.78812949625944, 973.1846238981358]
[90.55013767089787, 972.4601457516055]
[92.50187371798665, 972.2331766575829]
[102.63945397079428, 970.9804851569659]
[104.88510635912547, 970.7537427598523]
[121.85973345349097, 969.5013353064203]
[131.88735171292717, 968.8364301296997]
[144.07171260861193, 968.0023186744795]
[145.93041245677892, 967.1797309887262]
[148.40437797720637, 966.6190934964628]
[152.3504785096453, 966.0214317068335]
[152.91594877074346, 965.9576996197832]
[153.51488018225774, 965.8940930762291]
[158.81881431947673, 965.4419749031595]
[168.52807748655553, 964.9870905719832]
[169.41473783111695, 964.8162110370649]
[173.00222950239174, 964.6423526846316]
[180.38051098886245, 964.3170940665213]
[183.32079927572084, 964.1962105181021]
[202.155737944413, 963.4653245308892]
[246.93851003053496, 959.8800446906777]
[248.27093373954423, 959.5239165393103]
[248.6852989476504, 959.3353855912495]
[250.0793530534361, 959.2813924960626]
[253.34111967580031, 958.6599383541082]
[259.8907970836574, 958.5751276868858]
[273.3217204716434, 958.3691851143175]
[276.97044962318284, 957.8196079065506]
[284.831036202805, 956.9145314896514]
[303.46138054193057, 956.4036484289823]
[315.8510204993521, 955.8972579445642]
[434.8446415812023, 952.2969352933712]
[487.2054427830167, 946.7489255622684]
[504.6171943059921, 946.395808117169]
[550.6258798330423, 944.7353664402184]
[647.478263050233, 942.097411641671]
[648.4135706232357, 941.7770097444483]
[693.9971082499685, 940.1373373380987]
[703.9576693805246, 940.0109055969599]
[721.9205945145363, 938.9628472338685]
[724.4773011127364, 938.850824386886]
[731.3607371777323, 938.5450361685126]
[744.3844773633889, 938.4172363548042]
[747.7306624618681, 937.8131813486045]
[750.0121460282999, 937.7137241443287]
[751.8577902043194, 937.6301302398433]
[787.8426749294995, 936.1219282903013]
[788.3881358011354, 936.1020822233048]
[788.6613050960207, 936.0921966294775]
[797.1097084448006, 936.0438370606854]
[822.4573126479477, 934.843659223037]
[830.9863449599571, 934.6565375313382]
[854.0738979935265, 933.9728987017262]
[865.3028126949769, 933.6502596031004]
[868.0537058718734, 933.574542346594]
[870.4495429288155, 933.5508989060542]
[905.7853096368923, 932.919035815754]
[923.3174905442522, 932.6734666041278]
[942.4362146322337, 932.5638322103091]
[944.5648185753253, 932.5201822719266]
[1026.0426908813206, 932.3701501054153]
values
[31.370062979374822, 987.7810325996363]
[31.370103383889543, 987.7775676859791]
[31.37014732067237, 987.7741031807575]
[31.37021620083114, 987.7706390839719]
[31.370929454259546, 987.7151301545541]
[31.370962149918334, 987.7148879883555]
[31.370963064972038, 987.7134044493877]
[31.37100217425634, 987.7116788463302]
[31.371112054755372, 987.7108330318405]
[31.371232021107232, 987.7020675600334]
[31.371301854948726, 987.7004903703408]
[31.371510236551657, 987.690151384764]
[31.37249660464006, 987.6594743670498]
[31.372591963153088, 987.6531190321843]
[31.37262572354325, 987.6525943603203]
[31.372825709051014, 987.6462432181675]
[31.372948703756887, 987.6457159873344]
[31.373019006972733, 987.6428059238127]
[31.37320324884624, 987.6399028358669]
[31.373262598198, 987.6393690378939]
[31.373504938550596, 987.6388392480916]
[31.37374507735485, 987.6347265961303]
[31.37473313341606, 987.6019050348247]
[31.375300534780653, 987.5887729848743]
[31.37587873460191, 987.5795489059755]
[31.376027868499857, 987.5781241812891]
[31.37603583156385, 987.5778371125692]
[31.37619994557775, 987.5761254212721]
[31.376983307671825, 987.571587866967]
[31.377687236979398, 987.5624763185991]
[31.378701030400325, 987.5387636796426]
[31.379370198904578, 987.5167315962999]
[31.37967139960973, 987.5116166242314]
[31.379787295240344, 987.5099118377598]
[31.38014270878503, 987.5058862598692]
[31.380326074421284, 987.503093712963]
[31.380945869289455, 987.4975295458787]
[31.381245360425627, 987.4941244719749]
[31.384820130869763, 987.4526556025951]
[31.385360834661988, 987.4441651732759]
[31.385463315463063, 987.4425477330303]
[31.38547183633369, 987.4424673937389]
[31.385952317114413, 987.4366770488572]
[31.38664874215813, 987.4312445734345]
[31.387143378951755, 987.4205662324084]
[31.388147237607658, 987.4128769901893]
[31.388571775129392, 987.4077980228483]
[31.39052956553274, 987.3925584102296]
[31.391445058252987, 987.3759307846566]
[31.391790244828584, 987.3714184293977]
[31.392723729848147, 987.3593149088163]
[31.393177129349166, 987.358673075112]
[31.395609604308184, 987.3233081333755]
[31.39570057943369, 987.3198805454339]
[31.39598741691102, 987.3175096595755]
[31.396357179867785, 987.3173246790896]
[31.39938124243527, 987.3148142803605]
[31.40005878531139, 987.3080983741326]
[31.400495320531494, 987.2840492011908]
[31.40274048009069, 987.2715453323727]
[31.412485254798675, 987.18757490418]
[31.41260155142712, 987.1850697445334]
[31.41452576955015, 987.1556847029772]
[31.415168624648764, 987.1475774775521]
[31.415474681312563, 987.1442504200976]
[31.41580714448809, 987.1409237710791]
[31.415925503317634, 987.1332618594524]
[31.417422524443666, 987.1276212593632]
[31.41790217553423, 987.1242966525239]
[31.418646547153994, 987.1195224284069]
[31.419005145491667, 987.114177933543]
[31.438345549736635, 987.0530384713508]
[31.44810694195842, 986.9881623442302]
[31.449773248735397, 986.9500557798156]
[31.450047179847658, 986.9384575808383]
[31.45276045430202, 986.8985942622053]
[31.45321144725533, 986.8964234457493]
[31.453443098978248, 986.8914907315773]
[31.45371463305175, 986.890957781877]
[31.454761683402236, 986.8822176168604]
[31.45584133456773, 986.8767833053772]
[31.456383491035854, 986.8735113781739]
[31.456956774891243, 986.8702398594066]
[31.458198083807883, 986.8636980471794]
[31.45856459804563, 986.8626243498946]
[31.45886656201322, 986.8604277537196]
[31.459567067132582, 986.8571578686956]
[31.45994986834401, 986.8560859395332]
[31.460299584322144, 986.8538883921075]
[31.461063996483773, 986.8506193239551]
[31.46120437743679, 986.8495518857952]
[31.46146025279014, 986.8495491629151]
[31.462016045233426, 986.8462826092826]
[31.462687472754563, 986.8452140238353]
[31.46324570504861, 986.8419440132304]
[31.46596951822971, 986.8321425117989]
[31.480671497145167, 986.824578797909]
[31.50066387106456, 986.7312017558509]
[31.507446275223042, 986.7031515377653]
[31.513981237729947, 986.6654261595193]
[31.514916588865916, 986.660634486837]
[31.52677089614497, 986.566331312717]
[31.526965263543918, 986.5652214893701]
[31.5273396583356, 986.563120501132]
[31.52822615990905, 986.5583265931695]
[31.528380990331197, 986.5575233028383]
[31.529027959206218, 986.5541905597074]
[31.52922898785495, 986.5532779136311]
[31.52958188592669, 986.5514335808404]
[31.529891728920774, 986.5500672349322]
[31.530016186623648, 986.5493408109493]
[31.53006806292815, 986.5491234581192]
[31.53015157971942, 986.5486769033927]
[31.53090119028318, 986.5451951950193]
[31.53094225451663, 986.5449730927198]
[31.531139745130623, 986.5440687565115]
[31.531187023630174, 986.5438534431498]
[31.531338979986337, 986.5431644527557]
[31.53165076790089, 986.5417649990148]
[31.5317426989309, 986.5413559426023]
[31.532381356392246, 986.5385573137457]
[31.5325913017192, 986.5376532077966]
[31.532792892378023, 986.536792184683]
[31.53390923246777, 986.5321431685152]
[31.53552630432096, 986.5257306570279]
[31.536368190222955, 986.5225250139381]
[31.536742381308642, 986.5211267069855]
[31.536986394541653, 986.5202232269085]
[31.53723215213559, 986.519319779284]
[31.53743394140421, 986.5183877861302]
[31.53811800714412, 986.5161149530659]
[31.538533105817763, 986.5142546484351]
[31.539025520986296, 986.5129105352836]
[31.539438247452775, 986.5110519987751]
[31.539834782094488, 986.5101150681669]
[31.539954408711033, 986.5097065259372]
[31.5409043354762, 986.5065029250266]
[31.54131061176564, 986.5046479247628]
[31.541773253402784, 986.5028005787161]
[31.54286572308648, 986.5000969485129]
[31.54317562177494, 986.4991082520593]
[31.543263278315166, 986.4982454844939]
[31.543718261660295, 986.4964016746919]
[31.544489096721552, 986.494981939374]
[31.544906046599397, 986.4936926057427]
[31.545189264238342, 986.4925950544256]
[31.545292647773227, 986.4918446779683]
[31.545507797206245, 986.4909235844125]
[31.545737644752222, 986.4900044044111]
[31.546469606437583, 986.4885099919198]
[31.546747280706438, 986.4881062586626]
[31.547274365263696, 986.4863354432274]
[31.54831986397621, 986.4817796847783]
[31.552520675711307, 986.4742621336422]
[31.553467192407112, 986.4701831892268]
[31.55448238125209, 986.4661167400023]
[31.56506775962322, 986.4340349730813]
[31.58611409544442, 986.4221522714034]
[31.596077352874143, 986.372270515906]
[31.598881025429545, 986.3366665269721]
[31.60105547226636, 986.3294775443321]
[31.603193277803307, 986.3222956452347]
[31.618055294697708, 986.2855173710532]
[31.62087309194747, 986.270743552569]
[31.622573579346763, 986.2613418454987]
[31.624471525822425, 986.2519414382438]
[31.631825214365602, 986.222843756303]
[31.633244444824392, 986.2179191129844]
[31.634213127521026, 986.2143528073776]
[31.634709743942178, 986.2129944697888]
[31.637785956450568, 986.2031451837656]
[31.640497347161148, 986.1948933518706]
[31.641068699666416, 986.1932958982335]
[31.642792048301988, 986.1883712556514]
[31.64522774692896, 986.1810041512838]
[31.65928236532107, 986.1430875503634]
[31.661144576612223, 986.1383397347082]
[31.663040192657228, 986.1335619474424]
[31.664114683956353, 986.1308338407981]
[31.665106858307343, 986.1287678750442]
[31.666440740836492, 986.1251374376229]
[31.66831208143546, 986.1205860235124]
[31.671446737278863, 986.1131175518916]
[31.67515624941025, 986.1042722562754]
[31.67631646639021, 986.1014804747855]
[31.683497468164987, 986.0847909018299]
[31.687090697401047, 986.0765319070363]
[31.710814208690213, 986.0217476652988]
[31.744639771491613, 985.9491382950969]
[31.751893214131186, 985.904496034335]
[31.752025294707202, 985.9034275078083]
[31.7530440904377, 985.9001397943641]
[31.78975479384154, 985.7571028454515]
[31.79033381163185, 985.7568950450352]
[31.790708721947816, 985.7540784124201]
[31.79168100646078, 985.7510543878243]
[31.792001040448497, 985.7501638880191]
[31.792175202107856, 985.7496434357138]
[31.792524383983448, 985.7486286597489]
[31.793319621544633, 985.7479576009248]
[31.793377633185045, 985.7476585701876]
[31.79412400047361, 985.744025068854]
[31.794749248951035, 985.7432319011095]
[31.795978090813083, 985.7392965807157]
[31.79632799910562, 985.7378918334641]
[31.79737566357755, 985.7362972579489]
[31.797438110767168, 985.7358843910387]
[31.798202964613267, 985.7338396364416]
[31.799002224665742, 985.7311578531253]
[31.800192278062312, 985.7285230826421]
[31.80034864673234, 985.7272215162284]
[31.80039037379539, 985.7271721074915]
[31.80081825649298, 985.7266690341411]
[31.80099284786167, 985.7256421140106]
[31.8010536229199, 985.725284563311]
[31.8013673302284, 985.7247576132735]
[31.80174443276001, 985.7238734689242]
[31.801887326927417, 985.7238177161263]
[31.80194903362984, 985.7233547665679]
[31.80211504690514, 985.72312212045]
[31.802359643536377, 985.7223445297643]
[31.80241820654482, 985.7221841837016]
[31.802530491401246, 985.721740800845]
[31.80313200688468, 985.7206375397452]
[31.803559403572795, 985.7197825912714]
[31.804097259742942, 985.7182477652425]
[31.804240053080004, 985.7177598062005]
[31.80682987779813, 985.7116517272524]
[31.807533175425004, 985.7101308207723]
[31.808318557773127, 985.7082663811625]
[31.80917507590578, 985.7063117386134]
[31.809516218472055, 985.7055492320795]
[31.81089622381111, 985.7025000784089]
[31.811595536193987, 985.7009760250525]
[31.812110685931525, 985.7001943041686]
[31.81220132030287, 985.6995196264176]
[31.812301090343855, 985.6994523206821]
[31.8127405023848, 985.6985741754008]
[31.813203043085025, 985.6972726543619]
[31.813203043085036, 985.6972726543618]
[31.81338568700865, 985.6971618598968]
[31.813681385590694, 985.6962541724898]
[31.820344100017802, 985.6823927213571]
[31.82642914714228, 985.6705777209945]
[31.82698140888247, 985.6695620237905]
[31.83408092824867, 985.6567437387058]
[31.84759341432514, 985.6398212117974]
[31.853018693340953, 985.6314226115085]
[31.86888800704559, 985.6081356588536]
[32.058612835254124, 985.6048424671978]
[32.06025707777792, 985.3560723138447]
[32.07449443503124, 985.323992460472]
[32.10702447798789, 985.158583276253]
[32.11274544916951, 985.1262293735394]
[32.13035385363449, 985.058075975123]
[32.13307148201586, 985.0544039151105]
[32.13361713392773, 985.0528644880907]
[32.13363805292041, 985.0512020025346]
[32.134500495840896, 985.0485538199325]
[32.13497053073157, 985.0474636170151]
[32.1350235173216, 985.0471255337488]
[32.13580271137096, 985.0458712660181]
[32.13694463861705, 985.0439276140496]
[32.13704754095924, 985.0428890021382]
[32.13901400263932, 985.0390487650542]
[32.141489110829234, 985.0353424908154]
[32.141726674166385, 985.0341332719823]
[32.14272347497669, 985.0317950562411]
[32.14272485184922, 985.031622924399]
[32.14332527917727, 985.0305341562256]
[32.14390520781578, 985.029560810488]
[32.1446353379089, 985.0282067843509]
[32.14510715949509, 985.0275001072857]
[32.145108236017876, 985.0273274786666]
[32.145812273700685, 985.0264475947203]
[32.14603794656443, 985.0260956264299]
[32.14611938493399, 985.0254997790347]
[32.14734774005476, 985.0248023532577]
[32.147911601501804, 985.0221471585706]
[32.14825240102276, 985.0218230768081]
[32.14918324864284, 985.0200899562337]
[32.15063032428592, 985.0180703697386]
[32.150763395512456, 985.0173871387491]
[32.15145679750784, 985.0161745925454]
[32.15315721957448, 985.0138870975104]
[32.15348929154826, 985.0128625414607]
[32.154045453203025, 985.0118074494351]
[32.15460351985437, 985.0109265876104]
[32.154855566781556, 985.0106362022917]
[32.155010904087995, 985.0104230787961]
[32.15569844010606, 985.0092870619582]
[32.15624245250411, 985.0085853222381]
[32.157408741504504, 985.0065898282488]
[32.15986025066375, 985.0029280984661]
[32.16092790886948, 985.0011995486618]
[32.161862735346126, 984.9997308967913]
[32.16405270148173, 984.9978814907581]
[32.164315472703365, 984.9962177744449]
[32.16508030679837, 984.9950200531318]
[32.16532713996988, 984.9948511897629]
[32.165407913974846, 984.9948300207487]
[32.16584872305162, 984.9939984279285]
[32.16602286894218, 984.9937864659047]
[32.16645427692146, 984.99312459886]
[32.166988872558015, 984.9930241389977]
[32.167404326378616, 984.9917799953439]
[32.168172342314335, 984.9908174467218]
[32.168338365912795, 984.9907757706583]
[32.168945933435694, 984.9898552935415]
[32.169191555524826, 984.9892930872405]
[32.16969594255513, 984.9885600861135]
[32.1704600886547, 984.9878305924831]
[32.171007451057136, 984.9868074148549]
[32.17361326640874, 984.9850591953248]
[32.17391871840617, 984.9847124412565]
[32.17477587946918, 984.982628663758]
[32.17592195704241, 984.9804580413726]
[32.17665760243887, 984.9798625982111]
[32.178106419265674, 984.9774141555769]
[32.181276415989, 984.97502843413]
[32.182225368540905, 984.9724168642518]
[32.18579032612308, 984.9718531261818]
[32.1870940215219, 984.9662931051814]
[32.190572092084636, 984.9635585139843]
[32.1921977212498, 984.9616814588431]
[32.196550326367614, 984.9579739382841]
[32.19934410809876, 984.9552312678327]
[32.209577701852815, 984.9419030127434]
[32.2249978471924, 984.9270846149955]
[32.25377562663067, 984.8990388282862]
[32.65236805415288, 984.6010308222939]
[32.67549373588293, 984.5745656403668]
[32.683550231934916, 984.568119138822]
[32.70053799671124, 984.5332293668546]
[32.72203981969005, 984.5179528744537]
[32.76900669109649, 984.3594778079337]
[32.804891669970196, 984.2601658777108]
[32.80850913465571, 984.2548264077169]
[32.80896009438218, 984.2278406900264]
[32.81150673913522, 984.2245197556381]
[32.81275664516073, 984.2228350630187]
[32.8161208984425, 984.2184853697773]
[32.81838477003936, 984.2163888555461]
[32.818427395674405, 984.2160764938446]
[32.8188197959326, 984.2152488133875]
[32.8212635450634, 984.212995144401]
[32.82380992932154, 984.209356728495]
[32.830650140509555, 984.2021561616147]
[32.831439605015866, 984.20095135518]
[32.83248003190399, 984.199627314709]
[32.83363010045627, 984.198774471672]
[32.83436726044806, 984.197602881689]
[32.83560291066727, 984.1965222968145]
[32.83585237344981, 984.1959295982534]
[32.837207126470524, 984.1946661150639]
[32.83841291702209, 984.193412504225]
[32.84569965106475, 984.1858894655214]
[32.8488942790609, 984.182553672294]
[32.853287354359026, 984.1792443064691]
[32.8533004202102, 984.1783822390693]
[32.854936789736776, 984.1776991476859]
[32.85768889443544, 984.1752203515329]
[32.85777870598565, 984.174944900157]
[32.85841698100892, 984.1742045719884]
[32.85849305105876, 984.1733820088331]
[32.860156620988505, 984.1725260417953]
[32.86090249044487, 984.1712911744975]
[32.861215167930055, 984.1708908248687]
[32.86293899545395, 984.1692289506169]
[32.86936383076345, 984.164499324838]
[32.87538179522709, 984.1606749332578]
[32.877983076720525, 984.1559554332218]
[32.881577319043984, 984.1540869672654]
[32.88167759905354, 984.1538105414622]
[32.887114779605106, 984.1497158271011]
[32.89034277180982, 984.1464258578918]
[32.89401644135592, 984.1427331201089]
[32.895989862959446, 984.1410832905808]
[32.89940205881638, 984.1387778183279]
[32.91102253686512, 984.1295620112782]
[32.91521186339205, 984.1262743969459]
[32.9174671122782, 984.1257424685004]
[32.95043125025731, 984.1142993966433]
[32.96569980446441, 984.1031741859243]
[33.083129664187744, 984.0192750818096]
[33.19250999281496, 983.9216679359578]
[33.46858040312876, 983.7195820924607]
[33.518302767929235, 983.7041610947554]
[33.57787409378102, 983.6561195073856]
[33.63603431762125, 983.6189174238116]
[33.66462339439936, 983.5992377958036]
[33.919952360518444, 983.3757201068861]
[33.967460654829445, 983.3181786633179]
[33.98600309420133, 983.3011867213896]
[34.000061738918454, 983.2872004698125]
[34.07623980858647, 983.1453446642157]
[34.0848592480671, 983.1382460472257]
[34.088290402845736, 983.1355539805444]
[34.08938616808408, 983.1345812367825]
[34.08951786040009, 983.1344620329113]
[34.090140713775426, 983.1338103353806]
[34.096129229840045, 983.1290019762879]
[34.09703815734168, 983.1284118348112]
[34.097586012094254, 983.1280418108901]
[34.098006065153655, 983.1274973388956]
[34.09879815545079, 983.1273823870752]
[34.099344148744166, 983.1267474241397]
[34.09998365200536, 983.1262376922389]
[34.102367144295336, 983.1242468162378]
[34.10262265566591, 983.1241757959064]
[34.10429593236636, 983.1228959600289]
[34.10458333283842, 983.1223106699396]
[34.10485595108639, 983.122172311641]
[34.10499455526569, 983.122137853322]
[34.105598507675026, 983.1216639809028]
[34.109108309397264, 983.1189088015431]
[34.110434113238526, 983.1180745878005]
[34.11189768698045, 983.116945062884]
[34.11318113436398, 983.1156351758427]
[34.114157684639146, 983.1149521243801]
[34.116385419767695, 983.1134910636806]
[34.11723472666729, 983.1126707681085]
[34.12192323956299, 983.1089754939974]
[34.12251759022464, 983.1085748827514]
[34.12285857873431, 983.1082496444725]
[34.12338766889675, 983.107875421009]
[34.125765360561964, 983.106085209705]
[34.126821277844975, 983.1053174452805]
[34.12794870916963, 983.1044569496571]
[34.1288120584723, 983.1038242170721]
[34.128883768814134, 983.103809236631]
[34.13170149982397, 983.1015565411798]
[34.13209154819378, 983.1013079156028]
[34.13478880672084, 983.099477109698]
[34.13572219932812, 983.0988438210675]
[34.13605749963782, 983.0984675874209]
[34.136766028472195, 983.0978419523466]
[34.14065554937381, 983.0954333587856]
[34.14068653739431, 983.0948728145021]
[34.142611866689116, 983.0938553458287]
[34.14488227668742, 983.0921809290586]
[34.14490049155951, 983.0920644625835]
[34.145888100248705, 983.0913151740002]
[34.1475898141679, 983.09024469384]
[34.14878295319796, 983.089229595114]
[34.15127556500265, 983.0874661879616]
[34.15172063559279, 983.0873247748161]
[34.15216679020904, 983.0868858544934]
[34.15252271604881, 983.0865770457286]
[34.15292626075436, 983.0862036634342]
[34.157005157335924, 983.0836137536146]
[34.15768876176765, 983.0829182393893]
[34.159941686650214, 983.0815868359949]
[34.16004748964393, 983.081097315537]
[34.16056116127405, 983.0810938725415]
[34.1668908200498, 983.0765063592244]
[34.172466366691886, 983.0726778734195]
[34.174615259181074, 983.071199918298]
[34.17804231965985, 983.0686736810766]
[34.18052761059553, 983.0672025454203]
[34.181609748840245, 983.0666311976132]
[34.18298858647026, 983.0657006489041]
[34.18515674522827, 983.064449784831]
[34.191962032697255, 983.0595772546787]
[34.194620906482925, 983.057816120131]
[34.19547298166401, 983.0570501269901]
[34.197694217742495, 983.0558417051391]
[34.19865454839984, 983.0554660008996]
[34.19930793045635, 983.0549697085356]
[34.20453949645302, 983.0512157514033]
[34.204982120238306, 983.0509838759103]
[34.20678770022497, 983.0499983803285]
[34.21201961838001, 983.046539884944]
[34.21334598496731, 983.0454777771859]
[34.217064412580896, 983.0432972901027]
[34.218649823833175, 983.0427155117598]
[34.22073132229006, 983.042112227407]
[34.22106430813228, 983.0407906357278]
[34.22145481267469, 983.040593136492]
[34.22341554312226, 983.039139565664]
[34.22494588860926, 983.0389372502565]
[34.231610747197266, 983.0344006699493]
[34.23277346594595, 983.033796702276]
[34.235172059073754, 983.0319683759944]
[34.24027116216209, 983.0290964547287]
[34.24028905530707, 983.0285668558573]
[34.24073774359048, 983.0281745665104]
[34.24118823036413, 983.0277825986631]
[34.242603839981165, 983.0269099710919]
[34.24703634835816, 983.0241913531854]
[34.24878168907357, 983.023143983984]
[34.25332999487169, 983.0202841937726]
[34.26838241689548, 983.0123040466607]
[34.283334334216924, 983.0034741111207]
[34.28856346504827, 982.9995769819951]
[34.320093481235425, 982.9829434559757]
[34.32870889505585, 982.9778495547259]
[34.32908024446715, 982.9775964427816]
[34.329957501356446, 982.9762173532688]
[34.33185197832715, 982.9751918966297]
[34.336582950547324, 982.9734820113648]
[34.33872869465092, 982.9712573734444]
[34.33921570947446, 982.9708464985445]
[34.34077266117601, 982.9699907032632]
[34.34756087199352, 982.9663025562887]
[34.350095643275814, 982.9651626067758]
[34.355659382499915, 982.9612134349061]
[34.35800209590296, 982.960113067881]
[34.36035181716782, 982.9590153362892]
[34.365072213639024, 982.9568277794052]
[34.372626882188236, 982.9554387088209]
[34.37585005958233, 982.952472590661]
[34.38432287038412, 982.946705287213]
[34.39391826353215, 982.9422545644721]
[34.399078595699805, 982.9385524707214]
[34.406225953222965, 982.9347326994973]
[34.41143838299887, 982.9335025321651]
[34.420477384669084, 982.9297784161232]
[34.429616258149075, 982.9260964483067]
[34.4372132240459, 982.9225886869692]
[34.44267988818968, 982.9174222567224]
[34.44590383688434, 982.9146820659215]
[34.47115919431669, 982.9055621156217]
[34.47809704149452, 982.902882829443]
[34.49341261948864, 982.8923241425686]
[34.49378032729918, 982.8910409469464]
[34.516308828006494, 982.8800121235736]
[34.53870863008565, 982.8733947663063]
[34.543829888445295, 982.8682503435424]
[34.591558605550794, 982.8429286023662]
[34.63128015745308, 982.8269446704941]
[34.646925908930974, 982.8261213933854]
[34.891754823770775, 982.6775062685185]
[34.89658965761336, 982.6750259338949]
[34.96635689287616, 982.6389787926256]
[34.968723242955335, 982.6377091750145]
[34.999478308843365, 982.6216331513023]
[35.02080461074843, 982.6104562963355]
[35.07177244215041, 982.5834813936211]
[35.07402637371397, 982.5822097051188]
[35.12165796754729, 982.5567844668711]
[35.218469265814434, 982.4996951211033]
[35.572007864428976, 982.434835777016]
[35.59215257329613, 982.2869689349994]
[35.593825555339926, 982.2860431081525]
[35.605367592389875, 982.2799349328213]
[35.61329992956421, 982.2757085686236]
[35.61516603802089, 982.274757716481]
[35.621368033479456, 982.2714745980676]
[35.63451294537199, 982.2645153749091]
[35.63457964748267, 982.2644855189478]
[35.6528952953598, 982.2550234199468]
[35.65538403596366, 982.2537487840144]
[35.65787747262152, 982.2524741519535]
[35.66451075266815, 982.249084715681]
[35.70697699609393, 982.2278406111719]
[35.70884903674559, 982.2269241191193]
[35.73835443973483, 982.2125142481425]
[35.740192571033944, 982.2116550051535]
[35.75768439542063, 982.2034871249889]
[35.762981876809356, 982.2009337074703]
[35.76327131118037, 982.2008035306221]
[35.78676401236858, 982.1898172280816]
[36.1398373461317, 982.1167318107657]
[36.183406166129195, 982.0253836656434]
[36.38401278410154, 981.954278433485]
[36.387748658746666, 981.9529544138876]
[36.48320862293483, 981.9211669719531]
[36.48744919776589, 981.9195738665841]
[36.86473527688736, 981.863481877479]
[36.96447121639842, 981.7813616367063]
[37.2571136441321, 981.6927090952879]
[37.73862853989494, 981.4807474116301]
[38.065188279663936, 981.2581640059958]
[38.087636342853465, 981.2423301015483]
[38.25146856651882, 981.1345765204337]
[38.38684382818298, 981.0252171105667]
[38.39224425736114, 981.0226266090425]
[38.44608401713989, 980.9941411586412]
[38.447071063737496, 980.9937347940165]
[38.45105474660659, 980.9921356898499]
[38.45762740364413, 980.9882720872713]
[38.462265054077314, 980.9864362108019]
[38.463230450283106, 980.9855870475324]
[38.46579546371145, 980.9842934990057]
[38.51126966045207, 980.9634531316487]
[38.51346088726931, 980.9627069862572]
[38.5156677799866, 980.9619713825987]
[38.52961043022609, 980.9584408399646]
[38.558717069942745, 980.9440270924397]
[38.561282059701185, 980.9422160545762]
[38.5628131007602, 980.9415951208383]
[38.56467806391086, 980.941460186635]
[38.56769746118087, 980.9404789387328]
[38.569322827466536, 980.9389930800302]
[38.58181904145031, 980.9334980812224]
[38.58302560610634, 980.9331530295892]
[38.584236427217114, 980.9328106133892]
[38.58667088792429, 980.9321336872889]
[38.59284060455372, 980.9303273568755]
[38.61658477724625, 980.925551001757]
[38.6371433239962, 980.9177637106112]
[38.6618932847236, 980.9032408524625]
[38.664572468548464, 980.9026226039206]
[38.67292236868228, 980.9012423524846]
[38.70094095112739, 980.8933601309695]
[38.71485614610417, 980.8859988858782]
[38.73392935048327, 980.8791240444576]
[38.74685888090804, 980.8739977034774]
[38.748325598309876, 980.873716600269]
[38.74979727271271, 980.8734381324937]
[38.75275554298271, 980.8728891032429]
[38.75434641367431, 980.872844261746]
[38.75434641367433, 980.8728442617459]
[38.75722868147667, 980.8718799493935]
[38.7588041690131, 980.8715204933021]
[38.76939841029397, 980.8689656517686]
[38.805428020898994, 980.8567718248333]
[38.8426826266564, 980.8445802730082]
[38.84591300905145, 980.8440899213157]
[38.938139638276255, 980.8164503862714]
[38.943475225999464, 980.8160490254642]
[38.945227966072636, 980.8158318706804]
[38.94698629384408, 980.8156173513298]
[38.98595502833771, 980.8035237308982]
[39.00423178945117, 980.7958368168095]
[39.05612557270916, 980.7874713932856]
[39.113221480745224, 980.7706970171439]
[39.43770443645701, 980.7674207364721]
[39.78095636398471, 980.6659947272549]
[40.00258571587154, 980.6287939806841]
[40.11008594725844, 980.5541664544438]
[41.53070886029589, 980.3602857607599]
[41.78171623441345, 980.3237600201455]
[42.4599830798103, 980.2760680768265]
[42.99618112619224, 980.033388567376]
[42.99745330415399, 980.0332826856402]
[43.111789275811326, 980.0063461283715]
[43.15781710110856, 979.9939051680677]
[43.25898166260662, 979.967312495422]
[43.306098315341295, 979.9541386385771]
[43.38734050115925, 979.9286409332324]
[43.87462132831578, 979.5870564962713]
[43.88630618455859, 979.5666025455438]
[43.92011535361153, 979.5235126462977]
[44.00226541411574, 979.4110178164411]
[44.346001657195245, 979.2118963841042]
[44.52541369673587, 979.1424033641863]
[44.565163356998106, 979.129953711973]
[44.62144456890698, 979.1226188778686]
[44.66183425139119, 979.1057547111571]
[44.766327703103975, 979.0817538372924]
[44.81577338542359, 979.0694681288879]
[44.873109997003326, 979.0575988077743]
[44.882493523478836, 979.0570579700727]
[44.93422115238257, 979.0452996561706]
[44.98757995660022, 979.0335436173787]
[45.177409115757555, 978.9979811766294]
[45.70006842584592, 978.9028660340846]
[46.13116617748457, 978.8377155576819]
[46.21274862122808, 978.8260124953567]
[46.78785057446979, 978.7493205761399]
[51.57158015677378, 978.1817433811427]
[51.92985182685136, 978.1707431473721]
[51.996688818291716, 978.1592883254473]
[53.58624840507275, 978.0661251206506]
[53.616719320547546, 977.8513816326483]
[53.78183049810157, 977.8153342087242]
[53.93112703899072, 977.7796488555601]
[54.06537335059187, 977.744325573156]
[54.769512389093606, 977.6430504280314]
[54.887387560334936, 977.3301971722029]
[55.16507530021228, 977.1527607138111]
[55.609180548624025, 976.986014328004]
[55.77092563759431, 976.9401463735716]
[57.11149656280035, 976.6333368615724]
[57.34006146878997, 976.5971665252334]
[57.581052582439945, 976.5613582596545]
[57.83425318772538, 976.5259120648356]
[58.00983452642636, 976.5022078843838]
[58.09938023063257, 976.4908279407765]
[58.376443259098565, 976.4550990408478]
[60.18109644523997, 976.2414894383022]
[60.35037079096071, 976.2241491027158]
[60.73462619364942, 976.1806236859933]
[60.96834354697104, 976.1569841881351]
[61.08620627238141, 976.145201878877]
[66.29850632862242, 975.6278668362111]
[66.41245803756225, 975.6162092340671]
[68.54497313877837, 975.3790405669064]
[68.84498929219104, 975.3431093889126]
[71.31949482751563, 975.0055481748136]
[72.01953371045343, 974.8918928001576]
[73.88488056763426, 974.5895375524177]
[76.29870018617763, 974.1391106617297]
[76.49111841609955, 974.0932619702014]
[76.94751569637677, 974.0232444072603]
[78.023609631921, 973.8659515209578]
[78.60355212542576, 973.786988972075]
[78.86927863701992, 973.7523340291427]
[79.76758671015801, 973.6387416925323]
[80.05718416224316, 973.6039212796737]
[83.78812949625944, 973.1846238981358]
[89.8926769902975, 972.5336936391531]
[90.55013767089787, 972.4601457516055]
[92.50187371798665, 972.2331766575829]
[92.78688518711256, 972.1994358789523]
[102.63945397079428, 970.9804851569659]
[104.88510635912547, 970.7537427598523]
[106.89322044464728, 970.5766975985566]
[117.83920628171403, 969.7615761601431]
[121.85973345349097, 969.5013353064203]
[131.88735171292717, 968.8364301296997]
[139.64338350658375, 968.1776550799059]
[143.8021167570523, 967.6172931196695]
[145.93041245677892, 967.1797309887262]
[146.86523115248565, 966.9583545638354]
[148.40437797720637, 966.6190934964628]
[152.3504785096453, 966.0214317068335]
[152.91594877074346, 965.9576996197832]
[153.51488018225774, 965.8940930762291]
[158.81881431947673, 965.4419749031595]
[168.52807748655553, 964.9870905719832]
[169.41473783111695, 964.8162110370649]
[173.00222950239174, 964.6423526846316]
[180.38051098886245, 964.3170940665213]
[183.32079927572084, 964.1962105181021]
[202.155737944413, 963.4653245308892]
[221.56884799425143, 962.67531352153]
[240.61542113638262, 961.4555987042083]
[246.93851003053496, 959.8800446906777]
[248.27093373954423, 959.5239165393103]
[248.6852989476504, 959.3353855912495]
[250.0793530534361, 959.2813924960626]
[253.34111967580031, 958.6599383541082]
[259.8907970836574, 958.5751276868858]
[272.2325164038644, 957.4398737427025]
[284.831036202805, 956.9145314896514]
[303.46138054193057, 956.4036484289823]
[315.8510204993521, 955.8972579445642]
[316.90969621314235, 955.8679517420575]
[434.8446415812023, 952.2969352933712]
[437.6634202178454, 950.4090847076403]
[487.2054427830167, 946.7489255622684]
[504.6171943059921, 946.395808117169]
[539.6885856882336, 944.9983793022116]
[550.6258798330423, 944.7353664402184]
[581.901409987421, 943.7782629624604]
[647.478263050233, 942.097411641671]
[648.4135706232357, 941.7770097444483]
[671.5809275500927, 940.9863702131495]
[693.9971082499685, 940.1373373380987]
[703.9576693805246, 940.0109055969599]
[721.9205945145363, 938.9628472338685]
[724.4773011127364, 938.850824386886]
[731.3607371777323, 938.5450361685126]
[744.3844773633889, 938.4172363548042]
[747.7306624618681, 937.8131813486045]
[750.0121460282999, 937.7137241443287]
[751.8577902043194, 937.6301302398433]
[787.8426749294995, 936.1219282903013]
[788.3881358011354, 936.1020822233048]
[788.6613050960207, 936.0921966294775]
[789.4504051079729, 936.0647448893274]
[797.1097084448006, 936.0438370606854]
[822.4573126479477, 934.843659223037]
[830.9863449599571, 934.6565375313382]
[854.0738979935265, 933.9728987017262]
[865.3028126949769, 933.6502596031004]
[868.0537058718734, 933.574542346594]
[870.4495429288155, 933.5508989060542]
[905.7853096368923, 932.919035815754]
[923.3174905442522, 932.6734666041278]
[942.4362146322337, 932.5638322103091]
[944.5648185753253, 932.5201822719266]
[1026.0426908813206, 932.3701501054153]
values
[31.37004118308546, 987.7836315529154]
[31.370050658939668, 987.7827652096285]
[31.370062979374822, 987.7810325996363]
[31.370103383889543, 987.7775676859791]
[31.37014732067237, 987.7741031807575]
[31.37021620083114, 987.7706390839719]
[31.370929454259546, 987.7151301545541]
[31.370937488801694, 987.7146987186899]
[31.370945734928686, 987.7142672892073]
[31.370963064972038, 987.7134044493877]
[31.37100217425634, 987.7116788463302]
[31.371112054755372, 987.7108330318405]
[31.371232021107232, 987.7020675600334]
[31.371301854948726, 987.7004903703408]
[31.371510236551657, 987.690151384764]
[31.37249660464006, 987.6594743670498]
[31.372591963153088, 987.6531190321843]
[31.37262572354325, 987.6525943603203]
[31.372825709051014, 987.6462432181675]
[31.372869000558254, 987.6453838562878]
[31.372915666253512, 987.6445245199355]
[31.373019006972733, 987.6428059238127]
[31.37320324884624, 987.6399028358669]
[31.373262598198, 987.6393690378939]
[31.373504938550596, 987.6388392480916]
[31.37374507735485, 987.6347265961303]
[31.37473313341606, 987.6019050348247]
[31.375300534780653, 987.5887729848743]
[31.37587873460191, 987.5795489059755]
[31.375995846648763, 987.5782650513481]
[31.376027868499857, 987.5781241812891]
[31.37603583156385, 987.5778371125692]
[31.376076256126815, 987.5774091801723]
[31.37611709854627, 987.5769812541571]
[31.37619994557775, 987.5761254212721]
[31.376983307671825, 987.571587866967]
[31.377687236979398, 987.5624763185991]
[31.378701030400325, 987.5387636796426]
[31.379370198904578, 987.5167315962999]
[31.37967139960973, 987.5116166242314]
[31.3797283777973, 987.5107642182319]
[31.379757594653444, 987.5103380248049]
[31.379787295240344, 987.5099118377598]
[31.38014270878503, 987.5058862598692]
[31.380326074421284, 987.503093712963]
[31.380640199115817, 987.5021114376292]
[31.380945869289455, 987.4975295458787]
[31.381245360425627, 987.4941244719749]
[31.38477232837073, 987.4536499842342]
[31.384803492079744, 987.4532249668589]
[31.384820130869763, 987.4526556025951]
[31.385360834661988, 987.4441651732759]
[31.38541614017532, 987.4433162707437]
[31.385463315463063, 987.4425477330303]
[31.38547183633369, 987.4424673937389]
[31.385952317114413, 987.4366770488572]
[31.38664874215813, 987.4312445734345]
[31.387143378951755, 987.4205662324084]
[31.388147237607658, 987.4128769901893]
[31.388571775129392, 987.4077980228483]
[31.390470949463896, 987.3865248494398]
[31.391314320229263, 987.3771945531089]
[31.391445058252987, 987.3759307846566]
[31.391790244828584, 987.3714184293977]
[31.392266747160505, 987.3679864327246]
[31.392723729848147, 987.3593149088163]
[31.393177129349166, 987.358673075112]
[31.395534356906982, 987.321566664884]
[31.39570057943369, 987.3198805454339]
[31.39598741691102, 987.3175096595755]
[31.396357179867785, 987.3173246790896]
[31.397075569958194, 987.3078054909284]
[31.400495320531494, 987.2840492011908]
[31.40274048009069, 987.2715453323727]
[31.412485254798675, 987.18757490418]
[31.41260155142712, 987.1850697445334]
[31.414012336710844, 987.1523813316988]
[31.415168624648764, 987.1475774775521]
[31.415474681312563, 987.1442504200976]
[31.41580714448809, 987.1409237710791]
[31.415925503317634, 987.1332618594524]
[31.417422524443666, 987.1276212593632]
[31.41790217553423, 987.1242966525239]
[31.418646547153994, 987.1195224284069]
[31.419005145491667, 987.114177933543]
[31.438345549736635, 987.0530384713508]
[31.44691688178846, 986.9972144112127]
[31.44810694195842, 986.9881623442302]
[31.449773248735397, 986.9500557798156]
[31.450036826958033, 986.9424261513208]
[31.450047179847658, 986.9384575808383]
[31.45276045430202, 986.8985942622053]
[31.45321144725533, 986.8964234457493]
[31.453443098978248, 986.8914907315773]
[31.45371463305175, 986.890957781877]
[31.454761683402236, 986.8822176168604]
[31.45584133456773, 986.8767833053772]
[31.456383491035854, 986.8735113781739]
[31.456956774891243, 986.8702398594066]
[31.458198083807883, 986.8636980471794]
[31.45856459804563, 986.8626243498946]
[31.45886656201322, 986.8604277537196]
[31.459567067132582, 986.8571578686956]
[31.45994986834401, 986.8560859395332]
[31.460299584322144, 986.8538883921075]
[31.461063996483773, 986.8506193239551]
[31.46120437743679, 986.8495518857952]
[31.46146025279014, 986.8495491629151]
[31.46192716195537, 986.8461991695457]
[31.462687472754563, 986.8452140238353]
[31.46324570504861, 986.8419440132304]
[31.46596951822971, 986.8321425117989]
[31.46729691789277, 986.8276774002139]
[31.473437761693887, 986.8091911772192]
[31.50066387106456, 986.7312017558509]
[31.507446275223042, 986.7031515377653]
[31.512053289311634, 986.6784872873243]
[31.513981237729947, 986.6654261595193]
[31.514916588865916, 986.660634486837]
[31.52677089614497, 986.566331312717]
[31.526965263543918, 986.5652214893701]
[31.5273396583356, 986.563120501132]
[31.52822615990905, 986.5583265931695]
[31.528380990331197, 986.5575233028383]
[31.529027959206218, 986.5541905597074]
[31.52922898785495, 986.5532779136311]
[31.52958188592669, 986.5514335808404]
[31.529891728920774, 986.5500672349322]
[31.530016186623648, 986.5493408109493]
[31.53006806292815, 986.5491234581192]
[31.53015157971942, 986.5486769033927]
[31.53090119028318, 986.5451951950193]
[31.53094225451663, 986.5449730927198]
[31.531139745130623, 986.5440687565115]
[31.531187023630174, 986.5438534431498]
[31.531338979986337, 986.5431644527557]
[31.53165076790089, 986.5417649990148]
[31.5317426989309, 986.5413559426023]
[31.532381356392246, 986.5385573137457]
[31.5325913017192, 986.5376532077966]
[31.532792892378023, 986.536792184683]
[31.53390923246777, 986.5321431685152]
[31.53552630432096, 986.5257306570279]
[31.536368190222955, 986.5225250139381]
[31.536742381308642, 986.5211267069855]
[31.536986394541653, 986.5202232269085]
[31.53723215213559, 986.519319779284]
[31.53743394140421, 986.5183877861302]
[31.53811800714412, 986.5161149530659]
[31.538533105817763, 986.5142546484351]
[31.539025520986296, 986.5129105352836]
[31.539438247452775, 986.5110519987751]
[31.539834782094488, 986.5101150681669]
[31.539954408711033, 986.5097065259372]
[31.5409043354762, 986.5065029250266]
[31.54131061176564, 986.5046479247628]
[31.541773253402784, 986.5028005787161]
[31.54286572308648, 986.5000969485129]
[31.54317562177494, 986.4991082520593]
[31.543263278315166, 986.4982454844939]
[31.543718261660295, 986.4964016746919]
[31.544489096721552, 986.494981939374]
[31.544906046599397, 986.4936926057427]
[31.545189264238342, 986.4925950544256]
[31.545292647773227, 986.4918446779683]
[31.545507797206245, 986.4909235844125]
[31.545737644752222, 986.4900044044111]
[31.546469606437583, 986.4885099919198]
[31.546747280706438, 986.4881062586626]
[31.547274365263696, 986.4863354432274]
[31.54831986397621, 986.4817796847783]
[31.54938283304116, 986.4785842472857]
[31.552520675711307, 986.4742621336422]
[31.553467192407112, 986.4701831892268]
[31.55448238125209, 986.4661167400023]
[31.56506775962322, 986.4340349730813]
[31.575073012563042, 986.4061829343998]
[31.587320256599185, 986.371041343142]
[31.593674142928197, 986.3525161071675]
[31.598881025429545, 986.3366665269721]
[31.60105547226636, 986.3294775443321]
[31.603193277803307, 986.3222956452347]
[31.604477612771706, 986.3174412092823]
[31.618055294697708, 986.2855173710532]
[31.62087309194747, 986.270743552569]
[31.622573579346763, 986.2613418454987]
[31.624471525822425, 986.2519414382438]
[31.631825214365602, 986.222843756303]
[31.633244444824392, 986.2179191129844]
[31.634213127521026, 986.2143528073776]
[31.634709743942178, 986.2129944697888]
[31.634914202884715, 986.2121130763621]
[31.637785956450568, 986.2031451837656]
[31.640497347161148, 986.1948933518706]
[31.641068699666416, 986.1932958982335]
[31.642792048301988, 986.1883712556514]
[31.64522774692896, 986.1810041512838]
[31.65928236532107, 986.1430875503634]
[31.661144576612223, 986.1383397347082]
[31.663040192657228, 986.1335619474424]
[31.664114683956353, 986.1308338407981]
[31.664211976182024, 986.1306379527244]
[31.665106858307343, 986.1287678750442]
[31.666440740836492, 986.1251374376229]
[31.666768903525078, 986.1244015594513]
[31.668034334865784, 986.1212882223234]
[31.66831208143546, 986.1205860235124]
[31.66991675775386, 986.1166921005779]
[31.671446737278863, 986.1131175518916]
[31.67515624941025, 986.1042722562754]
[31.67518216041756, 986.1041548841878]
[31.67631646639021, 986.1014804747855]
[31.679790782787254, 986.0935036780495]
[31.683497468164987, 986.0847909018299]
[31.687090697401047, 986.0765319070363]
[31.710814208690213, 986.0217476652988]
[31.744639771491613, 985.9491382950969]
[31.751893214131186, 985.904496034335]
[31.752025294707202, 985.9034275078083]
[31.7530440904377, 985.9001397943641]
[31.78975479384154, 985.7571028454515]
[31.79033381163185, 985.7568950450352]
[31.790708721947816, 985.7540784124201]
[31.79168100646078, 985.7510543878243]
[31.7918999607698, 985.7504199029003]
[31.792001040448497, 985.7501638880191]
[31.792175202107856, 985.7496434357138]
[31.792402285600158, 985.7489307368617]
[31.792524383983448, 985.7486286597489]
[31.793319621544633, 985.7479576009248]
[31.793338702894037, 985.7462673084505]
[31.79368137980405, 985.7452488508674]
[31.79412400047361, 985.744025068854]
[31.794749248951035, 985.7432319011095]
[31.795978090813083, 985.7392965807157]
[31.79632799910562, 985.7378918334641]
[31.79737566357755, 985.7362972579489]
[31.797438110767168, 985.7358843910387]
[31.798202964613267, 985.7338396364416]
[31.799002224665742, 985.7311578531253]
[31.800192278062312, 985.7285230826421]
[31.80034864673234, 985.7272215162284]
[31.80039037379539, 985.7271721074915]
[31.8007911125229, 985.7261610396465]
[31.80099284786167, 985.7256421140106]
[31.8010536229199, 985.725284563311]
[31.80120375019942, 985.7250422889357]
[31.8013673302284, 985.7247576132735]
[31.80148393809667, 985.7244315823998]
[31.801540982047044, 985.724365185166]
[31.80162492266052, 985.7241263860202]
[31.80174443276001, 985.7238734689242]
[31.801887326927417, 985.7238177161263]
[31.80194903362984, 985.7233547665679]
[31.80211504690514, 985.72312212045]
[31.802359643536377, 985.7223445297643]
[31.80241820654482, 985.7221841837016]
[31.802530491401246, 985.721740800845]
[31.802692213697267, 985.7214784854398]
[31.80313200688468, 985.7206375397452]
[31.803172013578283, 985.7202974121068]
[31.803559403572795, 985.7197825912714]
[31.803719147039764, 985.7189767958996]
[31.80384570962376, 985.7186993408503]
[31.804097259742942, 985.7182477652425]
[31.804240053080004, 985.7177598062005]
[31.80682987779813, 985.7116517272524]
[31.807533175425004, 985.7101308207723]
[31.808318557773127, 985.7082663811625]
[31.80917507590578, 985.7063117386134]
[31.809516218472055, 985.7055492320795]
[31.810683589371905, 985.7030186843242]
[31.81089622381111, 985.7025000784089]
[31.811595536193987, 985.7009760250525]
[31.812065026215468, 985.699969496369]
[31.81220132030287, 985.6995196264176]
[31.812301090343855, 985.6994523206821]
[31.812439945696855, 985.6992022386196]
[31.81252669269097, 985.6991903360552]
[31.8125373058933, 985.6989631494799]
[31.8127405023848, 985.6985741754008]
[31.813203043085025, 985.6972726543619]
[31.813203043085036, 985.6972726543618]
[31.81338568700865, 985.6971618598968]
[31.813681385590694, 985.6962541724898]
[31.814105175235273, 985.6957132920589]
[31.820344100017802, 985.6823927213571]
[31.82642914714228, 985.6705777209945]
[31.82698140888247, 985.6695620237905]
[31.83408092824867, 985.6567437387058]
[31.84759341432514, 985.6398212117974]
[31.853018693340953, 985.6314226115085]
[31.86888800704559, 985.6081356588536]
[32.024809801128534, 985.4146557351386]
[32.06025707777792, 985.3560723138447]
[32.07449443503124, 985.323992460472]
[32.10702447798789, 985.158583276253]
[32.11274544916951, 985.1262293735394]
[32.13035385363449, 985.058075975123]
[32.131899907518175, 985.0541799600185]
[32.13193830256479, 985.0511656528282]
[32.13290046135071, 985.0490144906198]
[32.13364194057478, 985.0473379976864]
[32.1350235173216, 985.0471255337488]
[32.135416202011335, 985.046186829946]
[32.13580271137096, 985.0458712660181]
[32.13694463861705, 985.0439276140496]
[32.13704754095924, 985.0428890021382]
[32.1370889345039, 985.0400830458436]
[32.13834772278419, 985.0374110442708]
[32.14076592284003, 985.0328408366632]
[32.14091771441647, 985.0324499091993]
[32.141357448756835, 985.0317560275237]
[32.14164552790894, 985.0309420345934]
[32.1423732914218, 985.0295865567945]
[32.142675889541756, 985.0290444546441]
[32.14297993132404, 985.0285024461299]
[32.14372304139672, 985.027147845024]
[32.1438068236625, 985.0268761438931]
[32.144443769494025, 985.0259733154251]
[32.14448320861978, 985.025641135884]
[32.14464420448843, 985.0252501672966]
[32.145125937795726, 985.0244820310296]
[32.145774730875715, 985.0233232336786]
[32.1479116015018, 985.0221471585706]
[32.14825240102276, 985.0218230768081]
[32.14842811341889, 985.0212643517887]
[32.14879175715724, 985.0180310335796]
[32.150763395512456, 985.0173871387491]
[32.15082154270205, 985.017144344915]
[32.15106077091928, 985.0144291418552]
[32.15121976070845, 985.01383967916]
[32.15336218687635, 985.0104335732015]
[32.15356230368351, 985.0102254488509]
[32.15408518894306, 985.009278411663]
[32.15624245250411, 985.0085853222381]
[32.157408741504504, 985.0065898282488]
[32.15800764368756, 985.0032398743414]
[32.15819779643329, 985.0028487547496]
[32.159049277636015, 985.0020214844626]
[32.16092790886948, 985.0011995486618]
[32.161862735346126, 984.9997308967913]
[32.16310092358442, 984.995667748084]
[32.16330113650411, 984.9952765782241]
[32.16354815390529, 984.9952562126814]
[32.16508030679837, 984.9950200531318]
[32.16532713996988, 984.9948511897629]
[32.165392834069536, 984.9944984034254]
[32.165613886282, 984.9928846253533]
[32.16562268968755, 984.9918961800864]
[32.167404326378616, 984.9917799953439]
[32.16744226082477, 984.9892025265597]
[32.16825399727195, 984.9884994840808]
[32.169414491833734, 984.9870403675958]
[32.17019943168635, 984.9854255191848]
[32.1707050744258, 984.9847212442003]
[32.171746063800974, 984.9831344350744]
[32.17387726991659, 984.9809526919441]
[32.17592195704241, 984.9804580413726]
[32.17665760243887, 984.9798625982111]
[32.177184294082075, 984.9769739123046]
[32.17753750153303, 984.9755922611371]
[32.17954223388769, 984.9738098627979]
[32.179771477239484, 984.9734185417338]
[32.182225368540905, 984.9724168642518]
[32.182507020981625, 984.9714701546923]
[32.1870940215219, 984.9662931051814]
[32.18848432137763, 984.9620179584819]
[32.1921977212498, 984.9616814588431]
[32.19417825209514, 984.9573930138815]
[32.195223634035386, 984.9543808629655]
[32.209577701852815, 984.9419030127434]
[32.2249978471924, 984.9270846149955]
[32.25377562663067, 984.8990388282862]
[32.65236805415288, 984.6010308222939]
[32.67114334215684, 984.5751393898709]
[32.67549373588293, 984.5745656403668]
[32.677196210641114, 984.5668181090753]
[32.68486318964015, 984.5580660222486]
[32.70053799671124, 984.5332293668546]
[32.72203981969005, 984.5179528744537]
[32.76900669109649, 984.3594778079337]
[32.802675111895695, 984.2363646018246]
[32.80553184121777, 984.2328221347157]
[32.80896009438218, 984.2278406900264]
[32.81150673913522, 984.2245197556381]
[32.81275664516073, 984.2228350630187]
[32.8161208984425, 984.2184853697773]
[32.81739436070588, 984.2165218622179]
[32.818160561920784, 984.2160894952216]
[32.818427395674405, 984.2160764938446]
[32.818671555272765, 984.2148261296295]
[32.81979112229255, 984.2143304089407]
[32.8212635450634, 984.212995144401]
[32.82232689869043, 984.2096886346125]
[32.82373063496807, 984.2077984293439]
[32.826295868980125, 984.2064335333871]
[32.82763188893034, 984.204001228876]
[32.829550034221, 984.2012942607652]
[32.830284111572524, 984.200284850816]
[32.83194530848308, 984.1990773048647]
[32.83255067816437, 984.1980471158361]
[32.83402546280444, 984.1976772556234]
[32.83436726044806, 984.197602881689]
[32.83560291066727, 984.1965222968145]
[32.83585237344981, 984.1959295982534]
[32.837207126470524, 984.1946661150639]
[32.83841291702209, 984.193412504225]
[32.83876487579414, 984.1920910285685]
[32.84034790333531, 984.190978603563]
[32.84069683017226, 984.1891755832015]
[32.84191801472519, 984.1883254384904]
[32.84496904153588, 984.1860332695776]
[32.84569965106475, 984.1858894655214]
[32.8488942790609, 984.182553672294]
[32.85071497342552, 984.1802245841143]
[32.85180393974805, 984.1781022783542]
[32.854936789736776, 984.1776991476859]
[32.85526306069469, 984.1754093027265]
[32.8566438105745, 984.1744247703576]
[32.85841698100892, 984.1742045719884]
[32.85849305105876, 984.1733820088331]
[32.85960547001626, 984.1709176193232]
[32.861215167930055, 984.1708908248687]
[32.86169393640007, 984.1694992703074]
[32.86226937919037, 984.168437652167]
[32.867699774730454, 984.1634828659699]
[32.86904928197064, 984.1628517579634]
[32.87328325907708, 984.158802662142]
[32.875524902277746, 984.157078559326]
[32.87610934874253, 984.1561975444882]
[32.877983076720525, 984.1559554332218]
[32.87987813284338, 984.1530347650282]
[32.88386689362066, 984.1501310062293]
[32.88450598345951, 984.1495951364873]
[32.885478936772195, 984.1481347596181]
[32.88837503897282, 984.1458373694733]
[32.89401644135592, 984.1427331201089]
[32.895989862959446, 984.1410832905808]
[32.896032634378095, 984.1398121936526]
[32.89898951408943, 984.1377583944429]
[32.90801081510431, 984.1302813599517]
[32.91102253686512, 984.1295620112782]
[32.91521186339205, 984.1262743969459]
[32.9174671122782, 984.1257424685004]
[32.95043125025731, 984.1142993966433]
[32.96569980446441, 984.1031741859243]
[33.083129664187744, 984.0192750818096]
[33.19250999281496, 983.9216679359578]
[33.44294055318474, 983.8661157362651]
[33.46858040312876, 983.7195820924607]
[33.518302767929235, 983.7041610947554]
[33.57787409378102, 983.6561195073856]
[33.608321258179856, 983.6367477095782]
[33.61543968302406, 983.6322064537026]
[33.63603431762125, 983.6189174238116]
[33.66462339439936, 983.5992377958036]
[33.919952360518444, 983.3757201068861]
[33.967460654829445, 983.3181786633179]
[33.98600309420133, 983.3011867213896]
[34.000061738918454, 983.2872004698125]
[34.07623980858647, 983.1453446642157]
[34.08328290648207, 983.1394107062307]
[34.0848592480671, 983.1382460472257]
[34.088290402845736, 983.1355539805444]
[34.08938616808408, 983.1345812367825]
[34.08951786040009, 983.1344620329113]
[34.090140713775426, 983.1338103353806]
[34.09275683347459, 983.1316992482429]
[34.09370138956229, 983.130932119055]
[34.096129229840045, 983.1290019762879]
[34.09703815734168, 983.1284118348112]
[34.097586012094254, 983.1280418108901]
[34.098006065153655, 983.1274973388956]
[34.09879815545079, 983.1273823870752]
[34.099344148744166, 983.1267474241397]
[34.09998365200536, 983.1262376922389]
[34.10183945949795, 983.1245134669923]
[34.10216689055181, 983.1241800274016]
[34.10262265566591, 983.1241757959064]
[34.10429593236636, 983.1228959600289]
[34.10458333283842, 983.1223106699396]
[34.10485595108639, 983.122172311641]
[34.10499455526569, 983.122137853322]
[34.105598507675026, 983.1216639809028]
[34.109108309397264, 983.1189088015431]
[34.110434113238526, 983.1180745878005]
[34.11189768698045, 983.116945062884]
[34.11318113436398, 983.1156351758427]
[34.114157684639146, 983.1149521243801]
[34.116385419767695, 983.1134910636806]
[34.11723472666729, 983.1126707681085]
[34.11895740153696, 983.1112192957897]
[34.121689090365955, 983.1091686312759]
[34.12192323956299, 983.1089754939974]
[34.12251759022464, 983.1085748827514]
[34.12285857873431, 983.1082496444725]
[34.12338766889675, 983.107875421009]
[34.125765360561964, 983.106085209705]
[34.12578035942984, 983.106040161131]
[34.126788946992406, 983.10530115393]
[34.12794870916963, 983.1044569496571]
[34.128239726379995, 983.1042881411277]
[34.1288120584723, 983.1038242170721]
[34.128883768814134, 983.103809236631]
[34.13170149982397, 983.1015565411798]
[34.13209154819378, 983.1013079156028]
[34.1328046119269, 983.100838814445]
[34.13478880672084, 983.099477109698]
[34.13572219932812, 983.0988438210675]
[34.13605749963782, 983.0984675874209]
[34.13629797580932, 983.0983235900727]
[34.136766028472195, 983.0978419523466]
[34.13930343935314, 983.0961287875753]
[34.14065554937381, 983.0954333587856]
[34.14068653739431, 983.0948728145021]
[34.142611866689116, 983.0938553458287]
[34.14488227668742, 983.0921809290586]
[34.14490049155951, 983.0920644625835]
[34.145888100248705, 983.0913151740002]
[34.1475898141679, 983.09024469384]
[34.14878295319796, 983.089229595114]
[34.15127556500265, 983.0874661879616]
[34.15172063559279, 983.0873247748161]
[34.15216679020904, 983.0868858544934]
[34.15252271604881, 983.0865770457286]
[34.15292626075436, 983.0862036634342]
[34.157005157335924, 983.0836137536146]
[34.15768876176765, 983.0829182393893]
[34.159941686650214, 983.0815868359949]
[34.16004748964393, 983.081097315537]
[34.16056116127405, 983.0810938725415]
[34.1668908200498, 983.0765063592244]
[34.172466366691886, 983.0726778734195]
[34.173852822098205, 983.0715921482166]
[34.174615259181074, 983.071199918298]
[34.17804231965985, 983.0686736810766]
[34.18024653997733, 983.0672209955048]
[34.18052761059553, 983.0672025454203]
[34.181351580410364, 983.066495191491]
[34.182458572905766, 983.0657697466585]
[34.18298858647026, 983.0657006489041]
[34.18515674522827, 983.064449784831]
[34.191962032697255, 983.0595772546787]
[34.194620906482925, 983.057816120131]
[34.19547298166401, 983.0570501269901]
[34.197694217742495, 983.0558417051391]
[34.19865454839984, 983.0554660008996]
[34.19930793045635, 983.0549697085356]
[34.20208707721412, 983.0527216098512]
[34.20453949645302, 983.0512157514033]
[34.204982120238306, 983.0509838759103]
[34.20678770022497, 983.0499983803285]
[34.209881456068445, 983.0476337681308]
[34.21103439621438, 983.0469147453011]
[34.21201961838001, 983.046539884944]
[34.21334598496731, 983.0454777771859]
[34.217064412580896, 983.0432972901027]
[34.21789449071941, 983.0425427077793]
[34.22073132229006, 983.042112227407]
[34.22106430813228, 983.0407906357278]
[34.22145481267469, 983.040593136492]
[34.22341554312226, 983.039139565664]
[34.22494588860926, 983.0389372502565]
[34.231610747197266, 983.0344006699493]
[34.23277346594595, 983.033796702276]
[34.235172059073754, 983.0319683759944]
[34.24027116216209, 983.0290964547287]
[34.24028905530707, 983.0285668558573]
[34.24073774359048, 983.0281745665104]
[34.24118823036413, 983.0277825986631]
[34.242603839981165, 983.0269099710919]
[34.24703634835816, 983.0241913531854]
[34.24878168907357, 983.023143983984]
[34.25332999487169, 983.0202841937726]
[34.26838241689548, 983.0123040466607]
[34.27469928500528, 983.0044358585399]
[34.283334334216924, 983.0034741111207]
[34.28856346504827, 982.9995769819951]
[34.320093481235425, 982.9829434559757]
[34.32870889505585, 982.9778495547259]
[34.32908024446715, 982.9775964427816]
[34.329957501356446, 982.9762173532688]
[34.33185197832715, 982.9751918966297]
[34.336582950547324, 982.9734820113648]
[34.33872869465092, 982.9712573734444]
[34.33921570947446, 982.9708464985445]
[34.34077266117601, 982.9699907032632]
[34.34756087199352, 982.9663025562887]
[34.350095643275814, 982.9651626067758]
[34.355659382499915, 982.9612134349061]
[34.35800209590296, 982.960113067881]
[34.36035181716782, 982.9590153362892]
[34.365072213639024, 982.9568277794052]
[34.372626882188236, 982.9554387088209]
[34.37585005958233, 982.952472590661]
[34.38432287038412, 982.946705287213]
[34.390957948482985, 982.9432157408579]
[34.39391826353215, 982.9422545644721]
[34.399078595699805, 982.9385524707214]
[34.406225953222965, 982.9347326994973]
[34.41143838299887, 982.9335025321651]
[34.420477384669084, 982.9297784161232]
[34.429616258149075, 982.9260964483067]
[34.4372132240459, 982.9225886869692]
[34.44267988818968, 982.9174222567224]
[34.44590383688434, 982.9146820659215]
[34.46945283512751, 982.894681212162]
[34.49341261948864, 982.8923241425686]
[34.49378032729918, 982.8910409469464]
[34.516308828006494, 982.8800121235736]
[34.52500914207127, 982.8665171125414]
[34.54646482966382, 982.8554010049855]
[34.591558605550794, 982.8429286023662]
[34.625108561597585, 982.8141796059006]
[34.891754823770775, 982.6775062685185]
[34.89658965761336, 982.6750259338949]
[34.96635689287616, 982.6389787926256]
[34.968723242955335, 982.6377091750145]
[34.999478308843365, 982.6216331513023]
[35.02080461074843, 982.6104562963355]
[35.07177244215041, 982.5834813936211]
[35.07402637371397, 982.5822097051188]
[35.12165796754729, 982.5567844668711]
[35.218469265814434, 982.4996951211033]
[35.51176394968861, 982.3313188321703]
[35.557433751091075, 982.305554774375]
[35.59215257329613, 982.2869689349994]
[35.593825555339926, 982.2860431081525]
[35.605367592389875, 982.2799349328213]
[35.61329992956421, 982.2757085686236]
[35.61516603802089, 982.274757716481]
[35.621368033479456, 982.2714745980676]
[35.63451294537199, 982.2645153749091]
[35.63457964748267, 982.2644855189478]
[35.6528952953598, 982.2550234199468]
[35.65538403596366, 982.2537487840144]
[35.65787747262152, 982.2524741519535]
[35.66451075266815, 982.249084715681]
[35.70697699609393, 982.2278406111719]
[35.70884903674559, 982.2269241191193]
[35.73835443973483, 982.2125142481425]
[35.740192571033944, 982.2116550051535]
[35.75768439542063, 982.2034871249889]
[35.7603303772008, 982.202210414294]
[35.762981876809356, 982.2009337074703]
[35.76327131118037, 982.2008035306221]
[35.78289362542324, 982.1915537723677]
[35.78676401236858, 982.1898172280816]
[35.81559798719913, 982.1768581933803]
[36.1166945284186, 982.0507594027457]
[36.183406166129195, 982.0253836656434]
[36.2122301588664, 982.0147731642099]
[36.38312529000829, 981.9544558746709]
[36.38401278410154, 981.954278433485]
[36.387748658746666, 981.9529544138876]
[36.48320862293483, 981.9211669719531]
[36.48744919776589, 981.9195738665841]
[36.53531392003373, 981.9030820259841]
[36.67583845453919, 981.866305555446]
[36.86473527688736, 981.863481877479]
[36.96447121639842, 981.7813616367063]
[37.2571136441321, 981.6927090952879]
[37.73862853989494, 981.4807474116301]
[38.065188279663936, 981.2581640059958]
[38.087636342853465, 981.2423301015483]
[38.18509744506683, 981.2234188941388]
[38.25146856651882, 981.1345765204337]
[38.38684382818298, 981.0252171105667]
[38.39224425736114, 981.0226266090425]
[38.44608401713989, 980.9941411586412]
[38.447071063737496, 980.9937347940165]
[38.45105474660659, 980.9921356898499]
[38.45762740364413, 980.9882720872713]
[38.462265054077314, 980.9864362108019]
[38.463230450283106, 980.9855870475324]
[38.46579546371145, 980.9842934990057]
[38.51126966045207, 980.9634531316487]
[38.51346088726931, 980.9627069862572]
[38.5156677799866, 980.9619713825987]
[38.52961043022609, 980.9584408399646]
[38.558717069942745, 980.9440270924397]
[38.55988596649365, 980.9428907402562]
[38.561282059701185, 980.9422160545762]
[38.5628131007602, 980.9415951208383]
[38.56467806391086, 980.941460186635]
[38.56769746118087, 980.9404789387328]
[38.569322827466536, 980.9389930800302]
[38.58181904145031, 980.9334980812224]
[38.58302560610634, 980.9331530295892]
[38.584236427217114, 980.9328106133892]
[38.58667088792429, 980.9321336872889]
[38.59284060455372, 980.9303273568755]
[38.61658477724625, 980.925551001757]
[38.6371433239962, 980.9177637106112]
[38.6618932847236, 980.9032408524625]
[38.664572468548464, 980.9026226039206]
[38.67292236868228, 980.9012423524846]
[38.70094095112739, 980.8933601309695]
[38.71485614610417, 980.8859988858782]
[38.73392935048327, 980.8791240444576]
[38.74685888090804, 980.8739977034774]
[38.748325598309876, 980.873716600269]
[38.74979727271271, 980.8734381324937]
[38.75275554298271, 980.8728891032429]
[38.75434641367431, 980.872844261746]
[38.75434641367433, 980.8728442617459]
[38.75722868147667, 980.8718799493935]
[38.7588041690131, 980.8715204933021]
[38.76939841029397, 980.8689656517686]
[38.805428020898994, 980.8567718248333]
[38.8426826266564, 980.8445802730082]
[38.84591300905145, 980.8440899213157]
[38.938139638276255, 980.8164503862714]
[38.943475225999464, 980.8160490254642]
[38.945227966072636, 980.8158318706804]
[38.94698629384408, 980.8156173513298]
[38.98595502833771, 980.8035237308982]
[39.00423178945117, 980.7958368168095]
[39.05612557270916, 980.7874713932856]
[39.113221480745224, 980.7706970171439]
[39.43770443645701, 980.7674207364721]
[39.78095636398471, 980.6659947272549]
[40.00258571587154, 980.6287939806841]
[40.10332228670208, 980.5548226994254]
[40.11008594725844, 980.5541664544438]
[41.53070886029589, 980.3602857607599]
[41.78171623441345, 980.3237600201455]
[42.025482723484, 980.2875963502912]
[42.259277024634514, 980.2517947511968]
[42.99618112619224, 980.033388567376]
[42.99745330415399, 980.0332826856402]
[43.111789275811326, 980.0063461283715]
[43.156684156992256, 979.9939801594603]
[43.15781710110856, 979.9939051680677]
[43.25898166260662, 979.967312495422]
[43.306098315341295, 979.9541386385771]
[43.38734050115925, 979.9286409332324]
[43.87462132831578, 979.5870564962713]
[43.88630618455859, 979.5666025455438]
[43.92011535361153, 979.5235126462977]
[44.00226541411574, 979.4110178164411]
[44.346001657195245, 979.2118963841042]
[44.52541369673587, 979.1424033641863]
[44.565163356998106, 979.129953711973]
[44.62144456890698, 979.1226188778686]
[44.66183425139119, 979.1057547111571]
[44.766327703103975, 979.0817538372924]
[44.81577338542359, 979.0694681288879]
[44.873109997003326, 979.0575988077743]
[44.882493523478836, 979.0570579700727]
[44.93422115238257, 979.0452996561706]
[44.98757995660022, 979.0335436173787]
[45.177409115757555, 978.9979811766294]
[45.70006842584592, 978.9028660340846]
[46.13116617748457, 978.8377155576819]
[46.21274862122808, 978.8260124953567]
[46.78785057446979, 978.7493205761399]
[46.8490275001952, 978.7113640677991]
[51.57158015677378, 978.1817433811427]
[51.92985182685136, 978.1707431473721]
[51.996688818291716, 978.1592883254473]
[53.58624840507275, 978.0661251206506]
[53.616719320547546, 977.8513816326483]
[53.78183049810157, 977.8153342087242]
[53.93112703899072, 977.7796488555601]
[54.06537335059187, 977.744325573156]
[54.769512389093606, 977.6430504280314]
[54.887387560334936, 977.3301971722029]
[55.16507530021228, 977.1527607138111]
[55.53500200679453, 977.0071091908189]
[55.609180548624025, 976.986014328004]
[55.77092563759431, 976.9401463735716]
[57.11149656280035, 976.6333368615724]
[57.34006146878997, 976.5971665252334]
[57.581052582439945, 976.5613582596545]
[57.83425318772538, 976.5259120648356]
[58.00983452642636, 976.5022078843838]
[58.09938023063257, 976.4908279407765]
[58.376443259098565, 976.4550990408478]
[60.18109644523997, 976.2414894383022]
[60.35037079096071, 976.2241491027158]
[60.73462619364942, 976.1806236859933]
[60.96834354697104, 976.1569841881351]
[61.08620627238141, 976.145201878877]
[66.29850632862242, 975.6278668362111]
[66.41245803756225, 975.6162092340671]
[68.54497313877837, 975.3790405669064]
[68.84498929219104, 975.3431093889126]
[71.31949482751563, 975.0055481748136]
[72.01953371045343, 974.8918928001576]
[73.88488056763426, 974.5895375524177]
[76.29870018617763, 974.1391106617297]
[76.49111841609955, 974.0932619702014]
[76.94751569637677, 974.0232444072603]
[78.023609631921, 973.8659515209578]
[78.60355212542576, 973.786988972075]
[78.86927863701992, 973.7523340291427]
[79.76758671015801, 973.6387416925323]
[80.05718416224316, 973.6039212796737]
[83.78812949625944, 973.1846238981358]
[89.58154222467137, 972.5684714945]
[89.8926769902975, 972.5336936391531]
[90.55013767089787, 972.4601457516055]
[92.50187371798665, 972.2331766575829]
[92.78688518711256, 972.1994358789523]
[102.63945397079428, 970.9804851569659]
[104.88510635912547, 970.7537427598523]
[106.89322044464728, 970.5766975985566]
[117.83920628171403, 969.7615761601431]
[121.85973345349097, 969.5013353064203]
[131.88735171292717, 968.8364301296997]
[139.64338350658375, 968.1776550799059]
[143.8021167570523, 967.6172931196695]
[145.93041245677892, 967.1797309887262]
[146.86523115248565, 966.9583545638354]
[148.40437797720637, 966.6190934964628]
[152.3504785096453, 966.0214317068335]
[152.91594877074346, 965.9576996197832]
[153.51488018225774, 965.8940930762291]
[158.81881431947673, 965.4419749031595]
[168.52807748655553, 964.9870905719832]
[169.41473783111695, 964.8162110370649]
[173.00222950239174, 964.6423526846316]
[180.38051098886245, 964.3170940665213]
[183.32079927572084, 964.1962105181021]
[202.155737944413, 963.4653245308892]
[221.56884799425143, 962.67531352153]
[240.61542113638262, 961.4555987042083]
[246.93851003053496, 959.8800446906777]
[248.27093373954423, 959.5239165393103]
[248.6852989476504, 959.3353855912495]
[250.0793530534361, 959.2813924960626]
[250.17870143577682, 959.0559106722818]
[253.34111967580031, 958.6599383541082]
[259.8907970836574, 958.5751276868858]
[272.2325164038644, 957.4398737427025]
[284.831036202805, 956.9145314896514]
[303.46138054193057, 956.4036484289823]
[315.8510204993521, 955.8972579445642]
[316.90969621314235, 955.8679517420575]
[434.8446415812023, 952.2969352933712]
[437.6634202178454, 950.4090847076403]
[487.2054427830167, 946.7489255622684]
[504.6171943059921, 946.395808117169]
[539.6885856882336, 944.9983793022116]
[550.6258798330423, 944.7353664402184]
[581.901409987421, 943.7782629624604]
[647.478263050233, 942.097411641671]
[648.4135706232357, 941.7770097444483]
[671.5809275500927, 940.9863702131495]
[693.9971082499685, 940.1373373380987]
[703.9576693805246, 940.0109055969599]
[721.9205945145363, 938.9628472338685]
[724.4773011127364, 938.850824386886]
[731.3607371777323, 938.5450361685126]
[744.3844773633889, 938.4172363548042]
[747.7306624618681, 937.8131813486045]
[750.0121460282999, 937.7137241443287]
[751.8577902043194, 937.6301302398433]
[787.8426749294995, 936.1219282903013]
[788.3881358011354, 936.1020822233048]
[788.6613050960207, 936.0921966294775]
[789.4504051079729, 936.0647448893274]
[797.1097084448006, 936.0438370606854]
[822.4573126479477, 934.843659223037]
[830.9863449599571, 934.6565375313382]
[854.0738979935265, 933.9728987017262]
[865.3028126949769, 933.6502596031004]
[868.0537058718734, 933.574542346594]
[870.4495429288155, 933.5508989060542]
[905.7853096368923, 932.919035815754]
[923.3174905442522, 932.6734666041278]
[942.4362146322337, 932.5638322103091]
[944.5648185753253, 932.5201822719266]
[1026.0426908813206, 932.3701501054153]
end_solutions
[1.3440424004952207, 0.8778107191757074]
[0.6947232782423749, 1.1581898863098634]
[0.5845998296869931, 1.3899529311586067]
[0.49991433858998924, 1.5195019892855903]
[0.4504029646910551, 1.5822531586810125]
[0.44699033615413675, 1.6031978289368334]
[0.4362946221745877, 1.6074815727980143]
[0.36232930822360127, 1.6468674362343823]
[0.35133697708480205, 1.6510513097610877]
[0.34105699578245313, 1.6547914513911333]
[0.25338399908398074, 1.6943243816485054]
[0.20455342398543744, 1.716037016364219]
[0.19777847264500475, 1.7190925156928962]
[0.18850266898284077, 1.7225411229702914]
[0.13093634315059352, 1.749308890478117]
[0.12619840797149862, 1.7510492997445768]
[0.1245326461438217, 1.751661797606594]
[0.009574144449381074, 1.793348988265824]
[0.007815099268004232, 1.7939989438147532]
[0.005256490713842592, 1.794932372315321]
[0.0027592507376121836, 1.7958406339366013]
[-0.07560493930361212, 1.824548167871035]
[-0.07855849839938417, 1.8256241214021642]
[-0.1561843600588903, 1.8541366619785207]
[-0.1595007841550794, 1.8553680449235894]
[-0.1873566953828285, 1.8659246353495407]
[-0.21520506755678703, 1.8758808220599457]
[-0.21520506755678703, 1.8758808220599457]
[-0.24768712858599862, 1.8879051865465986]
[-0.25985519704598115, 1.892340666547263]
[-0.2720005864434376, 1.8967664322095565]
end_values
[1026.04269088  932.37015011]
[822.45731265 934.84365922]
[253.34111968 958.65993835]
[102.63945397 970.98048516]
[ 57.34006147 976.59716653]
[ 44.98757996 979.03354362]
[ 44.66183425 979.10575471]
[ 38.84268263 980.84458027]
[ 38.66189328 980.90324085]
[ 38.56728694 980.93830594]
[ 35.706977   982.22784061]
[ 34.3687195  982.94937795]
[ 34.19547298 983.05705013]
[ 34.11318113 983.11563518]
[ 32.87397616 984.15798388]
[ 32.84069683 984.18917558]
[ 32.83028411 984.20028485]
[ 32.17174606 984.98313444]
[ 32.16142061 984.9979135 ]
[ 32.14879176 985.01803103]
[ 32.13834772 985.03741104]
[ 31.80682988 985.71165173]
[ 31.796328   985.73789183]
[ 31.54371826 986.49640167]
[ 31.53390923 986.53214317]
[ 31.45819808 986.86369805]
[ 31.4159255  987.13326186]
[ 31.4159255  987.13326186]
[ 31.3797873  987.50991184]
[ 31.37282571 987.64624322]
[ 31.37003821 987.78406473]
