values
[338.63267807011533, 538.0050219080285]
values
[44.30018198774442, 233.77655553463183]
[44.636974551903876, 228.70468226751666]
values
[31.370846048582525, 178.7984172485642]
[31.370853120097774, 178.7870414146297]
[31.370886198113606, 178.75763689555598]
[31.370908394016805, 178.7538216578498]
[31.371098739832902, 178.75174605964818]
[31.371228686029546, 178.75167493918218]
[31.37134611730496, 178.7446386861423]
[31.371399062716577, 178.7252620881638]
[31.374312843359213, 178.72073411081888]
[31.37624644953479, 178.70311487767182]
[31.376816308387358, 178.69801043288587]
[31.37855655042642, 178.68666548847]
[31.37904809444384, 178.6857399046748]
[31.37951135565003, 178.68527716837957]
[31.381567476330673, 178.68230408226714]
[31.383289404167797, 178.66828304552882]
[31.386373822380556, 178.66123888911133]
[31.3889144721929, 178.6499306243157]
[31.39493197900855, 178.64103239065724]
[31.40492050114024, 178.62043983418843]
values
[31.37081765525283, 178.78374062605704]
[31.370817998074692, 178.78315130990833]
[31.370818332639267, 178.78278228082533]
[31.37081854848797, 178.78246880541775]
[31.370819311374348, 178.78151056827878]
[31.370821311696364, 178.77928095156994]
[31.370823729707354, 178.77704382147482]
[31.370825797679714, 178.77539601603084]
[31.37082709246574, 178.77443042793197]
[31.370828733273054, 178.77332869759834]
[31.370828915517308, 178.7732786374219]
[31.370830092351245, 178.7723595961738]
[31.37085922561156, 178.74738078483068]
[31.370862445817032, 178.74476996652382]
[31.37086349129643, 178.74396868340781]
[31.370907439735102, 178.74074711477107]
[31.37095522035013, 178.7126458074203]
[31.371280385224075, 178.65567489189027]
[31.371401890713894, 178.63579244753933]
[31.372276955945015, 178.5145968446056]
[31.37375711818398, 178.45023105312055]
[31.373952005933763, 178.4040151367045]
[31.374097859604234, 178.4017824459164]
[31.374128604715313, 178.40138019896852]
[31.37423172664569, 178.39483618878964]
[31.374245530833537, 178.39012702786866]
[31.374349171342054, 178.38789509981038]
[31.374366148882483, 178.38319072262638]
[31.374532100919435, 178.3766275672217]
[31.37460054572669, 178.36833349939366]
[31.374629686237654, 178.3583784955096]
[31.374642913861443, 178.35676256847393]
[31.374684333233816, 178.34007913197823]
[31.374732245465804, 178.33335799100524]
[31.374759035763716, 178.33064881319663]
[31.374818262370805, 178.32502965447944]
[31.374896140162097, 178.31897362134026]
[31.37494734548807, 178.31500133717174]
[31.375240642939797, 178.30253229174292]
[31.37544047401928, 178.29518174204225]
[31.375466557432194, 178.29435355912315]
[31.375469234182404, 178.2942643031543]
[31.37548869054852, 178.2937001985191]
[31.375491979662474, 178.29361094816613]
[31.37550139544013, 178.29334694447627]
[31.375501741003173, 178.2933393170262]
[31.375503220065283, 178.29329804368854]
[31.375525061403913, 178.2926936466424]
[31.375545634287604, 178.292129626394]
[31.37556575582277, 178.29190438861178]
[31.37557313857934, 178.29139330248586]
[31.375575043328034, 178.291345337466]
[31.3756252268695, 178.2902630331767]
[31.375645312175955, 178.29007772093667]
[31.375744960694938, 178.28705941495784]
[31.375756185238497, 178.2870126447813]
[31.375857753876286, 178.28411565799303]
[31.375862913685747, 178.28398350826433]
[31.375924986522282, 178.28244588569535]
[31.375961480398555, 178.2816771570978]
[31.376002716897386, 178.28090848362186]
[31.376025136457663, 178.28052416755386]
[31.376036800259563, 178.28033201468722]
[31.37606104068079, 178.27994771928846]
[31.3760800231108, 178.2796595067821]
[31.376118337711087, 178.27910712114226]
[31.376181537584973, 178.2782665889287]
[31.3770454290788, 178.2600123187933]
[31.37706585879769, 178.25882442299473]
[31.377079929677137, 178.25790254591698]
[31.377724519813114, 178.2506837978064]
[31.37777761800664, 178.2417026537894]
[31.378270878873728, 178.2321044692502]
[31.378513087023347, 178.2310499876366]
[31.37875263513542, 178.22560885815494]
[31.37880508954537, 178.22471262340238]
[31.378811246426, 178.2246088107686]
[31.37882875652805, 178.22434653347474]
[31.378829547538086, 178.22433693299132]
[31.378848747857273, 178.22406358035659]
[31.378849803201316, 178.22404843102018]
[31.37889324607674, 178.22348808142857]
[31.37889766897709, 178.22343973610788]
[31.378900852116395, 178.22339942956498]
[31.378923659683217, 178.22313718274148]
[31.378929414021076, 178.22305852719734]
[31.37894788205667, 178.22287494251788]
[31.378948130620092, 178.22286792826145]
[31.37894943292995, 178.22285426238875]
[31.378951429647717, 178.2228391149486]
[31.37895692649957, 178.2227862959366]
[31.378958266333946, 178.22277263017338]
[31.378968948769764, 178.22267733300515]
[31.378986000028984, 178.222499318676]
[31.379015607937433, 178.22222601435388]
[31.37903086004055, 178.22210154835867]
[31.379062125799432, 178.22183933425745]
[31.379064107635323, 178.221826591794]
[31.379092555559176, 178.22159411629417]
[31.37909538373026, 178.22157712675556]
[31.37910042358632, 178.22154130368878]
[31.379106621595763, 178.22150215543542]
[31.379108460996292, 178.22148849136022]
[31.379125286067858, 178.22136551549073]
[31.379189198368884, 178.22092827972136]
[31.379256672808562, 178.22052890720465]
[31.379263625239737, 178.22045672399133]
[31.379270276408494, 178.22042090480477]
[31.379278669361547, 178.22038176083808]
[31.37928104995848, 178.22036809823373]
[31.37929900217037, 178.22027947324978]
[31.379319915938268, 178.220140823928]
[31.379331418012413, 178.2201295501245]
[31.379385020176343, 178.21980794689614]
[31.379389767485247, 178.2197909603553]
[31.37946284054767, 178.2194737814078]
[31.379501992707763, 178.21924782570778]
[31.379507445801195, 178.21923084010544]
[31.379516297217265, 178.2191950251706]
[31.37952523045993, 178.21915921036086]
[31.379530858885953, 178.21914222491034]
[31.37954594590365, 178.21908425668622]
[31.379560765249845, 178.2190366252201]
[31.379665212089737, 178.21858213962685]
[31.37969883329673, 178.2184765456933]
[31.379726684835155, 178.2183879370154]
[31.37974654580785, 178.21827571042263]
[31.379782633283796, 178.21816236793865]
[31.379806983114218, 178.21803390032284]
[31.379819688089857, 178.21800159523983]
[31.379825427018382, 178.21798110602975]
[31.37983255846138, 178.2179692902634]
[31.379859257423135, 178.21788917760253]
[31.379989898048382, 178.2174210832449]
[31.37999791017262, 178.21740926815093]
[31.38003156892983, 178.21731550124545]
[31.380216735600644, 178.21677968826702]
[31.380742560816547, 178.21539719272147]
[31.38244311950338, 178.210609998852]
[31.382797306148166, 178.20821194740867]
[31.384764833090472, 178.20188736617717]
[31.38541358200583, 178.20104215101242]
[31.385429603254302, 178.20094355334422]
[31.38554285046203, 178.2004806613005]
[31.38557604675669, 178.19921193774047]
[31.386229955524477, 178.19661668459668]
[31.386416366964614, 178.19605780048664]
[31.386621709839318, 178.1955109585286]
[31.386630908687646, 178.19544626623917]
[31.386742542250072, 178.19514051266452]
[31.38683692567927, 178.1949316901241]
[31.38760458221258, 178.1930764946083]
[31.38786148059331, 178.19249736188328]
[31.388127515628177, 178.19191826150103]
[31.388398518933684, 178.19134600583752]
[31.3918391519115, 178.1833804606659]
[31.39196262159326, 178.18311577712953]
[31.393583886341663, 178.17801520951932]
[31.393884346558146, 178.17725610116707]
[31.39446554435576, 178.17504055110308]
[31.394471626695175, 178.17497597837598]
[31.395291813173646, 178.1736934135506]
[31.39539830332338, 178.1724902680067]
[31.395424746275243, 178.17243054206813]
[31.395426781083284, 178.1724261504722]
[31.395426985249294, 178.1724257113128]
[31.39542718953994, 178.17242527215336]
[31.395458360804557, 178.17236115512986]
[31.395500184016967, 178.17228114817758]
[31.396795691844204, 178.1721641106776]
[31.396834532322632, 178.17054450497517]
[31.402059205600438, 178.16262631597633]
[31.402271788010893, 178.16186613269247]
[31.410017398408286, 178.15803015175277]
[31.4101266727582, 178.15417649431785]
[31.41405401309496, 178.14931115318]
[31.415297121311642, 178.14667981747945]
[31.415377480351832, 178.13947415553244]
[31.416325838780914, 178.13302195811212]
[31.4163783247264, 178.13300984602023]
[31.416410479905267, 178.13284029911904]
[31.41643829817561, 178.13278174223348]
[31.41644791167991, 178.13276591012053]
[31.41648309295036, 178.13270202364254]
[31.41651189739557, 178.13265864390803]
[31.416521122348463, 178.13263813766758]
[31.416521392747743, 178.1326377000941]
[31.416521663282772, 178.13263726252072]
[31.416534808907418, 178.13261625902462]
[31.416556266713812, 178.1325830036003]
[31.416562045413574, 178.13257425219552]
[31.416606532386766, 178.1325094920933]
[31.416628702210726, 178.13247870395517]
[31.41663056944802, 178.13247623710657]
[31.416654096859904, 178.13244473250796]
[31.416660763617852, 178.1324359812523]
[31.41667645035423, 178.13241481970857]
[31.416694961161244, 178.13239222511544]
[31.41671760289366, 178.13236111983704]
[31.416772540268123, 178.13230745903212]
[31.416789175544285, 178.13228021048033]
[31.41683995817547, 178.13222420374262]
[31.416927851034885, 178.13213319361833]
[31.42737526969194, 178.1302756983921]
[31.444487962215828, 178.12371737305716]
[31.45192787766166, 178.11241469934834]
[31.452052475628737, 178.1120641669124]
[31.457238589395224, 178.11036900305598]
[31.46174952176599, 178.1027086702413]
[31.465552191179988, 178.07455704562008]
[31.465691347000437, 178.07445022338692]
[31.465786795761673, 178.07437900923608]
[31.465891893030555, 178.07429971806695]
[31.465922588743794, 178.07427867285003]
[31.465984173427568, 178.07423658254555]
[31.466046016072582, 178.07419449241348]
[31.466170476590126, 178.07411031266668]
[31.466195090991757, 178.0740929033566]
[31.466288707196156, 178.07402848923635]
[31.47274243230436, 178.07020817914375]
[31.482149086405414, 178.06500234520553]
[31.509038158370902, 178.04774077242854]
[31.517746187480682, 178.03536863419032]
[31.523422199632428, 178.03003972667975]
[31.526604533422688, 178.02320586831115]
[31.528079426741613, 178.02061520625406]
[31.529600910701404, 178.01967251969694]
[31.53218961225386, 178.01637655214665]
[31.532963447693696, 178.01637576590375]
[31.53320041969479, 178.01541593880137]
[31.53323645968398, 178.0153845480885]
[31.53401184374968, 178.01472897714925]
[31.53434477746998, 178.01445632684735]
[31.5344098666827, 178.01440643879263]
[31.534436017162623, 178.01438551371325]
[31.54573720287819, 178.00637702950212]
[31.5516908616534, 178.00336114823085]
[31.553757047875397, 178.0016489071417]
[31.57052444310724, 178.00102519203196]
[31.57777759851487, 177.98858541190006]
[31.582520964851547, 177.98516629828617]
[31.603558321704313, 177.97212374836727]
[31.61032882076577, 177.97088355765007]
[31.62509293630913, 177.96547359895612]
[31.628301374111896, 177.95858301228054]
[31.628554299107375, 177.9542574181202]
[31.6294003065611, 177.95367565153174]
[31.64457126144217, 177.95025269938287]
[31.64785112241499, 177.94566522809123]
[31.648782325747568, 177.9415088116014]
[31.667200584637346, 177.93578932097338]
[31.671744933324213, 177.92935649730407]
[31.684000606545155, 177.9234554338658]
[31.709664610901076, 177.91303247884227]
[31.716257749450605, 177.91076084873504]
[31.732247645105755, 177.9005384522546]
[31.73890183871059, 177.89475832185587]
[31.747290497453257, 177.89061128371827]
[31.76310826600644, 177.87618805682754]
[31.77409859373472, 177.86614244812768]
[31.79082526284425, 177.85336615452445]
[31.821877347605547, 177.8376076077105]
[31.862195661818067, 177.82337050950258]
[31.86391845466405, 177.82265856875006]
end_solutions
[-0.27793148690006103, 1.9532678446115845, -3.853970970711969]
[-0.27793148690006103, 1.9532678446115845, -3.853970970711969]
[-0.2781190940596534, 1.9537755266557588, -3.8535873589241083]
[-0.27856690700603826, 1.957808985365693, -3.851696048322169]
[-0.2784085679728411, 1.955697730076023, -3.852601651197205]
[-0.27856690700603826, 1.957808985365693, -3.851696048322169]
[-0.2785081794138355, 1.9569342731205615, -3.852063605326114]
[-0.2784835771152491, 1.9569317264774724, -3.852091822130971]
[-0.2784686178410346, 1.9563290334639931, -3.852316707745093]
[-0.2783740827326677, 1.955898323656755, -3.85257060881914]
[-0.27839891137552947, 1.9552096390401552, -3.852780986703299]
[-0.27835164382134603, 1.9549942841365362, -3.8529079372403228]
[-0.27707510941590585, 1.9441001828216298, -3.8580911634630493]
[-0.27706395681641915, 1.9434976481668214, -3.8583117767660484]
[-0.2764948715407611, 1.9394464244879317, -3.8603441033371486]
[-0.27650258127976013, 1.9394445271007674, -3.8603362229710294]
[-0.2764948715407611, 1.9394464244879317, -3.8603441033371486]
[-0.27607192217723114, 1.9354636399994387, -3.8621907022890722]
[-0.27605650269923304, 1.9354674347737675, -3.8622064630213107]
[-0.276043006311266, 1.9354716558370404, -3.8622199448378596]
[-0.27575258774356026, 1.9327500547004859, -3.8634882412473077]
[-0.27573899891457976, 1.932754304675151, -3.8635018154050655]
[-0.2755290671029066, 1.931227764031177, -3.8642647364006564]
[-0.27553122549476217, 1.9311367147292997, -3.864293992248663]
[-0.2753055464622529, 1.9297054733618682, -3.8650412315540046]
[-0.2753085072913054, 1.9296095860418156, -3.8650713015055347]
[-0.2753098632459641, 1.9295233747581135, -3.8650997432500187]
[-0.27531340312923425, 1.929421458473629, -3.865131280872011]
[-0.2753173314627249, 1.9292794510295093, -3.8651763055310138]
[-0.27496507028271266, 1.9243385033563105, -3.867304768182629]
[-0.2605906672516265, 1.903262786324929, -3.8904763960050257]
end_values
[ 31.76293328 177.87701845]
[ 31.76293328 177.87701845]
[ 31.77215902 177.86804911]
[ 31.90610517 177.81076953]
[ 31.81662904 177.83970818]
[ 31.90610517 177.81076953]
[ 31.86391845 177.82265857]
[ 31.86303706 177.82301453]
[ 31.83888799 177.83087925]
[ 31.82187735 177.83760761]
[ 31.80331016 177.84605551]
[ 31.79730159 177.84942419]
[ 31.5457372  178.00637703]
[ 31.53450535 178.0143324 ]
[ 31.46546013 178.07463634]
[ 31.46555219 178.07455705]
[ 31.46546013 178.07463634]
[ 31.41667645 178.13241482]
[ 31.41656205 178.13257425]
[ 31.41648309 178.13270202]
[ 31.39545836 178.17236116]
[ 31.3953983  178.17249027]
[ 31.38663091 178.19544627]
[ 31.38622996 178.19661668]
[ 31.37966521 178.21858214]
[ 31.37938502 178.21980795]
[ 31.3791892  178.22092828]
[ 31.37901561 178.22222601]
[ 31.3788498  178.22404843]
[ 31.37546923 178.2942643 ]
[ 31.37081766 178.78374063]
