values
[394.5645479756804, 30.258636349852065]
[394.56455320811864, 30.030700360125014]
[394.5645637070739, 29.93242172764279]
[394.564600791916, 29.784337612314715]
[394.564627377803, 29.734415973551894]
[394.56469663650864, 29.68236292037235]
[394.56471730262916, 29.679219329591586]
[394.56472267862455, 29.679045594739076]
[394.5649406199493, 29.678772465140923]
[395.2423089399895, 27.299265945064445]
values
[394.53588752545585, 65.50189166011435]
[394.5386447359665, 65.19820685436191]
[394.5414466288891, 64.87227903351122]
[394.54324030510975, 57.87857190069509]
[394.55345134873846, 47.14657914535236]
[394.55750364241277, 38.807038383148104]
[394.55985579342484, 34.059597420347146]
[394.561851651814, 31.766337918922456]
[394.56303348652636, 29.722472823910586]
[394.56335644511717, 29.716919823678246]
[394.563385011597, 29.71414539855223]
[394.5634196509403, 29.711089722197997]
[394.5635424428656, 29.71000865900791]
[394.5635663133117, 29.709623241099887]
[394.5636142501648, 29.7086859571642]
[394.5639006814006, 29.70040475896073]
[394.5641137612031, 29.694685544666363]
[394.5641367991274, 29.6938416017772]
[394.56421042065216, 29.692126135961466]
[394.56422423735785, 29.691765991341462]
[394.564503106811, 29.684907162581197]
[394.56450856475334, 29.68474024408051]
[394.5645186926312, 29.684285953867917]
[394.564523313865, 29.683740072655596]
[394.5646332968114, 29.681397757212743]
[394.56469914250533, 29.67979966900591]
[394.56471730262916, 29.679219329591586]
[394.56472267862455, 29.679045594739076]
[394.56478687091277, 29.677848453541284]
[394.56483768861995, 29.67708508315403]
[394.56484165509266, 29.67680776313262]
[394.56490122093163, 29.67577173706583]
[394.5649051978446, 29.675547037581065]
[394.56495953557254, 29.67492486624176]
[394.56496280272773, 29.67461894508586]
[394.56502226763524, 29.673766150187728]
[394.5650333122623, 29.673624790942444]
[394.56503883569223, 29.673555879384807]
[394.56508068631547, 29.672982382467747]
[394.5651340172959, 29.67195762875171]
[394.5651921752136, 29.671718618473534]
[394.5652143473458, 29.67155761454278]
[394.56524207925725, 29.671382947563814]
[394.56525317723174, 29.671321355302794]
[394.56525872733545, 29.671292332709616]
[394.56527538211213, 29.671212360345848]
[394.56529759890094, 29.671122290425146]
[394.56531680831415, 29.667936980631193]
[394.56533128638523, 29.667690307497224]
[394.5654022151706, 29.666503796294762]
[394.56561978430506, 29.665146322246635]
[394.56570364314564, 29.661866868141523]
[394.56572727149506, 29.661684503984393]
[394.5658146449602, 29.66105937150585]
[394.5661006089751, 29.656311905731407]
[394.5662885888067, 29.650411416242793]
[394.56633742978096, 29.649521758132824]
[394.56636170038297, 29.649057425211957]
[394.566753661303, 29.644230413539354]
[394.5667792235653, 29.64107124654066]
[394.56722102664196, 29.639690348818856]
[394.56731935519144, 29.637929670074488]
[394.5673335820544, 29.634444155370026]
[394.56751399451804, 29.633609256263007]
[394.5675621444788, 29.6323564442945]
[394.5676592127306, 29.630143984271946]
[394.56831297926163, 29.622401670851925]
[394.56862757255055, 29.615141359072737]
[394.56879178942097, 29.613281294670706]
[394.56920081662554, 29.60616806173845]
[394.56936342683616, 29.604835011485644]
[394.56952627852263, 29.603640836849177]
[394.57018010002673, 29.600254747647213]
[394.57050845963374, 29.599397304087567]
[395.2372959211565, 27.537800094574802]
[395.23876658175413, 27.33383539167524]
[395.2403672519282, 27.265939867527283]
[395.2404562371564, 27.265141086267267]
[395.2405460749294, 27.264596498163584]
[395.24059131352016, 27.264419811542204]
[395.24061401274156, 27.26435541970967]
[395.2406367652471, 27.264307014361563]
[395.24068243011016, 27.264258219456025]
[395.2406908827404, 27.263247833543893]
[395.2407137623555, 27.26323736799727]
[395.24072943157336, 27.262728011863665]
[395.2407910630198, 27.262258421465628]
[395.2408028332411, 27.261881859269845]
[395.2408376800378, 27.261553775966515]
[395.2408653948314, 27.26028047933511]
[395.24092435998995, 27.259246818660202]
[395.2409964084542, 27.258645647841785]
[395.24099790261664, 27.258568886017088]
[395.24101337370627, 27.247389228980843]
[395.2413253479706, 27.244709697318193]
[395.24139268411227, 27.244082274751054]
[395.2413997396386, 27.243575469829427]
[395.2414138549387, 27.242563650854862]
[395.2416153123044, 27.24072969653459]
[395.24173817699904, 27.214851963839525]
[395.2418367388828, 27.2147184665837]
[395.24187165563427, 27.21434272478902]
[395.24211092671953, 27.214138436702193]
[395.2421121299902, 27.209823546647666]
[395.2421393301471, 27.203710736598175]
[395.2423565337168, 27.202673218852524]
[395.2424443742836, 27.20211780760051]
[395.24245592990894, 27.194771301904073]
[395.24254828889434, 27.19352426489185]
[395.2425923570231, 27.191157241665234]
[395.24259811986946, 27.189294247891514]
[395.2426290444023, 27.185401357102673]
[395.2426957268149, 27.17485685472075]
[395.2427573426091, 27.17230152960805]
[395.242863839645, 27.166952458559518]
[395.24291752408215, 27.16486801578926]
[395.2429703920088, 27.161640078255342]
[395.24300922881065, 27.15937051784466]
[395.2430192079064, 27.157868816655185]
[395.24304809590024, 27.157114142280804]
[395.24332799530686, 27.14077100134277]
[395.2442997505174, 27.138370008453926]
[395.24446598674115, 27.133364849759868]
[395.2446667683923, 27.112923489959105]
[395.2454385922339, 27.10574098563184]
[395.2459904356497, 27.097298088119558]
[395.2460949425452, 27.09424145964295]
[395.246258053162, 27.084717482705305]
[395.2468728642333, 27.06268197240715]
[395.2471803849271, 27.05183902897281]
[395.24789484779984, 27.03758906002445]
[395.24861258932367, 27.024605066112144]
[395.24949810920003, 27.011642976259306]
[395.25027940233196, 26.993373824421237]
[395.25061249456655, 26.9917256810868]
[395.2510621629267, 26.976013397508073]
[395.251315705928, 26.973904383501836]
[395.2516237918601, 26.96162703425928]
[395.25213741897625, 26.946230250786666]
[395.25274864737224, 26.94465690708366]
[395.2529907578701, 26.936124903319136]
[395.2536181990457, 26.92593120972524]
[395.2538738415815, 26.907972318205037]
[395.25418094053106, 26.90792944173741]
[395.25479178509806, 26.898148093467768]
[395.2551953520338, 26.87518592665168]
[395.25626366477053, 26.861736486446624]
[395.25724995470233, 26.84338676009372]
[395.2572910383908, 26.825906114765885]
[395.2587087232675, 26.812398716010087]
[395.2600174149275, 26.788074589607458]
[395.2624392588329, 26.75575443490722]
[395.2647193118855, 26.73588013545619]
[395.2649181245497, 26.72860047186125]
[395.2649679591446, 26.726221483411827]
[395.26565179529916, 26.722930791517843]
[395.26756093269915, 26.705094323844012]
[395.26876445712287, 26.69730449014002]
[395.2696666527644, 26.66811125760375]
values
[394.4818175525036, 66.87283905597039]
[394.48182591095383, 66.86937468383621]
[394.4818401424218, 66.86146077636127]
[394.5219795101848, 66.80097908529689]
[394.5262892938776, 66.44065406531443]
[394.5275694108393, 66.3248480765686]
[394.5301517426321, 66.08474514261448]
[394.53299774110945, 65.8049191905979]
[394.53588752545585, 65.50189166011435]
[394.5386447359665, 65.19820685436191]
[394.5414466288891, 64.87227903351122]
[394.54324030510975, 57.87857190069509]
[394.5528798081209, 30.02000579715491]
[394.5553677069311, 29.935709097072]
[394.5559924480081, 29.911996500362395]
[394.55642841938806, 29.90524819007186]
[394.5569011440804, 29.88655377733874]
[394.5571004096211, 29.88492642758183]
[394.55736104955844, 29.875167636544802]
[394.5577140155207, 29.865841802599782]
[394.5580725121048, 29.85284829137088]
[394.558361575092, 29.846794067707535]
[394.5583765252468, 29.8458113400407]
[394.55855477079183, 29.842564504533758]
[394.55870729724245, 29.84134910209493]
[394.5589908405233, 29.832605616600983]
[394.5593054401674, 29.82062093366165]
[394.5600779419081, 29.8021449999545]
[394.5601313389795, 29.79876913086839]
[394.5601537279234, 29.797126571462297]
[394.560197767806, 29.79397341512079]
[394.5604458884666, 29.789213947194504]
[394.5606261927235, 29.784973604024866]
[394.56070538340737, 29.782535614142557]
[394.5608196752978, 29.778736130216885]
[394.5616560161258, 29.756588044480186]
[394.5616750502309, 29.75494351685049]
[394.5618470747717, 29.75259233999538]
[394.56233642556566, 29.73843835775245]
[394.5627737790079, 29.727238686787125]
[394.56303348652636, 29.722472823910586]
[394.563168472397, 29.718391918195188]
[394.5632746624229, 29.715258614453553]
[394.563385011597, 29.71414539855223]
[394.5634196509403, 29.711089722197997]
[394.56343257707476, 29.71104964274201]
[394.5635424428656, 29.71000865900791]
[394.5635663133117, 29.709623241099887]
[394.5636142501648, 29.7086859571642]
[394.56373454247813, 29.704359521052094]
[394.5639006814006, 29.70040475896073]
[394.5641137612031, 29.694685544666363]
[394.5641367991274, 29.6938416017772]
[394.56421042065216, 29.692126135961466]
[394.56422423735785, 29.691765991341462]
[394.564503106811, 29.684907162581197]
[394.56450856475334, 29.68474024408051]
[394.5645186926312, 29.684285953867917]
[394.564523313865, 29.683740072655596]
[394.5646332968114, 29.681397757212743]
[394.56469914250533, 29.67979966900591]
[394.56471730262916, 29.679219329591586]
[394.56472267862455, 29.679045594739076]
[394.56478687091277, 29.677848453541284]
[394.56483768861995, 29.67708508315403]
[394.56484165509266, 29.67680776313262]
[394.56490122093163, 29.67577173706583]
[394.5649051978446, 29.675547037581065]
[394.56495953557254, 29.67492486624176]
[394.56496280272773, 29.67461894508586]
[394.56502226763524, 29.673766150187728]
[394.5650333122623, 29.673624790942444]
[394.56503883569223, 29.673555879384807]
[394.56508068631547, 29.672982382467747]
[394.5651340172959, 29.67195762875171]
[394.5651921752136, 29.671718618473534]
[394.5652143473458, 29.67155761454278]
[394.56524207925725, 29.671382947563814]
[394.56525317723174, 29.671321355302794]
[394.56525872733545, 29.671292332709616]
[394.56527538211213, 29.671212360345848]
[394.56529759890094, 29.671122290425146]
[394.56531680831415, 29.667936980631193]
[394.56533128638523, 29.667690307497224]
[394.5654022151706, 29.666503796294762]
[394.56561978430506, 29.665146322246635]
[394.56570364314564, 29.661866868141523]
[394.56572727149506, 29.661684503984393]
[394.5658146449602, 29.66105937150585]
[394.5661006089751, 29.656311905731407]
[394.5662885888067, 29.650411416242793]
[394.56633742978096, 29.649521758132824]
[394.56636170038297, 29.649057425211957]
[394.566753661303, 29.644230413539354]
[394.5667792235653, 29.64107124654066]
[394.56694163171403, 29.639127252603906]
[394.5671165897944, 29.63595368806277]
[394.5673335820544, 29.634444155370026]
[394.56738766588984, 29.63206976235057]
[394.5676592127306, 29.630143984271946]
[394.56778495016493, 29.62499857975397]
[394.5678998200542, 29.6231826672881]
[394.5681129249128, 29.619568270344097]
[394.5683179769381, 29.61693011752909]
[394.56839193197675, 29.61540283831554]
[394.5684431815026, 29.615286193761523]
[394.5684747353604, 29.614461828851123]
[394.56850764826714, 29.613966956975492]
[394.568511012254, 29.613876746905156]
[394.56851353533, 29.613809297413418]
[394.5686352596251, 29.612264874265122]
[394.5688560717031, 29.609461460522414]
[394.56887100283177, 29.60801190071419]
[394.569008030636, 29.607931301138812]
[394.56910751548656, 29.60517906833723]
[394.5691242751918, 29.605119905006852]
[394.56936342683616, 29.604835011485644]
[394.56943455230356, 29.599884847080908]
[394.56973754518685, 29.59690590444264]
[394.56979418647717, 29.595862136049572]
[394.5699050166279, 29.595470804310658]
[394.57021173541455, 29.589538521371544]
[394.57046628705444, 29.586916197211337]
[394.57073240063005, 29.58370255797604]
[394.5708877504165, 29.581245508629372]
[394.57102477346933, 29.578970377786817]
[394.5711941206075, 29.57805337949516]
[394.5718215175454, 29.570945528233832]
[394.5722828074593, 29.56418602294898]
[394.57247779884455, 29.561685701299925]
[394.572967143755, 29.559757072894325]
[394.5732202483566, 29.556646229020494]
[394.57354400018977, 29.555048084085264]
[394.5736577280825, 29.549888332238687]
[394.5744807876538, 29.548815009493158]
[394.5745656857983, 29.544453726746326]
[394.5746146629355, 29.536491625514355]
[394.5751703350627, 29.53578803261302]
[394.57541736122425, 29.529999329010618]
[394.5755785346343, 29.527762684755455]
[394.57620110006945, 29.527389937775524]
[394.57623530342465, 29.526759483879125]
[394.5766129890454, 29.517843805858604]
[394.5770998822086, 29.51699897485285]
[394.57716502963706, 29.514862750401416]
[394.57722812922606, 29.513874913262164]
[394.5772659988775, 29.51328702084833]
[394.57844804380767, 29.51262795231384]
[394.5784545414532, 29.506170729475883]
[394.5785688644817, 29.504436523828826]
[394.5786343833872, 29.50236765402475]
[394.57869994291406, 29.50039345073757]
[394.57965373114513, 29.495838979275433]
[395.2372959211565, 27.537800094574802]
[395.23876658175413, 27.33383539167524]
[395.2403672519282, 27.265939867527283]
[395.2404562371564, 27.265141086267267]
[395.2405460749294, 27.264596498163584]
[395.24059131352016, 27.264419811542204]
[395.24061401274156, 27.26435541970967]
[395.2406367652471, 27.264307014361563]
[395.24068243011016, 27.264258219456025]
[395.2406908827404, 27.263247833543893]
[395.2407137623555, 27.26323736799727]
[395.24072943157336, 27.262728011863665]
[395.2407910630198, 27.262258421465628]
[395.2408028332411, 27.261881859269845]
[395.2408376800378, 27.261553775966515]
[395.2408653948314, 27.26028047933511]
[395.24092435998995, 27.259246818660202]
[395.2409964084542, 27.258645647841785]
[395.24099790261664, 27.258568886017088]
[395.24101337370627, 27.247389228980843]
[395.2413253479706, 27.244709697318193]
[395.24139268411227, 27.244082274751054]
[395.2413997396386, 27.243575469829427]
[395.2414138549387, 27.242563650854862]
[395.2416153123044, 27.24072969653459]
[395.24173817699904, 27.214851963839525]
[395.2418367388828, 27.2147184665837]
[395.24187165563427, 27.21434272478902]
[395.24211092671953, 27.214138436702193]
[395.2421121299902, 27.209823546647666]
[395.2421393301471, 27.203710736598175]
[395.2423565337168, 27.202673218852524]
[395.2424443742836, 27.20211780760051]
[395.24245592990894, 27.194771301904073]
[395.24254828889434, 27.19352426489185]
[395.2425923570231, 27.191157241665234]
[395.24259811986946, 27.189294247891514]
[395.2426290444023, 27.185401357102673]
[395.2426957268149, 27.17485685472075]
[395.2427573426091, 27.17230152960805]
[395.242863839645, 27.166952458559518]
[395.24291752408215, 27.16486801578926]
[395.2429703920088, 27.161640078255342]
[395.24300922881065, 27.15937051784466]
[395.2430192079064, 27.157868816655185]
[395.24304809590024, 27.157114142280804]
[395.24332799530686, 27.14077100134277]
[395.2442997505174, 27.138370008453926]
[395.24446598674115, 27.133364849759868]
[395.2446667683923, 27.112923489959105]
[395.2454385922339, 27.10574098563184]
[395.2459904356497, 27.097298088119558]
[395.2460949425452, 27.09424145964295]
[395.246258053162, 27.084717482705305]
[395.2468728642333, 27.06268197240715]
[395.2471803849271, 27.05183902897281]
[395.24789484779984, 27.03758906002445]
[395.24861258932367, 27.024605066112144]
[395.24949810920003, 27.011642976259306]
[395.25027940233196, 26.993373824421237]
[395.25061249456655, 26.9917256810868]
[395.2510621629267, 26.976013397508073]
[395.251315705928, 26.973904383501836]
[395.2516237918601, 26.96162703425928]
[395.25213741897625, 26.946230250786666]
[395.25274864737224, 26.94465690708366]
[395.2529907578701, 26.936124903319136]
[395.2536181990457, 26.92593120972524]
[395.2538738415815, 26.907972318205037]
[395.25418094053106, 26.90792944173741]
[395.25479178509806, 26.898148093467768]
[395.2551953520338, 26.87518592665168]
[395.25626366477053, 26.861736486446624]
[395.25724995470233, 26.84338676009372]
[395.2572910383908, 26.825906114765885]
[395.2587087232675, 26.812398716010087]
[395.2600174149275, 26.788074589607458]
[395.26147563173765, 26.779248813683395]
[395.2624392588329, 26.75575443490722]
[395.2647193118855, 26.73588013545619]
[395.2649181245497, 26.72860047186125]
[395.2649679591446, 26.726221483411827]
[395.26565179529916, 26.722930791517843]
[395.2675005746913, 26.6554629798753]
[395.2675559474758, 26.62292405327438]
[395.26807965188175, 26.62106691241572]
[395.2687079111181, 26.618459038527043]
[395.26879042604776, 26.61732362718093]
[395.268921652981, 26.58716488434953]
[395.26978415999383, 26.496452873299393]
[395.27055427192795, 26.493171552251066]
[395.27095248923786, 26.492649561147996]
[395.2710818897173, 26.489758003559704]
[395.2712692383654, 26.48625380201045]
[395.2713630280578, 26.484978145273143]
[395.271495808731, 26.482857835146422]
[395.271753096641, 26.481080871824815]
[395.2719878426063, 26.479590925173678]
[395.2722471786523, 26.479535158914373]
[395.27246299062426, 26.477926048758924]
[395.27254859376075, 26.47772185195589]
[395.272615588693, 26.476484637594083]
[395.2726979442926, 26.475899337675166]
[395.2727686758618, 26.475214363159477]
[395.2727730940121, 26.47513679293384]
[395.2728190073541, 26.474402543197407]
[395.2728274758725, 26.474311286280965]
[395.2729036110097, 26.473901742817063]
[395.2729632971049, 26.473570809717998]
[395.2729798167666, 26.47351923267856]
[395.2729928190237, 26.473440091173828]
[395.27303016873697, 26.473281377399832]
[395.2730676274217, 26.473155541304788]
[395.27312683685, 26.47286037367965]
[395.2731653313239, 26.472693256307224]
[395.27320386181793, 26.47253727524394]
[395.27322351596086, 26.47245117115348]
[395.27339195111807, 26.47182011166572]
[395.27341690717606, 26.471668181431163]
[395.27354585909245, 26.471172431249435]
[395.2736685236495, 26.470716067576575]
[395.27367483056054, 26.470697683494127]
[395.27370707648254, 26.470582278990197]
[395.2737267204747, 26.470507815616074]
[395.2738038215803, 26.470243945035758]
[395.27392018074437, 26.469836888201687]
[395.2739973447694, 26.46960274473863]
[395.2740618622749, 26.469399523348457]
[395.27411368500526, 26.469213233133626]
[395.2741718784605, 26.46903061665045]
[395.27417819620143, 26.469015857050202]
[395.27419091194974, 26.469008853717]
[395.2742425821768, 26.468996099053665]
[395.27426465398025, 26.468751806931834]
[395.2742705597258, 26.46873604507631]
[395.27429772941923, 26.468657026598994]
[395.27430172095296, 26.46864320669314]
[395.2743072332575, 26.468636873376685]
[395.274423616798, 26.46829722615394]
[395.2744948387758, 26.468242861767315]
[395.27454952305743, 26.46795888285834]
[395.27455266078704, 26.467950933664607]
[395.2745825962407, 26.467871724109163]
[395.2746171901134, 26.467785673548057]
[395.27465179820786, 26.467704556159436]
[395.2746714357276, 26.467646985907777]
[395.274688870188, 26.467611216132585]
[395.27469958786486, 26.46759131974993]
[395.27473665998673, 26.46749969343819]
[395.27481080742007, 26.467321447758852]
[395.2748849591062, 26.467149875775483]
[395.2749327556776, 26.467048992276503]
[395.2749367173878, 26.467031691598855]
[395.2749731879516, 26.4669700893388]
[395.2749841522695, 26.466926203798685]
[395.2750626462362, 26.46676334456207]
[395.2751170144526, 26.466655145338418]
[395.2751368149874, 26.466615339962075]
[395.27514114542214, 26.466607792390125]
[395.27514752104406, 26.4665958721517]
[395.27515057589386, 26.466590654541875]
[395.2751739009577, 26.466543835333056]
[395.275184606093, 26.46652441655595]
[395.27518708738944, 26.466519153314223]
[395.27519531821383, 26.466507020780377]
[395.2752225338635, 26.4664942703299]
[395.27522806796935, 26.46644320753537]
[395.27524887913427, 26.466405076800587]
[395.2752871011706, 26.466397980629747]
[395.27530657697525, 26.466302791808793]
[395.27536964201227, 26.466200285773027]
[395.2753807547989, 26.466174961671165]
[395.27538509120035, 26.466169684381722]
[395.27540713871366, 26.466130636968547]
[395.2754178453055, 26.466113542357306]
[395.275424693092, 26.466101971315915]
[395.2754533913596, 26.466056097847805]
[395.27545493687535, 26.466053786436824]
[395.27545915447035, 26.466046914709697]
[395.2754963634733, 26.465990018385174]
[395.2755205641436, 26.465973037769995]
[395.2755217355315, 26.465958399313067]
[395.27552912320465, 26.465939263447126]
[395.275560112423, 26.465895118341184]
[395.2755773982682, 26.465868274285338]
[395.2755857061244, 26.465856416580056]
[395.2755990955578, 26.465837301304635]
[395.275607645315, 26.46582531971368]
[395.2756113071115, 26.46582050152889]
[395.2756161952974, 26.46581346638984]
[395.2756279209826, 26.46579683800028]
[395.2756445390767, 26.465774571635855]
[395.27568031047565, 26.46577091076305]
[395.2756861726446, 26.465718683531048]
[395.27572780731026, 26.46566478114227]
[395.2757353357401, 26.465655619373877]
[395.27576191478397, 26.46562182906103]
[395.275771211899, 26.465612094504618]
[395.27578361650967, 26.46559581646906]
[395.2758261381956, 26.465546186264092]
[395.2758677766591, 26.46549894992132]
[395.27588106659783, 26.465483838315837]
[395.2758943569511, 26.46546902580724]
[395.27590188638965, 26.465461283431637]
[395.2759076477187, 26.4654545123469]
[395.27592270645584, 26.46543922480896]
[395.27593599710576, 26.465425049792923]
[395.2759397619021, 26.46542133638674]
[395.2759506010759, 26.465409876565957]
[395.2759776383583, 26.465383058611938]
[395.27601551575816, 26.465346449874186]
[395.2760192807086, 26.465343052116957]
[395.2760230457572, 26.4653396938165]
[395.2760259264857, 26.46533671394407]
[395.27603257236643, 26.465330450463902]
[395.2760476326168, 26.465317293533435]
[395.2760609241568, 26.465305030160597]
[395.2760988035, 26.465272035125214]
[395.27610256870275, 26.465268992595405]
[395.27611009940233, 26.465263025933854]
[395.27611586095395, 26.465257664785483]
[395.27611753340085, 26.465257255617317]
[395.27612915361954, 26.465246635553672]
[395.2761329186542, 26.465243652281945]
[395.2761442143465, 26.465234939273884]
[395.2761499766009, 26.46522999757744]
[395.2761707998567, 26.465213855574227]
[395.27620868200285, 26.465185726763764]
[395.2762124471917, 26.465183059413107]
[395.2762461014964, 26.46515962445632]
[395.27624656509266, 26.465159265617803]
[395.27626915786465, 26.46514468329537]
[395.27628444912614, 26.465134471903642]
[395.27628821437105, 26.465132081105214]
[395.2762905411217, 26.465130971567586]
[395.2762957451551, 26.46512741795553]
[395.27630095026626, 26.465124199968663]
[395.27630150890406, 26.465123875889407]
[395.27630249335647, 26.465123287991016]
[395.27630289168684, 26.465123017180854]
[395.27630339149675, 26.46512270026078]
[395.27630704206643, 26.46512071936362]
[395.2763108078997, 26.465118565472277]
[395.27632233410327, 26.465111345388628]
[395.276342176761, 26.46510035666763]
[395.2763495326529, 26.465095675635325]
[395.27636022002406, 26.46508988584016]
[395.27636289195163, 26.465088481095258]
[395.27636510265404, 26.465087218174833]
[395.27637151622133, 26.465083661864025]
[395.27637916333833, 26.46507978110571]
[395.276398052209, 26.46507077648222]
[395.2763981068885, 26.4650700930257]
[395.2764047913165, 26.4650683263461]
[395.2764142859937, 26.465061898698554]
[395.2764170506746, 26.46506082157107]
[395.2764253065341, 26.465056708873284]
[395.2764310047565, 26.465056296620816]
[395.27643599469656, 26.465051966712757]
[395.276452506875, 26.465044216915803]
[395.27646546998153, 26.46503877871436]
[395.2764797079111, 26.46503261718804]
[395.27648772376125, 26.465029410685595]
[395.27649039577915, 26.465028375984343]
[395.2765039964843, 26.465023035935115]
[395.2765173292306, 26.465020703604267]
[395.27651859884713, 26.465018342253934]
[395.27652294142723, 26.465016025938873]
[395.2765307726598, 26.465013824609223]
[395.27653531782175, 26.465011782515525]
[395.2765430953458, 26.465009051507757]
[395.2765457876626, 26.465008023048618]
[395.27655164707386, 26.465007682455273]
[395.2765532903181, 26.46500596299789]
[395.276555487759, 26.465004886756567]
[395.27657176118134, 26.464999771222793]
[395.27658283895295, 26.46499664421271]
[395.2765965148536, 26.464992888128897]
[395.2766101909567, 26.464989375469592]
[395.27661207046646, 26.464988541841514]
[395.2766227893491, 26.46498720648947]
[395.2766237106235, 26.46498596883163]
[395.2766301664667, 26.464985093107494]
[395.2766447533372, 26.4649831226637]
[395.27664699313976, 26.464981871560138]
[395.2766599091528, 26.464981715749612]
[395.2766604762238, 26.464981523043196]
[395.2766616103741, 26.464981140768106]
values
[394.4816294800101, 66.2601360737736]
[394.4816332166636, 66.23149946320487]
[394.48163646715534, 66.18548710896565]
[394.4816632863414, 66.05137495262113]
[394.53299774110945, 65.8049191905979]
[394.53588752545585, 65.50189166011435]
[394.5386447359665, 65.19820685436191]
[394.5414466288891, 64.87227903351122]
[394.54324030510975, 57.87857190069509]
[394.54977131115083, 30.089228635694425]
[394.5512752863769, 30.04109448057072]
[394.5515668352579, 30.0246862336827]
[394.5519981842487, 30.012840133076445]
[394.5527612012556, 29.98979707731388]
[394.55280561427753, 29.989755663117496]
[394.55331212984083, 29.987880680596497]
[394.55349886452314, 29.967221907004657]
[394.5536029090543, 29.96719998257654]
[394.5539660308685, 29.9560622486554]
[394.55440481121695, 29.945150424876953]
[394.55471024680924, 29.934117264784625]
[394.55556566118355, 29.918814843553108]
[394.5558311450448, 29.91450036278293]
[394.5559621975518, 29.90231427475659]
[394.5562738139059, 29.898873251909624]
[394.5566595042569, 29.889290910511058]
[394.5567602089253, 29.877538826219915]
[394.55736104955844, 29.875167636544802]
[394.5576600121592, 29.86182265227743]
[394.55790486917743, 29.858217765602774]
[394.5580725121048, 29.85284829137088]
[394.558361575092, 29.846794067707535]
[394.5583765252468, 29.8458113400407]
[394.55855477079183, 29.842564504533758]
[394.55870729724245, 29.84134910209493]
[394.5589908405233, 29.832605616600983]
[394.5593054401674, 29.82062093366165]
[394.5600779419081, 29.8021449999545]
[394.5601313389795, 29.79876913086839]
[394.5601537279234, 29.797126571462297]
[394.560197767806, 29.79397341512079]
[394.5604458884666, 29.789213947194504]
[394.5606261927235, 29.784973604024866]
[394.56070538340737, 29.782535614142557]
[394.5608196752978, 29.778736130216885]
[394.5616560161258, 29.756588044480186]
[394.5616750502309, 29.75494351685049]
[394.5618470747717, 29.75259233999538]
[394.56223098703066, 29.733174599395944]
[394.56260132513546, 29.724670210998575]
[394.56303348652636, 29.722472823910586]
[394.563168472397, 29.718391918195188]
[394.5632746624229, 29.715258614453553]
[394.563385011597, 29.71414539855223]
[394.5634196509403, 29.711089722197997]
[394.56343257707476, 29.71104964274201]
[394.5635424428656, 29.71000865900791]
[394.5635663133117, 29.709623241099887]
[394.5636142501648, 29.7086859571642]
[394.56373454247813, 29.704359521052094]
[394.5639006814006, 29.70040475896073]
[394.5641137612031, 29.694685544666363]
[394.5641367991274, 29.6938416017772]
[394.56421042065216, 29.692126135961466]
[394.56422423735785, 29.691765991341462]
[394.564503106811, 29.684907162581197]
[394.56450856475334, 29.68474024408051]
[394.5645186926312, 29.684285953867917]
[394.564523313865, 29.683740072655596]
[394.5646332968114, 29.681397757212743]
[394.56469914250533, 29.67979966900591]
[394.56471730262916, 29.679219329591586]
[394.56472267862455, 29.679045594739076]
[394.56478687091277, 29.677848453541284]
[394.56483768861995, 29.67708508315403]
[394.56484165509266, 29.67680776313262]
[394.56490122093163, 29.67577173706583]
[394.5649051978446, 29.675547037581065]
[394.56495953557254, 29.67492486624176]
[394.56496280272773, 29.67461894508586]
[394.56502226763524, 29.673766150187728]
[394.5650333122623, 29.673624790942444]
[394.56503883569223, 29.673555879384807]
[394.56508068631547, 29.672982382467747]
[394.5651340172959, 29.67195762875171]
[394.5651921752136, 29.671718618473534]
[394.5652143473458, 29.67155761454278]
[394.56524207925725, 29.671382947563814]
[394.56525317723174, 29.671321355302794]
[394.56525872733545, 29.671292332709616]
[394.56527538211213, 29.671212360345848]
[394.56529759890094, 29.671122290425146]
[394.56531680831415, 29.667936980631193]
[394.56533128638523, 29.667690307497224]
[394.5654022151706, 29.666503796294762]
[394.56561978430506, 29.665146322246635]
[394.56570364314564, 29.661866868141523]
[394.56572727149506, 29.661684503984393]
[394.5658146449602, 29.66105937150585]
[394.5661006089751, 29.656311905731407]
[394.5662885888067, 29.650411416242793]
[394.56633742978096, 29.649521758132824]
[394.56636170038297, 29.649057425211957]
[394.566753661303, 29.644230413539354]
[394.5667792235653, 29.64107124654066]
[394.56694163171403, 29.639127252603906]
[394.5671165897944, 29.63595368806277]
[394.5673335820544, 29.634444155370026]
[394.56738766588984, 29.63206976235057]
[394.5676592127306, 29.630143984271946]
[394.56771833036197, 29.62792491404986]
[394.56778495016493, 29.62499857975397]
[394.5678998200542, 29.6231826672881]
[394.5681129249128, 29.619568270344097]
[394.5683179769381, 29.61693011752909]
[394.56839193197675, 29.61540283831554]
[394.5684431815026, 29.615286193761523]
[394.5684747353604, 29.614461828851123]
[394.56850764826714, 29.613966956975492]
[394.568511012254, 29.613876746905156]
[394.56851353533, 29.613809297413418]
[394.56860107959386, 29.613155396523233]
[394.5686352596251, 29.612264874265122]
[394.5688560717031, 29.609461460522414]
[394.56887100283177, 29.60801190071419]
[394.5689487433123, 29.607648959478432]
[394.56910751548656, 29.60517906833723]
[394.5691242751918, 29.605119905006852]
[394.56923611493914, 29.60314454804506]
[394.56943455230356, 29.599884847080908]
[394.56973754518685, 29.59690590444264]
[394.56979418647717, 29.595862136049572]
[394.5699050166279, 29.595470804310658]
[394.5699286240992, 29.59320743658604]
[394.5701554584668, 29.58948857224935]
[394.57025080358164, 29.587061144350876]
[394.5702985104133, 29.585925021406926]
[394.5703303276619, 29.585196337300648]
[394.57073240063005, 29.58370255797604]
[394.5708877504165, 29.581245508629372]
[394.57102477346933, 29.578970377786817]
[394.57113438373744, 29.57559953472115]
[394.571162644318, 29.573397974214675]
[394.5717244854137, 29.56760404993834]
[394.5722828074593, 29.56418602294898]
[394.5723486985002, 29.559057651855134]
[394.5724911051026, 29.55516337966057]
[394.57298511250775, 29.553598992660035]
[394.57336622919155, 29.544063258458213]
[394.5738165772387, 29.539961359714994]
[394.5746146629355, 29.536491625514355]
[394.5746400889861, 29.532772312811133]
[394.5749847514536, 29.527229733016927]
[394.57529649445775, 29.526622557260744]
[394.5753289080898, 29.525787850706987]
[394.5756277449188, 29.518266453655453]
[394.5761832514606, 29.51282156698339]
[394.57653964186795, 29.5098867177161]
[394.57658860420497, 29.509061629504213]
[394.57671928214563, 29.507119026369658]
[394.5774893243648, 29.501771920205286]
[394.577582419225, 29.499275093092688]
[394.578275645133, 29.49765861119685]
[394.578305388191, 29.494888374688166]
[394.5784332385792, 29.492198656941888]
[394.57848260159795, 29.491593813106608]
[394.5787476920447, 29.491068079726332]
[394.5792165220767, 29.485849871730853]
[394.5793376040362, 29.485079818984346]
[394.57943670790604, 29.484041453069565]
[394.57976849894817, 29.48258547282766]
[394.5800146148492, 29.481559396954047]
[394.5800807684209, 29.480592620304215]
[394.580146962614, 29.47972052657103]
[394.58021319742835, 29.478943096708765]
[394.5802794728641, 29.47826031111659]
[394.5803457889212, 29.477672149638884]
[394.58041214559967, 29.477178591565618]
[394.5804785428994, 29.476779615632694]
[394.5812369050947, 29.476714276487797]
[394.5816768183856, 29.473307691950502]
[394.5819564115125, 29.47122962539858]
[394.5820229928875, 29.470153360981083]
[394.58217703267786, 29.46686139941057]
[394.58224386266664, 29.466533870598962]
[394.5830656773303, 29.462594191588]
[394.58309919541927, 29.462437343428817]
[394.58314949159404, 29.462246750496263]
[394.58409302203535, 29.458523882815882]
[394.5852996422498, 29.45481690260329]
[394.58775302878087, 29.454542036012597]
[395.2372959211565, 27.537800094574802]
[395.23876658175413, 27.33383539167524]
[395.2403672519282, 27.265939867527283]
[395.2404562371564, 27.265141086267267]
[395.2405460749294, 27.264596498163584]
[395.24059131352016, 27.264419811542204]
[395.24061401274156, 27.26435541970967]
[395.2406367652471, 27.264307014361563]
[395.24068243011016, 27.264258219456025]
[395.2406908827404, 27.263247833543893]
[395.2407137623555, 27.26323736799727]
[395.24072943157336, 27.262728011863665]
[395.2407910630198, 27.262258421465628]
[395.2408028332411, 27.261881859269845]
[395.2408376800378, 27.261553775966515]
[395.2408653948314, 27.26028047933511]
[395.24092435998995, 27.259246818660202]
[395.2409964084542, 27.258645647841785]
[395.24099790261664, 27.258568886017088]
[395.24101337370627, 27.247389228980843]
[395.2413253479706, 27.244709697318193]
[395.24139268411227, 27.244082274751054]
[395.2413997396386, 27.243575469829427]
[395.2414138549387, 27.242563650854862]
[395.2416153123044, 27.24072969653459]
[395.24173817699904, 27.214851963839525]
[395.2418367388828, 27.2147184665837]
[395.24187165563427, 27.21434272478902]
[395.24211092671953, 27.214138436702193]
[395.2421121299902, 27.209823546647666]
[395.2421393301471, 27.203710736598175]
[395.2423565337168, 27.202673218852524]
[395.2424443742836, 27.20211780760051]
[395.24245592990894, 27.194771301904073]
[395.24254828889434, 27.19352426489185]
[395.2425923570231, 27.191157241665234]
[395.24259811986946, 27.189294247891514]
[395.2426290444023, 27.185401357102673]
[395.2426957268149, 27.17485685472075]
[395.2427573426091, 27.17230152960805]
[395.242863839645, 27.166952458559518]
[395.24291752408215, 27.16486801578926]
[395.2429703920088, 27.161640078255342]
[395.24300922881065, 27.15937051784466]
[395.2430192079064, 27.157868816655185]
[395.24304809590024, 27.157114142280804]
[395.24332799530686, 27.14077100134277]
[395.2442997505174, 27.138370008453926]
[395.24446598674115, 27.133364849759868]
[395.2446667683923, 27.112923489959105]
[395.2454385922339, 27.10574098563184]
[395.2459904356497, 27.097298088119558]
[395.2460949425452, 27.09424145964295]
[395.246258053162, 27.084717482705305]
[395.2468728642333, 27.06268197240715]
[395.2471803849271, 27.05183902897281]
[395.24789484779984, 27.03758906002445]
[395.24861258932367, 27.024605066112144]
[395.24949810920003, 27.011642976259306]
[395.25027940233196, 26.993373824421237]
[395.25061249456655, 26.9917256810868]
[395.2510621629267, 26.976013397508073]
[395.251315705928, 26.973904383501836]
[395.2516237918601, 26.96162703425928]
[395.25213741897625, 26.946230250786666]
[395.25274864737224, 26.94465690708366]
[395.2529907578701, 26.936124903319136]
[395.2536181990457, 26.92593120972524]
[395.2538738415815, 26.907972318205037]
[395.25418094053106, 26.90792944173741]
[395.25479178509806, 26.898148093467768]
[395.2551953520338, 26.87518592665168]
[395.25626366477053, 26.861736486446624]
[395.25724995470233, 26.84338676009372]
[395.2572910383908, 26.825906114765885]
[395.2587087232675, 26.812398716010087]
[395.2600174149275, 26.788074589607458]
[395.26147563173765, 26.779248813683395]
[395.2624392588329, 26.75575443490722]
[395.2647193118855, 26.73588013545619]
[395.2649181245497, 26.72860047186125]
[395.2649679591446, 26.726221483411827]
[395.26565179529916, 26.722930791517843]
[395.2675005746913, 26.6554629798753]
[395.2675559474758, 26.62292405327438]
[395.26807965188175, 26.62106691241572]
[395.2687079111181, 26.618459038527043]
[395.26879042604776, 26.61732362718093]
[395.268921652981, 26.58716488434953]
[395.26978415999383, 26.496452873299393]
[395.27055427192795, 26.493171552251066]
[395.27095248923786, 26.492649561147996]
[395.2710773709499, 26.485732272614847]
[395.2713630280578, 26.484978145273143]
[395.271495808731, 26.482857835146422]
[395.271753096641, 26.481080871824815]
[395.2719878426063, 26.479590925173678]
[395.2722471786523, 26.479535158914373]
[395.27246299062426, 26.477926048758924]
[395.27254859376075, 26.47772185195589]
[395.272615588693, 26.476484637594083]
[395.2726979442926, 26.475899337675166]
[395.2727686758618, 26.475214363159477]
[395.2727730940121, 26.47513679293384]
[395.2728190073541, 26.474402543197407]
[395.2728274758725, 26.474311286280965]
[395.2729036110097, 26.473901742817063]
[395.2729137960931, 26.473791318630962]
[395.2729632971049, 26.473570809717998]
[395.2729798167666, 26.47351923267856]
[395.2729928190237, 26.473440091173828]
[395.27303016873697, 26.473281377399832]
[395.2730676274217, 26.473155541304788]
[395.27312683685, 26.47286037367965]
[395.2731653313239, 26.472693256307224]
[395.27320386181793, 26.47253727524394]
[395.27322351596086, 26.47245117115348]
[395.27339195111807, 26.47182011166572]
[395.27341690717606, 26.471668181431163]
[395.2734817967698, 26.471415604644534]
[395.27354585909245, 26.471172431249435]
[395.2736685236495, 26.470716067576575]
[395.27367483056054, 26.470697683494127]
[395.27370707648254, 26.470582278990197]
[395.2737267204747, 26.470507815616074]
[395.27373342334386, 26.47048230747309]
[395.2738038215803, 26.470243945035758]
[395.27392018074437, 26.469836888201687]
[395.2739973447694, 26.46960274473863]
[395.2740618622749, 26.469399523348457]
[395.2741069612667, 26.46923167291418]
[395.27411368500526, 26.469213233133626]
[395.2741718784605, 26.46903061665045]
[395.27417819620143, 26.469015857050202]
[395.27419091194974, 26.469008853717]
[395.27423008747394, 26.468856082907855]
[395.27423679835596, 26.46883446157742]
[395.27426465398025, 26.468751806931834]
[395.2742705597258, 26.46873604507631]
[395.2742910043028, 26.468674468049116]
[395.27429772941923, 26.468657026598994]
[395.2742977425516, 26.468654812947786]
[395.27430172095296, 26.46864320669314]
[395.2743072332575, 26.468636873376685]
[395.274423616798, 26.46829722615394]
[395.2744948387758, 26.468242861767315]
[395.27454552366856, 26.46796855146944]
[395.27454952305743, 26.46795888285834]
[395.27455266078704, 26.467950933664607]
[395.2745562405745, 26.46794020021704]
[395.2745825962407, 26.467871724109163]
[395.2746104583619, 26.467800172699125]
[395.2746171901134, 26.467785673548057]
[395.27465179820786, 26.467704556159436]
[395.2746646783753, 26.467663576748524]
[395.2746714357276, 26.467646985907777]
[395.27467539575684, 26.467636689831686]
[395.2746781582153, 26.467630113087697]
[395.27468609522987, 26.467611637052]
[395.274688870188, 26.467611216132585]
[395.27469958786486, 26.46759131974993]
[395.27473665998673, 26.46749969343819]
[395.27479732304766, 26.46734329432308]
[395.27481080742007, 26.467321447758852]
[395.27487291105945, 26.467170294136473]
[395.2748849591062, 26.467149875775483]
[395.27490856043426, 26.467089957945902]
[395.27491926136395, 26.467067203450487]
[395.2749220365441, 26.46706659158422]
[395.2749299790013, 26.46704321823326]
[395.2749367173878, 26.467031691598855]
[395.2749514010835, 26.466997844811264]
[395.2749731879516, 26.4669700893388]
[395.2749841522695, 26.466926203798685]
[395.2749909521664, 26.466912301072952]
[395.2750305055549, 26.466829006851345]
[395.275043991606, 26.4668092841642]
[395.2750626462362, 26.46676334456207]
[395.2751170144526, 26.466655145338418]
[395.2751368149874, 26.466615339962075]
[395.27514114542214, 26.466607792390125]
[395.27514752104406, 26.4665958721517]
[395.27515057589386, 26.466590654541875]
[395.2751739009577, 26.466543835333056]
[395.2751806303809, 26.466532694948143]
[395.275184606093, 26.46652441655595]
[395.27518708738944, 26.466519153314223]
[395.27518859396525, 26.466516384087512]
[395.27519531821383, 26.466507020780377]
[395.2752225338635, 26.4664942703299]
[395.27522806796935, 26.46644320753537]
[395.27524887913427, 26.466405076800587]
[395.2752495662209, 26.466403561730488]
[395.2752524040863, 26.466397869399987]
[395.27530657697525, 26.466302791808793]
[395.27536964201227, 26.466200285773027]
[395.2753807547989, 26.466174961671165]
[395.27538509120035, 26.466169684381722]
[395.27540713871366, 26.466130636968547]
[395.2754178453055, 26.466113542357306]
[395.275424693092, 26.466101971315915]
[395.275428558883, 26.466098470588268]
[395.2754392770319, 26.466080271966938]
[395.27544210318814, 26.466073976780212]
[395.27544962853773, 26.4660620181002]
[395.27545060631354, 26.46606051418754]
[395.2754533913596, 26.466056097847805]
[395.27545493687535, 26.466053786436824]
[395.27545915447035, 26.466046914709697]
[395.2754629170611, 26.466040964845053]
[395.27549352840566, 26.46599557373831]
[395.2754963634733, 26.465990018385174]
[395.2755205641436, 26.465973037769995]
[395.2755217355315, 26.465958399313067]
[395.27552912320465, 26.465939263447126]
[395.27553983401765, 26.465924346812294]
[395.275560112423, 26.465895118341184]
[395.2755612697099, 26.46589452711808]
[395.2755773982682, 26.465868274285338]
[395.2755783271569, 26.465867387884373]
[395.2755857061244, 26.465856416580056]
[395.2755953322946, 26.465842601409523]
[395.2755990955578, 26.465837301304635]
[395.27560485882435, 26.465829112978085]
[395.27560667039427, 26.465827313085573]
[395.275607645315, 26.46582531971368]
[395.2756113071115, 26.46582050152889]
[395.2756161952974, 26.46581346638984]
[395.2756199589519, 26.465808343677118]
[395.2756279209826, 26.46579683800028]
[395.2756445390767, 26.465774571635855]
[395.27568031047565, 26.46577091076305]
[395.2756861726446, 26.465718683531048]
[395.27572780731026, 26.46566478114227]
[395.2757353357401, 26.465655619373877]
[395.27574662206223, 26.465641151316344]
[395.2757476022531, 26.465639953177398]
[395.2757523892837, 26.465634062630247]
[395.27575615361064, 26.465629590143735]
[395.27576191478397, 26.46562182906103]
[395.27576470519347, 26.46561935544042]
[395.27576567887985, 26.46561732697731]
[395.275771211899, 26.465612094504618]
[395.27577896889045, 26.465600890622852]
[395.27578361650967, 26.46559581646906]
[395.2757845008299, 26.465595408013026]
[395.2757882583341, 26.465590130742324]
[395.2758035513931, 26.46557154286583]
[395.2758261381956, 26.465546186264092]
[395.2758451891, 26.465523241879964]
[395.2758677766591, 26.46549894992132]
[395.2758697727762, 26.46549577726367]
[395.27588106659783, 26.465483838315837]
[395.2758868279047, 26.46547692595635]
[395.27589059237886, 26.4654729561606]
[395.2758943569511, 26.46546902580724]
[395.27589612639935, 26.465468471926997]
[395.2758981216213, 26.465465134897258]
[395.27590188638965, 26.465461283431637]
[395.2759046793573, 26.465459728118354]
[395.2759076477187, 26.4654545123469]
[395.27591141225594, 26.465450631294495]
[395.2759207033687, 26.465441420207146]
[395.27592270645584, 26.46543922480896]
[395.27593599710576, 26.465425049792923]
[395.275937758761, 26.46542348139916]
[395.2759397619021, 26.46542133638674]
[395.2759506010759, 26.465409876565957]
[395.2759776383583, 26.465383058611938]
[395.27601551575816, 26.465346449874186]
[395.2760192807086, 26.465343052116957]
[395.2760210425351, 26.46534164614195]
[395.2760230457572, 26.4653396938165]
[395.2760259264857, 26.46533671394407]
[395.27603257236643, 26.465330450463902]
[395.2760476326168, 26.465317293533435]
[395.2760609241568, 26.465305030160597]
[395.2760988035, 26.465272035125214]
[395.2761008068896, 26.465270289387895]
[395.27610256870275, 26.465268992595405]
[395.27610857314727, 26.465263513018673]
[395.27611009940233, 26.465263025933854]
[395.27611586095395, 26.465257664785483]
[395.27611753340085, 26.465257255617317]
[395.2761178643974, 26.465255969363508]
[395.27611962612167, 26.465254671615977]
[395.2761271567512, 26.46524880367876]
[395.27612915361954, 26.465246635553672]
[395.2761309222131, 26.465245928913014]
[395.2761329186542, 26.465243652281945]
[395.27613316070085, 26.46524335933255]
[395.27613492215164, 26.465242007167348]
[395.27613668378694, 26.465240708477417]
[395.27613692566814, 26.465240371678526]
[395.27613892920374, 26.465238745815164]
[395.2761404490177, 26.46523780414107]
[395.2761442143465, 26.465234939273884]
[395.2761499766009, 26.46522999757744]
[395.27615951037836, 26.465222648980326]
[395.2761707998567, 26.465213855574227]
[395.276174807019, 26.465210771768945]
[395.2762066783761, 26.465187184727178]
[395.27620868200285, 26.465185726763764]
[395.27620892429013, 26.465185550900145]
[395.27621068564866, 26.465184278420388]
[395.2762124471917, 26.465183059413107]
[395.2762126893135, 26.465182839696737]
[395.2762146929975, 26.465181410592507]
[395.276216454435, 26.465180167967368]
[395.27621669670054, 26.46517999110739]
[395.27622574086513, 26.46517360166169]
[395.2762317520216, 26.465169436291397]
[395.2762461014964, 26.46515962445632]
[395.27624656509266, 26.465159265617803]
[395.2762505725517, 26.46515657522918]
[395.27626738959464, 26.465145425438465]
[395.27626915786465, 26.46514468329537]
[395.2762804415951, 26.465137004129677]
[395.27628244535106, 26.465135733209507]
[395.27628444912614, 26.46513447190364]
[395.2762864529203, 26.465133220211772]
[395.27628821437105, 26.465132081105214]
[395.27628845673354, 26.46513197813359]
[395.2762898667518, 26.465131125180513]
[395.27629046056586, 26.46513074566879]
[395.27629193186993, 26.46512975142061]
[395.2762922219111, 26.46512958296013]
[395.2762957451551, 26.46512741795553]
[395.27630095026626, 26.465124199968663]
[395.27630150890406, 26.465123875889407]
[395.27630249335647, 26.465123287991016]
[395.27630289168684, 26.465123017180854]
[395.27630339149675, 26.46512270026078]
[395.2763055166193, 26.465121482593236]
[395.27630704206643, 26.46512071936362]
[395.2763108078997, 26.465118565472277]
[395.27632233410327, 26.465111345388628]
[395.276342176761, 26.46510035666763]
[395.27634531531396, 26.465098091822195]
[395.2763467994967, 26.465097309730233]
[395.2763495326529, 26.465095675635325]
[395.2763522044448, 26.465094202562746]
[395.2763527983015, 26.4650938689244]
[395.276354208311, 26.46509310896907]
[395.27635480216367, 26.465092775367147]
[395.2763562121962, 26.465092024984294]
[395.2763576222575, 26.465091284889382]
[395.2763582161006, 26.46509095060809]
[395.27636022002406, 26.46508988584016]
[395.27636289195163, 26.465088481095258]
[395.2763642890949, 26.465087566728837]
[395.27636510265404, 26.465087218174833]
[395.2763671091531, 26.465086094234433]
[395.2763709079381, 26.46508436933824]
[395.27637151622133, 26.465083661864025]
[395.27637518610464, 26.465081733508452]
[395.27637916333833, 26.46507978110571]
[395.2763900910125, 26.4650740168336]
[395.276398052209, 26.46507077648222]
[395.2763981068885, 26.4650700930257]
[395.2764047913165, 26.4650683263461]
[395.2764130732069, 26.465062543058767]
[395.2764142859937, 26.465061898698554]
[395.2764170506746, 26.46506082157107]
[395.2764225604765, 26.46505795845483]
[395.276423970552, 26.46505732084955]
[395.2764253065341, 26.465056708873284]
[395.27642597452837, 26.46505640448575]
[395.2764279785238, 26.465055497725427]
[395.2764299825384, 26.465054600568273]
[395.27643204782754, 26.46505348166989]
[395.27643599469656, 26.465051966712757]
[395.2764360557364, 26.465051672886233]
[395.2764361174793, 26.465051575486434]
[395.27643812135454, 26.46505065425598]
[395.2764401252488, 26.46504974262925]
[395.27644953873505, 26.465045506095212]
[395.2764510227742, 26.465044851562187]
[395.276452506875, 26.465044216915803]
[395.2764550306494, 26.465043109723226]
[395.27646546998153, 26.46503877871436]
[395.2764740058885, 26.46503497784509]
[395.27647801380635, 26.46503334134834]
[395.2764797079111, 26.46503261718804]
[395.27648750153134, 26.465029470608933]
[395.27648772376125, 26.465029410685595]
[395.2764889115925, 26.465028925137965]
[395.27649039577915, 26.465028375984343]
[395.2764909155947, 26.465028147585073]
[395.2764957399167, 26.465026357776804]
[395.27649691011123, 26.4650257459302]
[395.2764969893378, 26.46502570769295]
[395.2765039964843, 26.465023035935115]
[395.2765173292306, 26.465020703604267]
[395.27651859884713, 26.465018342253934]
[395.27651997312216, 26.465017041082028]
[395.27652294142723, 26.465016025938873]
[395.2765307726598, 26.465013824609223]
[395.27653531782175, 26.465011782515525]
[395.27654287806837, 26.465009011840785]
[395.27654295724165, 26.465008977988607]
[395.2765431109968, 26.465008927575866]
[395.2765432554749, 26.465008876466207]
[395.27654444137033, 26.46500849949661]
[395.27654530221923, 26.46500819834571]
[395.2765455064955, 26.465008120890612]
[395.2765457876626, 26.465008023048618]
[395.2765474098125, 26.46500760213722]
[395.27654804670846, 26.465007270528925]
[395.2765502977342, 26.465006526868272]
[395.2765504422169, 26.46500647828015]
[395.27655244542206, 26.465005821112563]
[395.2765549362716, 26.465005012030165]
[395.276555487759, 26.465004886756567]
[395.27656594169616, 26.46500151838893]
[395.27657176118134, 26.464999771222793]
[395.27657185884, 26.464999727679217]
[395.2765779232171, 26.464997880174476]
[395.27658144136694, 26.464996849227223]
[395.2765815858724, 26.464996812429508]
[395.27658283895295, 26.46499664421271]
[395.27658325847733, 26.464996398053227]
[395.2765863772571, 26.464995430328944]
[395.2765886283241, 26.464994781980142]
[395.2765889264858, 26.464994662259265]
[395.27658938334923, 26.46499461276051]
[395.27659047440164, 26.464994245717342]
[395.2765914300255, 26.464994003192878]
[395.27659171095024, 26.464993885511024]
[395.27659436843635, 26.46499319767791]
[395.27659642584786, 26.464992650333688]
[395.2766000886029, 26.46499167894483]
[395.27660199303267, 26.464991167913198]
[395.2766101909567, 26.464989375469592]
[395.27661207046646, 26.464988541841514]
[395.2766227893491, 26.46498720648947]
[395.2766234864491, 26.464985729961583]
[395.27662540612124, 26.46498523974515]
[395.2766277152993, 26.464984735778003]
[395.27662938828024, 26.46498451525719]
[395.27662996640635, 26.464984189261333]
[395.27663181485235, 26.464983847506733]
[395.2766344926863, 26.464983217320754]
[395.27663490254145, 26.46498307764888]
[395.2766350558729, 26.464982896750712]
[395.27663613795465, 26.464982680516062]
[395.2766400322835, 26.464981897668576]
[395.2766408844896, 26.464981705513296]
[395.2766418007142, 26.46498150672736]
[395.27664223438137, 26.46498146997473]
[395.2766438660341, 26.464981408600575]
[395.27664631874336, 26.464980584892427]
[395.2766478625966, 26.464980222455008]
[395.2766570275982, 26.46497894359155]
[395.27665744592065, 26.464978264409286]
[395.276657735055, 26.46497825168124]
[395.27666140213796, 26.46497761152827]
[395.27666734861737, 26.46497706311039]
[395.27666760762435, 26.464976409414376]
[395.2766682996064, 26.464976197561487]
[395.2766721750912, 26.464975487635176]
[395.2766730913414, 26.464975324437443]
[395.2766754874686, 26.46497492570923]
[395.2766766151015, 26.464974783367058]
[395.2766774803047, 26.46497469564424]
[395.2766792659223, 26.464974177121388]
[395.2766801342577, 26.464974057739596]
[395.27668799100337, 26.46497371835846]
[395.27668873697644, 26.464972686781962]
[395.27668959839576, 26.464972682213983]
[395.27669414728797, 26.46497219923778]
[395.27669663524875, 26.46497150896338]
[395.2766986098279, 26.464971227356035]
[395.27670105992314, 26.46497087458981]
[395.27670258186646, 26.464970798406593]
[395.27670310835543, 26.464970623006813]
[395.27670423822434, 26.464970340125596]
[395.2767052991024, 26.464970224843576]
[395.27670643434294, 26.464970132646936]
[395.2767066340153, 26.464969995446555]
[395.27670989636147, 26.464969520351833]
[395.2767114259014, 26.464969345992362]
[395.2767126531366, 26.464969117837192]
[395.276714493635, 26.464968840125557]
[395.2767154099166, 26.464968723999807]
[395.27672093432244, 26.464968082437483]
[395.276724154685, 26.46496772444024]
[395.27672707204465, 26.46496744350167]
[395.2767310560794, 26.464966887139816]
[395.27673645545013, 26.46496673543047]
[395.27673841837174, 26.46496609296806]
[395.276746240032, 26.46496549274809]
[395.2767476187646, 26.464965272985534]
[395.27674853780036, 26.464965230729845]
[395.2767579025788, 26.46496468909759]
[395.2767641816904, 26.46496399762722]
[395.2767752237746, 26.464963335590806]
[395.27677890670014, 26.464963062268705]
[395.27678074485686, 26.464963061029394]
[395.27678166119284, 26.464963020227913]
[395.2767907261068, 26.464962991609628]
[395.27679547005937, 26.4649624199441]
[395.2768111117785, 26.46496202805413]
[395.2768267592135, 26.464962026782274]
end_solutions
[-3.0853622334522184, -2.5218944377889456]
[-3.0853743812755057, -2.521910090562839]
[-3.0853865290987934, -2.521925743336733]
[-3.085398597526479, -2.5219440655173107]
[-3.085415981340331, -2.521963136507207]
[-3.085427401254817, -2.521980402787615]
[-3.0854452188939563, -2.522002667839139]
[-3.08546112432584, -2.522030177520197]
[-3.085485667475163, -2.522038409849957]
[-3.085522812546488, -2.522044589062347]
[-3.0855599576178134, -2.5220507682747373]
[-3.0855954848449256, -2.522064345675346]
[-3.0856306817246963, -2.5220840923582037]
[-3.085665548257126, -2.5221100083233106]
[-3.085700579963226, -2.522132839647293]
[-3.0857570615283643, -2.522175757302048]
[-3.0858327477645364, -2.5221885801683204]
[-3.085911835404407, -2.522229991665979]
[-3.0860134225653777, -2.5222191042317847]
[-3.0861023959918095, -2.522325035491721]
[-3.0862508435360336, -2.5223288195320723]
[-3.0863948605738156, -2.522371500297735]
[-3.086605599866827, -2.5224143090955495]
[-3.0868786309086254, -2.5224961426508274]
[-3.0871516619504233, -2.5225779762061054]
[-3.6114747926725004, -3.0312934280862587]
[-3.613630051935198, -3.029390007837966]
[-3.6173066162721668, -3.026667856992854]
[-3.6256743121177717, -3.019950544140628]
[-3.6478729620064607, -2.9975301316177743]
[-3.9246831577589605, -2.921037813699522]
end_values
[395.27682676  26.46496203]
[395.27679547  26.46496242]
[395.27676418  26.464964  ]
[395.27673106  26.46496689]
[395.27668874  26.46497269]
[395.27665745  26.46497826]
[395.27661207  26.46498854]
[395.27656594  26.46500152]
[395.27651997  26.46501704]
[395.27645503  26.46504311]
[395.27639009  26.46507402]
[395.27632233  26.46511135]
[395.27625057  26.46515658]
[395.27617481  26.46521077]
[395.27610105  26.46526992]
[395.27597764  26.46538306]
[395.27584519  26.46552324]
[395.27568617  26.46571868]
[395.27552912  26.46593926]
[395.27530658  26.46630279]
[395.27506265  26.46676334]
[395.27479732  26.46734329]
[395.27442362  26.46829723]
[395.27392018  26.46983689]
[395.27341691  26.47166818]
[394.58217703  29.4668614 ]
[394.58041215  29.47717859]
[394.57758242  29.49927509]
[394.57116264  29.57339797]
[394.55424066  29.94506454]
[394.48162948  66.26013607]
