values
[2221.8175154316486, 1868.0116191227994]
[2223.515685659323, 1867.403426805866]
[2223.5325518434593, 1866.6667844848619]
[2223.559796367199, 1865.9405205034623]
[2223.597419230543, 1865.2246348616663]
[2223.6008694855327, 1865.1759798286023]
[2223.6454204334923, 1864.5191275594755]
[2223.6578532381277, 1864.3752444999498]
[2223.7037999760455, 1863.8239985968887]
[2223.7379623138163, 1863.493423918285]
[2223.8056254685484, 1862.8596838559297]
[2223.8577521777142, 1862.4188285002228]
[2223.9683011902835, 1861.619553143492]
[2224.0218867347885, 1860.9710717571857]
[2224.1246664338178, 1860.6776709946332]
[2224.1849487898453, 1860.3976843534233]
[2224.212704491959, 1860.1770226450794]
[2224.3020584571314, 1859.7168193673117]
[2224.322277865984, 1859.164751079346]
[2224.4553965720042, 1859.0228550337285]
[2224.5275539844943, 1858.7275077697798]
[2224.622019212633, 1855.4083182490374]
[2225.377540695553, 1854.8144769996811]
[2225.978555390614, 1852.4052120321385]
[2226.383661019997, 1851.2893983586694]
[2226.814651904593, 1850.6340307290295]
[2227.2934028657155, 1849.1573015986837]
[2227.8521430652013, 1848.1378124535609]
[2228.24510184499, 1847.4786183369433]
[2228.49231133374, 1847.4761299094678]
[2229.0801361568856, 1846.209346856026]
[2229.781387338284, 1845.8650502614955]
[2230.20555272039, 1845.1784410209345]
[2230.238108768027, 1845.03119744544]
[2230.823915116387, 1843.8446181036634]
[2231.570909607248, 1843.428561681391]
[2232.1147037502615, 1841.8138834625872]
[2232.3829844675047, 1841.3966160079972]
[2233.576883663781, 1840.413051552729]
[2233.826152863995, 1839.8025199549002]
[2234.4301782808843, 1839.0354490281236]
[2234.7264967079104, 1839.0288403693487]
[2235.250954813694, 1838.443494219388]
[2235.742287646892, 1837.7355245099907]
[2236.6546656292458, 1837.1566860762703]
[2237.738645546425, 1836.8225937976197]
[2238.558475715473, 1836.3729791347198]
[2240.0283197986255, 1835.737409845019]
[2240.3399928060217, 1835.6840247586915]
[2241.3783879217917, 1835.20383617946]
[2242.481515607828, 1834.7883801704938]
[2244.067667897842, 1834.3886550805769]
[2246.3411699832945, 1833.3250973468746]
[2247.5033599695394, 1832.560094242474]
[2254.0686215218375, 1831.6411542862547]
values
[2221.8175154316486, 1868.0116191227994]
[2223.4470114497794, 1866.8267935721892]
[2223.4606120925064, 1866.5495359933777]
[2223.463287922549, 1866.538279572662]
[2223.4673184622093, 1866.1121025670855]
[2223.4887320581947, 1865.2452365710815]
[2223.5169622991766, 1864.231905645617]
[2223.5997102623996, 1863.3281061514544]
[2223.6563549831244, 1862.3431897057333]
[2223.7804983779693, 1860.3024743643405]
[2223.9407170418567, 1859.7142492213588]
[2223.9434944688064, 1859.6889629127497]
[2224.003673476964, 1858.714087831458]
[2224.056652390495, 1858.6339293450685]
[2224.1078637745436, 1858.5069805797439]
[2224.1096342346427, 1858.2554903939958]
[2224.1787778523685, 1858.1796502946554]
[2224.181071774937, 1858.0966785318358]
[2224.2853243414156, 1856.614332967717]
[2224.396373115218, 1856.4591069416792]
[2224.4634854388596, 1855.75372852482]
[2224.622019212633, 1855.4083182490374]
[2224.7699294537106, 1855.2251983437975]
[2224.8092287825716, 1855.1293160725702]
[2224.8143084912986, 1854.2929899453825]
[2225.0130601089613, 1854.1824169629938]
[2225.044594215685, 1854.1289487101506]
[2225.148319642602, 1853.0448088032783]
[2225.265541507102, 1852.666691880505]
[2225.4990139127453, 1852.592687884486]
[2225.579649690317, 1851.6462771639483]
[2225.7092198652263, 1851.2805085515843]
[2225.8523566142226, 1851.2536584462493]
[2225.972674040436, 1851.0632859627945]
[2226.027390777245, 1850.9247923172127]
[2226.056291005866, 1850.2930567924532]
[2226.6216000439676, 1849.3227291521616]
[2226.6864357925224, 1848.978826554135]
[2226.7833854873343, 1848.9043777555892]
[2226.822576791416, 1848.3902967784609]
[2226.9421274824294, 1848.3709361262138]
[2227.1215993823007, 1847.7031416394473]
[2227.2242199158372, 1847.477036263019]
[2227.320239392947, 1847.4619266655195]
[2227.433880487775, 1847.0292450150243]
[2227.5759660804097, 1847.0043449579025]
[2227.721732533919, 1846.5762984352803]
[2227.832306424928, 1846.5024275672595]
[2227.8471371610403, 1846.3379971766212]
[2228.028850908124, 1846.1776773662073]
[2228.098218242493, 1845.7212273099474]
[2228.146606905346, 1845.7140514354958]
[2228.2856425189093, 1845.5898376654256]
[2228.472602680522, 1845.1675412192096]
[2228.61074587518, 1845.0100151881988]
[2229.0080048629825, 1844.567850761033]
[2229.066499339566, 1844.059701127292]
[2229.1639088293123, 1843.8275409124542]
[2229.4340095127836, 1843.6202955226468]
[2229.5115868944895, 1843.5353722005455]
[2229.5383602210427, 1843.5190771693058]
[2229.574734221402, 1843.5139764174978]
[2229.7413865220797, 1842.98575919588]
[2229.8567942519576, 1842.9598898368597]
[2229.9110925363557, 1842.922132620011]
[2230.21000412589, 1842.6057245493196]
[2230.2550361289273, 1842.3942216627302]
[2230.3258283641676, 1842.299131070874]
[2230.3450908700215, 1842.238833385016]
[2230.3528082123066, 1842.0570633111347]
[2230.4597444334295, 1841.9552879933033]
[2230.56752555602, 1841.8978239401872]
[2230.5861653437105, 1841.7832187048882]
[2230.8054544906863, 1841.746659617205]
[2230.990301226379, 1841.3566895594463]
[2231.0600662131, 1841.339254305124]
[2231.2140721949017, 1841.327741542338]
[2231.221573073614, 1840.9682875195608]
[2231.332241347408, 1840.9334403675336]
[2231.431837349699, 1840.9185271793067]
[2231.48444067941, 1840.7939519068261]
[2231.68923811337, 1840.3988731520806]
[2231.9174982413424, 1840.3241909840378]
[2232.060914554764, 1839.9745757302856]
[2232.250151530934, 1839.7658257748615]
[2232.2675366465346, 1839.6878777274783]
[2232.4520888405277, 1839.6345817208373]
[2232.5445476574246, 1839.6070453255134]
[2232.6688080949752, 1839.442998290737]
[2232.75521659159, 1839.3755768722958]
[2232.781819478, 1839.3222612463603]
[2232.8314574813385, 1839.1531709304816]
[2232.9690346435527, 1839.1472575368753]
[2233.0136903871276, 1839.106511190609]
[2233.450879958289, 1838.6594259870042]
[2233.535421652482, 1838.4641808410436]
[2233.638253799628, 1838.3680195223917]
[2233.776683293627, 1838.3473696228125]
[2233.791433291427, 1838.1315392224274]
[2234.0613048733594, 1838.0795335928578]
[2234.1077352019665, 1837.850860735575]
[2234.4460079510027, 1837.7607793991313]
[2234.469668459613, 1837.7030765742236]
[2234.4813035096317, 1837.6191215060169]
[2234.9432246891947, 1837.3032240814653]
[2234.967027240762, 1837.2883214471974]
[2235.0013186805386, 1837.247157838097]
[2235.0277390580127, 1837.241852403064]
[2235.1609152353703, 1837.1294700033488]
[2235.311330158127, 1836.9240424169093]
[2235.493137640066, 1836.65767525814]
[2235.799987172395, 1836.6121636456253]
[2235.8196983823786, 1836.5047892212187]
[2236.1872355982396, 1836.15781242153]
[2236.4701846941803, 1836.002044662056]
[2236.685630319008, 1835.9717159780491]
[2236.756777299455, 1835.8499204119164]
[2236.9537337284223, 1835.8306673006973]
[2237.0350090272286, 1835.743742177172]
[2237.049620572646, 1835.7409052586434]
[2237.1444212602228, 1835.5230503571338]
[2237.624838355491, 1835.377529279156]
[2237.6286602366918, 1835.2635396003252]
[2237.8187852796964, 1835.2454950029758]
[2237.8989189702725, 1835.169355878145]
[2238.062635096321, 1834.9932175778476]
[2238.200307835989, 1834.8490906264537]
[2238.534678137662, 1834.7112937524682]
[2238.564145155032, 1834.6363125100145]
[2238.9233120350164, 1834.6322702683453]
[2238.987462196802, 1834.542868591567]
[2239.3428132544714, 1834.3645560167538]
[2239.3597546516394, 1834.2102118538878]
[2239.608332689757, 1834.1250322514422]
[2239.740724039991, 1834.0145658067574]
[2240.109726097785, 1833.8724587927495]
[2240.3871306220717, 1833.7124820867166]
[2240.4491188308048, 1833.709206947956]
[2240.7926159326257, 1833.5500594719636]
[2240.981607835696, 1833.5352145254762]
[2240.999722327385, 1833.5103828139224]
[2241.140217403248, 1833.3950163647721]
[2241.341235799636, 1833.2931793191121]
[2241.491923242671, 1833.2440776263813]
[2241.771217342276, 1833.194327655586]
[2242.1033325119856, 1832.9852636711623]
[2242.601927798467, 1832.851595532064]
[2242.6273796322034, 1832.7956091226329]
[2242.9959808591902, 1832.6562018656334]
[2243.330694462031, 1832.5741651927794]
[2243.704696942673, 1832.445523095607]
[2244.2579671329236, 1832.2850916171112]
[2244.633982072781, 1832.153098072982]
[2245.0628753278033, 1832.0596374390886]
[2245.5358659178182, 1831.9639388613662]
[2246.3018088968665, 1831.7914159113477]
[2246.334840155573, 1831.7487536614071]
[2247.275788624128, 1831.600553250798]
[2247.3052726208316, 1831.5628095219715]
[2247.7989062752195, 1831.5597668359435]
[2247.799380870156, 1831.54389640286]
[2247.8800235956433, 1831.4926987519898]
[2248.2504635812566, 1831.4857860596537]
[2248.685737943986, 1831.4449407379675]
[2249.0010817554935, 1831.2492980504244]
[2249.981057795596, 1831.1295927252615]
[2250.7593259492073, 1830.9982216379294]
[2252.161601315771, 1830.9145312816345]
[2252.175423101647, 1830.8598178046311]
[2252.444680996088, 1830.837538217782]
[2253.035624557746, 1830.814513425752]
[2253.5254265476615, 1830.751374678561]
[2254.3473171767646, 1830.6978936981595]
[2255.858652639848, 1830.654728175506]
[2257.185113285071, 1830.6187966622965]
values
[2221.8175154316486, 1868.0116191227994]
[2222.9199981519637, 1865.7048339621351]
[2222.9337903444275, 1865.0806087868161]
[2222.9419339811866, 1864.4375282441652]
[2222.997762616794, 1863.2173221442076]
[2223.050721957795, 1862.652074334866]
[2223.0905397942734, 1862.6350664784493]
[2223.092220232814, 1862.6016733689528]
[2223.0991618411426, 1862.0691002562446]
[2223.151683585127, 1861.709995788694]
[2223.1847914263753, 1861.405894853356]
[2223.2071955992083, 1860.5243524824848]
[2223.2533615181983, 1860.4306643588009]
[2223.2591983039806, 1860.3204289778648]
[2223.2625455214056, 1860.250113952065]
[2223.2709572441117, 1860.185281266997]
[2223.2980635830877, 1859.6895189038044]
[2223.3477424175135, 1859.4611403129898]
[2223.369451934954, 1859.2975614772295]
[2223.4069090569033, 1858.7149359361954]
[2223.4098006297236, 1858.691413885762]
[2223.422058398429, 1858.627178724837]
[2223.4358039605268, 1858.5810300207443]
[2223.4507458750722, 1858.5793732718507]
[2223.4513237354413, 1858.395810630101]
[2223.530044919303, 1858.1398074126203]
[2223.5469196166355, 1858.064988638197]
[2223.5709794224927, 1857.5897647545928]
[2223.5875054034677, 1857.5730934086903]
[2223.607197486095, 1857.5628780671505]
[2223.6632395788884, 1857.066461197223]
[2223.709323238235, 1856.990586266117]
[2223.7465915622815, 1856.7165191362033]
[2223.7830863578993, 1856.657461385363]
[2223.7909076747274, 1856.362895816161]
[2223.8286426343143, 1856.2936799903082]
[2223.849100909791, 1856.2932452768455]
[2223.8716271529656, 1856.2103657129867]
[2223.875179922863, 1855.950675793974]
[2223.8826031522476, 1855.917446857183]
[2223.898635578601, 1855.8791183575784]
[2223.912661952939, 1855.558353793655]
[2223.9664003548987, 1855.459529839122]
[2224.0424235319215, 1855.3336093895455]
[2224.049718814338, 1855.252408073587]
[2224.065465080522, 1855.0611177993194]
[2224.0917775852, 1854.939557068019]
[2224.122500591363, 1854.7878820396957]
[2224.1256498300354, 1854.7776331435791]
[2224.149378383756, 1854.5786029228518]
[2224.1671693309654, 1854.527595519029]
[2224.173098537426, 1854.47989302734]
[2224.2283325316394, 1854.4719656868676]
[2224.234503675886, 1854.3000711202023]
[2224.2449517226196, 1854.2465449117105]
[2224.248165368929, 1854.0424540845268]
[2224.2767408129407, 1853.9821189703234]
[2224.3561220870897, 1853.7303337945439]
[2224.3768132171886, 1853.7002970652975]
[2224.3796198590944, 1853.543283795765]
[2224.479400114464, 1853.263994102407]
[2224.4859329463216, 1853.221240808136]
[2224.507908508166, 1853.181002231822]
[2224.5122308658997, 1853.0312740289746]
[2224.5586459474, 1852.9452587538153]
[2224.5788758047447, 1852.9129148579098]
[2224.6098677547475, 1852.700484841927]
[2224.615232276822, 1852.6141634397172]
[2224.667744213648, 1852.5886131875388]
[2224.7019492700874, 1852.3298527056727]
[2224.7588673796536, 1852.264720380366]
[2224.84063473221, 1851.949439847346]
[2224.8897292886495, 1851.7341171153296]
[2224.9625228545738, 1851.6756930917945]
[2224.985796089608, 1851.504050189282]
[2225.034917646495, 1851.3797421130223]
[2225.0601352652848, 1851.1516177306441]
[2225.1276345103233, 1851.0051640770434]
[2225.1454968821913, 1850.9511664615654]
[2225.1722097634556, 1850.8569595351398]
[2225.1827324663063, 1850.847884853964]
[2225.2291200507357, 1850.81394836834]
[2225.2436600658884, 1850.7512804594323]
[2225.2503243204155, 1850.6629456934945]
[2225.290193579629, 1850.6273456483793]
[2225.382210260268, 1850.387240211508]
[2225.3938995733265, 1850.2241324808326]
[2225.4349034493644, 1850.1331975770613]
[2225.4777885414023, 1850.1241008473605]
[2225.514364750449, 1850.105195209883]
[2225.5742820094374, 1849.8040947117017]
[2225.5852950803405, 1849.70122282115]
[2225.6997742418043, 1849.4312101095416]
[2225.7322398487627, 1849.357487126969]
[2225.766657397815, 1849.336749681843]
[2225.808866507594, 1849.1030086794444]
[2225.8765207599195, 1849.0367755727507]
[2225.8768683921553, 1848.9905619182966]
[2225.883440159002, 1848.9765123820496]
[2225.93312168812, 1848.9199468678053]
[2225.953378381958, 1848.8628830824018]
[2225.9773448436263, 1848.741922451403]
[2225.9889298008256, 1848.6762472082412]
[2226.0575212272593, 1848.5998773225192]
[2226.088243004663, 1848.492421824989]
[2226.1596294377023, 1848.3291792551163]
[2226.206218025908, 1848.2044166833527]
[2226.262728307295, 1848.0201192743511]
[2226.3063699362256, 1847.98056725593]
[2226.42035612992, 1847.6790632039413]
[2226.444440487331, 1847.6568415762324]
[2226.456567874503, 1847.6354126964989]
[2226.5186528037534, 1847.6092069947458]
[2226.5529460035395, 1847.5475134232222]
[2226.606137269349, 1847.3418185774074]
[2226.666228441013, 1847.1557190889682]
[2226.703017007487, 1847.1176969377748]
[2226.726008716673, 1847.0575575365929]
[2226.825430580412, 1846.8092968829735]
[2226.945294238953, 1846.6055188089806]
[2226.985051481607, 1846.5076838696016]
[2227.081433855107, 1846.3832466538101]
[2227.124863914965, 1846.3416220830336]
[2227.1863038857373, 1846.0987124382532]
[2227.226527597737, 1846.03483274035]
[2227.2951627100297, 1846.0306570129542]
[2227.312480076913, 1845.982765921358]
[2227.389945136258, 1845.7141129156087]
[2227.450517663332, 1845.6325164646419]
[2227.474951848528, 1845.5689297457595]
[2227.5160755387164, 1845.5123245033633]
[2227.518594842363, 1845.507676297335]
[2227.630798312068, 1845.3057201711201]
[2227.699595824496, 1845.2220648764337]
[2227.7303242339804, 1845.1099748858308]
[2227.8447511436502, 1845.066133610685]
[2227.875033436545, 1844.8786310457042]
[2227.934762636479, 1844.8384521507214]
[2227.9452150401025, 1844.7963598421475]
[2228.0222048244786, 1844.7392579432174]
[2228.0613001960896, 1844.5256150947218]
[2228.1843502046318, 1844.5025455170044]
[2228.217188279143, 1844.4793288814556]
[2228.2511679631025, 1844.4142295978938]
[2228.291961473238, 1844.2051787943253]
[2228.408680052006, 1844.034490855721]
[2228.461037770579, 1843.9551990534871]
[2228.5022859118253, 1843.8934677126283]
[2228.586219532634, 1843.8919709779757]
[2228.7153778789716, 1843.6209740482336]
[2228.725735958608, 1843.5485729916236]
[2228.7835333990743, 1843.3879954169865]
[2228.94454671338, 1843.3484341366745]
[2228.990799449571, 1843.1566472520456]
[2229.0891821941914, 1843.0204009937543]
[2229.1634446886055, 1842.9511866626983]
[2229.2123858646514, 1842.8147752267091]
[2229.2618940805132, 1842.7707526524457]
[2229.2679724386985, 1842.7624959912803]
[2229.38259329812, 1842.743210820339]
[2229.415128264013, 1842.6271049591246]
[2229.4874700276987, 1842.444235811351]
[2229.5346187748983, 1842.3706291866226]
[2229.556644745211, 1842.3012538824044]
[2229.6291885234664, 1842.2990763023915]
[2229.720679831221, 1842.1026215223203]
[2229.9457356473513, 1841.9717545407975]
[2229.966016895274, 1841.8324023908547]
[2229.982943337204, 1841.7546611928237]
[2230.0954007371465, 1841.62534029537]
[2230.250564121461, 1841.539920281848]
[2230.2718931039335, 1841.481817881617]
[2230.2951058339213, 1841.4286475248819]
[2230.383578008054, 1841.3352676757534]
[2230.422142604264, 1841.2209691783107]
[2230.488904617083, 1841.1500366876453]
[2230.5940071249333, 1841.1106509375445]
[2230.596385902017, 1841.032545029969]
[2230.611742943676, 1841.0176369253697]
[2230.7448237832987, 1840.9647876800404]
[2230.8742425463915, 1840.7001778388646]
[2230.9660470415765, 1840.6239610114953]
[2231.104965479706, 1840.5054426768434]
[2231.148888293811, 1840.4972106398218]
[2231.1794251973306, 1840.3623314991758]
[2231.228810208429, 1840.3207257290405]
[2231.2692684963613, 1840.2600070107444]
[2231.508638616765, 1840.0041965046073]
[2231.527519331699, 1839.9956811464472]
[2231.531264726068, 1839.9790478637012]
[2231.67929763573, 1839.8070580951915]
[2231.7418845736834, 1839.8034709781773]
[2231.756133497982, 1839.7483238101593]
[2231.9154336907627, 1839.631310469296]
[2231.9459791301642, 1839.5923718807853]
[2232.088384458281, 1839.4087294164847]
[2232.242258815266, 1839.2145416568824]
[2232.4075374219187, 1839.1302330337683]
[2232.4561292703465, 1839.0413510643368]
[2232.669591523988, 1838.8066775875143]
[2232.718346800426, 1838.7860583153044]
[2232.85088474176, 1838.6598411170828]
[2232.873092530018, 1838.6177882366778]
[2232.946864573923, 1838.5613739378143]
[2232.9692651778196, 1838.514721794007]
[2233.0758986978326, 1838.4812102580697]
[2233.0866346463235, 1838.462449782759]
[2233.1436062066005, 1838.4462338865555]
[2233.254215270941, 1838.2869062275954]
[2233.318297387061, 1838.2679267987307]
[2233.423172950431, 1838.1526528560532]
[2233.5533210034127, 1838.0200135107596]
[2233.67714588338, 1837.9481458793218]
[2233.860362577584, 1837.7979372641864]
[2233.885863046594, 1837.7545876297545]
[2233.8927448561244, 1837.7323613589617]
[2233.9192992842163, 1837.7250820510685]
[2233.942784951154, 1837.6970798136922]
[2234.064383058718, 1837.5910871108704]
[2234.125787864987, 1837.5332157290118]
[2234.172190640601, 1837.516124838067]
[2234.238695551079, 1837.4512360494075]
[2234.3559098594365, 1837.3523560383583]
[2234.5093362268663, 1837.3481191333567]
[2234.545038136143, 1837.1926948936655]
[2234.604462988227, 1837.1769846814773]
[2234.8398304141, 1837.1406981612217]
[2234.882456190878, 1836.949431191223]
[2234.906543021979, 1836.9481352355094]
[2234.950177467721, 1836.9085659570305]
[2235.0209032076923, 1836.833363187125]
[2235.190685269512, 1836.7168851200092]
[2235.2373834533655, 1836.6797802292572]
[2235.2624687512152, 1836.657330341603]
[2235.3325196951714, 1836.6174679467747]
[2235.4563912437657, 1836.5287248161158]
[2235.4794406699157, 1836.5166293533157]
[2235.529805448961, 1836.4774174651445]
[2235.544243456594, 1836.4676113876792]
[2235.6951419143033, 1836.3597547058328]
[2235.7624179484274, 1836.3353519030168]
[2235.7927847570836, 1836.2781284725602]
[2235.846993156209, 1836.2528508081825]
[2236.0215336516562, 1836.1375225291465]
[2236.1291522193774, 1836.1263983016308]
[2236.153553992609, 1836.0419013654698]
[2236.255769185725, 1836.0416943139096]
[2236.292916010048, 1835.9430629474339]
[2236.6705991052236, 1835.706139964911]
[2236.7097688731174, 1835.6769164400691]
[2236.740312441205, 1835.6666035107803]
[2236.7781090757635, 1835.6314358904012]
[2236.8462036422534, 1835.5868327047276]
[2236.9418488664437, 1835.5330432668095]
[2236.9589920516773, 1835.5261981263811]
[2236.9638656681336, 1835.5192612002415]
[2237.09712102269, 1835.436685592765]
[2237.2475812511984, 1835.4200449730774]
[2237.3084207304482, 1835.3494497576735]
[2237.3180067629683, 1835.3454979267815]
[2237.3522203947346, 1835.335279724002]
[2237.364315712124, 1835.3182420139754]
[2237.3710050417612, 1835.3053866206262]
[2237.607761981445, 1835.128136955328]
[2237.77798827315, 1835.0855076236255]
[2237.861469406589, 1835.0165125199226]
[2237.919762716117, 1835.0031947397438]
[2237.947181640542, 1834.9880795164397]
[2238.1122350996748, 1834.872123353843]
[2238.1849432875874, 1834.833708741444]
[2238.213466635524, 1834.7823185066084]
[2238.266902841897, 1834.7522572575563]
[2238.2726695383017, 1834.7462134113648]
[2238.289998511597, 1834.7395540589969]
[2238.3944814162696, 1834.6865899822735]
[2238.475074131735, 1834.6762885524754]
[2238.5270686595836, 1834.611974590627]
[2238.587710251416, 1834.5974083010626]
[2238.6719869747876, 1834.5594271784762]
[2238.718542772493, 1834.508508477305]
[2238.7677411898603, 1834.4883575099727]
[2238.9170824729, 1834.4107112676927]
[2238.934451054238, 1834.404091523367]
[2238.940618114041, 1834.3984480405754]
[2239.057861458021, 1834.3563091264677]
[2239.275455801341, 1834.218271752549]
[2239.3406087693647, 1834.2114309335232]
[2239.3597546516394, 1834.2102118538878]
[2239.506086032441, 1834.1259233264852]
[2239.608332689757, 1834.1250322514422]
[2239.6295007175504, 1834.0523100858602]
[2239.740724039991, 1834.0145658067574]
[2239.927584244584, 1833.9161888058554]
[2239.9900511744163, 1833.894764799901]
[2239.994106790092, 1833.8720367595477]
[2240.0429659320266, 1833.8639200375528]
[2240.059575950528, 1833.8513970286376]
[2240.0935041499556, 1833.8408933935195]
[2240.1018325081413, 1833.826754475904]
[2240.1268246946156, 1833.8258283672812]
[2240.189710568583, 1833.7864606448973]
[2240.245286437741, 1833.7584198038992]
[2240.248880645322, 1833.7580650259006]
[2240.3028656052293, 1833.7383177016343]
[2240.3233037793093, 1833.7232703724621]
[2240.340688007952, 1833.7166662754414]
[2240.358006582326, 1833.7104658658811]
[2240.3582423773505, 1833.7102323191773]
[2240.409154542167, 1833.6952942183948]
[2240.4370912617615, 1833.6759144305825]
[2240.4612896402336, 1833.662884857383]
[2240.4949249911947, 1833.6520883737987]
[2240.629639573649, 1833.5900194730907]
[2240.6830084988496, 1833.5653081303858]
[2240.728033094277, 1833.56219421664]
[2240.7926159326257, 1833.5500594719636]
[2240.83996719478, 1833.4991904255837]
[2240.933544113489, 1833.4577622819543]
[2241.0680129254424, 1833.397160092112]
[2241.0855751184936, 1833.3907339594998]
[2241.1265982861396, 1833.3771539062118]
[2241.341235799636, 1833.2931793191121]
[2241.491923242671, 1833.2440776263813]
[2241.5159733958462, 1833.2089752847992]
[2241.6527665342182, 1833.1538974849539]
[2241.811475470022, 1833.0937915358709]
[2241.829045486725, 1833.087373226912]
[2241.8467856441857, 1833.0811250587087]
[2241.8836351255686, 1833.0669889132043]
[2241.964769116469, 1833.0352875226324]
[2242.0069202507875, 1833.0215075671972]
[2242.03428068024, 1833.0084804698827]
[2242.1033325119856, 1832.9852636711623]
[2242.125908049836, 1832.9750795657046]
[2242.2215388113273, 1832.9363344322921]
[2242.2852650156774, 1832.913882130824]
[2242.601927798467, 1832.851595532064]
[2242.6064014631584, 1832.7939097768617]
[2242.9143750331623, 1832.6929940459097]
[2242.9959808591902, 1832.6562018656334]
[2243.023545872051, 1832.651811101295]
[2243.094162423881, 1832.6200075354202]
[2243.144704960593, 1832.6061179276758]
[2243.2602007504875, 1832.564698971731]
[2243.3272944580967, 1832.552983914467]
[2243.38215490922, 1832.522832122104]
[2243.4000808547416, 1832.5167697419622]
[2243.4195871269158, 1832.5102815641917]
[2243.4776063856943, 1832.493013336062]
[2243.482894408013, 1832.4903655078083]
[2243.5308922597624, 1832.4779931009784]
[2243.568618960846, 1832.4668722732154]
[2243.583269278557, 1832.4604574282453]
[2243.6542655291346, 1832.4330156166334]
[2243.692547051787, 1832.4278646722496]
[2243.7070331508457, 1832.417477129192]
[2243.730598175369, 1832.4108616301708]
[2243.746813965499, 1832.4060994507934]
[2243.779941861758, 1832.394067223584]
[2243.8074282103626, 1832.3830646073848]
[2243.8528201463373, 1832.3684441187615]
[2243.903442187526, 1832.3524722408213]
[2244.224297906296, 1832.270701213758]
[2244.3813614774404, 1832.2087953633268]
[2244.4767925302126, 1832.1923642365923]
[2244.5698144193652, 1832.1496053424569]
[2244.6213363967545, 1832.1345334007167]
[2244.715700756856, 1832.114066417571]
[2244.8494351804397, 1832.0694260982284]
[2244.864310210216, 1832.0678553965472]
[2244.9016544297406, 1832.0658401343162]
[2244.9544889981153, 1832.0393387466656]
[2245.006520413437, 1832.0250854276987]
[2245.010085759022, 1832.024196373238]
[2245.043374597861, 1832.0179789148333]
[2245.067856744675, 1832.0122805381013]
[2245.108046822653, 1831.999647659206]
[2245.1565899488382, 1831.9841272576746]
[2245.1757976536483, 1831.97807982314]
[2245.2025824642315, 1831.970719653368]
[2245.2104274091857, 1831.9670418685891]
[2245.2515232053393, 1831.959290135896]
[2245.2536849011813, 1831.959018806556]
[2245.306986447474, 1831.9464472688792]
[2245.30974899967, 1831.9419358147384]
[2245.3477974970638, 1831.9317429462235]
[2245.3827838231964, 1831.9222000000368]
[2245.3957162648517, 1831.9196492894132]
[2245.448591964009, 1831.905931069442]
[2245.4611428851294, 1831.902072429272]
[2245.4778972117933, 1831.897848786429]
[2245.612882176648, 1831.86281862922]
[2245.7665189525487, 1831.8279326535162]
[2245.938665326309, 1831.7973030390215]
[2245.997737733348, 1831.7660682062995]
[2246.107564301745, 1831.7501791927448]
[2246.141377443458, 1831.729477418686]
[2246.3023022343787, 1831.6952399554725]
[2246.3995021657556, 1831.6742243907838]
[2246.4517961936053, 1831.6603803256583]
[2246.592389693539, 1831.6340574804235]
[2246.639367919366, 1831.6203196082013]
[2246.8116788711204, 1831.5721995875222]
[2246.8511733775817, 1831.5634527280747]
[2246.855050713416, 1831.5627428613927]
[2246.9006120983586, 1831.5528790242536]
[2246.9153518771404, 1831.552135650757]
[2246.9307459720735, 1831.545961972218]
[2246.999326077248, 1831.5376232181677]
[2247.0509241917975, 1831.5193572116966]
[2247.0970262304963, 1831.5095180002852]
[2247.125642316901, 1831.5039126708066]
[2247.156706644724, 1831.4970292208413]
[2247.673420229554, 1831.3898541061153]
[2248.0812581959062, 1831.382075738021]
[2248.1791842217926, 1831.2995166356802]
[2248.1945603703516, 1831.2983290933732]
[2248.2280975049343, 1831.2826949041523]
[2248.258826230136, 1831.2824573247963]
[2248.3236126200977, 1831.2771761188606]
[2248.42133798959, 1831.2539759926804]
[2248.459801837043, 1831.2404026642716]
[2248.564406742843, 1831.2298540458112]
[2248.6155162875816, 1831.2122832088137]
[2248.64575154454, 1831.2115521612156]
[2248.6769283129793, 1831.2061283047913]
[2248.706606027524, 1831.2041005350468]
[2248.7096144003986, 1831.1970091414535]
[2248.756306070466, 1831.1939962433598]
[2248.8334828601883, 1831.178597346499]
[2248.901055077243, 1831.163686563891]
[2248.9132397557323, 1831.1628536326962]
[2248.961159385626, 1831.155348040508]
[2249.1122014135453, 1831.1339657867352]
[2249.149218673286, 1831.1290271074615]
[2249.16624102701, 1831.1206545257855]
[2249.259105703592, 1831.1108549547182]
[2249.6386223166082, 1831.0532955926658]
[2249.7110428773567, 1831.0469311071247]
[2249.73037480909, 1831.039896252132]
[2249.7694261791466, 1831.0277817846952]
[2249.8320356412114, 1831.0219484149936]
[2249.8883491753318, 1831.0153280405925]
[2249.9411173040407, 1831.011565475619]
[2249.9791012224787, 1831.0075934550425]
[2249.998061146232, 1830.9998052503859]
[2250.182471200854, 1830.9743065705484]
[2250.2705983411897, 1830.966875631985]
[2250.401213219496, 1830.947205788871]
[2250.411864941559, 1830.9399412379978]
[2250.553217190066, 1830.9223984517778]
[2250.5589090362037, 1830.9184825181694]
[2250.6546685416142, 1830.9087482660627]
[2250.688452108111, 1830.9027208738191]
[2250.7227084360875, 1830.8971662430545]
[2250.924798290306, 1830.8891715078591]
[2250.9782408044334, 1830.8803131694003]
[2250.998593604635, 1830.86483342373]
[2251.360907828655, 1830.821699187038]
[2251.624575877988, 1830.7947578038554]
[2251.8042980472733, 1830.7906069348046]
[2251.920837907788, 1830.7652564350533]
[2252.041375472133, 1830.7524135786996]
[2252.048855785681, 1830.751121186882]
[2252.1419879559703, 1830.7449672236753]
[2252.309081640025, 1830.725786158568]
[2252.3692764252455, 1830.7209162261752]
[2252.4985749845328, 1830.7080616593985]
[2252.5116026289525, 1830.707636991346]
[2252.5140026560066, 1830.7059439201419]
[2252.627800103052, 1830.7032580707137]
[2252.635007970397, 1830.7021258725554]
[2252.8328760977347, 1830.6823779581143]
[2253.431674260771, 1830.6368850545377]
[2253.446897055668, 1830.6345624387045]
[2253.7876078073796, 1830.6152883759298]
[2254.015256792177, 1830.6066028905204]
[2254.016642603485, 1830.6028839124756]
[2254.067817376331, 1830.5936462820232]
[2254.3615361205066, 1830.584736581184]
[2254.381644797574, 1830.5825797102407]
[2254.7294529390992, 1830.5704030372813]
[2254.7998131651984, 1830.5648677078032]
[2255.363299636683, 1830.542413257521]
[2256.0040456969955, 1830.521322840489]
[2256.341119496781, 1830.5206773737996]
[2256.3616085527105, 1830.5189008817183]
[2256.376601856892, 1830.5163487751695]
[2256.4986473150148, 1830.5137865179584]
[2256.68624138173, 1830.5126154720651]
[2257.3765715456548, 1830.5120425828334]
values
[2221.8175154316486, 1868.0116191227994]
[2222.831947027604, 1865.6161724527906]
[2222.8422115819544, 1864.3706399195994]
[2222.8650821373776, 1863.6563603959944]
[2222.8894633979535, 1863.012406704118]
[2222.964774972598, 1861.6822332472818]
[2223.0036436082946, 1861.0932033392082]
[2223.0837826800985, 1861.0304737251874]
[2223.09195547242, 1860.1041688026842]
[2223.192743855821, 1859.8797296454195]
[2223.1995773978233, 1859.1060656095458]
[2223.325044618484, 1858.7794244115962]
[2223.3310726046248, 1858.7172835894005]
[2223.3670623851012, 1858.5079247132896]
[2223.369765944941, 1857.8019539986074]
[2223.487747373431, 1857.6816030550976]
[2223.5444818447722, 1857.5834149342054]
[2223.5457366100673, 1857.5098200736606]
[2223.5584620369764, 1856.5851650591624]
[2223.6981808055293, 1856.426359075698]
[2223.724202492991, 1856.3559288145268]
[2223.740893084233, 1856.1899045746409]
[2223.8016606845936, 1855.285248422148]
[2223.8604043575406, 1855.2248259090954]
[2223.9950804025752, 1854.3729430215885]
[2224.063366877128, 1854.0726544566273]
[2224.205659679073, 1853.477797179544]
[2224.355578951469, 1852.8905663729122]
[2224.539922298298, 1852.8382895136135]
[2224.5426727271215, 1852.3755401605163]
[2224.669253157539, 1852.31727545984]
[2224.6782969076153, 1851.7389841710021]
[2224.8850229291784, 1851.5627000493485]
[2224.985796089608, 1851.504050189282]
[2225.031520745568, 1850.6179078508987]
[2225.146110089375, 1850.2609248396877]
[2225.3106547553143, 1850.2498158175229]
[2225.3350138669093, 1850.1910894012233]
[2225.4194121391683, 1849.9557082918384]
[2225.4579017147016, 1849.424663743473]
[2225.619477700053, 1849.0091255514528]
[2225.6389512051396, 1848.9679061663876]
[2225.822756370255, 1848.866666111539]
[2225.8558892890187, 1848.799739855307]
[2225.866111337734, 1848.7680174519412]
[2225.8908351596674, 1848.7632187518407]
[2225.918714076948, 1848.6804073744695]
[2225.9693405164107, 1848.6726686518566]
[2225.984928771046, 1848.4772130596596]
[2226.0648024024636, 1847.9650695324594]
[2226.133793915963, 1847.7982748684494]
[2226.3567283133825, 1847.6201471252166]
[2226.380974447344, 1847.265340188145]
[2226.5020284053826, 1847.024632269528]
[2226.665025742158, 1846.9798815312047]
[2226.7084674982493, 1846.8532079550682]
[2226.731918700538, 1846.7787638273203]
[2226.777966473936, 1846.6869052375512]
[2226.8080126492887, 1846.4121743362002]
[2226.9998180830503, 1846.2315168225564]
[2227.0485122521673, 1846.162721417708]
[2227.0955124091815, 1846.0626240876832]
[2227.1353309600536, 1846.0501303769072]
[2227.1616003078134, 1845.7452706866877]
[2227.3070453146784, 1845.4825191703383]
[2227.4547817178045, 1845.2220590502493]
[2227.578942909155, 1845.2210465053195]
[2227.5953941689713, 1845.108813965851]
[2227.6237241059134, 1844.9317803497415]
[2227.7513821952616, 1844.8020401378421]
[2227.7955665424147, 1844.6444016976259]
[2227.8825752788125, 1844.5017998897154]
[2228.018822231188, 1844.3645946538884]
[2228.0686412929117, 1844.203132532497]
[2228.1878215128327, 1844.016165360007]
[2228.287073790767, 1843.9744417518143]
[2228.2991635427097, 1843.8875216003714]
[2228.340351492666, 1843.7696786543097]
[2228.5530956349758, 1843.4629973049166]
[2228.6663831104574, 1843.3596687024342]
[2228.711104890972, 1843.2219898753826]
[2228.803056268387, 1843.1006631535054]
[2228.8777892494018, 1843.0038474221456]
[2228.9541832910722, 1843.0030639497465]
[2229.0055601122713, 1842.9754192551002]
[2229.075319162287, 1842.8705288777821]
[2229.125743180403, 1842.714368839073]
[2229.1648853780152, 1842.708003228423]
[2229.186432902511, 1842.6637804157422]
[2229.210607258442, 1842.6452492695828]
[2229.263411297788, 1842.5763397533851]
[2229.398783122825, 1842.3460561546553]
[2229.4063474636237, 1842.2752665174896]
[2229.534520761007, 1842.1579910378216]
[2229.6164398369765, 1842.138953731783]
[2229.625807627209, 1842.0852290897346]
[2229.6578401371053, 1841.993753378478]
[2229.821077304885, 1841.8469067304918]
[2229.8316822775596, 1841.818805641174]
[2229.9564789981305, 1841.568258933119]
[2230.0871253490495, 1841.4692358121354]
[2230.141121743409, 1841.444831706779]
[2230.15186221819, 1841.4191892836052]
[2230.190477784008, 1841.385272543622]
[2230.19174539043, 1841.3214287375258]
[2230.320393049323, 1841.2267382136558]
[2230.4220907917006, 1841.0133794186518]
[2230.5017916256065, 1841.0107719909029]
[2230.6646756505647, 1840.7738676896251]
[2230.8709705892825, 1840.585221356504]
[2231.104965479706, 1840.5054426768434]
[2231.148888293811, 1840.4972106398218]
[2231.156318821502, 1840.3234254020967]
[2231.2135384541634, 1840.2056697591483]
[2231.270974349036, 1840.1028212624901]
[2231.329376573267, 1840.0376509757286]
[2231.3886412375277, 1839.9733431289965]
[2231.397543153675, 1839.9620390384155]
[2231.4493536053906, 1839.9575028435916]
[2231.4666128169956, 1839.887330184015]
[2231.5349869863476, 1839.8766524059172]
[2231.5500879440974, 1839.8452365159412]
[2231.6169018384953, 1839.7779984774872]
[2231.638944948087, 1839.7678940676399]
[2231.661674606329, 1839.763227266759]
[2231.756133497982, 1839.7483238101593]
[2231.8713599422017, 1839.5791296004363]
[2231.9206735748085, 1839.4894492751553]
[2232.008369904216, 1839.3849417842812]
[2232.020590799768, 1839.3279475656311]
[2232.183886593997, 1839.2198853342622]
[2232.242258815266, 1839.2145416568824]
[2232.302100091584, 1839.0915679419418]
[2232.430392647191, 1839.0349320804985]
[2232.4515188462037, 1838.9505461532103]
[2232.493777591145, 1838.9094203717202]
[2232.587842891056, 1838.8195103344972]
[2232.5930082851364, 1838.7870044498425]
[2232.6178990825174, 1838.774709555117]
[2232.6495105541544, 1838.7243609094487]
[2232.665211766146, 1838.7154294131315]
[2232.681420824668, 1838.7070057633443]
[2232.7252506249906, 1838.684640368371]
[2232.7355256662577, 1838.6729689816273]
[2232.831925241785, 1838.5968169027155]
[2232.946864573923, 1838.5613739378143]
[2232.9692651778196, 1838.514721794007]
[2232.995612244442, 1838.417260331988]
[2233.254215270941, 1838.2869062275954]
[2233.318297387061, 1838.2679267987307]
[2233.325624052176, 1838.1797412595536]
[2233.3314060528082, 1838.1244845809165]
[2233.4561626962736, 1838.0429670920014]
[2233.5533210034127, 1838.0200135107596]
[2233.560346039789, 1838.0025724310487]
[2233.67714588338, 1837.9481458793218]
[2233.7249370257828, 1837.8435674165423]
[2233.860362577584, 1837.7979372641864]
[2233.885863046594, 1837.7545876297545]
[2233.8916787187322, 1837.6867131089912]
[2233.8959030926617, 1837.6844663798738]
[2233.9088583983275, 1837.664628128063]
[2233.963985734848, 1837.6032916483427]
[2233.9801310074436, 1837.5901480729742]
[2233.997362338134, 1837.577100397029]
[2234.029720209549, 1837.545453612051]
[2234.0402795082528, 1837.5358069040258]
[2234.0579436045573, 1837.5288382920216]
[2234.0936171662415, 1837.5062135025532]
[2234.1438128302425, 1837.4561310774143]
[2234.1905717140535, 1837.4360263277829]
[2234.20467364689, 1837.4081485226313]
[2234.2803686530638, 1837.3497915959529]
[2234.310405265485, 1837.3315989153248]
[2234.545038136143, 1837.1926948936655]
[2234.604462988227, 1837.1769846814773]
[2234.7504363778526, 1836.9888246547484]
[2234.882456190878, 1836.949431191223]
[2234.906543021979, 1836.9481352355094]
[2234.950177467721, 1836.9085659570305]
[2234.9509739223795, 1836.8575198818316]
[2235.0201030144244, 1836.7969378608918]
[2235.091418595482, 1836.740983456687]
[2235.1429763719416, 1836.7315503123452]
[2235.190685269512, 1836.7168851200092]
[2235.2373834533655, 1836.6797802292572]
[2235.2562234481807, 1836.6299924475513]
[2235.3325196951714, 1836.6174679467747]
[2235.3995812467415, 1836.5143064844995]
[2235.4180506264383, 1836.5032207129113]
[2235.434176791471, 1836.4848973728353]
[2235.445518634746, 1836.4760332093817]
[2235.4635886779765, 1836.4694705443035]
[2235.4821665677373, 1836.4634157257556]
[2235.486344009053, 1836.451813861923]
[2235.5553458401546, 1836.4026512661892]
[2235.6309384218484, 1836.384315584162]
[2235.6951419143033, 1836.3597547058328]
[2235.703149995485, 1836.313749825525]
[2235.7927847570836, 1836.2781284725602]
[2235.805711243901, 1836.2411963083684]
[2235.8793646519152, 1836.1875797311202]
[2236.0215336516562, 1836.1375225291465]
[2236.103607453306, 1836.0355593493568]
[2236.1974005049287, 1835.9707759606872]
[2236.2824991897696, 1835.9200393779754]
[2236.4625301950146, 1835.8056586753748]
[2236.5633416373407, 1835.7552291038241]
[2236.5863227890177, 1835.7203298088068]
[2236.6705991052236, 1835.706139964911]
[2236.6917414007175, 1835.6586066979228]
[2236.710649940252, 1835.6472362308223]
[2236.7593058977727, 1835.6173278235485]
[2236.807106858456, 1835.5858405640852]
[2236.8453489802187, 1835.5666875173147]
[2236.8551348388405, 1835.5545803243222]
[2236.9229788861207, 1835.5135810001725]
[2236.951871858709, 1835.492740903899]
[2237.019650455485, 1835.451676129244]
[2237.09712102269, 1835.436685592765]
[2237.2475812511984, 1835.4200449730774]
[2237.3084207304482, 1835.3494497576735]
[2237.3180067629683, 1835.3454979267815]
[2237.3522203947346, 1835.335279724002]
[2237.364315712124, 1835.3182420139754]
[2237.3710050417612, 1835.3053866206262]
[2237.5285488418886, 1835.1540643570952]
[2237.607761981445, 1835.128136955328]
[2237.77798827315, 1835.0855076236255]
[2237.861469406589, 1835.0165125199226]
[2237.919762716117, 1835.0031947397438]
[2237.947181640542, 1834.9880795164397]
[2237.9960970563798, 1834.8873026879553]
[2238.1122350996748, 1834.872123353843]
[2238.146586401703, 1834.8070153180647]
[2238.213466635524, 1834.7823185066084]
[2238.266902841897, 1834.7522572575563]
[2238.2726695383017, 1834.7462134113648]
[2238.287839206178, 1834.7245278120088]
[2238.296376512519, 1834.7111115230211]
[2238.389549257301, 1834.6712738627855]
[2238.445647643548, 1834.659188225162]
[2238.461467638757, 1834.6367900005337]
[2238.492241747675, 1834.6238846082592]
[2238.5270686595836, 1834.611974590627]
[2238.574076693998, 1834.581778626958]
[2238.635013828859, 1834.5429163789115]
[2238.718542772493, 1834.508508477305]
[2238.7677411898603, 1834.4883575099727]
[2238.7781672417823, 1834.4703606480246]
[2238.788571651804, 1834.4656974866432]
[2238.9170824729, 1834.4107112676927]
[2238.934451054238, 1834.404091523367]
[2238.940618114041, 1834.3984480405754]
[2239.057861458021, 1834.3563091264677]
[2239.275455801341, 1834.218271752549]
[2239.3406087693647, 1834.2114309335232]
[2239.3597546516394, 1834.2102118538878]
[2239.506086032441, 1834.1259233264852]
[2239.608332689757, 1834.1250322514422]
[2239.6295007175504, 1834.0523100858602]
[2239.740724039991, 1834.0145658067574]
[2239.927584244584, 1833.9161888058554]
[2239.971909282816, 1833.8784211972709]
[2239.972342175757, 1833.8764129624894]
[2239.994106790092, 1833.8720367595477]
[2239.997297155467, 1833.869293680192]
[2240.0429659320266, 1833.8639200375528]
[2240.059575950528, 1833.8513970286376]
[2240.0784787997227, 1833.8324678415545]
[2240.089587797912, 1833.8216232444156]
[2240.1543335736715, 1833.7934256764029]
[2240.189710568583, 1833.7864606448973]
[2240.200651280737, 1833.7776290982295]
[2240.2414821116436, 1833.7594561876895]
[2240.245286437741, 1833.7584198038992]
[2240.248880645322, 1833.7580650259006]
[2240.3028656052293, 1833.7383177016343]
[2240.3233037793093, 1833.7232703724621]
[2240.327312598041, 1833.7213457464625]
[2240.340688007952, 1833.7166662754414]
[2240.358006582326, 1833.7104658658811]
[2240.3582423773505, 1833.7102323191773]
[2240.409154542167, 1833.6952942183948]
[2240.4370912617615, 1833.6759144305825]
[2240.4612896402336, 1833.662884857383]
[2240.4949249911947, 1833.6520883737987]
[2240.629639573649, 1833.5900194730907]
[2240.6830084988496, 1833.5653081303858]
[2240.728033094277, 1833.56219421664]
[2240.7926159326257, 1833.5500594719636]
[2240.83996719478, 1833.4991904255837]
[2240.901310742819, 1833.466472875275]
[2240.933544113489, 1833.4577622819543]
[2240.984555163562, 1833.431709813125]
[2241.0680129254424, 1833.397160092112]
[2241.0855751184936, 1833.3907339594998]
[2241.1265982861396, 1833.3771539062118]
[2241.341235799636, 1833.2931793191121]
[2241.491923242671, 1833.2440776263813]
[2241.5159733958462, 1833.2089752847992]
[2241.599853485331, 1833.179623196967]
[2241.6323718434633, 1833.163671066889]
[2241.6527665342182, 1833.1538974849539]
[2241.660964384442, 1833.1459152894874]
[2241.698331844136, 1833.1374059225707]
[2241.7266263260453, 1833.1217932138218]
[2241.7439516306304, 1833.120286853711]
[2241.757462484723, 1833.1118441124731]
[2241.7718184819587, 1833.1042465143805]
[2241.787019622339, 1833.097494059432]
[2241.811475470022, 1833.0937915358709]
[2241.829045486725, 1833.087373226912]
[2241.8467856441857, 1833.0811250587087]
[2241.8836351255686, 1833.0669889132043]
[2241.957707000196, 1833.0368354959317]
[2241.964769116469, 1833.0352875226324]
[2242.0069202507875, 1833.0215075671972]
[2242.03428068024, 1833.0084804698827]
[2242.1033325119856, 1832.9852636711623]
[2242.125908049836, 1832.9750795657046]
[2242.2215388113273, 1832.9363344322921]
[2242.2852650156774, 1832.913882130824]
[2242.601927798467, 1832.851595532064]
[2242.6050450369735, 1832.7936136237647]
[2242.6366701703864, 1832.780271293433]
[2242.856901387102, 1832.7134661912482]
[2242.9143750331623, 1832.6929940459097]
[2242.9959808591902, 1832.6562018656334]
[2242.9973971914133, 1832.6542911788715]
[2243.023545872051, 1832.651811101295]
[2243.094162423881, 1832.6200075354202]
[2243.104767390123, 1832.6162368364783]
[2243.144704960593, 1832.6061179276758]
[2243.1605322709347, 1832.5986631296041]
[2243.2602007504875, 1832.564698971731]
[2243.266238457523, 1832.5621265891948]
[2243.3272944580967, 1832.552983914467]
[2243.38215490922, 1832.522832122104]
[2243.4000808547416, 1832.5167697419622]
[2243.4195871269158, 1832.5102815641917]
[2243.4414078151713, 1832.5028280748531]
[2243.4747046042257, 1832.4911574001621]
[2243.482894408013, 1832.4903655078083]
[2243.488660240401, 1832.4873416447283]
[2243.5045729503927, 1832.4813007593918]
[2243.52133080353, 1832.4761050172003]
[2243.534867224507, 1832.471870046568]
[2243.568618960846, 1832.4668722732154]
[2243.583269278557, 1832.4604574282453]
[2243.605334116578, 1832.4490515205596]
[2243.6542655291346, 1832.4330156166334]
[2243.679740180429, 1832.4254277247135]
[2243.7070331508457, 1832.417477129192]
[2243.730598175369, 1832.4108616301708]
[2243.746813965499, 1832.4060994507934]
[2243.779941861758, 1832.394067223584]
[2243.8074282103626, 1832.3830646073848]
[2243.8528201463373, 1832.3684441187615]
[2243.903442187526, 1832.3524722408213]
[2244.224297906296, 1832.270701213758]
[2244.3813614774404, 1832.2087953633268]
[2244.390727962358, 1832.20058245731]
[2244.4767925302126, 1832.1923642365923]
[2244.5698144193652, 1832.1496053424569]
[2244.6213363967545, 1832.1345334007167]
[2244.7000472955488, 1832.10857773047]
[2244.8494351804397, 1832.0694260982284]
[2244.864310210216, 1832.0678553965472]
[2244.9016544297406, 1832.0658401343162]
[2244.9544889981153, 1832.0393387466656]
[2245.006520413437, 1832.0250854276987]
[2245.010085759022, 1832.024196373238]
[2245.043374597861, 1832.0179789148333]
[2245.067856744675, 1832.0122805381013]
[2245.0802783737954, 1831.998512686715]
[2245.115289220583, 1831.9893106662007]
[2245.1565899488382, 1831.9841272576746]
[2245.1642595428416, 1831.981398653577]
[2245.1757976536483, 1831.97807982314]
[2245.1970026571385, 1831.9672438950342]
[2245.1979355022795, 1831.9666471812511]
[2245.2515232053393, 1831.959290135896]
[2245.2536849011813, 1831.959018806556]
[2245.254336286613, 1831.9533135217034]
[2245.2951352062823, 1831.938116387186]
[2245.312604629031, 1831.9336322146062]
[2245.336932721345, 1831.9271210157865]
[2245.35644937982, 1831.9255252467754]
[2245.3616633280303, 1831.9199520582508]
[2245.3957162648517, 1831.9196492894132]
[2245.410895662064, 1831.9064455369303]
[2245.448591964009, 1831.905931069442]
[2245.4593572550284, 1831.8932285476278]
[2245.612882176648, 1831.86281862922]
[2245.7665189525487, 1831.8279326535162]
[2245.7809713166353, 1831.807585447523]
[2245.938665326309, 1831.7973030390215]
[2245.9461428514887, 1831.7636466419729]
[2246.107564301745, 1831.7501791927448]
[2246.141377443458, 1831.729477418686]
[2246.3023022343787, 1831.6952399554725]
[2246.3542139121864, 1831.6609368776765]
[2246.4517961936053, 1831.6603803256583]
[2246.592389693539, 1831.6340574804235]
[2246.639367919366, 1831.6203196082013]
[2246.732561400381, 1831.5703486218927]
[2246.8511733775817, 1831.5634527280747]
[2246.855050713416, 1831.5627428613927]
[2246.870557110127, 1831.5598749617723]
[2246.9006120983586, 1831.5528790242536]
[2246.9153518771404, 1831.552135650757]
[2246.9307459720735, 1831.545961972218]
[2246.9963405053563, 1831.5107555301086]
[2247.0970262304963, 1831.5095180002852]
[2247.1174138268852, 1831.4773721162755]
[2247.141028752374, 1831.473092575542]
[2247.266702626107, 1831.4462772644874]
[2247.3295182197517, 1831.429642884256]
[2247.3371013040096, 1831.429140872336]
[2247.351141836355, 1831.4251297976134]
[2247.3746474204363, 1831.419017484461]
[2247.4192410210535, 1831.4184320084228]
[2247.673420229554, 1831.3898541061153]
[2247.698741537637, 1831.3544669993998]
[2248.1529182035288, 1831.2610991152796]
[2248.196823396789, 1831.2492497080596]
[2248.4286104224284, 1831.2462621754073]
[2248.459801837043, 1831.2404026642716]
[2248.507348730696, 1831.2180011907512]
[2248.6155162875816, 1831.2122832088137]
[2248.64575154454, 1831.2115521612156]
[2248.6769283129793, 1831.2061283047913]
[2248.706606027524, 1831.2041005350468]
[2248.7096144003986, 1831.1970091414535]
[2248.756306070466, 1831.1939962433598]
[2248.7997203689265, 1831.132255514799]
[2248.9871570714586, 1831.0928187066302]
[2248.990688729829, 1831.091907152611]
[2249.114836358596, 1831.0882492163676]
[2249.144576224233, 1831.0698542083935]
[2249.2077803123784, 1831.0536083226639]
[2249.2499851187367, 1831.0508456652765]
[2249.2534352516677, 1831.0435086614727]
[2249.2726881123085, 1831.0390661487188]
[2249.3614145559463, 1831.0222059152336]
[2249.475037867073, 1831.005277651992]
[2249.8100350609593, 1830.9452366466369]
[2249.969562941219, 1830.942762738379]
[2250.238461491015, 1830.877691200316]
[2250.380024545093, 1830.8655201984598]
[2250.6517768191234, 1830.8284662858593]
[2250.667253773366, 1830.8198229488873]
[2250.6839870409976, 1830.8124359253043]
[2250.7848530263236, 1830.792906284891]
[2251.0594741681675, 1830.7696605529793]
[2251.2436428993988, 1830.7270281807987]
[2251.2888669326994, 1830.7214983410151]
[2251.5890423058554, 1830.6959295401746]
[2251.6150664117313, 1830.6763549942]
[2251.993397203238, 1830.632589086775]
[2252.4580310960737, 1830.5725550024436]
[2252.9014580884404, 1830.5241920452781]
[2253.313747079351, 1830.4815063096207]
[2253.6018193624286, 1830.453990367332]
[2253.649786119392, 1830.448702887514]
[2253.6992372813565, 1830.4448998126945]
[2253.802592820284, 1830.4417468780582]
[2253.868947224931, 1830.4301885251953]
[2254.38209351578, 1830.3900711228202]
[2254.7227685482767, 1830.378342706986]
[2254.9672614552464, 1830.344062611554]
[2255.558096638683, 1830.3037213442585]
[2255.85563944689, 1830.285675927099]
[2256.1545990660907, 1830.2690473209332]
[2256.529214687787, 1830.250161959754]
[2256.7567687374694, 1830.2400405415792]
[2257.6706493269826, 1830.2071564549933]
[2258.23216716687, 1830.1932524446283]
[2258.501033238493, 1830.190846604943]
[2258.649396985118, 1830.1858852002472]
[2259.0694572937646, 1830.1838488099622]
[2260.0120848225315, 1830.17971166263]
end_solutions
[-19.584624941089654, -21.259517088215624, 7.836274225475, -20.35464123835201, 15.920042063292641, -7.691174278327818, -6.179123049001741, 2.849468779845095, 12.036927983125908, 2.3365229029515078]
[-19.66522849215301, -21.33250747845605, 7.8066621835051535, -20.313747767041086, 15.922996311276211, -7.606658920344522, -6.075322621133731, 2.7996809156891302, 11.98079661686014, 2.3031342462433653]
[-19.716724498186245, -21.43903108307289, 7.774603005907149, -20.32073953726507, 15.88910691179134, -7.505205191475496, -5.975658992119865, 2.7260223300932735, 11.865587847877558, 2.255887919631987]
[-19.8165668616732, -21.520570328635408, 7.739869791072985, -20.265179091039542, 15.898066560878306, -7.407548229552438, -5.852023403705314, 2.6705508942698915, 11.807813991965062, 2.218369166482075]
[-19.850897532362026, -21.591586065046634, 7.718497006007649, -20.269840271188865, 15.87547362788839, -7.339912410306422, -5.785580984362735, 2.621445170539321, 11.731008145976677, 2.186871615407823]
[-19.91948187124489, -21.70012687503258, 7.683112522527573, -20.260721150155675, 15.850249282879464, -7.23120455249292, -5.671404092700148, 2.5466346808712763, 11.621727972636428, 2.138369607699316]
[-19.991837778788458, -21.77298205957385, 7.6640705273585255, -20.21789355653355, 15.853409274851042, -7.146927492613875, -5.570625781370957, 2.510528241405809, 11.56730947018212, 2.1069032270459145]
[-20.06720835693562, -21.856819240437034, 7.648065480598007, -20.171474545111785, 15.854933699843354, -7.0512595697541425, -5.459083135158484, 2.475721870367665, 11.503562285063248, 2.071710478571238]
[-20.131956701700698, -21.935681281632103, 7.624414372117668, -20.14472432442591, 15.847667012156332, -6.966039747448872, -5.362679270219692, 2.4284476930893377, 11.434513921497368, 2.0369758762359926]
[-20.200709024470118, -22.02319009720238, 7.635418522904894, -20.077313944323755, 15.85744385494322, -6.862070699330429, -5.2440202531401505, 2.430994067382678, 11.379166228290812, 2.005242628175825]
[-20.267459358237367, -22.106375525585058, 7.629095044058339, -20.03023364392974, 15.858698932493152, -6.767476264118572, -5.136488812130984, 2.4086301658901847, 11.316968199904593, 1.9720087029781181]
[-20.33002904488073, -22.2108162235203, 7.6195576531051925, -19.982522395308138, 15.852110023992793, -6.659696998037408, -5.025779746808732, 2.3920523611735605, 11.240857084759227, 1.9309328209877488]
[-20.372703883412676, -22.30168338321022, 7.611419993836624, -19.944297274226088, 15.843226442772078, -6.572007372097442, -4.943186798470584, 2.387883420200688, 11.178263732542367, 1.8958802475741132]
[-20.43978068900354, -22.390329358673146, 7.598117943686782, -19.898854819120917, 15.841580675301179, -6.475773437894198, -4.837225457319686, 2.3623421431971274, 11.112912448797196, 1.859754716445067]
[-20.544954770545104, -22.49434706707914, 7.559016828149002, -19.836433666001675, 15.846327055743876, -6.360060930650862, -4.700749601941047, 2.308698053513809, 11.041330991017194, 1.8135351758851619]
[-20.65687598637244, -22.622734070891006, 7.501443837434865, -19.76178649627181, 15.848047426680255, -6.231289325169921, -4.561606269838377, 2.260188168874741, 10.965881030962002, 1.756718935318462]
[-20.709463027143222, -22.674742925094, 7.481893279665974, -19.730575919712187, 15.850420616901603, -6.173433071548253, -4.493368342149057, 2.2333661240330818, 10.930090302072001, 1.7336091650385095]
[-20.786539286812417, -22.749899821830113, 7.447249124749348, -19.684161902223288, 15.854261617580828, -6.092353980965214, -4.398856188876142, 2.194164590959232, 10.882234569779424, 1.699558104855265]
[-20.870098055454353, -22.83908547440692, 7.403880591122986, -19.630589463959254, 15.85689004199206, -6.001424943697128, -4.298033962601604, 2.155130494381357, 10.829770598345544, 1.6594149727428094]
[-20.958500988906295, -22.910933701456187, 7.357678577629878, -19.58102276553685, 15.864334037484205, -5.922392015426128, -4.200992301361293, 2.1046539534526176, 10.787004239071887, 1.6247408777234462]
[-21.00465882253501, -22.95967649562332, 7.33145187019308, -19.55126324378257, 15.865925781138879, -5.8736534165098115, -4.147414638220054, 2.083023496235691, 10.759782102788867, 1.6025349828973217]
[-21.0962291640922, -23.0400090469332, 7.281415786043039, -19.497721807777495, 15.872443415309853, -5.788372380707266, -4.046261285717218, 2.033294157466678, 10.713601189909078, 1.5643592998347886]
[-21.180813450195437, -23.117747602672225, 7.23126762136949, -19.446123626580345, 15.877979067826171, -5.7088908132013705, -3.954801244041625, 1.9896045758772596, 10.671960685544494, 1.5275301644785473]
[-21.27867935309431, -23.21239439277437, 7.21410488930181, -19.39245592810333, 15.882172586292384, -5.593421858262854, -3.812290159259057, 1.9364362834594067, 10.593194401555362, 1.4870039520809848]
[-21.349939536797674, -23.281868229220525, 7.1982151604641675, -19.352836795957028, 15.885099785318578, -5.51053836609511, -3.7110806113538475, 1.8980031260902765, 10.537590516487546, 1.4569736971753269]
[-21.421199720501036, -23.351342065666678, 7.182325431626525, -19.313217663810725, 15.888026984344773, -5.4276548739273665, -3.6098710634486384, 1.8595699687211464, 10.48198663141973, 1.4269434422696694]
[-21.516213298772186, -23.443973847594883, 7.161139126509669, -19.26039215428232, 15.891929916379699, -5.3171435510370415, -3.474924999575026, 1.8083257588956396, 10.407848117995975, 1.3869031023954592]
[-21.56372008790776, -23.490289738558985, 7.150545973951241, -19.23397939951812, 15.893881382397161, -5.261887889591879, -3.40745196763822, 1.7827036539828862, 10.370778861284098, 1.366882932458354]
[-21.62784659976975, -23.560957424824515, 7.145401031700731, -19.197521441118013, 15.894507896846536, -5.176656075744987, -3.3051682473315203, 1.7503072496484995, 10.309837015105527, 1.3378519785015102]
[-21.712006720362485, -23.645231453584866, 7.136019454486194, -19.150908687501715, 15.897587704462671, -5.072637819601271, -3.1770377963960836, 1.7058301216400675, 10.23735488834033, 1.3025270046674469]
[-21.779547118228805, -23.70515368704379, 7.121189666963738, -19.114341137521322, 15.901992463646895, -4.998595715859284, -3.0837180338305403, 1.668127293053269, 10.188745351041824, 1.2762128148531227]
end_values
[2260.01208482 1830.17971166]
[2257.67064933 1830.20715645]
[2254.96726146 1830.34406261]
[2252.4580311 1830.572555 ]
[2250.78485303 1830.79290628]
[2248.1968234  1831.24924971]
[2246.35421391 1831.66093688]
[2244.39072796 1832.20058246]
[2242.63667017 1832.78027129]
[2240.90131074 1833.46647288]
[2239.2754558  1834.21827175]
[2237.52854884 1835.15406436]
[2236.1974005  1835.97077596]
[2234.75043638 1836.98882465]
[2232.99561224 1838.41726033]
[2231.17082745 1840.17048617]
[2230.42209079 1841.01337942]
[2229.40634746 1842.27526652]
[2228.34035149 1843.76967865]
[2227.45478172 1845.22205905]
[2226.955107   1846.11430584]
[2226.13379392 1847.79827487]
[2225.43860326 1849.44769289]
[2224.67829691 1851.73898417]
[2224.20565968 1853.47779718]
[2223.80166068 1855.28524842]
[2223.36976594 1857.801954  ]
[2223.1995774  1859.10606561]
[2223.00364361 1861.09320334]
[2222.86508214 1863.6563604 ]
[2222.83194703 1865.61617245]
