values
[5377.807542067338, 5124498.202189345]
[5378.511024746947, 5117298.308582638]
[5380.967644823662, 5114464.792657621]
values
[5112.694692568668, 5157663.584764758]
[5135.5236719387285, 4981857.414892397]
[5136.019995389326, 4980185.700873976]
[5137.236728060414, 4977308.49092447]
[5169.917025660954, 4920245.974769001]
[5175.9087251772635, 4909651.343959494]
[5185.922980239735, 4907108.804957164]
[5186.444851763699, 4890695.962175713]
[5188.871468679667, 4888451.052316255]
[5205.45976978615, 4865889.305510743]
[5205.87656052821, 4865833.831617256]
[5205.876804459995, 4865301.3637764165]
[5205.904071345491, 4865191.4530344745]
[5206.0340548670265, 4865070.076640849]
[5206.036103086122, 4864961.039822334]
[5206.184304476439, 4864662.813357362]
[5206.392900440829, 4864546.004167187]
[5206.531174471802, 4864381.735851583]
[5206.8344628757695, 4864269.736954336]
[5207.053108481265, 4864247.067287175]
[5207.338525273484, 4864193.625196074]
[5207.647517399881, 4864118.9791949615]
[5207.810927783821, 4864093.820748769]
[5208.336816218622, 4864067.010529412]
[5208.433598829191, 4864047.775972713]
[5208.482354791697, 4864038.666576311]
[5220.585606660539, 4857734.073340404]
[5234.076082298441, 4853072.488773884]
[5241.892327167676, 4851809.587205426]
[5253.202287864506, 4849170.906304965]
[5258.231065286291, 4846754.6936245235]
[5262.060524567618, 4846325.520882098]
[5275.629814682734, 4843328.93984697]
[5280.487211649906, 4841986.703438952]
[5286.864113593147, 4841842.918605936]
[5289.7114656054655, 4841404.19585043]
[5292.583639024531, 4841003.999033368]
[5294.029033761597, 4840818.349503639]
[5304.320546768289, 4839788.555429366]
[5310.337929080661, 4839412.065610224]
[5313.383852346969, 4839281.62759199]
values
[5112.5228334229105, 5159146.653741946]
[5112.534698667587, 5159048.295963852]
[5112.554906301499, 5158885.811209449]
[5112.556397895982, 5158788.82480502]
[5112.5823453300945, 5157417.367402838]
[5112.694709097477, 5156246.054072019]
[5112.694793607003, 5156137.1415943755]
[5112.784383719589, 5152517.6797882635]
[5135.5236719387285, 4981857.414892397]
[5136.019995389326, 4980185.700873976]
[5137.236728060414, 4977308.49092447]
[5157.21347994421, 4927014.025099613]
[5157.787884750329, 4926253.562223653]
[5157.908950924038, 4925474.4750179015]
[5158.071498186473, 4925217.834227082]
[5158.111221119008, 4925131.498648776]
[5158.125698252497, 4925131.45603416]
[5158.129288493163, 4925099.234117112]
[5158.179927356263, 4925045.125608318]
[5158.293570114602, 4924749.378442816]
[5158.396658796588, 4924689.149296946]
[5158.450940212313, 4924358.97795924]
[5158.544335167846, 4924272.880185248]
[5158.621761348382, 4924133.864060052]
[5158.651414922326, 4924080.017916778]
[5160.461515463088, 4923893.00011521]
[5160.5267274490925, 4923568.053995125]
[5161.1087408691255, 4923253.858201349]
[5161.347785266371, 4922946.610014145]
[5163.463439332274, 4919871.9426684845]
[5163.737635792882, 4919426.358069887]
[5169.257835460339, 4905211.634974097]
[5186.444851763699, 4890695.962175713]
[5188.871468679667, 4888451.052316255]
[5194.413326670536, 4874324.0865427]
[5203.787940981494, 4867169.105670586]
[5205.245981245054, 4866524.522425006]
[5205.45976978615, 4865889.305510743]
[5205.6543399729635, 4865494.208284356]
[5205.661734524219, 4865022.545466445]
[5206.036103086122, 4864961.039822334]
[5206.184304476439, 4864662.813357362]
[5206.392900440829, 4864546.004167187]
[5206.531174471802, 4864381.735851583]
[5206.8344628757695, 4864269.736954336]
[5207.053108481265, 4864247.067287175]
[5207.183821677272, 4864152.894342136]
[5207.553794028479, 4864114.4646137385]
[5207.810927783821, 4864093.820748769]
[5207.937385587104, 4864080.274445143]
[5208.274827277644, 4864034.580568787]
[5215.900632437917, 4859070.62201965]
[5216.415169616235, 4858296.585764189]
[5220.585606660539, 4857734.073340404]
[5223.791533948748, 4854673.826998703]
[5224.413757121147, 4854540.162288164]
[5229.061950946929, 4852277.046222679]
[5230.132429751906, 4851219.289783931]
[5231.4209960599965, 4851205.683923348]
[5238.94797648344, 4847860.675128012]
[5242.486080786903, 4847307.612821153]
[5242.950950907194, 4846187.161606091]
[5246.209814872982, 4846046.237476637]
[5251.9833907896955, 4843428.105364176]
[5260.701760932085, 4843233.192936251]
[5261.902436298136, 4842466.359304399]
[5267.882784660893, 4841269.97575565]
[5276.987805587716, 4841184.265722984]
[5277.264590941455, 4839311.464600761]
[5279.561289442314, 4839004.484960203]
[5279.850824325344, 4838846.599861713]
[5290.646131586856, 4836091.501485306]
[5290.7976940710905, 4836088.597431012]
[5291.550900776443, 4836053.7423888305]
[5291.746167965857, 4836034.947267289]
[5291.938537795777, 4836024.226730058]
[5292.5062933438985, 4836012.854643176]
[5292.612711282874, 4835934.013856215]
[5293.040418524144, 4835552.353866203]
[5293.093812341807, 4835544.916386039]
[5293.3324485363555, 4835541.397350544]
[5293.685283200462, 4835528.753962509]
[5293.71724329903, 4835528.5565700475]
[5293.846980444501, 4835524.608175379]
[5294.202438912253, 4835519.199322016]
[5294.242520816173, 4835513.0294422]
[5294.294491941471, 4835511.258487254]
[5295.1653156954635, 4835507.490579817]
[5295.437841975718, 4835504.276358345]
[5295.581869398511, 4835502.957715721]
[5295.582406060732, 4835502.113842052]
[5295.60732857195, 4835498.250302295]
[5295.6341904598285, 4835497.708156789]
[5295.638712760934, 4835495.00280104]
[5295.71790424171, 4835491.996325046]
[5295.7740777570525, 4835489.45119282]
[5295.797112463206, 4835489.018291685]
[5295.879153910695, 4835488.978171162]
[5295.90219546349, 4835488.557217279]
[5295.943226334479, 4835488.554935073]
[5295.950161620005, 4835487.901905962]
[5296.041885936127, 4835487.543643769]
[5296.044767365416, 4835487.493176102]
[5296.050530292965, 4835487.392360432]
[5296.053411791228, 4835487.34201243]
[5296.076135340689, 4835486.822609045]
[5296.0879915637, 4835486.740947626]
[5296.093755180993, 4835486.641328585]
[5296.096637024122, 4835486.591578897]
[5296.098097433374, 4835480.366747988]
[5296.207575187647, 4835470.892204509]
[5296.576412526887, 4835442.859102378]
[5297.0211565807695, 4835433.534775647]
[5297.0305528811205, 4835431.857261768]
[5297.1780141292475, 4835422.588356799]
[5297.248150031161, 4835351.286370936]
[5297.7472416625205, 4835349.35110955]
[5297.818761210281, 4835348.003967013]
[5297.927359358198, 4835347.149928804]
[5297.959150118197, 4835347.009203057]
[5298.0733865753355, 4835342.979417127]
[5298.221077871551, 4835339.958195095]
[5298.5863638572355, 4835337.721698915]
[5298.609692178148, 4835335.480412012]
[5298.684796578074, 4835335.3325603185]
[5298.755269832758, 4835334.563855449]
[5298.812318021266, 4835334.0153757725]
[5298.932970861761, 4835331.364971675]
values
[5111.959935928795, 5166627.9518978]
[5111.967125767276, 5166522.101216774]
[5112.02121610884, 5165734.879982414]
[5112.040872097285, 5165453.438036764]
[5112.050030439694, 5165323.002040014]
[5112.165676090721, 5163715.213607112]
[5112.363771825218, 5161112.343988429]
[5112.404090878634, 5160604.19179707]
[5112.421759589473, 5160382.073605481]
[5112.435666698651, 5160210.670882897]
[5112.444875905427, 5160096.836361968]
[5112.464239009396, 5159858.533029727]
[5112.476813012268, 5159703.933188549]
[5112.500072208868, 5159419.132517192]
[5112.509284999909, 5159309.169299215]
[5112.5228334229105, 5159146.653741946]
[5112.534698667587, 5159048.295963852]
[5112.554906301499, 5158885.811209449]
[5112.556397895982, 5158788.82480502]
[5112.581462862776, 5158443.948450549]
[5112.5823453300945, 5157417.367402838]
[5112.694709097477, 5156246.054072019]
[5112.694793607003, 5156137.1415943755]
[5112.784383719589, 5152517.6797882635]
[5135.5236719387285, 4981857.414892397]
[5136.019995389326, 4980185.700873976]
[5137.236728060414, 4977308.49092447]
[5156.400769606431, 4927530.457522976]
[5156.602390351096, 4927208.408958122]
[5157.09677578944, 4926428.283607734]
[5157.209101815062, 4926252.985861243]
[5157.298182209803, 4926114.33399449]
[5157.498273688676, 4925804.402406339]
[5157.51223664512, 4925782.882692179]
[5157.534229143723, 4925748.971653774]
[5157.53572817645, 4925746.656185949]
[5157.541735053383, 4925737.538855916]
[5157.545904318125, 4925731.0537151]
[5157.908950924038, 4925474.4750179015]
[5157.958073895848, 4925100.605114599]
[5158.00459736974, 4925029.987138966]
[5158.267713316414, 4924632.699000519]
[5158.353390147571, 4924504.122601101]
[5158.395702908358, 4924440.861015925]
[5158.419910150487, 4924404.548255814]
[5158.450940212313, 4924358.97795924]
[5158.532482453871, 4924236.522440281]
[5158.562168188695, 4924192.271909789]
[5158.621761348382, 4924133.864060052]
[5158.651414922326, 4924080.017916778]
[5158.849485198383, 4923766.86948473]
[5160.5267274490925, 4923568.053995125]
[5161.1087408691255, 4923253.858201349]
[5161.347785266371, 4922946.610014145]
[5163.463439332274, 4919871.9426684845]
[5163.737635792882, 4919426.358069887]
[5169.257835460339, 4905211.634974097]
[5186.444851763699, 4890695.962175713]
[5188.871468679667, 4888451.052316255]
[5194.413326670536, 4874324.0865427]
[5203.787940981494, 4867169.105670586]
[5205.245981245054, 4866524.522425006]
[5205.45976978615, 4865889.305510743]
[5205.6543399729635, 4865494.208284356]
[5205.661734524219, 4865022.545466445]
[5206.036103086122, 4864961.039822334]
[5206.184304476439, 4864662.813357362]
[5206.392900440829, 4864546.004167187]
[5206.531174471802, 4864381.735851583]
[5206.8344628757695, 4864269.736954336]
[5207.053108481265, 4864247.067287175]
[5207.183821677272, 4864152.894342136]
[5207.553794028479, 4864114.4646137385]
[5207.810927783821, 4864093.820748769]
[5207.937385587104, 4864080.274445143]
[5208.274827277644, 4864034.580568787]
[5215.900632437917, 4859070.62201965]
[5216.415169616235, 4858296.585764189]
[5220.585606660539, 4857734.073340404]
[5223.791533948748, 4854673.826998703]
[5224.413757121147, 4854540.162288164]
[5229.061950946929, 4852277.046222679]
[5230.132429751906, 4851219.289783931]
[5231.4209960599965, 4851205.683923348]
[5238.94797648344, 4847860.675128012]
[5242.486080786903, 4847307.612821153]
[5242.950950907194, 4846187.161606091]
[5246.209814872982, 4846046.237476637]
[5251.9833907896955, 4843428.105364176]
[5260.701760932085, 4843233.192936251]
[5261.902436298136, 4842466.359304399]
[5267.882784660893, 4841269.97575565]
[5276.987805587716, 4841184.265722984]
[5277.264590941455, 4839311.464600761]
[5279.561289442314, 4839004.484960203]
[5279.850824325344, 4838846.599861713]
[5290.646131586856, 4836091.501485306]
[5290.7976940710905, 4836088.597431012]
[5291.550900776443, 4836053.7423888305]
[5291.746167965857, 4836034.947267289]
[5291.938537795777, 4836024.226730058]
[5292.5062933438985, 4836012.854643176]
[5292.612711282874, 4835934.013856215]
[5293.040418524144, 4835552.353866203]
[5293.093812341807, 4835544.916386039]
[5293.3324485363555, 4835541.397350544]
[5293.685283200462, 4835528.753962509]
[5293.71724329903, 4835528.5565700475]
[5293.846980444501, 4835524.608175379]
[5294.202438912253, 4835519.199322016]
[5294.242520816173, 4835513.0294422]
[5294.294491941471, 4835511.258487254]
[5295.1653156954635, 4835507.490579817]
[5295.437841975718, 4835504.276358345]
[5295.581869398511, 4835502.957715721]
[5295.582406060732, 4835502.113842052]
[5295.60732857195, 4835498.250302295]
[5295.6341904598285, 4835497.708156789]
[5295.638712760934, 4835495.00280104]
[5295.71790424171, 4835491.996325046]
[5295.7740777570525, 4835489.45119282]
[5295.797112463206, 4835489.018291685]
[5295.879153910695, 4835488.978171162]
[5295.90219546349, 4835488.557217279]
[5295.943226334479, 4835488.554935073]
[5295.950161620005, 4835487.901905962]
[5296.041885936127, 4835487.543643769]
[5296.044767365416, 4835487.493176102]
[5296.050530292965, 4835487.392360432]
[5296.053411791228, 4835487.34201243]
[5296.076135340689, 4835486.822609045]
[5296.0879915637, 4835486.740947626]
[5296.093755180993, 4835486.641328585]
[5296.096637024122, 4835486.591578897]
[5296.098097433374, 4835480.366747988]
[5296.207575187647, 4835470.892204509]
[5296.230922913399, 4835395.629058879]
[5296.743728264637, 4835377.879017129]
[5296.750281991868, 4835377.703509776]
[5297.174451908193, 4835364.824523883]
[5297.248150031161, 4835351.286370936]
[5297.707672705003, 4835350.994606433]
[5297.7472416625205, 4835349.35110955]
[5297.799506028916, 4835348.861471771]
[5297.818761210281, 4835348.003967013]
[5297.87315722172, 4835347.2066490445]
[5297.925902794794, 4835346.047751762]
[5297.941034143902, 4835345.742270731]
[5297.974833853314, 4835345.023985833]
[5298.069506124491, 4835343.06724301]
[5298.0733865753355, 4835342.979417127]
[5298.191446964805, 4835340.6425270615]
[5298.221077871551, 4835339.958195095]
[5298.237005330895, 4835339.788281533]
[5298.240954708068, 4835339.736570438]
[5298.2423621682265, 4835339.682972006]
[5298.246379890261, 4835339.604151544]
[5298.493238833293, 4835336.433486447]
[5298.5441561659245, 4835334.422741618]
[5298.54952131702, 4835334.331709025]
[5298.645559849021, 4835332.861335236]
[5298.708264623287, 4835331.885321395]
[5298.77046333754, 4835331.010603101]
[5298.778520297867, 4835330.889911211]
[5298.789611913944, 4835330.731157029]
[5298.895517675748, 4835328.573674322]
[5298.896021836952, 4835328.094652498]
[5298.965821826103, 4835327.990461244]
[5298.9977522559275, 4835327.015075082]
[5299.0631549109585, 4835326.834647307]
[5299.065381410759, 4835326.411461119]
[5299.078827100586, 4835326.362896727]
[5299.1068841935885, 4835326.353913148]
[5299.163529079364, 4835325.829622565]
[5299.171390145775, 4835325.761928735]
[5299.179251534024, 4835325.694785363]
[5299.194975276036, 4835325.562149978]
[5299.202837629797, 4835325.49665797]
[5299.2190357127565, 4835325.378497101]
[5299.234702906653, 4835325.3635764085]
[5299.238603804182, 4835324.1938986005]
[5299.298979811401, 4835324.1454943195]
[5299.3296738071185, 4835323.585441302]
[5299.424713020671, 4835323.457415993]
[5299.43153354513, 4835322.98677281]
[5299.460988020524, 4835322.845387609]
[5299.511946630686, 4835322.595079922]
[5299.560805267312, 4835322.231022439]
[5299.6063877378565, 4835322.193645759]
[5299.63992980329, 4835322.085005392]
[5299.647831916736, 4835321.915605233]
[5299.669688591042, 4835321.889623223]
[5299.6837021458505, 4835321.807319905]
[5299.689098040064, 4835321.769087751]
[5299.689872284238, 4835321.6875264915]
[5299.701875220331, 4835321.6000528]
[5299.710248428097, 4835321.568307628]
[5299.713878892455, 4835321.513840412]
[5299.7259525813315, 4835321.47949353]
[5299.734491158553, 4835321.423575942]
[5299.745636890841, 4835321.357609134]
[5299.746233564974, 4835321.352630194]
[5299.756783256496, 4835321.292727748]
[5299.764637016682, 4835321.2512096]
[5299.772216535224, 4835321.170822948]
[5299.812608399816, 4835321.005002242]
[5299.819040457196, 4835320.959602549]
[5299.827852795972, 4835320.913287487]
[5299.852535672791, 4835320.799548202]
[5299.867783375723, 4835320.713464916]
[5299.879797158264, 4835320.644587394]
[5299.900944125309, 4835320.580444856]
[5299.909983158499, 4835320.58027806]
[5299.9197599276795, 4835320.46999982]
[5299.938184217517, 4835320.386243493]
[5299.948421834837, 4835320.361368012]
[5299.963078401275, 4835320.350155034]
[5299.965885958469, 4835320.289331359]
[5299.969111463719, 4835320.2520804405]
[5299.994153121574, 4835320.198848569]
[5299.997020329874, 4835320.18723992]
[5300.005887531042, 4835320.151370399]
[5300.013859404991, 4835320.0796687445]
[5300.028948331959, 4835320.07223156]
[5300.030621352651, 4835320.032564714]
[5300.039764982264, 4835320.030615128]
[5300.045854308999, 4835320.013583537]
[5300.0470381400355, 4835319.997238025]
[5300.049965182632, 4835319.995706922]
[5300.057298448666, 4835319.99440994]
[5300.058691785607, 4835319.967711351]
[5300.064149696111, 4835319.945950728]
[5300.068919754382, 4835319.942411767]
[5300.078588658658, 4835319.915109862]
[5300.085829285217, 4835319.8898338]
[5300.085829285219, 4835319.889833799]
[5300.090419426777, 4835319.868129279]
[5300.099070229733, 4835319.854163704]
[5300.103581194662, 4835319.848319772]
[5300.113454178827, 4835319.824358231]
[5300.113982444667, 4835319.81580595]
[5300.1204718593235, 4835319.802612089]
[5300.122501144757, 4835319.801053262]
[5300.122732696804, 4835319.786305939]
[5300.125812459697, 4835319.780121314]
[5300.13428246528, 4835319.777132231]
[5300.134949716314, 4835319.76646391]
[5300.138390825936, 4835319.747504733]
[5300.142727085724, 4835319.736239436]
[5300.14691085831, 4835319.726614418]
[5300.15089385596, 4835319.7197069675]
[5300.15692849327, 4835319.713694806]
[5300.159643253146, 4835319.694983545]
[5300.169523837427, 4835319.692394149]
[5300.170644314554, 4835319.671389648]
[5300.176560961965, 4835319.6563536525]
[5300.180686406231, 4835319.650437998]
[5300.181005198327, 4835319.648392841]
[5300.18239625135, 4835319.645104905]
[5300.19031948631, 4835319.638129919]
[5300.191387754119, 4835319.624194292]
[5300.193480212178, 4835319.620349766]
[5300.197665209749, 4835319.612797435]
[5300.202155851632, 4835319.6030536]
[5300.205751017829, 4835319.596038137]
[5300.206062933692, 4835319.59519328]
[5300.210738720696, 4835319.587608276]
[5300.210993911103, 4835319.58621897]
[5300.211143885139, 4835319.585718042]
[5300.216562996089, 4835319.578889204]
[5300.217888339839, 4835319.575017128]
[5300.219389361062, 4835319.570199756]
[5300.223137631172, 4835319.562572888]
[5300.227323336798, 4835319.556220065]
[5300.2323615821315, 4835319.549414307]
[5300.24078391355, 4835319.536140592]
[5300.241601786049, 4835319.532066794]
[5300.241706141624, 4835319.531841079]
[5300.243545518524, 4835319.528839955]
[5300.245302000187, 4835319.52601713]
[5300.252799691034, 4835319.512718836]
[5300.2589497941735, 4835319.506654381]
[5300.2667879625515, 4835319.50077353]
[5300.269167175735, 4835319.4909473825]
[5300.270474772515, 4835319.48828247]
[5300.271231717516, 4835319.482446436]
[5300.274976536599, 4835319.478436419]
[5300.278279378625, 4835319.474923741]
[5300.284860598576, 4835319.469102861]
[5300.287851118093, 4835319.4653050145]
[5300.289735545237, 4835319.464591967]
[5300.294841937117, 4835319.457361296]
[5300.297155994942, 4835319.448611231]
[5300.2998594580695, 4835319.4484369885]
[5300.306441225939, 4835319.443583084]
[5300.307491986614, 4835319.44241731]
[5300.308273875236, 4835319.442172308]
[5300.310038217469, 4835319.439708915]
[5300.310678949234, 4835319.431047521]
[5300.313648527324, 4835319.4296167055]
[5300.316034592746, 4835319.425663061]
[5300.3214646582965, 4835319.421282444]
[5300.324961491795, 4835319.417712572]
[5300.326100242142, 4835319.415649716]
[5300.326617014574, 4835319.4115415225]
[5300.3338887967, 4835319.410457367]
[5300.3358325363515, 4835319.407555551]
[5300.336438492592, 4835319.401105405]
[5300.33844744708, 4835319.399295703]
[5300.340792893006, 4835319.39540774]
[5300.343803896449, 4835319.395283737]
[5300.3464557225925, 4835319.395279795]
[5300.346480871049, 4835319.394318355]
[5300.349157875569, 4835319.393405191]
[5300.354517225554, 4835319.387998433]
[5300.356083155833, 4835319.383113855]
end_solutions
[17.939198777749404, -9.413049956683043, 21.657025495204056, -21.474601487041202, -16.41900228779339, -19.93755467682916, -3.677719313358761, -12.56582162582367, -14.805738887362, 24.016918178127383, -16.84087921331255, 14.021167018135127, 4.785075423158444, -6.002772822291247, -8.523326913553852, -4.720581550193866, -15.00009743057554, -15.038940256964745, 16.069695006818648, -6.3862388533823555]
[17.938747290935478, -9.412746418249693, 21.656887750158216, -21.474710560131726, -16.41859660712295, -19.937741974828644, -3.676954298559212, -12.566118719521775, -14.806358850828346, 24.016571732671956, -16.840925169686557, 14.021674921918374, 4.7851228666376215, -6.001855930672313, -8.522885678167373, -4.720587694073379, -14.999849334933907, -15.039769561616575, 16.069342234455966, -6.386165767763343]
[17.938601295904775, -9.412612762409076, 21.656843563944307, -21.474729913174873, -16.418450327239388, -19.93779939203806, -3.676681722443476, -12.566237448615638, -14.806589130949293, 24.016410464448803, -16.84092388804054, 14.021886223440752, 4.7851276232460584, -6.00150665354264, -8.522714423898618, -4.720603034091548, -14.999749756527024, -15.040094356680214, 16.06921807885903, -6.3861351771593835]
[17.938601295904775, -9.412612762409076, 21.656843563944307, -21.474729913174873, -16.418450327239388, -19.93779939203806, -3.676681722443476, -12.566237448615638, -14.806589130949293, 24.016410464448803, -16.84092388804054, 14.021886223440752, 4.7851276232460584, -6.00150665354264, -8.522714423898618, -4.720603034091548, -14.999749756527024, -15.040094356680214, 16.06921807885903, -6.3861351771593835]
[17.938445448619785, -9.412483870733414, 21.656796258045325, -21.474756752052265, -16.418300037823588, -19.937861906330003, -3.6764005352649747, -12.566355392680798, -14.806823378905209, 24.016257430453656, -16.840928786540264, 14.022093512163273, 4.785136810246081, -6.001154300774046, -8.522542707134953, -4.720614224542988, -14.999650971827059, -15.040419084239147, 16.069089458758107, -6.386105223363251]
[17.938445448619785, -9.412483870733414, 21.656796258045325, -21.474756752052265, -16.418300037823588, -19.937861906330003, -3.6764005352649747, -12.566355392680798, -14.806823378905209, 24.016257430453656, -16.840928786540264, 14.022093512163273, 4.785136810246081, -6.001154300774046, -8.522542707134953, -4.720614224542988, -14.999650971827059, -15.040419084239147, 16.069089458758107, -6.386105223363251]
[17.938318111349254, -9.412381382842506, 21.656757580317052, -21.47477994663509, -16.418178448250856, -19.93791323503073, -3.676172797350336, -12.566449959923835, -14.807012400854243, 24.01613630741857, -16.840934067186794, 14.022259137145785, 4.785145156759512, -6.000870610168617, -8.522404680968638, -4.720622302053025, -14.999571796384227, -15.04067989832045, 16.06898516859013, -6.386081302800436]
[17.93832856315604, -9.412387201976667, 21.65676077862109, -21.474776881210307, -16.41818732076174, -19.937908792048965, -3.6761896448810987, -12.566443850729668, -14.806999064872146, 24.016142654957296, -16.840932460415058, 14.022248978705164, 4.785143700496098, -6.000890036197601, -8.522413919562203, -4.720622617381569, -14.999576883302085, -15.040662629908347, 16.068992993682414, -6.386082758016153]
[17.938314909923704, -9.412378808842671, 21.656756607629404, -21.474780531083532, -16.41817539194458, -19.93791452574122, -3.6761670731090885, -12.566452335524009, -14.80701715106979, 24.016133266184692, -16.840934201781536, 14.022263297466187, 4.7851453676093625, -6.000863481396114, -8.522401212586562, -4.720622504450029, -14.999569807459057, -15.040686451593833, 16.06898254750229, -6.386080701928698]
[17.938313897684782, -9.412378641059048, 21.65675629439722, -21.474781005215505, -16.418174701969996, -19.937914991131418, -3.6761657233470215, -12.566452675022465, -14.80701810995754, 24.01613319991695, -16.840934536177098, 14.022263756916141, 4.785145626250291, -6.00086218927512, -8.52240063712921, -4.7206223244193914, -14.999569530192177, -15.040687492060169, 16.068981901773142, -6.386080638560638]
[17.938292030469484, -9.412349024841573, 21.656749774409892, -21.474779600165775, -16.418148715330645, -19.93792273999621, -3.6761180895591297, -12.566476585704006, -14.807060656987378, 24.01609573222477, -16.840929975422323, 14.022308129505891, 4.785143475574546, -6.000795608114973, -8.522367265361048, -4.720628229108852, -14.99954938210358, -15.04075144499679, 16.068960579238574, -6.386074175969116]
[17.938318111349254, -9.412381382842506, 21.656757580317052, -21.47477994663509, -16.418178448250856, -19.93791323503073, -3.676172797350336, -12.566449959923835, -14.807012400854243, 24.01613630741857, -16.840934067186794, 14.022259137145785, 4.785145156759512, -6.000870610168617, -8.522404680968638, -4.720622302053025, -14.999571796384227, -15.04067989832045, 16.06898516859013, -6.386081302800436]
[17.938378158001193, -9.412391799995387, 21.65677619944526, -21.474752011188166, -16.41821966413924, -19.937885668584254, -3.6762532824611602, -12.566429563952052, -14.806955094476832, 24.016140841431053, -16.840914337812528, 14.022231293384587, 4.785129917107415, -6.000948018035887, -8.522439255391507, -4.7206327519064, -14.999588465195773, -15.040617379298888, 16.069023581351935, -6.38608515323568]
[17.938808444270784, -9.412566001232214, 21.656908627386315, -21.474596462880648, -16.418557352531984, -19.937696959696467, -3.676900691051896, -12.566219871810148, -14.806460862525876, 24.016311404505032, -16.84081821740049, 14.021899798396188, 4.7850503909194515, -6.001650738822178, -8.522767142267858, -4.720670185320456, -14.999762177860699, -15.040010581483251, 16.069327109892022, -6.386132254210187]
[17.938808444270784, -9.412566001232214, 21.656908627386315, -21.474596462880648, -16.418557352531984, -19.937696959696467, -3.676900691051896, -12.566219871810148, -14.806460862525876, 24.016311404505032, -16.84081821740049, 14.021899798396188, 4.7850503909194515, -6.001650738822178, -8.522767142267858, -4.720670185320456, -14.999762177860699, -15.040010581483251, 16.069327109892022, -6.386132254210187]
[17.938292030469484, -9.412349024841573, 21.656749774409892, -21.474779600165775, -16.418148715330645, -19.93792273999621, -3.6761180895591297, -12.566476585704006, -14.807060656987378, 24.01609573222477, -16.840929975422323, 14.022308129505891, 4.785143475574546, -6.000795608114973, -8.522367265361048, -4.720628229108852, -14.99954938210358, -15.04075144499679, 16.068960579238574, -6.386074175969116]
[17.938378158001193, -9.412391799995387, 21.65677619944526, -21.474752011188166, -16.41821966413924, -19.937885668584254, -3.6762532824611602, -12.566429563952052, -14.806955094476832, 24.016140841431053, -16.840914337812528, 14.022231293384587, 4.785129917107415, -6.000948018035887, -8.522439255391507, -4.7206327519064, -14.999588465195773, -15.040617379298888, 16.069023581351935, -6.38608515323568]
[17.938039290372657, -9.412247940700624, 21.65667197791851, -21.47487152007077, -16.417950893389815, -19.938033692929885, -3.6757386972597192, -12.56659896498055, -14.80734991746067, 24.015997263007684, -16.840986994621936, 14.022501201913306, 4.7851905555710275, -6.0003846880514065, -8.522175669849684, -4.720605774830685, -14.99944802124717, -15.041105888519404, 16.06878264454549, -6.38604675249646]
[17.937743486509977, -9.412125468982765, 21.656580968909445, -21.47497723446457, -16.417717597044685, -19.938163181569536, -3.675291708509294, -12.56674485513307, -14.807691959189235, 24.015876239187453, -16.841051832626448, 14.022732692381371, 4.785244414801076, -5.999897563027384, -8.52194807932309, -4.720581059153743, -14.999327118844665, -15.041527364890968, 16.068573208795726, -6.3860138403905236]
[17.937213850103014, -9.411869360907158, 21.656418381154523, -21.475150008678305, -16.417284210964286, -19.93839176533267, -3.674465230867705, -12.567029568642637, -14.808335302935626, 24.015608479804627, -16.841151194887964, 14.023195986263229, 4.785329875316723, -5.998970608160248, -8.521510933957686, -4.720550662455219, -14.999090574344667, -15.042340757968685, 16.06818776096999, -6.385947695207653]
[17.937213850103014, -9.411869360907158, 21.656418381154523, -21.475150008678305, -16.417284210964286, -19.93839176533267, -3.674465230867705, -12.567029568642637, -14.808335302935626, 24.015608479804627, -16.841151194887964, 14.023195986263229, 4.785329875316723, -5.998970608160248, -8.521510933957686, -4.720550662455219, -14.999090574344667, -15.042340757968685, 16.06818776096999, -6.385947695207653]
[17.936228037036884, -9.411404714305467, 21.65611564838426, -21.47547698988636, -16.416482698591714, -19.9388182969575, -3.672935483532009, -12.56755182865157, -14.809522634556238, 24.015126796341463, -16.841341584842024, 14.024042352740798, 4.78549252456622, -5.997263199363562, -8.520706990642996, -4.720489537032654, -14.998656851643023, -15.043835493966482, 16.067473740253764, -6.385826940182241]
[17.935080475511512, -9.410798470649203, 21.65576391724052, -21.475828309478047, -16.415521921026986, -19.939309015882554, -3.6711083897767787, -12.568201511828239, -14.810959636629502, 24.014475412009478, -16.841533451317364, 14.02511424255309, 4.785662358844041, -5.995178494113241, -8.519718561314388, -4.720442942617635, -14.998116323035667, -15.04567970677308, 16.066623995723603, -6.38567356394703]
[17.934197732189627, -9.410320281030742, 21.65549347997424, -21.476093241962868, -16.41477783650246, -19.939685442926038, -3.6696945348423426, -12.568708838250124, -14.81207496682957, 24.013957907368905, -16.841675636661947, 14.025954485424457, 4.785789462864038, -5.993557266296488, -8.518948704668482, -4.720411546551878, -14.997694066678308, -15.047117223040821, 16.065966975106306, -6.385553260303254]
[17.933161719984735, -9.409740368715967, 21.655176291733707, -21.476395784805803, -16.413896643727647, -19.940125570096136, -3.6680219612826486, -12.569316199172874, -14.813399631262147, 24.013324603066025, -16.841833966911786, 14.026965412285804, 4.785933047391343, -5.991626777920826, -8.51803015799468, -4.720381708998579, -14.997188290635107, -15.048834129162248, 16.06519055876726, -6.3854084050291195]
[17.93220234222135, -9.40921131774935, 21.654882478980298, -21.47667952246968, -16.413084005077977, -19.94053384720293, -3.6664787470355833, -12.56987354284519, -14.81461962857847, 24.0127491985943, -16.841984224709, 14.02789099715216, 4.786068391664995, -5.989850919824617, -8.517185956334826, -4.720351092189051, -14.996724274434825, -15.050411340356831, 16.06447384028909, -6.385275825570164]
[17.929535677267616, -9.407710675614252, 21.654066132891835, -21.47745468475607, -16.410812469015795, -19.94166601519148, -3.6621679538237193, -12.571441962402496, -14.818035956776166, 24.01110803800595, -16.842388122786232, 14.030503656300517, 4.786435593236913, -5.984870068606006, -8.514815244636374, -4.720277277562033, -14.995418074483897, -15.054843300587242, 16.0624731015806, -6.384901411569648]
[17.92619568352323, -9.40585826051969, 21.65304336548639, -21.478437750815814, -16.40797886480594, -19.943086460608264, -3.656787904457773, -12.573389063675634, -14.822292139019428, 24.009090146784573, -16.84290639997731, 14.033740019617245, 4.786903622760237, -5.9786718713476565, -8.511867738062897, -4.720174648051598, -14.993796871322877, -15.06035107129539, 16.05997489851055, -6.384437776316136]
[17.918787901628683, -9.401693559167203, 21.650775590315362, -21.4805928625928, -16.401670422365775, -19.946231884024833, -3.6448156957273277, -12.57774348669755, -14.831779091702355, 24.004536621432557, -16.8440301771195, 14.040992530266331, 4.7879248535902645, -5.964841370590747, -8.505285292897053, -4.7199680953633525, -14.990170505911909, -15.072656370337578, 16.054418126753824, -6.383398460779135]
[17.89843847625713, -9.390296423082926, 21.644545992664348, -21.48653229792898, -16.38436041556558, -19.954876315650267, -3.6119594697682618, -12.589677964121993, -14.857803197972032, 23.99208771130793, -16.8471357832359, 14.060858140789207, 4.790742752913946, -5.926913895964254, -8.48723879958759, -4.719383714093743, -14.980232070246638, -15.10638948960278, 16.039165545285474, -6.380551943806114]
[19.82371376483778, -5.04651870211685, 22.198684479267968, -18.529929775911782, -15.531042328394118, -18.656878113848858, -2.6909667405838658, -14.838974661400965, -17.02090906049967, 17.734307099531897, -14.304863898764518, 19.314324732580655, 2.9816905119699983, -1.31054936676596, -5.695700824201048, -6.929714430474322, -13.03130406221861, -20.683742974739285, 15.993334266910159, -5.586292493882571]
end_values
[   5300.41561753 4835319.39331792]
[   5300.37431486 4835319.39452929]
[   5300.35743909 4835319.39312918]
[   5300.35743909 4835319.39312918]
[   5300.34079289 4835319.39540774]
[   5300.34079289 4835319.39540774]
[   5300.32747279 4835319.39832774]
[   5300.328309  4835319.3984259]
[   5300.32713819 4835319.39849223]
[   5300.32709644 4835319.39838656]
[   5300.32361719 4835319.3971871 ]
[   5300.32747279 4835319.39832774]
[   5300.32999354 4835319.39217126]
[   5300.35793358 4835319.36305954]
[   5300.35793358 4835319.36305954]
[   5300.32361719 4835319.3971871 ]
[   5300.32999354 4835319.39217126]
[   5300.30733135 4835319.41884388]
[   5300.28785963 4835319.44687499]
[   5300.24935009 4835319.50547934]
[   5300.24935009 4835319.50547934]
[   5300.17888753 4835319.6478377 ]
[   5300.09041943 4835319.86812928]
[   5300.02122014 4835320.08329784]
[   5299.93818422 4835320.38624349]
[   5299.86211073 4835320.72091601]
[   5299.64783192 4835321.91560523]
[   5299.38245902 4835323.96705796]
[   5298.78961191 4835330.73115703]
[   5297.17445191 4835364.82452388]
[5.11195994e+03 5.16662795e+06]
