values
[47633.81386692758, 10993843.146842737]
values
[45905.24908071773, 10621703.208832828]
[46008.41411001606, 10579299.82932707]
[46129.39172000344, 10574354.96157712]
[46764.827489802294, 10548095.293557035]
[47160.66502964024, 10456160.793800712]
[48660.30463097551, 10434538.128027692]
[50872.4590724662, 10429237.310668165]
[51261.191632073445, 10419060.899156034]
[51696.03493074934, 10395048.415293515]
[55640.34262733744, 10323468.695206631]
[56610.959812840076, 10314193.885972211]
[57150.437812448115, 10309692.408739915]
[57714.023055932754, 10305281.818391545]
[61562.6678369488, 10278369.98634312]
[64328.90950639952, 10267199.407570438]
[65311.15046463325, 10267187.979084374]
[65941.42263137877, 10263610.604365619]
[67335.03375981655, 10256821.924650243]
[68721.20097913382, 10256292.872219115]
[69696.41687235763, 10252262.787056327]
[75091.99873377992, 10230988.684072468]
[75180.49394838412, 10229703.115541352]
values
[45905.24908071773, 10621703.208832828]
[46008.41411001606, 10579299.82932707]
[46129.39172000344, 10574354.96157712]
[46764.827489802294, 10548095.293557035]
[47160.66502964024, 10456160.793800712]
[47630.19053139047, 10442674.19074409]
[47895.632295307114, 10419792.750623576]
[48159.398978770136, 10402614.675192824]
[48247.98194247873, 10397843.727652047]
[48478.47478383195, 10389337.239482472]
[48548.514276993345, 10375996.42124353]
[49607.431397381086, 10338117.354745766]
[49851.70657093901, 10330000.749840816]
[50155.252630359886, 10322743.876830019]
[50385.8705372084, 10315880.076066071]
[50688.25503312833, 10309111.30443805]
[51103.79827330019, 10296071.44058625]
[51204.70346222121, 10295858.23963114]
[51906.86549761717, 10276851.791542703]
[52300.2029997061, 10270426.270902876]
[54100.9634057589, 10240855.369088931]
[54229.00563046832, 10239282.402519623]
[54959.04127008674, 10229723.10273095]
[55574.01512266907, 10218088.36782445]
[56194.98457336544, 10217848.887405109]
[56413.90238055661, 10214100.947757691]
[56987.5408176517, 10206073.028190386]
[58230.45525246355, 10193843.039352141]
[58421.8590433178, 10189782.011571776]
[58978.03909794908, 10185128.91751664]
[59503.63640289595, 10181817.568134563]
[60180.964306966685, 10178079.448071774]
[61310.223060577075, 10170259.532924907]
[61399.565815948525, 10169355.855360338]
[61681.259152900995, 10166464.919030683]
[62280.21795431301, 10162977.696234923]
[62784.68314417382, 10159804.68020695]
[63157.52056773143, 10158251.500778493]
[63163.74489194931, 10157990.921001432]
[63450.048606590026, 10156212.978451302]
[63555.20038035357, 10155871.698405903]
[63976.15418138684, 10153289.100429798]
[64601.92231310129, 10150312.713580677]
[64932.815870423874, 10148561.801894134]
[65205.21951269977, 10146000.76376804]
[65641.75829001506, 10145133.310757326]
[65795.85113757805, 10144739.666542018]
[66421.90937022824, 10143691.963949272]
[66946.53391768967, 10140083.852850003]
[67359.2376694398, 10137944.718643203]
[67626.54497447159, 10136202.969543781]
[67928.264697742, 10134747.680496847]
[68214.99930714881, 10134713.614694582]
[68816.12984914119, 10133620.913859794]
[69110.30828065732, 10130765.131852593]
[69747.95055645681, 10129179.679218318]
[70524.12994755192, 10127175.030933985]
[70954.34652577619, 10124577.684808051]
[71822.768611426, 10121838.851303617]
[72642.85270754478, 10119303.772501433]
[73805.69516865227, 10116241.042972153]
[74700.68110294054, 10115007.53072591]
[75305.54461152111, 10112724.541098654]
[75603.79640590653, 10112567.80741612]
[76165.4969724601, 10111205.997762669]
[77145.01082575985, 10109501.591720738]
[77500.12889877934, 10108728.989127489]
[78060.66002124756, 10108009.42287614]
[78305.54536300637, 10107718.474670881]
[78462.4413642817, 10107651.18168131]
[78522.40014667498, 10107438.615062756]
[78829.37920593227, 10107322.97513656]
[78904.86021632043, 10107090.723389195]
[79311.50168814202, 10106172.58779026]
[80089.59774016829, 10105813.971979318]
[80561.26296671933, 10104693.453086313]
[81229.35517475662, 10104336.598066641]
[81616.04479707632, 10104253.999707516]
[81733.97273760445, 10103977.367199799]
[82043.39698381114, 10103893.62328091]
[82280.16184395798, 10103765.369696502]
[82349.64677342006, 10103685.387880517]
[82418.96236669256, 10103340.672392314]
[82571.0522357667, 10103058.53182174]
[83105.21002589098, 10102808.010633979]
[83340.06995688424, 10102804.51461801]
[83360.4641602439, 10102740.575048788]
[83483.01594326511, 10102678.41986868]
[83528.15463379375, 10102481.214259522]
[83727.86744096126, 10102467.950838057]
[83760.81763464594, 10102438.94334773]
[83807.55988364211, 10102364.94915399]
[83857.72671575646, 10102284.48037159]
[83866.4680793187, 10102216.714744046]
[83936.9828657132, 10102193.276804252]
[84044.35176081603, 10102111.751802204]
[84098.10209942951, 10102022.84904916]
[84309.39847490069, 10101916.180311408]
[84974.3248798857, 10101909.652913038]
values
[45905.24908071773, 10621703.208832828]
[46008.41411001606, 10579299.82932707]
[46129.39172000344, 10574354.96157712]
[46764.827489802294, 10548095.293557035]
[47160.66502964024, 10456160.793800712]
[47540.13593158361, 10451132.226441808]
[47630.19053139047, 10442674.19074409]
[47800.34710555761, 10431893.063619457]
[47824.35278555968, 10423547.82854038]
[47881.507155630396, 10419912.49910408]
[47895.632295307114, 10419792.750623576]
[47989.21697175657, 10414129.824615633]
[48040.558362603704, 10409862.22918341]
[48159.398978770136, 10402614.675192824]
[48191.51945641941, 10401443.143476984]
[48247.98194247873, 10397843.727652047]
[48372.9604764408, 10388217.90969952]
[48498.31796951216, 10374155.790351927]
[48744.24026649314, 10368400.69040803]
[48832.81719077297, 10362644.00005755]
[49025.81659367284, 10357298.723306673]
[49064.47085901531, 10355119.168724565]
[49242.752870336466, 10348538.036963092]
[49607.431397381086, 10338117.354745766]
[49702.21022886289, 10335586.935426883]
[49745.20912992087, 10333210.0699101]
[49775.89982909436, 10327575.134137101]
[50155.252630359886, 10322743.876830019]
[50281.05761447805, 10312519.634913314]
[50676.01377969489, 10303696.709776407]
[50722.77885781072, 10302718.261613693]
[50926.97773078673, 10295519.668158408]
[51124.03356430654, 10290938.2178428]
[51313.578426145425, 10284013.06806306]
[51549.13657549375, 10277671.259409798]
[51797.57406929727, 10276616.852593968]
[51840.49636183599, 10273114.457860015]
[52155.38974386803, 10268944.721433299]
[52221.0053904791, 10267743.762116462]
[52440.45272025898, 10265600.005818738]
[52544.3834524482, 10258762.362749614]
[52918.30546844347, 10252519.32442564]
[53473.52528134428, 10242728.056970853]
[53826.59782211474, 10237488.79893739]
[54472.099865696706, 10228983.54028178]
[54860.14746644404, 10221387.96489688]
[55253.23557383845, 10220140.98209735]
[55574.01512266907, 10218088.36782445]
[55930.83573092281, 10207486.759459233]
[56246.3672308671, 10204694.03380721]
[56311.07603642685, 10204024.727760695]
[56468.59401237878, 10202115.567195753]
[56664.83772708809, 10200043.950984703]
[56888.335140262236, 10198334.169011716]
[57209.79425397788, 10194065.873745704]
[57893.70532017843, 10192922.083550267]
[57917.189386284495, 10188191.327220453]
[58081.819087213604, 10185597.98142205]
[58396.03022672588, 10182564.514013892]
[58551.61241961833, 10182111.09773666]
[59026.69638304465, 10179984.993239626]
[59048.71183324509, 10177987.91241771]
[59146.04250295454, 10177221.05957727]
[59515.34930384647, 10173441.893685084]
[59896.11739685106, 10172207.64395914]
[59919.47430523257, 10170764.351052366]
[60053.408621507064, 10167808.985960824]
[60401.56761610398, 10166359.336114023]
[60874.046778540906, 10164028.769831816]
[61557.06370497962, 10160061.102272546]
[61683.05731276845, 10157114.025324417]
[61881.64671049115, 10156554.358718747]
[61984.68828359049, 10154712.680320766]
[62748.550517005664, 10151698.494719625]
[63284.04105872489, 10147144.832369145]
[63351.90653340947, 10146424.739526507]
[63794.668934845584, 10144308.634511774]
[63967.365966683145, 10143859.178220173]
[64132.40448145983, 10142942.29925556]
[64491.568767417746, 10140931.086469734]
[64737.67285773881, 10140004.135915684]
[64783.101855128625, 10139295.315305164]
[64835.95337346889, 10138979.94529601]
[65101.575561686834, 10137880.43536431]
[65300.25251878419, 10136633.734176112]
[65719.01583892935, 10135258.0333696]
[65726.3456682083, 10135033.355803238]
[66290.67083784672, 10135009.180658175]
[66324.74498079246, 10134514.716811778]
[66339.07400464205, 10132963.714671051]
[66622.77135025182, 10131776.848476347]
[66866.59662061644, 10130741.302947678]
[66915.1427414801, 10130280.958310923]
[67450.13528188212, 10128536.518864146]
[67663.88233592223, 10127958.552643767]
[67679.64523381605, 10127706.399247918]
[67749.33266503626, 10127279.913675418]
[68190.01331396578, 10125791.763078617]
[68514.48335290492, 10124551.76681031]
[68676.42482144352, 10124400.200418333]
[69191.65229006985, 10124106.942956775]
[69275.0392660858, 10123616.046427183]
[69766.44670876046, 10121374.597335273]
[69908.84749396126, 10120626.99398229]
[70154.38911205287, 10120034.112753259]
[70549.83950463704, 10118762.041287579]
[71277.79658237688, 10117023.365308784]
[71339.94266830856, 10116692.430366196]
[71361.60042064922, 10116582.521748621]
[71714.6768022581, 10115878.01157074]
[71764.37038986683, 10115663.428353673]
[71764.37038986686, 10115663.42835367]
[72104.46109181616, 10114781.173331236]
[72403.91738907088, 10114438.407176202]
[72881.30376746127, 10113127.262566708]
[72920.58550376695, 10112929.811807077]
[73648.33139642894, 10111719.93886229]
[74236.70613232943, 10111261.39578541]
[74356.41094217572, 10111106.037515435]
[74555.14379342963, 10110704.34773684]
[74581.7803725174, 10109911.983042253]
[75428.11119932782, 10108560.09498466]
[76067.81036824759, 10107620.237773573]
[76256.94377518039, 10107378.793420676]
[76448.75210609322, 10107143.416033499]
[76805.6958841935, 10106690.859346895]
[76884.84597610182, 10106581.510869687]
[77359.78672548449, 10105858.514851335]
[77605.65734077989, 10105703.08594545]
[77804.67990289166, 10105625.737302085]
[78090.48600519063, 10105123.144626498]
[78214.15796469135, 10105075.25836535]
[78214.72012452954, 10105060.655850552]
[78617.78641235222, 10104519.001515916]
[78736.75274068714, 10104484.685614206]
[79332.44441771133, 10103961.082346551]
[79907.44047297491, 10103504.424825544]
[80204.51559791497, 10103302.021822624]
[80425.08799566503, 10103218.3076274]
[80700.60311855224, 10103035.97688715]
[80796.46877614364, 10102957.455820978]
[80838.38133967319, 10102913.829830501]
[80863.26969072747, 10102907.950226165]
[80881.31484465054, 10102881.25434798]
[80981.47952704075, 10102791.90439363]
[81055.78466294752, 10102724.746011468]
[81110.01451319389, 10102681.002596544]
[81267.6424454654, 10102575.245161666]
[81302.86603919459, 10102554.711030772]
[81452.05624336304, 10102474.632470042]
[81533.06386004039, 10102456.86403613]
[81638.91134093309, 10102441.470132222]
[81718.35944029521, 10102363.464175502]
[81932.39949709648, 10102343.631435074]
[82066.67854887666, 10102164.491494102]
[82435.88724841559, 10102001.497760376]
[82833.7729571445, 10101866.769721959]
[82954.24481123165, 10101824.46271328]
[83185.04404036699, 10101760.315705365]
[83437.99459005512, 10101725.718479812]
[83492.1654961064, 10101698.189495508]
[83694.94248695405, 10101684.438284744]
[83808.8664001921, 10101584.222874748]
[83975.05505530135, 10101523.733917262]
[84029.37102183882, 10101505.090960026]
[84119.98901278863, 10101500.397729728]
[84205.20225335546, 10101433.89274029]
[84352.17573087967, 10101428.386476975]
[84352.46290011726, 10101406.393516948]
[84375.68839763507, 10101380.002773287]
[84556.71002202526, 10101332.900886212]
[84558.30626585754, 10101332.209915029]
[84657.28284468355, 10101324.504928198]
[84661.60696274998, 10101322.738040196]
[84694.92546798104, 10101290.358567422]
[84808.10714479351, 10101264.71657362]
[84922.37849041901, 10101241.218094898]
[84948.35334378039, 10101235.644219568]
[85037.49421102836, 10101219.86318581]
[85063.59886057478, 10101214.77594162]
[85089.70790228307, 10101209.799171943]
[85204.78416075371, 10101191.561157439]
[85263.80794029466, 10101183.878070762]
[85343.09298280603, 10101171.573796995]
[85353.56202098819, 10101169.006768273]
[85474.60381450389, 10101154.813889932]
[85542.00741210226, 10101154.697285231]
[85584.96508793425, 10101149.79685477]
[85602.91283236131, 10101147.43411958]
[85638.0208035075, 10101142.94214106]
[85706.59743474577, 10101130.976427032]
[85811.44121840993, 10101126.060385091]
[85835.80825425163, 10101124.34101927]
[85867.58167244725, 10101120.146225788]
[85910.62846732074, 10101120.04849214]
[85926.60010732815, 10101117.47444775]
[86034.68490317253, 10101117.359319651]
end_solutions
[-14.23588196652264, -19.72472292541615, -27.169405475232935, 1.8399670285200709, 27.907296709820173, -33.441896248832094, -25.68011251209188, -4.601196792620378, 38.78309120236365, -1.6020554797787385, -14.645663980931333, -4.562550868116837, -25.150473335223673, -27.765649451156662, 4.20418184784279, -14.226599766860492, -18.805644099420476, 14.042804940245897, 9.972097047063228, -11.737221266512405]
[-14.262169815620254, -19.710384305752093, -27.173397672975113, 1.8461216758810646, 27.90025133482122, -33.440928299483815, -25.65086984603613, -4.5968790305793945, 38.77124406990886, -1.6309503942542558, -14.650088509886363, -4.558649157027331, -25.163857814000444, -27.76224537092064, 4.2143276088567205, -14.221431818270979, -18.791526503833637, 14.054837340235675, 9.952020585552392, -11.752861074390307]
[-14.262169815620254, -19.710384305752093, -27.173397672975113, 1.8461216758810646, 27.90025133482122, -33.440928299483815, -25.65086984603613, -4.5968790305793945, 38.77124406990886, -1.6309503942542558, -14.650088509886363, -4.558649157027331, -25.163857814000444, -27.76224537092064, 4.2143276088567205, -14.221431818270979, -18.791526503833637, 14.054837340235675, 9.952020585552392, -11.752861074390307]
[-14.296064681281905, -19.69189693223855, -27.178549338877183, 1.854064578777907, 27.89117022149198, -33.439679800702024, -25.61316256769313, -4.591311537172104, 38.755977178232726, -1.6682042579571794, -14.655797131373633, -4.553613614151743, -25.18111544710139, -27.757863097090762, 4.227413268801296, -14.214765838422657, -18.773320111453657, 14.070346678188411, 9.926135236751538, -11.773026774110932]
[-14.329959546943556, -19.67340955872501, -27.18370100477925, 1.8620074816747498, 27.882089108162738, -33.438431301920225, -25.57545528935013, -4.585744043764814, 38.74071028655659, -1.705458121660103, -14.661505752860904, -4.5485780712761565, -25.19837308020234, -27.75348082326089, 4.240498928745873, -14.208099858574336, -18.755113719073677, 14.085856016141147, 9.900249887950686, -11.793192473831558]
[-14.353815321275643, -19.660397264632167, -27.187322164273603, 1.8675898608866013, 27.875694461366134, -33.43755306565227, -25.5489190560331, -4.581825940378086, 38.72995588658369, -1.7316807404110186, -14.665519482165992, -4.5450391729318556, -25.21051923611886, -27.75038899865985, 4.249704496525569, -14.203411014676977, -18.742303596880433, 14.096777144137658, 9.882030569665906, -11.807385357691128]
[-14.377671095607731, -19.647384970539328, -27.190943323767954, 1.873172240098453, 27.86929981456953, -33.43667482938431, -25.52238282271607, -4.577907836991358, 38.719201486610785, -1.7579033591619342, -14.66953321147108, -4.541500274587555, -25.222665392035378, -27.747297174058808, 4.258910064305265, -14.198722170779618, -18.72949347468719, 14.107698272134169, 9.863811251381126, -11.821578241550696]
[-14.511419162670228, -19.57429419005401, -27.210443417080622, 1.9031339378207568, 27.832978911501407, -33.43181963388042, -25.374061177123235, -4.5560643577886974, 38.65735566470688, -1.9053776838681935, -14.691364754945107, -4.522500346333308, -25.290742369788063, -27.728718315554435, 4.309815313361129, -14.172881268557294, -18.658291313727254, 14.169826949622554, 9.761540981629226, -11.901196601168802]
[-14.511419162670228, -19.57429419005401, -27.210443417080622, 1.9031339378207568, 27.832978911501407, -33.43181963388042, -25.374061177123235, -4.5560643577886974, 38.65735566470688, -1.9053776838681935, -14.691364754945107, -4.522500346333308, -25.290742369788063, -27.728718315554435, 4.309815313361129, -14.172881268557294, -18.658291313727254, 14.169826949622554, 9.761540981629226, -11.901196601168802]
[-14.613855574117114, -19.518281487628272, -27.225183914125346, 1.9257573586643217, 27.805047196125294, -33.42811775245235, -25.26057321986056, -4.5393644818694465, 38.60961242633123, -2.0184375962030785, -14.707922473484611, -4.508152453748593, -25.34287687865378, -27.714187161681558, 4.348631942735599, -14.153198436814328, -18.60390816611075, 14.21762874457508, 9.683183251688792, -11.962186518494214]
[-14.652700269700064, -19.49700733777923, -27.230596849764176, 1.9340447980420277, 27.794359210334918, -33.42672789403841, -25.21763578166943, -4.533064020217098, 38.591170228340616, -2.06141037295079, -14.714056124818157, -4.5028922792471855, -25.362641102010585, -27.708406584707877, 4.363199428064558, -14.145830337365016, -18.583418142158884, 14.235951226723692, 9.653443151174104, -11.98532964438715]
[-14.730389660865963, -19.454459038081147, -27.241422721041832, 1.9506196767974395, 27.772983238754165, -33.42394817721052, -25.13176090528717, -4.520463096912399, 38.55428583235938, -2.147355926446213, -14.72632342748525, -4.492371930244369, -25.402169548724196, -27.69684543076052, 4.3923343987224746, -14.131094138466393, -18.542438094255157, 14.272596191020918, 9.593962950144725, -12.03161589617302]
[-14.730389660865963, -19.454459038081147, -27.241422721041832, 1.9506196767974395, 27.772983238754165, -33.42394817721052, -25.13176090528717, -4.520463096912399, 38.55428583235938, -2.147355926446213, -14.72632342748525, -4.492371930244369, -25.402169548724196, -27.69684543076052, 4.3923343987224746, -14.131094138466393, -18.542438094255157, 14.272596191020918, 9.593962950144725, -12.03161589617302]
[-14.882986595628783, -19.3707140957828, -27.261833222667704, 1.981775924536172, 27.7305521938732, -33.41855233199891, -24.963554266590023, -4.495881520639082, 38.48021890898889, -2.3166475709186543, -14.749725309177812, -4.472567900573079, -25.479781361081585, -27.672842791197738, 4.44883600092402, -14.102604584148011, -18.462575287436316, 14.345512183553478, 9.47700811459086, -12.12261848625024]
[-15.014451944192833, -19.298452691460042, -27.27885337830167, 2.007692695275447, 27.69370310608892, -33.41394605450832, -24.818950186663503, -4.4748155283675475, 38.41533916802612, -2.4628115705801115, -14.769428297989753, -4.456074583650671, -25.546625936528294, -27.651308859852637, 4.497034153546755, -14.07836104316021, -18.394188105479095, 14.408950674670706, 9.376167039738023, -12.201076684235174]
[-15.014451944192833, -19.298452691460042, -27.27885337830167, 2.007692695275447, 27.69370310608892, -33.41394605450832, -24.818950186663503, -4.4748155283675475, 38.41533916802612, -2.4628115705801115, -14.769428297989753, -4.456074583650671, -25.546625936528294, -27.651308859852637, 4.497034153546755, -14.07836104316021, -18.394188105479095, 14.408950674670706, 9.376167039738023, -12.201076684235174]
[-15.145917292756884, -19.226191287137283, -27.29587353393563, 2.033609466014722, 27.656854018304635, -33.409339777017735, -24.674346106736984, -4.453749536096013, 38.350459427063356, -2.6089755702415687, -14.789131286801695, -4.439581266728263, -25.613470511975, -27.629774928507537, 4.54523230616949, -14.05411750217241, -18.325800923521875, 14.472389165787932, 9.275325964885187, -12.279534882220108]
[-15.145917292756884, -19.226191287137283, -27.29587353393563, 2.033609466014722, 27.656854018304635, -33.409339777017735, -24.674346106736984, -4.453749536096013, 38.350459427063356, -2.6089755702415687, -14.789131286801695, -4.439581266728263, -25.613470511975, -27.629774928507537, 4.54523230616949, -14.05411750217241, -18.325800923521875, 14.472389165787932, 9.275325964885187, -12.279534882220108]
[-15.366424628424936, -19.104755451388186, -27.323272335269728, 2.075195064401366, 27.594448683939596, -33.40169984650152, -24.432431339968534, -4.41864322693419, 38.23945709262796, -2.854780518381364, -14.82124568067652, -4.413074563105059, -25.725549196234496, -27.591913619816275, 4.625099188467205, -14.014066425568984, -18.211942744189145, 14.580057816753417, 9.106017583030262, -12.411251036212809]
[-15.486944005669129, -19.038127583221364, -27.3369790586179, 2.0958447797141835, 27.559682690825582, -33.39761897800583, -24.30090652152932, -4.39970853166308, 38.17638438891193, -2.989836302128806, -14.83776857619274, -4.399863347614512, -25.7867619391347, -27.569298640386258, 4.667674672662246, -13.992851682358127, -18.15064764511428, 14.640297798254258, 9.013296927699987, -12.483372813041893]
[-15.486944005669129, -19.038127583221364, -27.3369790586179, 2.0958447797141835, 27.559682690825582, -33.39761897800583, -24.30090652152932, -4.39970853166308, 38.17638438891193, -2.989836302128806, -14.83776857619274, -4.399863347614512, -25.7867619391347, -27.569298640386258, 4.667674672662246, -13.992851682358127, -18.15064764511428, 14.640297798254258, 9.013296927699987, -12.483372813041893]
[-15.739619794406666, -18.898856851938888, -27.367784543268044, 2.142529196959949, 27.487867035990117, -33.38890863384752, -24.024023797543453, -4.359598424251823, 38.04806958895646, -3.2718306700800484, -14.874088735136004, -4.370083838936205, -25.915170423765154, -27.525019393797642, 4.758691857325596, -13.947272213221924, -18.02061451574903, 14.764322096093558, 8.81920338225764, -12.63436546036976]
[-15.922918799183714, -18.797695337033492, -27.389488639288896, 2.1753411721152736, 27.435436038244568, -33.38263792639379, -23.823516709253894, -4.330629558676584, 37.953766928935316, -3.4767582966036064, -14.89991450692102, -4.349127990589624, -26.008299461294868, -27.491923290769652, 4.824172868164664, -13.914549908654184, -17.926758340240763, 14.854999745624955, 8.678308320838198, -12.743967124084689]
[-16.168540434519173, -18.661683470211734, -27.416302505893718, 2.2155849364250777, 27.363991766446908, -33.374406200905874, -23.556082283413602, -4.292257599702178, 37.82309367207634, -3.7526340986258395, -14.932675498251395, -4.32333657756232, -26.133014577521813, -27.44413027983633, 4.909987576285882, -13.871913876115563, -17.80266777929402, 14.979004559335529, 8.489177229571421, -12.891063329355587]
[-16.37612571599206, -18.546605535052006, -27.43831696328879, 2.2485338687689667, 27.303270493669416, -33.367498386589276, -23.330418036184227, -4.259953438239206, 37.71142679646023, -3.986151359088922, -14.959836073612202, -4.302193443796602, -26.238394639111124, -27.40275516678866, 4.981961783990834, -13.836226814450843, -17.69827297223122, 15.084518793286575, 8.329239850034178, -13.015444246588693]
[-16.583710997464948, -18.431527599892277, -27.460331420683865, 2.2814828011128556, 27.242549220891924, -33.36059057227267, -23.104753788954852, -4.2276492767762335, 37.59975992084412, -4.219668619552005, -14.986996648973008, -4.281050310030883, -26.343774700700436, -27.361380053740984, 5.053935991695786, -13.800539752786124, -17.59387816516842, 15.190033027237622, 8.169302470496934, -13.1398251638218]
[-17.06725928784951, -18.163364789524593, -27.511106389986857, 2.357404098457147, 27.100839993886552, -33.34453781788888, -22.579370241385533, -4.152498725286105, 37.33868378808876, -4.76390609494121, -15.049852944916529, -4.232310144648414, -26.589229303672248, -27.264233494713757, 5.221162050740814, -13.717680786763594, -17.35107539879825, 15.436373699077636, 7.796671163594603, -13.429607816074803]
[-17.657482754653692, -17.835835258480202, -27.572044354254103, 2.4483698734897983, 26.92732440446834, -33.32502213469504, -21.93865273290446, -4.060972719913838, 37.018040594899944, -5.428789322367261, -15.125731034138937, -4.173865703771886, -26.888797785595614, -27.144079167336276, 5.424396052619356, -13.617097342177896, -17.055476070055676, 15.738201859206102, 7.341682413667928, -13.783423271029154]
[-18.32968662846278, -17.461946138629763, -27.63712167537571, 2.544873867636909, 26.72744706671707, -33.30312174055153, -21.211315775233622, -3.9575845523514603, 36.64465389354183, -6.188446126019905, -15.208631527722604, -4.111666124935183, -27.22982636859911, -27.00067329755916, 5.652180798036743, -13.504852613596896, -16.722014677743296, 16.08670962271672, 6.822866336736565, -14.18681961842981]
[-19.565371735718305, -16.775862509471587, -27.762845932490727, 2.7322750944262046, 26.36320688528849, -33.26240377254876, -19.87093533129672, -3.766331334698667, 35.969839024309834, -7.581477310776331, -15.36598063835995, -3.9911787048396894, -27.856935600193637, -26.746304966759155, 6.076091698441552, -13.295262841946691, -16.104522062969295, 16.72065364060004, 5.870036585121667, -14.927750788171442]
[-22.02144445492845, -15.40847211538674, -27.994195590364622, 3.074331347137617, 25.62954408358525, -33.18286914905093, -17.21694788844551, -3.389840684610362, 34.59337673229693, -10.360683193300604, -15.66365317817576, -3.7703989832565044, -29.102750911877887, -26.212581956062195, 6.902897556248943, -12.888579094436988, -14.890882495393917, 18.001086454475132, 3.973469238901406, -16.402315232573507]
end_values
[   86034.68490317 10101117.35931965]
[   85824.99925213 10101120.81677316]
[   85824.99925213 10101120.81677316]
[   85546.05603326 10101145.45821671]
[   85204.78416075 10101191.56115744]
[   84948.35334378 10101235.64421957]
[   84694.92546798 10101290.35856742]
[   83412.94950788 10101592.55820829]
[   83412.94950788 10101592.55820829]
[   82435.88724842 10102001.49776038]
[   82066.67854888 10102164.4914941 ]
[   81267.64244547 10102575.24516167]
[   81267.64244547 10102575.24516167]
[   79907.44047297 10103504.42482554]
[   78617.78641235 10104519.00151592]
[   78617.78641235 10104519.00151592]
[   77359.78672548 10105858.51485134]
[   77359.78672548 10105858.51485134]
[   75428.11119933 10108560.09498466]
[   74314.58849382 10110121.37203409]
[   74314.58849382 10110121.37203409]
[   72104.46109182 10114781.17333124]
[   70549.83950464 10118762.04128758]
[   68514.4833529  10124551.76681031]
[   66876.83243242 10130183.27422534]
[   65300.25251878 10136633.73417611]
[   61984.68828359 10154712.68032077]
[   58396.03022673 10182564.51401389]
[   54860.14746644 10221387.96489688]
[   50281.05761448 10312519.63491331]
[   47195.28923716 10559216.18571687]
