values
[29780.765284236928, 185313914.66826588]
[36850.19373758905, 2568265.7888357085]
[38273.37674682792, 755225.8937455121]
[39626.00673696912, 490554.6626720924]
[42773.935829813796, 363111.0577494425]
[47604.49744907884, 341348.8010865449]
[47637.80304820873, 340828.5391591155]
values
[29780.765284236928, 185313914.66826588]
[36850.19373758905, 2568265.7888357085]
[37005.043576573786, 717529.4979020916]
[37025.15627968732, 694473.659658997]
[37301.84893739677, 628286.3885573702]
[37453.3398487658, 614242.5566448333]
[37692.941467391924, 600578.1004639424]
[38327.644565173265, 505581.03291383607]
[38668.27738065738, 471566.27618783]
[39150.79893653485, 434393.7678615902]
[39251.25716320352, 427116.70067841205]
[39376.756158006916, 422022.4502870997]
[39664.29631970687, 408335.4253386907]
[40198.45128488386, 401390.7790209046]
[40397.93818287135, 388896.2598494964]
[40442.427245865736, 386916.1387244141]
[41291.84079824942, 369971.4313124307]
[41741.664648394566, 364689.7273174171]
[41954.2589209616, 358748.227383692]
[42157.06037477368, 355431.27765338804]
[42358.68056833696, 353963.5203938008]
[42455.92420633046, 351170.79624732566]
[42520.066173010324, 350696.10343783407]
[42566.41771017328, 346953.66675841046]
[43110.070737344264, 345946.3721727331]
[43122.361595776514, 345776.70925305824]
[43174.825376980036, 344005.4566233404]
[43270.546087080875, 343732.0990079803]
[43414.626776873636, 342152.1845202266]
[43477.21961847316, 341853.00212046516]
[43632.06652897056, 341021.00089468004]
[43788.29873571474, 340024.19330710353]
[43977.01264534902, 338690.1001463752]
[44144.774574469215, 337866.03878306237]
[44280.0163047589, 337517.4727861028]
[44301.30592731081, 337328.62932217447]
[44455.75484839374, 336791.9432850216]
[44499.587783349925, 336535.92920475337]
[44547.228514628536, 336457.0264176194]
[44595.108390573405, 336261.59587483533]
[44600.242374606554, 336231.17948098184]
[44650.94808604413, 336055.2174366408]
[44680.0370486721, 335729.7323136692]
[44804.49610843116, 335491.89027714945]
[44866.49646545887, 335440.8201507784]
[44903.025475307324, 335322.8444976393]
[44930.14191265334, 335277.9062754884]
[44971.98740882016, 335094.7694358556]
[45129.980977573476, 335004.96265702153]
[45231.122829284, 334976.8199419964]
[45237.531535077804, 334876.5095644414]
values
[29780.765284236928, 185313914.66826588]
[36850.19373758905, 2568265.7888357085]
[36929.291019044445, 736305.811581085]
[36974.534170867235, 725098.9282078415]
[36976.239856646556, 704328.9083325915]
[36993.44602417413, 688643.0089347378]
[37032.35047574887, 685405.5412450931]
[37161.38868676864, 649055.178415658]
[37280.29390210419, 624888.2920968967]
[37313.752297511914, 617057.7891112724]
[37333.06614903333, 608345.4661899039]
[37392.327735375526, 591652.6643535257]
[37645.95538584479, 556489.1221017018]
[37791.668663701785, 539675.9425160207]
[37897.91705905894, 530142.8188214762]
[37903.654645001705, 529106.6715120453]
[37922.7876209661, 527012.9207935175]
[37953.42561389747, 523130.751729095]
[38026.26410587196, 512039.1442468341]
[38203.797672720975, 496178.74742251955]
[38556.648183695834, 469945.9513912872]
[38640.148447821404, 455045.21709727455]
[38789.662516991295, 454351.63361397665]
[39150.79893653485, 434393.7678615902]
[39251.25716320352, 427116.70067841205]
[39376.187210750686, 421384.0372093363]
[39468.818347177905, 413711.0074574555]
[39664.29631970687, 408335.4253386907]
[39928.02860482962, 396550.55841762613]
[39956.788781384734, 394675.2030443692]
[40091.383345967304, 391639.6829573888]
[40092.08886879843, 391129.6428748265]
[40160.20012640924, 390020.5291453288]
[40293.77984266182, 386859.68786807306]
[40375.927874806046, 383655.33308321243]
[40448.695906677, 380674.8204027422]
[40592.10024910752, 378719.53722790646]
[40746.22593828844, 374193.6030295322]
[40846.57477832214, 370263.65637346386]
[40901.941891452436, 369360.53490092274]
[41050.7128803653, 368788.1383841357]
[41109.82824996132, 366901.9572504214]
[41153.119532035314, 365679.9710323964]
[41220.784610898256, 363900.4857657778]
[41418.642683119746, 361389.2648683804]
[41472.57060925875, 361263.9395849417]
[41487.99871500454, 358115.25599219336]
[41543.10540266046, 358021.8137299148]
[41682.538511616905, 356665.00581981626]
[41710.749490844086, 356488.3848872964]
[41781.69715797988, 356219.34001313604]
[41797.90425970916, 355143.8017600099]
[41887.375936686774, 353687.15258041676]
[41998.4043656771, 352777.3673093238]
[42084.59068179236, 352185.3596764538]
[42166.90800412036, 351145.44108480104]
[42180.71504384633, 350636.9634561008]
[42207.96192980255, 348909.0007678943]
[42326.15462959589, 347914.424890949]
[42337.15095950604, 347679.32670276496]
[42400.418967707046, 347581.385049493]
[42507.40922567731, 347183.01080874505]
[42524.444745162706, 346889.9178813978]
[42528.17460367853, 346549.48960726446]
[42544.007387451515, 345928.16861810884]
[42632.86297210364, 344258.98720562627]
[42741.27280081909, 344050.9476230215]
[42784.975225842514, 343549.49790482875]
[42851.11740757321, 343124.207487226]
[42980.523599254535, 341587.1234105304]
[43109.13524617796, 340772.9765467987]
[43223.97360047815, 339963.6063133317]
[43338.9772926201, 339163.5943127536]
[43413.06012678533, 338861.5140185284]
[43534.391116082785, 338207.63139463257]
[43604.938081280416, 337841.26056947996]
[43656.598983918906, 337682.0049096915]
[43762.74212834834, 337214.32718508714]
[43789.07395013996, 336943.68407018564]
[43843.25577843488, 336584.45341916976]
[43923.02385601784, 336343.4268964661]
[43964.14363186818, 336053.7619094674]
[43988.195013631426, 335983.3635067199]
[44058.4487015525, 335718.17324276216]
[44086.18415520552, 335559.9060288532]
[44102.10980531795, 335043.18412348087]
[44218.11567754227, 334996.4354986477]
[44330.12271337307, 334795.434255716]
[44453.79796322635, 334621.62264779455]
[44483.99681792605, 334598.2881225858]
[44537.974921742876, 334540.9687039623]
[44585.814876125485, 334327.15478329523]
[44662.16313134547, 334170.4705279444]
[44816.05269391271, 334068.33242440794]
values
[29780.765284236928, 185313914.66826588]
[36850.19373758905, 2568265.7888357085]
[36924.88088644948, 753426.4580742108]
[36925.35677109243, 742535.3284050893]
[36929.291019044445, 736305.811581085]
[36937.30390883425, 721978.9664262697]
[36947.21717760428, 710110.1331702765]
[36961.672502831425, 706315.4421407805]
[36976.239856646556, 704328.9083325915]
[36976.75086484471, 694281.3301935206]
[36993.44602417413, 688643.0089347378]
[37032.35047574887, 685405.5412450931]
[37104.828611176286, 647676.861724736]
[37238.79972522252, 633777.8694749908]
[37280.29390210419, 624888.2920968967]
[37313.752297511914, 617057.7891112724]
[37333.06614903333, 608345.4661899039]
[37380.41775343631, 602221.7484565591]
[37392.327735375526, 591652.6643535257]
[37468.00949605105, 585551.1789431125]
[37645.95538584479, 556489.1221017018]
[37791.668663701785, 539675.9425160207]
[37795.4590304328, 537706.2285554282]
[37897.91705905894, 530142.8188214762]
[37903.654645001705, 529106.6715120453]
[37907.408157468315, 523578.6201219137]
[37953.42561389747, 523130.751729095]
[38026.26410587196, 512039.1442468341]
[38037.00348026767, 508631.8039497125]
[38046.202678601774, 507705.1902778203]
[38175.29316007443, 494116.9538358924]
[38237.49036111381, 488138.375439208]
[38322.27719688859, 480173.464628569]
[38373.70986173742, 475663.0866237381]
[38477.95559071012, 466799.52959239465]
[38544.094681513285, 461488.2797887595]
[38640.148447821404, 455045.21709727455]
[38646.29524573663, 454396.0556787707]
[38689.71043153738, 450780.52369269077]
[39150.79893653485, 434393.7678615902]
[39251.25716320352, 427116.70067841205]
[39303.01009818352, 421503.72496226453]
[39376.187210750686, 421384.0372093363]
[39396.314183445706, 417060.34776660224]
[39468.818347177905, 413711.0074574555]
[39601.70125263125, 407817.7656507155]
[39621.70286003757, 407397.9860153544]
[39844.65957953636, 398699.4793117797]
[39918.6991746038, 396079.9057820021]
[39956.788781384734, 394675.2030443692]
[40042.115732144026, 392052.7207140549]
[40046.97434254687, 391830.50302424474]
[40091.383345967304, 391639.6829573888]
[40092.08886879843, 391129.6428748265]
[40160.20012640924, 390020.5291453288]
[40273.51023957848, 385005.4135740009]
[40295.3423872571, 384626.13867788756]
[40375.927874806046, 383655.33308321243]
[40448.695906677, 380674.8204027422]
[40508.30241336494, 378719.893695607]
[40513.59910402028, 378526.9204672567]
[40584.303429508, 376729.61617125716]
[40625.417068926356, 376014.5082290371]
[40682.42266769517, 374505.5424780549]
[40689.630865570674, 374047.7889689398]
[40758.84289547389, 372774.79856408376]
[40782.93038908658, 372274.5065674753]
[40846.57477832214, 370263.65637346386]
[40896.14823697505, 369644.2319816506]
[40901.941891452436, 369360.53490092274]
[40999.50525626361, 367221.20244293695]
[41023.12041585742, 366908.481286265]
[41046.783103808346, 366630.6617567768]
[41101.477522826266, 365434.09824339853]
[41220.784610898256, 363900.4857657778]
[41232.37938432762, 363043.35542877426]
[41289.216718548145, 361532.3255319363]
[41367.40998136283, 360197.1866269208]
[41487.16832112504, 358143.69395138277]
[41487.99871500454, 358115.25599219336]
[41541.208077409814, 357129.74323200685]
[41564.00737824625, 356630.12339212076]
[41688.942348099954, 354788.1646201277]
[41700.26460553429, 354682.73086661415]
[41721.52244456484, 354326.9211935573]
[41850.531781468104, 352480.72081431065]
[41892.15523839777, 351945.8128926054]
[42013.83191281841, 350389.30063756875]
[42125.27721220322, 348924.88541060407]
[42165.77572832963, 348508.39504698786]
[42242.39213668415, 347738.7800753558]
[42293.12004361916, 347115.2297234312]
[42366.01581625452, 346324.27179468295]
[42426.18298827834, 345825.99786022666]
[42429.74997197354, 345718.5550442719]
[42443.433620354714, 345532.71525388514]
[42566.77650700629, 344493.45637413213]
[42620.52614436895, 343956.79353768186]
[42678.46145213973, 343553.00687747356]
[42728.46809627211, 343127.9581619615]
[42752.92607530907, 342907.37662444403]
[42761.36584095577, 342855.14871972013]
[42814.17407659482, 342642.45753624954]
[42856.705493433066, 342214.6268797037]
[42872.58354108111, 342090.28447592864]
[42873.75155319043, 342049.1340076521]
[42893.49781305717, 341876.951238527]
[42905.892047762485, 341820.17853491666]
[42980.523599254535, 341587.1234105304]
[43038.67252017025, 340990.9981055368]
[43056.16841479095, 340870.6484367632]
[43071.11288727084, 340644.39138765173]
[43104.99115484799, 340439.64310638426]
[43138.964423041325, 340276.4522806509]
[43163.61493265212, 340193.91523930745]
[43167.02665306771, 340191.9324071358]
[43192.713438617226, 339979.7149228011]
[43210.43679586699, 339864.2289844552]
[43211.95689937483, 339779.56971664925]
[43217.75556584978, 339616.83553941525]
[43267.35680071425, 339424.49880813836]
[43303.708688308005, 339135.8772609457]
[43335.769698136275, 339038.5879052164]
[43337.54378489754, 338956.7209884665]
[43346.38842364741, 338913.87153698603]
[43360.49933339308, 338901.543136771]
[43389.509996481436, 338689.18148964527]
[43389.623256536266, 338636.7956360177]
[43410.64523317685, 338425.85722805705]
[43459.130780749976, 338325.2671720219]
[43471.32793635915, 338285.6029527945]
[43475.593866408715, 338079.21866262937]
[43540.868538368704, 337742.93255974]
[43639.49653422054, 337316.4337392399]
[43660.21853160063, 337182.1040794872]
[43680.59204822034, 337090.0490441072]
[43709.65130027395, 337048.59625944664]
[43716.52829737709, 336893.4074824171]
[43733.56958221651, 336872.7797079239]
[43738.64878661719, 336781.32255247957]
[43793.156931738165, 336320.22304333275]
[43891.181559799865, 336258.3147930844]
[43892.58112143463, 336230.0917744969]
[43912.19771910638, 336187.9122758057]
[43918.823314212255, 335831.2628827824]
[44022.829292224946, 335686.4845466304]
[44037.63906037978, 335652.3386118242]
[44038.62008847612, 334942.19106352073]
[44211.831575215685, 334688.5657375257]
[44313.18037400534, 334462.0421143716]
[44489.1821946275, 334333.27149211033]
[44509.68019737745, 334287.16416426003]
[44579.986354005036, 334151.44938396255]
[44601.07764007262, 334077.79623679136]
[44602.61873344234, 334011.6565063058]
[44645.18722579589, 333889.8023187461]
[44669.69271963769, 333858.5162737065]
[44694.21435970584, 333854.56660448166]
[44694.25583219464, 333849.66937746597]
[44695.25047628481, 333835.286697312]
[44695.33566208264, 333825.54559944756]
[44707.373749148384, 333816.4035145782]
[44709.554634549946, 333776.8298378868]
[44711.30732330802, 333776.4080619798]
[44713.33520355583, 333775.7583925965]
[44714.813189499255, 333775.2808043674]
[44717.116532114065, 333774.258260298]
[44719.00748122534, 333773.3590752754]
[44719.05333374546, 333773.32924142544]
[44719.42015805648, 333773.0884365516]
[44719.78698974548, 333772.8438623602]
[44720.52067525742, 333772.3435457784]
[44721.35719733668, 333772.043300961]
[44723.45571242424, 333770.19858373783]
[44726.39122178161, 333767.8376916488]
[44728.980616709276, 333636.18280028616]
[44760.71254210666, 333614.6748464408]
[44810.13741234943, 333610.7902257677]
[44907.7924792464, 333461.059037052]
end_solutions
[-30.151775352014987, -38.3133939043943, 56.380378188038385, -69.81748740479107, -62.072667568926136, 10.62437403369627, -15.959872618596846, 42.180228253253134, -53.2338836998847, 56.2898669812805, 86.7726999403106, -64.63034992406327, -21.000528822577735, -40.25957098741001, 10.066854761152893, -33.49834393926343, -21.713269161410352, 4.442076194366927, 68.98054366122315, 4.198879468565224]
[-30.151775352014987, -38.3133939043943, 56.380378188038385, -69.81748740479107, -62.072667568926136, 10.62437403369627, -15.959872618596846, 42.180228253253134, -53.2338836998847, 56.2898669812805, 86.7726999403106, -64.63034992406327, -21.000528822577735, -40.25957098741001, 10.066854761152893, -33.49834393926343, -21.713269161410352, 4.442076194366927, 68.98054366122315, 4.198879468565224]
[-30.155392562042223, -38.285668436599295, 56.39336272503784, -69.81784968782483, -62.05294863403516, 10.62481019260721, -15.958319528503926, 42.17109478746882, -53.245087222295766, 56.289692441403, 86.77725783666956, -64.62566025674515, -21.00971379882781, -40.2112795892472, 10.062546126196892, -33.46330406774058, -21.694635323969827, 4.420094627904142, 68.95581106389662, 4.208276664339565]
[-30.138260598513458, -38.3644694719839, 56.360248690412945, -69.81525312642526, -62.0837276236509, 10.62341634059353, -15.970594471583073, 42.174632082415606, -53.220436960853235, 56.292277852206226, 86.76348142931141, -64.61947434491927, -20.984107863538675, -40.351039399158545, 10.092568128942027, -33.55683982433744, -21.741305696274786, 4.482809675983731, 69.01600897764985, 4.179460926831698]
[-30.14997202646458, -38.35775045871964, 56.35740083685366, -69.81781887116335, -62.11890607269699, 10.623765873639716, -15.95778655379823, 42.20787779069279, -53.21177769724952, 56.28893131979402, 86.76588595220055, -64.64919978357122, -20.985543736064926, -40.335372511406135, 10.063411786752953, -33.557922704788204, -21.746738185975538, 4.4771043464652465, 69.02598299664335, 4.185070524142227]
[-30.138260598513458, -38.3644694719839, 56.360248690412945, -69.81525312642526, -62.0837276236509, 10.62341634059353, -15.970594471583073, 42.174632082415606, -53.220436960853235, 56.292277852206226, 86.76348142931141, -64.61947434491927, -20.984107863538675, -40.351039399158545, 10.092568128942027, -33.55683982433744, -21.741305696274786, 4.482809675983731, 69.01600897764985, 4.179460926831698]
[-30.143276934454857, -38.34818315230328, 56.366276203442155, -69.81612723852918, -62.08280797475685, 10.623737623244391, -15.966364514894792, 42.178730077015054, -53.22398255289657, 56.291293514305934, 86.76650572581599, -64.62495582069349, -20.98929241559808, -40.32161450294665, 10.082534772969964, -33.53881210271789, -21.733014847981607, 4.469796434098465, 69.00574208359146, 4.1858702725003205]
[-30.143276934454857, -38.34818315230328, 56.366276203442155, -69.81612723852918, -62.08280797475685, 10.623737623244391, -15.966364514894792, 42.178730077015054, -53.22398255289657, 56.291293514305934, 86.76650572581599, -64.62495582069349, -20.98929241559808, -40.32161450294665, 10.082534772969964, -33.53881210271789, -21.733014847981607, 4.469796434098465, 69.00574208359146, 4.1858702725003205]
[-30.12499221129638, -38.32891337128952, 56.386808016107054, -69.81162232456043, -61.992400236650255, 10.623572730168956, -15.989148993652341, 42.1043140021995, -53.253603698866925, 56.29751511949496, 86.76717813537783, -64.56245315274936, -20.99719278055547, -40.295660153897806, 10.133505021442712, -33.496079295754285, -21.70096708811139, 4.455244877693861, 68.95790036721027, 4.186004878787496]
[-30.109854404067647, -38.31987519693727, 56.40006854246088, -69.80800872208958, -61.925797450123724, 10.623347775784968, -16.007364424455137, 42.047935925927646, -53.27438548632598, 56.30243438967224, 86.76670625705088, -64.51444699529564, -21.00137686711766, -40.285887242276814, 10.17443692008993, -33.47023778312713, -21.67991084327368, 4.448648665768202, 68.92579073367757, 4.184050048540193]
[-30.09100454728517, -38.289757819684105, 56.42677636349953, -69.8031926695098, -61.82037111461531, 10.623309056046567, -16.031813653508017, 41.96346503112408, -53.31046914583357, 56.309191748606, 86.76892434798968, -64.44446847902105, -21.01301544010175, -40.241763343123814, 10.228860017300079, -33.412045587986846, -21.638754197154753, 4.425565710518708, 68.86535370148671, 4.187252392821687]
[-30.109854404067647, -38.31987519693727, 56.40006854246088, -69.80800872208958, -61.925797450123724, 10.623347775784968, -16.007364424455137, 42.047935925927646, -53.27438548632598, 56.30243438967224, 86.76670625705088, -64.51444699529564, -21.00137686711766, -40.285887242276814, 10.17443692008993, -33.47023778312713, -21.67991084327368, 4.448648665768202, 68.92579073367757, 4.184050048540193]
[-30.11474894320667, -38.32001036511829, 56.39728746297298, -69.80913037078994, -61.944008992350035, 10.623456168069755, -16.00173586789071, 42.06405657338773, -53.26917405164974, 56.30093717350705, 86.76727339471992, -64.5284617374843, -21.000973861226576, -40.2843255744067, 10.161712644051205, -33.474749385950105, -21.68451192715603, 4.448584397439243, 68.93315062395499, 4.185514938969205]
[-30.09100454728517, -38.289757819684105, 56.42677636349953, -69.8031926695098, -61.82037111461531, 10.623309056046567, -16.031813653508017, 41.96346503112408, -53.31046914583357, 56.309191748606, 86.76892434798968, -64.44446847902105, -21.01301544010175, -40.241763343123814, 10.228860017300079, -33.412045587986846, -21.638754197154753, 4.425565710518708, 68.86535370148671, 4.187252392821687]
[-30.11474894320667, -38.32001036511829, 56.39728746297298, -69.80913037078994, -61.944008992350035, 10.623456168069755, -16.00173586789071, 42.06405657338773, -53.26917405164974, 56.30093717350705, 86.76727339471992, -64.52846173748429, -21.000973861226576, -40.2843255744067, 10.161712644051207, -33.474749385950105, -21.68451192715603, 4.448584397439243, 68.93315062395499, 4.185514938969204]
[-30.11474894320667, -38.32001036511829, 56.39728746297298, -69.80913037078994, -61.944008992350035, 10.623456168069755, -16.00173586789071, 42.06405657338773, -53.26917405164974, 56.30093717350705, 86.76727339471992, -64.52846173748429, -21.000973861226576, -40.2843255744067, 10.161712644051207, -33.474749385950105, -21.68451192715603, 4.448584397439243, 68.93315062395499, 4.185514938969204]
[-30.100736393289402, -38.54264670443472, 56.284703168599144, -69.8096593799751, -62.157795594566444, 10.620291842557371, -15.99695740658206, 42.18660013269016, -53.163426617426886, 56.2977536687079, 86.73247707235532, -64.60894247199242, -20.92612147350276, -40.6666070045371, 10.157303380148555, -33.76940564932102, -21.847945994760998, 4.624572896281826, 69.15391038970003, 4.114678380743522]
[-30.085849400807167, -38.698037547304196, 56.20894969676455, -69.80886071946841, -62.28817609138845, 10.617968503568953, -15.999481950890294, 42.25541699372467, -53.09498069883321, 56.29708928009975, 86.70757799383067, -64.65056816649637, -20.874250311568094, -40.9352916877115, 10.167476638463627, -33.97055056804997, -21.95732707069164, 4.747583390355542, 69.30046511541194, 4.063667063277979]
[-30.085849400807167, -38.698037547304196, 56.20894969676455, -69.80886071946841, -62.28817609138845, 10.617968503568953, -15.999481950890294, 42.25541699372467, -53.09498069883321, 56.29708928009975, 86.70757799383067, -64.65056816649637, -20.874250311568094, -40.9352916877115, 10.167476638463627, -33.97055056804997, -21.95732707069164, 4.747583390355542, 69.30046511541194, 4.063667063277979]
[-30.15918937717425, -38.248761896016404, 56.41121062413275, -69.81809914281007, -62.0229443496855, 10.625368071328666, -15.957420806168653, 42.15560412152363, -53.26106994740938, 56.2897708408818, 86.7832028962589, -64.61651709376389, -21.022014953858513, -40.147369284911974, 10.059453257814514, -33.41576119281483, -21.668895984156315, 4.390869043398032, 68.92138760298509, 4.22047284096382]
[-30.23821426434523, -37.464742112411614, 56.7903548385547, -69.82321485486825, -61.38203612391838, 10.636910262396615, -15.938919667491723, 41.82295987676761, -53.60100692780419, 56.29166543420591, 86.90911629128175, -64.41939182643861, -21.283167601857883, -38.79050085375846, 9.996239346647737, -32.405534374564084, -21.12139672863735, 3.770162452317005, 68.1887639105889, 4.47820793558901]
[-30.23821426434523, -37.464742112411614, 56.7903548385547, -69.82321485486825, -61.38203612391838, 10.636910262396615, -15.938919667491723, 41.82295987676761, -53.60100692780419, 56.29166543420591, 86.90911629128175, -64.41939182643861, -21.283167601857883, -38.79050085375846, 9.996239346647737, -32.405534374564084, -21.12139672863735, 3.770162452317005, 68.1887639105889, 4.47820793558901]
[-30.23821426434523, -37.464742112411614, 56.7903548385547, -69.82321485486825, -61.38203612391838, 10.636910262396615, -15.938919667491723, 41.82295987676761, -53.60100692780419, 56.29166543420591, 86.90911629128175, -64.41939182643861, -21.283167601857883, -38.79050085375846, 9.996239346647737, -32.405534374564084, -21.12139672863735, 3.770162452317005, 68.1887639105889, 4.47820793558901]
[-30.279458648104004, -36.935131807691, 57.053718417352, -69.82379858838132, -60.90289158532922, 10.644607366551181, -15.941100196980031, 41.55750836193351, -53.84413448265752, 56.29682015411022, 86.99281825998753, -64.25066081810454, -21.460666217859714, -37.878244110515205, 9.98607011090676, -31.711734599392088, -20.73995962744266, 3.351184021420816, 67.6753726027383, 4.649082302560411]
[-30.32070303186278, -36.40552150297039, 57.3170819961493, -69.82438232189438, -60.42374704674006, 10.652304470705749, -15.94328072646834, 41.2920568470994, -54.087262037510854, 56.30197487401454, 87.07652022869331, -64.08192980977044, -21.638164833861545, -36.96598736727195, 9.975900875165781, -31.01793482422009, -20.358522526247967, 2.9322055905246267, 67.16198129488771, 4.819956669531813]
[-30.32070303186278, -36.40552150297039, 57.3170819961493, -69.82438232189438, -60.42374704674006, 10.652304470705749, -15.94328072646834, 41.2920568470994, -54.087262037510854, 56.30197487401454, 87.07652022869331, -64.08192980977044, -21.638164833861545, -36.96598736727195, 9.975900875165781, -31.01793482422009, -20.358522526247967, 2.9322055905246267, 67.16198129488771, 4.819956669531813]
[-30.408792015003463, -35.22039684395203, 57.908652835268725, -69.82474629592065, -59.33629832675139, 10.669406454103385, -15.952854773471774, 40.684466701408326, -54.63559780767064, 56.314765018975585, 87.26329943087686, -63.6925566500892, -22.035636918730688, -34.92616253292653, 9.963878033273767, -29.46180347074762, -19.501188833834316, 1.9948000867286613, 66.00706024921018, 5.200948002984478]
[-30.50896890062212, -33.58171378604614, 58.73905741511646, -69.82017779446684, -57.75158318017391, 10.692683332374173, -15.99156992664445, 39.77263112320795, -55.417180738546634, 56.339155487502666, 87.51907084781658, -63.09160384822891, -22.586883469242252, -32.113488487639785, 10.004238872432136, -27.290333693642253, -18.295462251978954, 0.6994600701861227, 64.37771434488208, 5.7215277549555745]
[-30.584211803139297, -31.79660615325541, 59.660241040110066, -69.8079542008648, -55.90636291261897, 10.716670564859466, -16.069557683156397, 38.672702115595584, -56.3010293981807, 56.37546775729311, 87.79317531198214, -62.344731360556636, -23.18929460007588, -29.062364824765112, 10.132001529773977, -24.897845535934895, -16.952806465726773, -0.7104284518144328, 62.55537500751949, 6.276188372309372]
[-30.759631591275127, -28.372815462558794, 61.411829244951406, -69.79116210580895, -52.476427498486544, 10.763934675615548, -16.186260592841016, 36.66093752978285, -57.96646098869077, 56.43617049561064, 88.32305119308742, -60.99690607102408, -24.34295228142107, -23.19856711660369, 10.300125026274188, -20.33388760112217, -14.40442409761923, -3.4156569903575273, 59.10368976582879, 7.351428741634267]
[-31.35558981089393, -10.839154401403519, 70.6518547573086, -69.65494502862683, -33.580572766606565, 11.065005183042476, -17.271735196039884, 25.208996661140763, -66.93360384095232, 56.91024675724365, 91.00749019818636, -53.120562634660246, -30.399855330542724, 6.751887426570903, 12.179506210974777, 3.340257287344352, -1.015108015057434, -17.426213318314097, 40.88036569120618, 12.875334612714644]
end_values
[ 44744.75300005 333704.88105717]
[ 44744.75300005 333704.88105717]
[ 44731.77501684 333741.59293069]
[ 44760.71254211 333614.67484644]
[ 44770.18802698 333652.63421059]
[ 44760.71254211 333614.67484644]
[ 44756.44267708 333644.1001658 ]
[ 44756.44267708 333644.1001658 ]
[ 44723.20399377 333625.21748613]
[ 44700.01236233 333599.19639658]
[ 44659.5102496  333561.63462636]
[ 44700.01236233 333599.19639658]
[ 44705.78080766 333611.98368284]
[ 44659.5102496  333561.63462636]
[ 44705.78080766 333611.98368284]
[ 44705.78080766 333611.98368284]
[ 44827.92592212 333600.08609215]
[ 44907.79247925 333461.05903705]
[ 44907.79247925 333461.05903705]
[ 44713.33520356 333775.7583926 ]
[ 44326.22982998 334489.18391824]
[ 44326.22982998 334489.18391824]
[ 44326.22982998 334489.18391824]
[ 44056.98812468 335285.55446384]
[ 43793.15693174 336320.22304333]
[ 43793.15693174 336320.22304333]
[ 43217.75556585 339616.83553942]
[ 42443.43362035 345532.71525389]
[ 41626.65337473 355526.27845967]
[ 40273.51023958 385005.413574  ]
[ 36924.88088645 753426.45807421]
