values
[21631.781158709466, 8647701.583955405]
[62549.94883007468, 8344227.587973725]
[145484.385069695, 8051030.772750122]
[368633.51131325465, 7783528.968408111]
[630622.2663158847, 7721527.117356737]
[778169.0741849283, 7374940.827940075]
[1087113.293861928, 6688497.086292138]
[1090697.2146265188, 6662145.475934068]
[1325905.8185297353, 6254181.21643498]
[1484882.9952227094, 6147769.307582945]
[1827900.3693254024, 5955024.922508351]
[3029188.6747738332, 5533076.213099882]
[4827471.40153251, 5446243.687195314]
[5120956.32350319, 5412202.98667164]
[5132083.346379455, 5303532.829325537]
[5276928.313495286, 5203083.949569753]
[5425592.190261651, 5142477.934085256]
values
[17230.023709269997, 8862779.801188797]
[21304.184660920077, 8684028.550226098]
[21492.684891253295, 8665756.136713814]
[21497.826731682104, 8656140.087738935]
[21631.781158709466, 8647701.583955405]
[21731.425086893534, 8636982.565943042]
[22364.713787451736, 8623267.351554122]
[23541.260265831144, 8599505.054135121]
[24549.23091540771, 8588839.705871169]
[24583.36995340636, 8585321.900258537]
[26328.925476905417, 8568231.51952214]
[26555.00125290279, 8566751.472029345]
[26650.177611655727, 8562052.87966844]
[28250.800096467658, 8554671.803398822]
[28371.973369348503, 8551206.004123943]
[28499.278048695527, 8547771.846717304]
[29809.458995825687, 8547401.629641814]
[30045.565740062557, 8544659.771157334]
[30196.601699462415, 8536952.241255099]
[30435.906815548824, 8534245.361865692]
[30537.74618656861, 8531686.251219638]
[32139.77464216181, 8517349.628196163]
[32194.054269689954, 8515654.561811235]
[33274.94445997085, 8497162.636785734]
[33831.11514080005, 8492804.822222725]
[34263.584152635995, 8450648.615935866]
[35326.17842080114, 8449764.194455046]
[35551.56646068966, 8447139.322730262]
[38101.161433916226, 8430595.622859588]
[38269.78770312976, 8428981.65278349]
[42808.117464281735, 8416938.804426426]
[47524.68330246597, 8403358.003205936]
[48387.32467978766, 8379648.64344241]
[55685.862003199196, 8375321.918773389]
[57541.368678480474, 8367631.483316616]
[58541.116930773394, 8361963.150931719]
[59047.53109634571, 8359425.934561738]
[59521.33756239304, 8356893.541010246]
[62041.79515658778, 8335412.8970120745]
[62945.18503437478, 8330409.097638031]
[63079.54709557092, 8295139.937453838]
[65364.574258760935, 8293555.654769058]
[66779.50982291784, 8283652.576485995]
[67214.0104449685, 8281188.845331618]
[67682.40716395769, 8278729.926642161]
[68722.7644138157, 8273826.519838387]
[71221.65045061395, 8264077.375014987]
[76947.80912066068, 8218551.666606609]
[94167.05192686901, 8214380.112912237]
[99756.34785162541, 8201785.170362315]
[100623.75930539398, 8187110.133664638]
[100716.68014527413, 8176547.695320492]
[109147.7527640642, 8173607.540068778]
[110334.83680383832, 8139695.707862461]
[114315.46054636045, 8091802.443882242]
[119605.56650505475, 8083210.39822675]
[120059.9817931553, 8080850.444856333]
[134347.75884135082, 8016313.136395653]
[150205.40845811722, 8000319.031104768]
[167354.35179806233, 7925575.564011901]
[179528.91959228695, 7894231.370548637]
[179528.91959228742, 7894231.370548636]
[205026.75642841295, 7840825.330924803]
[211243.24935538234, 7803311.690631941]
[220409.2209191426, 7774689.870316555]
[244051.3921689924, 7712491.893461183]
[257581.21842614244, 7711794.965587013]
[278810.4407284379, 7698290.448045776]
[280849.51355907874, 7653221.648156255]
[288295.10468819167, 7624728.344626782]
[290948.288533468, 7624571.755366346]
[305524.7072083549, 7567784.614850805]
[310911.9232561147, 7537919.694239402]
[313765.0908201401, 7520798.443594441]
[334563.75555125327, 7513094.338105064]
[341490.2961773814, 7456783.415812823]
[355249.04456898087, 7427766.811002476]
[364722.37590965943, 7402919.114107647]
[368316.7304157148, 7398644.690778412]
[383340.94731903943, 7369761.068914301]
[394604.2049845906, 7369375.226433338]
[425910.340923412, 7347704.680945818]
[444000.22486209765, 7310314.991113947]
[447329.1471046608, 7308271.303083904]
[451495.9650722392, 7305002.630508789]
[460582.5129060587, 7302417.621600271]
[463413.19441564276, 7286654.8890763]
[518580.6359463801, 7257670.185400676]
[547304.9007244123, 7208148.096460092]
[558271.0660377161, 7149058.83091434]
[561302.3697422529, 7143857.094548007]
[565957.9862857847, 7089116.4757865695]
[574949.8461879503, 7057408.146647092]
[579426.926467215, 7026001.036224569]
[593660.3460988764, 6964093.464998764]
[601186.2110602983, 6948805.729517775]
[602198.9995565498, 6947295.096850224]
[605783.4585132609, 6941190.193005432]
[610973.4459146317, 6933593.517965944]
[616776.8253405123, 6926015.681640224]
[623208.8884968114, 6918456.659857413]
[637993.585630119, 6903394.963106418]
[727117.5371103738, 6831470.306316395]
[765199.2856207568, 6777662.692997293]
[836301.8790857358, 6732137.021249201]
[841172.9210117777, 6707370.573959117]
[861743.4256528466, 6695796.531869954]
[867496.4767405912, 6692962.295840902]
[886477.1465043201, 6682541.581535474]
[892504.2555015293, 6678365.486236729]
[897397.9723591484, 6654516.403952099]
[924969.8385163317, 6648998.313754061]
[949355.5729292037, 6626736.179352096]
[954751.034005526, 6622382.8141064625]
[967485.4456100111, 6618788.710444763]
[973042.9138713722, 6615340.923578989]
[982304.9951008966, 6604405.375146163]
[990556.4915255234, 6600479.54200825]
[1006643.7121221242, 6585920.868213811]
[1026973.5596436515, 6564720.786283773]
[1081549.7422801529, 6463552.499568462]
[1082820.233794995, 6427099.278449946]
[1085014.6421839793, 6417759.587196994]
[1087010.5860727837, 6407672.847666365]
[1094079.0061459704, 6406526.132474257]
[1102570.8254005776, 6369260.372741035]
[1111462.5691811705, 6350845.183127633]
[1115602.042731824, 6329818.603490659]
[1126729.6478543442, 6316419.829601049]
[1134373.2037528434, 6306819.642612128]
[1144581.116520771, 6301931.739706438]
[1154948.7869628912, 6299575.960549412]
[1158601.8617974713, 6282361.840915889]
[1166734.3529336564, 6280154.360201048]
[1173674.0635749756, 6269215.428390166]
[1179144.6545194031, 6263888.935112287]
[1190584.1377140577, 6256167.191974665]
[1194812.298398221, 6255062.432799245]
[1202372.9878663733, 6247319.184185322]
[1227331.0488514432, 6245001.8422057675]
[1228375.0894548844, 6229786.667008028]
[1242832.0281531927, 6222114.331051288]
[1257603.8498647835, 6212601.765050371]
[1268173.2871203497, 6206808.908809163]
[1284494.0218901897, 6199001.523172766]
[1289882.1559166275, 6195374.570392997]
[1315784.383216963, 6188100.608584061]
[1348655.3698887904, 6175578.625530772]
[1362031.3310365432, 6164855.600217343]
[1362410.866803782, 6162945.694752247]
[1362723.9923816042, 6162046.731786148]
[1381783.2929867723, 6156941.49238239]
[1381937.4079600333, 6154827.360448526]
[1396590.8748313317, 6151393.559446095]
[1444367.96822915, 6129140.890566115]
[1490759.7042121547, 6125229.905667255]
[1585039.1540674183, 6053306.678094013]
[1598777.0475082928, 6047028.479722134]
[1698913.705812594, 6015006.059715211]
[1702494.6038421365, 6012469.609243481]
[1709350.849704809, 6005768.3772243075]
[1795198.189762536, 6001119.806450758]
[1798434.693703372, 5999405.865267023]
[1803319.5145288527, 5974230.313453849]
[1827900.3693254024, 5955024.922508351]
[1904596.342318473, 5947401.36386495]
[1967739.873526418, 5914574.064001216]
[2026325.1087557483, 5901473.894895278]
[2108166.721232136, 5777353.571323142]
[2237139.0662632044, 5731596.643619992]
[2560504.7053348874, 5690417.850583684]
[2771528.5563222487, 5679282.145420793]
[2864920.2082627304, 5621513.085878499]
[2925744.8485982507, 5604272.22444498]
[2961871.5662582563, 5569695.406181322]
[3029188.6747738332, 5533076.213099882]
[3303158.6416633143, 5519247.693248931]
[3408845.314151447, 5459064.6738632815]
[3756344.0668522003, 5393017.425660744]
[3903480.086945184, 5355646.439713971]
[3960875.036877332, 5351703.573093692]
[4184717.2935538935, 5331347.978968152]
[4449714.56072358, 5310675.626768228]
[4811022.192200463, 5265478.306301862]
[4842397.590105399, 5235984.992393841]
[4958519.924425897, 5216112.554884047]
[5101640.506809936, 5194804.870374919]
[5128718.314165615, 5172313.643808566]
[5247583.300768593, 5130835.927562656]
[5333442.836308103, 5120300.756250424]
[5339186.958228423, 5091690.482115892]
[5496825.905564309, 5082003.08593266]
[5676272.016900685, 5029869.900876836]
[6595549.514778399, 4942666.6938834]
[6798193.425096032, 4941135.429273404]
[6971626.850390462, 4940972.075984428]
[7221677.077587176, 4903917.104206279]
[7907642.88595991, 4868991.593300757]
[8901566.236642487, 4848379.62424204]
[9422783.769705024, 4816599.929254062]
[9585282.51836735, 4795613.954592547]
[9647725.25006223, 4786174.756111774]
[9732130.109537862, 4785479.26639428]
[9859771.189502308, 4761942.052854449]
[9937484.348687233, 4749146.737358618]
[10077336.483670266, 4743432.119418725]
[10308348.04697787, 4734850.47600852]
[10466117.55697703, 4731984.895186595]
[10661318.892969474, 4730156.8507700525]
[11167920.018968703, 4729615.414974997]
values
[17230.023709269997, 8862779.801188797]
[20669.845301028352, 8706025.88002726]
[21234.91513673309, 8666148.17890192]
[21347.722612811016, 8664661.52698387]
[21370.430526321623, 8660730.690669002]
[21409.382000537564, 8660197.314542154]
[21434.879136411517, 8652876.63945207]
[21569.258406803874, 8644135.842359575]
[21634.780089140135, 8640245.952011837]
[21731.425086893534, 8636982.565943042]
[21904.70936285863, 8629158.602965768]
[21968.110229090416, 8627729.854924828]
[22115.198553958027, 8622057.978264928]
[22267.208644595277, 8616396.433610287]
[22551.98796875079, 8613335.997366345]
[22643.284933611016, 8609487.928320264]
[22860.205161255097, 8605542.07936308]
[23029.02504060505, 8601648.920268916]
[23069.511444534117, 8600064.662436204]
[23317.789361706993, 8595336.418906372]
[23938.676718509807, 8587940.202356126]
[24412.148992921746, 8582026.944236265]
[24509.615828491318, 8578155.810588617]
[25268.622474072054, 8571761.195258083]
[25520.838120260363, 8571206.708048189]
[25528.146863772225, 8566114.812938625]
[25791.103339290996, 8560478.74749533]
[27245.342471047974, 8550889.341818638]
[27731.052847257437, 8546638.31768823]
[28137.604658095264, 8539646.702551384]
[28692.66914202824, 8539192.964648329]
[29178.54375622557, 8535300.60181917]
[29181.842716195006, 8529909.428592473]
[29845.941816384988, 8527606.81950237]
[30131.53801095325, 8519595.284920922]
[31057.248533833925, 8513286.82249994]
[31472.407377989854, 8512624.704815928]
[31777.02087826412, 8502496.921582732]
[32493.624263719343, 8496772.020675]
[32580.415714072224, 8494019.480904019]
[32668.197214812262, 8493636.515697727]
[32693.160944775136, 8491716.572999742]
[32753.756480714932, 8490541.488825211]
[33103.05434335822, 8480959.775152257]
[33413.115897664546, 8475822.536442399]
[33538.64453761438, 8464633.636323256]
[33732.13199514368, 8463669.128990421]
[34029.942343017276, 8453958.4415689]
[34146.21310107097, 8444209.710395768]
[34205.07035718731, 8433588.087825917]
[35331.44570821158, 8428030.645965807]
[35895.568711545064, 8421150.487888532]
[35971.19733218457, 8420375.044889979]
[36225.2816781429, 8417713.215316206]
[36744.899693572304, 8406570.385756725]
[39137.10420045029, 8401421.26886247]
[39650.864632368735, 8392932.525648896]
[39941.414499080696, 8391388.410418337]
[40554.882741182664, 8385406.6328040045]
[48387.32467978766, 8379648.64344241]
[51762.744393899484, 8350029.966091914]
[55352.41904357621, 8341365.572177478]
[56809.52488126775, 8334583.335420764]
[58285.78596690136, 8328388.5070816735]
[58923.6862314489, 8323340.4264378585]
[59214.02219835962, 8322929.95503158]
[59364.64605724699, 8320930.050583008]
[59401.351803015204, 8320277.623315664]
[60289.194865877456, 8312847.2521041725]
[60949.16170456371, 8304505.732113884]
[61533.68425662428, 8303013.647423994]
[61570.50754924706, 8302632.838060489]
[61637.54017247801, 8296659.47148627]
[62238.73486514146, 8291505.660885849]
[62816.7238855095, 8278249.3777099615]
[63112.60942811193, 8270443.101680317]
[63837.63231466663, 8268977.862666437]
[65653.13368310759, 8244882.575792554]
[65847.86415597446, 8242056.784838834]
[66914.17727627124, 8236456.331177347]
[67648.20971000855, 8227393.463020588]
[68568.6285289955, 8222027.836967553]
[68979.40925306865, 8201049.96193738]
[73027.37308581354, 8199261.39814833]
[73611.37299804368, 8196687.76108531]
[75462.92770554486, 8188973.72017068]
[78883.46927011244, 8176583.279745599]
[93162.59448910499, 8154131.359430833]
[93790.9922630741, 8150476.697780012]
[96280.04216343838, 8121306.422487777]
[102336.19824763341, 8109548.261014427]
[106885.13746969945, 8108672.4921541875]
[108040.4842431199, 8103591.70120203]
[108584.6921375605, 8100883.488902891]
[109158.24443332915, 8098251.962603793]
[109514.26656943458, 8096473.32833199]
[109951.05871713845, 8093289.0788801685]
[110798.2767038604, 8088231.874883068]
[110848.5316937716, 8087369.301147951]
[112357.2267534766, 8078131.236819513]
[114934.30734031831, 8059888.362652788]
[115436.01356968321, 8055045.460448883]
[116985.43777143178, 8042927.443090285]
[118468.81106694949, 8032541.334302446]
[119014.11001807883, 8026870.988874559]
[122451.86865732087, 8002874.311460046]
[136782.75635313636, 7966908.444146408]
[139865.23361511593, 7955994.27036189]
[146425.58519782012, 7934232.5303629665]
[149100.5702794342, 7929271.135963311]
[155583.1577206525, 7918277.698681321]
[161838.34735521427, 7885593.004164022]
[164696.5758991372, 7881722.662672178]
[166807.54089602217, 7869479.486918858]
[176172.9175761244, 7837401.606951105]
[186121.27376564988, 7833949.498542699]
[193917.92243484364, 7825643.0818448225]
[195065.93289617417, 7811587.660448445]
[200829.09510137723, 7778653.591724005]
[201675.09903779216, 7774925.458203782]
[205164.87857212918, 7763898.998275317]
[219406.14663761866, 7762467.273492558]
[221630.5474869045, 7731024.048628589]
[228129.5222782944, 7701669.9084136365]
[238498.29091547223, 7685344.222086065]
[247241.8707306551, 7683884.731922844]
[249195.94806140198, 7678883.051106479]
[249720.7308437843, 7669106.621781349]
[250877.2147794985, 7664251.68717381]
[268350.96631640906, 7631027.042970439]
[268444.87372293964, 7630640.7935034195]
[272289.9017596847, 7614696.8923725905]
[274989.31003336364, 7603247.328640848]
[275927.3082698341, 7599206.448076943]
[277613.2074020229, 7591860.136144803]
[281007.58248703193, 7588011.203431339]
[289952.41812285926, 7562728.068728114]
[310911.9232561147, 7537919.694239402]
[313765.0908201401, 7520798.443594441]
[315678.549989372, 7489490.9309937125]
[323051.29002028925, 7462125.177252741]
[339842.0851516107, 7421793.041405527]
[344344.2507465166, 7398561.9970131265]
[346327.4463331946, 7390912.020795146]
[349672.0915986004, 7380704.879014478]
[351846.76080689323, 7373123.411457654]
[362886.5103063226, 7359282.394305032]
[365481.5160578236, 7351739.60633531]
[410731.0382375428, 7330301.775607176]
[444000.22486209765, 7310314.991113947]
[447292.21033473284, 7287600.410407832]
[461992.2616161072, 7281289.079654011]
[498934.9486562834, 7232616.449053565]
[508061.24088268215, 7224398.442313163]
[525392.1728056214, 7214136.920061563]
[532968.2802171007, 7212779.365745266]
[536266.6975611575, 7203953.794619036]
[536892.6175569963, 7202267.624324254]
[539360.6148102955, 7201602.326210157]
[539937.5246135762, 7185879.34662264]
[545613.8093699112, 7174186.919998679]
[550327.1245243127, 7171128.242716001]
[550492.5268195211, 7154021.3627922945]
[555366.5667158528, 7150967.073710012]
[555949.1199070797, 7137634.8393083885]
[556510.8825643582, 7135436.826508648]
[560320.0027868883, 7118106.2047695005]
[562834.0091244158, 7114940.602044169]
[564777.4601666719, 7105142.891000463]
[565957.9862857847, 7089116.4757865695]
[569008.7952900945, 7082119.475970349]
[571794.5123127294, 7068310.576151932]
[574099.5485385477, 7054950.697204626]
[579426.926467215, 7026001.036224569]
[587912.7022217861, 6989861.265432008]
[588487.6150238165, 6985676.455729076]
[593660.3460988764, 6964093.464998764]
[601186.2110602983, 6948805.729517775]
[602198.9995565498, 6947295.096850224]
[605783.4585132609, 6941190.193005432]
[607359.1955376115, 6941111.78294534]
[608302.9429807696, 6937389.4991782615]
[610973.4459146317, 6933593.517965944]
[611506.9294877192, 6924633.306377158]
[615563.9694178787, 6916637.633983749]
[621476.4691753808, 6906024.698708095]
[622256.6621690189, 6904701.9320797445]
[624045.8837908249, 6901728.8334015105]
[624652.7229199125, 6900738.762211148]
[628186.639176279, 6899346.32344065]
[629696.5046169055, 6892835.495183263]
[630293.372674413, 6892291.107062775]
[631010.2565079484, 6890864.482777531]
[632682.4638025966, 6887355.970189838]
[634380.7489451291, 6883910.682090068]
[634901.5711249451, 6882893.725838128]
[635906.0999662841, 6880908.652712078]
[636655.8493551668, 6879433.465385849]
[636923.4318611172, 6878926.625649554]
[638996.738468467, 6874971.7095125485]
[639071.8093838933, 6874818.7839236725]
[640995.5727519329, 6871262.616256122]
[643878.4794304431, 6866094.582989865]
[645989.2902029554, 6862411.309147563]
[646501.8554719397, 6861527.947011497]
[647774.0403275517, 6858444.0183274]
[649030.7226699776, 6857279.325822426]
[651635.4465199995, 6853913.812517961]
[651709.563546515, 6852894.913024635]
[652433.1010573109, 6851726.212397141]
[653161.5132211411, 6850558.623225351]
[653527.5494737483, 6849975.2454947485]
[655526.735624064, 6847717.744456192]
[661627.1578799746, 6838755.640423521]
[662673.836524197, 6837358.988537243]
[665531.0641994475, 6833907.586312069]
[665859.2276689705, 6833176.771163251]
[672432.7367493521, 6824847.185075703]
[673593.1956816835, 6824570.20188102]
[684038.0346197962, 6813089.703698319]
[765199.2856207568, 6777662.692997293]
[814196.9805640568, 6758029.873531998]
[836301.8790857358, 6732137.021249201]
[841172.9210117777, 6707370.573959117]
[861743.4256528466, 6695796.531869954]
[867496.4767405912, 6692962.295840902]
[886477.1465043201, 6682541.581535474]
[892504.2555015293, 6678365.486236729]
[897397.9723591484, 6654516.403952099]
[924969.8385163317, 6648998.313754061]
[949355.5729292037, 6626736.179352096]
[954751.034005526, 6622382.8141064625]
[967485.4456100111, 6618788.710444763]
[973042.9138713722, 6615340.923578989]
[982304.9951008966, 6604405.375146163]
[990556.4915255234, 6600479.54200825]
[992481.8079188365, 6598603.693404121]
[999711.2796692412, 6592232.087260012]
[1000761.1417634966, 6591253.177690506]
[1000771.4348957521, 6590635.884618431]
[1006643.7121221242, 6585920.868213811]
[1008349.3924828032, 6580628.956533611]
[1010659.632309126, 6575986.626026989]
[1013008.7546501532, 6573422.48801649]
[1013853.4056004941, 6570916.917801831]
[1014747.5927210702, 6570727.414079304]
[1015986.7347055719, 6568893.848702018]
[1016877.5820287684, 6567733.518871379]
[1019622.1771707588, 6566055.594677761]
[1019787.5773921029, 6563155.750010149]
[1021941.1107283504, 6558905.292593532]
[1022631.0196951936, 6555990.585543907]
[1024620.9285173146, 6555646.146465086]
[1027482.6056295886, 6552386.116131786]
[1029102.489685112, 6548453.125746842]
[1030818.9554860956, 6545611.885530942]
[1032321.1169061273, 6503515.257867242]
[1038735.6650327146, 6493171.197099948]
[1049751.5537705508, 6476804.615088227]
[1052132.334154724, 6469587.738153367]
[1053555.1990462695, 6469329.651585643]
[1055394.366530978, 6465672.48104087]
[1055876.7397367477, 6464835.185612503]
[1056268.7438561087, 6461732.243448997]
[1057808.1991152305, 6461107.867597989]
[1058891.8440757343, 6459395.456666206]
[1063256.9682748963, 6453955.703241449]
[1064179.370909158, 6447622.628444729]
[1064198.6886918922, 6446934.274631036]
[1067037.5079871286, 6440467.408968977]
[1067398.1756786616, 6439647.902065679]
[1068970.7426491077, 6435951.423274857]
[1078293.3254857457, 6403435.98802365]
[1102570.8254005776, 6369260.372741035]
[1111462.5691811705, 6350845.183127633]
[1115602.042731824, 6329818.603490659]
[1120531.4620617179, 6328907.321183609]
[1121768.8156199453, 6323744.981854905]
[1126444.685900471, 6317089.457060656]
[1126729.6478543442, 6316419.829601049]
[1133991.4148823947, 6307815.573168579]
[1134373.2037528434, 6306819.642612128]
[1136912.7482009036, 6303641.30589936]
[1138517.3536804, 6302087.904011133]
[1139221.6944572928, 6300865.5065516615]
[1143816.7918582752, 6294736.185686124]
[1145985.2845883067, 6292056.932777897]
[1146141.9409423736, 6291926.151893676]
[1148310.9904955134, 6289234.053108758]
[1150704.9164650154, 6286422.14660985]
[1150879.0586737443, 6285566.768691016]
[1154645.6296117138, 6281128.124031304]
[1155701.9128324168, 6280831.25172431]
[1156562.3289449734, 6279903.701400251]
[1156648.9176392865, 6279838.709331815]
[1160005.6197987685, 6276921.893250091]
[1160984.9733290449, 6275284.216112329]
[1162396.8308066248, 6273871.906772481]
[1162982.8335396491, 6273563.681136859]
[1165364.5980831545, 6270551.78305609]
[1165953.944060429, 6269985.932192538]
[1166562.3320970756, 6269780.989144938]
[1166669.845858342, 6269685.622453784]
[1166750.1982607502, 6269651.787303189]
[1167615.5955853781, 6268803.442628604]
[1167773.6853025593, 6268470.554757025]
[1168050.9953744842, 6268379.7249995265]
[1168693.0671526396, 6267785.93436382]
[1168802.8327771192, 6267680.143444814]
[1168817.0032956023, 6267649.594994665]
[1169381.5045487154, 6266856.619010664]
[1171029.178126336, 6265750.418913832]
[1171133.18006941, 6265294.172844402]
[1171537.764462903, 6265163.948887683]
[1173535.4091320445, 6263173.047427908]
[1173779.3240212786, 6263141.3838516595]
[1174514.6621388209, 6262378.027946642]
[1175480.4126634288, 6261648.72317191]
[1175596.8598910857, 6261543.930763496]
[1176202.4685076221, 6261295.264297988]
[1176281.7275789166, 6261189.61199706]
[1178709.2505273533, 6259289.915801206]
[1179794.8783441784, 6257943.402038709]
[1180155.9471534928, 6257641.182407532]
[1180929.0398431264, 6256946.819432791]
[1181590.4300354645, 6256392.364499773]
[1182259.890209618, 6255840.717425873]
[1182665.4436599514, 6255567.11503033]
[1182918.4179619595, 6255329.868740901]
[1183636.1644211465, 6254776.897666621]
[1184799.3106393223, 6253803.075324974]
[1185346.8332197145, 6253406.147482393]
[1185506.877768212, 6253280.346418533]
[1189835.3417673237, 6251102.266821563]
[1190126.7882442093, 6249643.79813205]
[1192180.8943678911, 6248078.441026581]
[1193408.6106046613, 6247685.975713146]
[1193965.0020320725, 6247066.328013548]
[1195832.7182392261, 6245367.3510388145]
[1196015.7205946813, 6245354.473774569]
[1196918.1629506333, 6244550.905106574]
[1197511.1666868732, 6244138.531631563]
[1197988.1578022942, 6243773.890493838]
[1198614.5951521983, 6243310.723243627]
[1199065.3319018492, 6242997.8092490295]
[1199200.6528337062, 6242887.408359431]
[1199893.9316603052, 6242387.0196902715]
[1201801.9887031154, 6241042.723559491]
[1206255.6729433532, 6237957.22889483]
[1206399.9519523885, 6237856.357440523]
[1207016.9063541477, 6237814.497773064]
[1210235.6434200068, 6235176.333444381]
[1211841.4035212211, 6234121.001186157]
[1215161.479148164, 6232043.868157618]
[1216765.9017538966, 6231611.586576734]
[1219691.6462941694, 6229569.188688519]
[1220235.9440366921, 6228748.632056763]
[1220318.5007969989, 6228535.120273642]
[1221092.8381069815, 6228035.33201461]
[1221154.391149454, 6228011.704500276]
[1225269.2122979327, 6225728.35416027]
[1225352.8793469132, 6225510.879294594]
[1227698.5869635982, 6223930.270373919]
[1230613.8458663612, 6222539.01598531]
[1231767.4038371814, 6221408.141828276]
[1234275.9251806347, 6219891.07549413]
[1236231.7617507007, 6219702.016577333]
[1236273.9080364169, 6218861.101591407]
[1239733.5445771771, 6217814.058156549]
[1240414.5629448404, 6216918.3578923885]
[1244442.6212348444, 6215705.271768969]
[1246227.5809957203, 6213223.918301599]
[1248639.612470947, 6212615.700408629]
[1248715.043472109, 6212156.081394037]
[1250091.765032887, 6211766.686011119]
[1252406.5259868575, 6210840.589716631]
[1257225.807603394, 6207700.59752306]
[1261535.2357273148, 6205674.2289630165]
[1263411.3359402628, 6203862.924058377]
[1267493.8958817222, 6202844.293587034]
[1268853.1707545344, 6201095.496704611]
[1275138.9525958677, 6198856.370392059]
[1278124.190808067, 6196834.503009243]
[1283999.8613732182, 6194744.868245789]
[1288758.2490024185, 6192549.99532467]
[1289881.912502513, 6192162.988157897]
[1293173.7199039846, 6189125.41526263]
[1303767.7701911672, 6185691.907746376]
[1305142.529759679, 6183719.321207726]
[1309400.6451341875, 6181848.992836569]
[1315344.2985564487, 6181485.983247287]
[1331090.195584563, 6166304.721401474]
[1362031.3310365432, 6164855.600217343]
[1362410.866803782, 6162945.694752247]
[1362723.9923816042, 6162046.731786148]
[1371224.793017277, 6161824.793968778]
[1381783.2929867723, 6156941.49238239]
[1381937.4079600333, 6154827.360448526]
[1396590.8748313317, 6151393.559446095]
[1444367.96822915, 6129140.890566115]
[1490759.7042121547, 6125229.905667255]
[1585039.1540674183, 6053306.678094013]
[1598777.0475082928, 6047028.479722134]
[1637532.756747751, 6033672.209481034]
[1652352.4501461384, 6029471.572987615]
[1652515.4904729337, 6029445.763666714]
[1663872.4005003008, 6024840.019823943]
[1664435.85388859, 6023570.259403983]
[1667715.4913433162, 6022298.472815977]
[1671801.2145120306, 6021673.264389437]
[1674775.7294828885, 6018847.878015028]
[1675796.8493025992, 6018677.020588269]
[1676558.634285834, 6018143.973507694]
[1683987.4747958907, 6015431.383764438]
[1691600.3371723085, 6012375.957372605]
[1694746.9769356218, 6011423.181676448]
[1701238.9668153108, 6008669.741422817]
[1709350.849704809, 6005768.3772243075]
[1711470.9580804799, 6005085.781909367]
[1728100.7651890705, 5998381.60818626]
[1746531.4308748941, 5991261.784330792]
[1761707.673744041, 5985097.9044328695]
[1767579.533506961, 5982587.266509191]
[1803319.5145288527, 5974230.313453849]
[1827900.3693254024, 5955024.922508351]
[1886136.0772004963, 5945316.258541295]
[1897324.1643242342, 5940848.093116826]
[1938697.1409854803, 5927477.777150263]
[1944966.314731301, 5906647.752950251]
[1990008.334982491, 5895563.27420325]
[2021364.371452305, 5871989.362610084]
[2029120.295297456, 5870663.908228602]
[2089343.4494441447, 5836525.782819442]
[2092832.4754258255, 5836472.244678693]
[2108166.721232136, 5777353.571323142]
[2229934.8321034694, 5776633.170421547]
[2237139.0662632044, 5731596.643619992]
[2386209.910576225, 5725760.089249181]
[2393986.946034478, 5717828.248737199]
[2498525.920953201, 5690130.694636894]
[2602944.961994319, 5667265.264326202]
[2665703.6517461804, 5643713.260890172]
[2704605.630455248, 5624938.566210529]
[2745873.2528198445, 5620006.364737029]
[2763515.8745474257, 5609668.847980959]
[2819221.529550764, 5593199.961002449]
[2839994.5918015363, 5587294.687288261]
[2885403.206699679, 5587175.420369453]
[2893913.8614972685, 5586231.930750109]
[2894745.041389632, 5584275.047742098]
[2900517.3074630285, 5576623.151791501]
[2908483.2548650205, 5561582.754526613]
[2939719.6321761236, 5552165.253281407]
[2995550.49468133, 5550790.812562619]
[2998489.695015557, 5545158.190891751]
[3018438.5340993023, 5544929.826079044]
[3029188.6747738332, 5533076.213099882]
[3034502.6416029725, 5518827.578273043]
[3047592.7105245236, 5514713.863564067]
[3056864.63020796, 5512634.2835910795]
[3072190.9144909033, 5504922.056987919]
[3132904.402134296, 5504519.116790768]
[3141982.4001416387, 5502038.263233613]
[3165993.9824359757, 5493243.066349067]
[3169748.7673068293, 5474662.233158057]
[3198208.7094863323, 5472841.455901457]
[3216719.8771685828, 5463206.653977141]
[3262888.57664836, 5454661.155640048]
[3274118.7918464798, 5449819.320201042]
[3301439.1532970555, 5438547.213064231]
[3331955.740482903, 5436707.782476975]
[3356225.382947148, 5427208.580043834]
[3395472.4229807677, 5414940.369365436]
[3424405.969787608, 5412029.498631771]
[3460315.398536788, 5404517.908482395]
[3466680.2008699183, 5399843.838805838]
[3516561.0151410736, 5393347.941354595]
[3666710.0052542407, 5367158.370686436]
[3779858.4545652526, 5347824.412405531]
[3871187.7358996915, 5333742.204226567]
[3903624.992523359, 5326737.2869841205]
[4127428.516198607, 5290228.10833582]
[4166700.9682733323, 5285788.173788163]
[4244286.594565979, 5275617.373209809]
[4284054.321070659, 5266260.215320294]
[4500146.10702096, 5262440.249918797]
[4536806.567649342, 5236425.682736119]
[4550634.921202747, 5233912.368274678]
[4700596.975374166, 5213717.515518399]
[4734441.545860306, 5207734.123923777]
[4812221.349524834, 5193861.232482064]
[4840908.963896895, 5190214.223459682]
[4898196.015041726, 5180869.9700898025]
[4916437.565202266, 5177781.192163383]
[4961237.3380632205, 5168912.209887354]
[4988442.9848006535, 5163213.349706241]
[5001087.558136704, 5162532.498886567]
[5016700.793599875, 5159521.869479651]
[5076459.654928661, 5142704.384117232]
[5096828.242577501, 5142081.314984175]
[5122637.288971218, 5140135.881518062]
[5183183.810817231, 5122200.119325693]
[5297222.579446846, 5110716.908888152]
[5326387.379202512, 5069287.637478496]
[5438139.142311237, 5064461.640899734]
[5455718.309159562, 5058286.376089156]
[5505952.077735229, 5046722.908608988]
[5534108.206358856, 5041029.056624518]
[5538240.856029987, 5012351.226305987]
[5634878.022193421, 4996157.321024437]
[5652710.992585432, 4992776.523290578]
[5788275.574707203, 4975619.603818656]
[5799669.189116273, 4973956.179140446]
[5829970.4702877905, 4971056.988737023]
[5873985.77684304, 4966541.950292693]
[5941692.724176929, 4961907.236457295]
[5955304.221663493, 4959658.729127278]
[5983085.762461358, 4955895.227543087]
[6058664.905439829, 4951009.427686185]
[6542447.575703358, 4947537.161655739]
[6595549.514778399, 4942666.6938834]
[6798193.425096032, 4941135.429273404]
[6971626.850390462, 4940972.075984428]
[7221677.077587176, 4903917.104206279]
[7539505.039161491, 4873293.597692837]
[7810131.089979612, 4863645.1198477065]
[7941659.098761874, 4858309.76721064]
[8060804.444772402, 4856314.972972373]
[8274587.432064457, 4841691.319504432]
[8470345.542256922, 4836832.683904283]
[8580258.024463398, 4829982.871116345]
[8740751.757757785, 4826204.218329179]
[8901061.329062946, 4817131.014470181]
[9037315.752105996, 4811465.345774222]
[9356676.365680493, 4798335.1283069495]
[9384262.361165479, 4795645.039538894]
[9479487.59059949, 4789583.872146629]
[9561001.830901293, 4786132.762887312]
[9571481.032109184, 4785073.111126379]
[9612606.489764998, 4782595.251067973]
[9786025.704459174, 4771075.636814186]
[9826731.454712488, 4764901.4827895295]
[9835285.707688827, 4763812.564511017]
[9859771.189502308, 4761942.052854449]
[9872618.086917205, 4758643.614212962]
[9890816.164995268, 4758639.819836824]
[9893368.568180513, 4753835.894069119]
[9930314.926566603, 4753610.654675182]
[9937484.348687233, 4749146.737358618]
[9989923.643873785, 4742457.691142292]
[10007214.345118318, 4737827.48302781]
[10015708.509926869, 4736976.892937434]
[10039138.765723957, 4735238.492474663]
[10043178.637164306, 4735110.209030963]
[10062152.496647371, 4734704.771074932]
[10071525.752930926, 4733622.807464052]
[10081374.903160032, 4733526.753478345]
[10149736.556304617, 4731519.570256881]
[10181610.815318206, 4731096.750595723]
[10280101.585838953, 4729215.1849043295]
[10305305.809786282, 4729206.273983508]
[10615160.382254101, 4728208.999617215]
values
[17230.023709269997, 8862779.801188797]
[20669.845301028352, 8706025.88002726]
[21234.91513673309, 8666148.17890192]
[21347.722612811016, 8664661.52698387]
[21370.430526321623, 8660730.690669002]
[21409.382000537564, 8660197.314542154]
[21434.879136411517, 8652876.63945207]
[21542.71951478603, 8646059.459963208]
[21569.258406803874, 8644135.842359575]
[21634.780089140135, 8640245.952011837]
[21727.81091536776, 8635831.610298244]
[21849.69260780418, 8630666.26269214]
[21904.70936285863, 8629158.602965768]
[21927.343471761662, 8627866.994529247]
[21968.110229090416, 8627729.854924828]
[21992.831933639347, 8625358.264674464]
[22032.579503912104, 8623799.542212203]
[22115.198553958027, 8622057.978264928]
[22236.962683403963, 8617366.645098154]
[22267.208644595277, 8616396.433610287]
[22485.539056594083, 8614177.191763889]
[22541.406038019875, 8609001.75288443]
[22805.27899640201, 8603701.417712849]
[23008.68110562741, 8603099.504862014]
[23029.02504060505, 8601648.920268916]
[23069.511444534117, 8600064.662436204]
[23317.789361706993, 8595336.418906372]
[23625.2111500401, 8586868.259067485]
[24412.148992921746, 8582026.944236265]
[24509.615828491318, 8578155.810588617]
[24546.437587851804, 8575148.587835832]
[25217.296045760686, 8567524.67030134]
[25362.7611590059, 8565357.484551141]
[25509.403528029005, 8563355.84616892]
[25772.32975743427, 8560453.20133614]
[27235.73415402509, 8545277.691936545]
[27568.12798348964, 8542725.26623809]
[27858.20251056583, 8538880.60856617]
[27867.281042567705, 8538760.504994154]
[28187.10502510173, 8535504.40863042]
[29013.64646228276, 8532734.50482582]
[29181.842716195006, 8529909.428592473]
[29845.941816384988, 8527606.81950237]
[29862.270693283663, 8516616.663836734]
[30269.53358160583, 8515008.745317614]
[30327.410384807077, 8512859.018789288]
[30405.608102320748, 8511783.56711828]
[30665.050757374913, 8510658.333564876]
[30672.601985299538, 8509718.9326908]
[30837.836495993783, 8506920.475593518]
[30962.41760399153, 8506358.193505194]
[31113.2953470864, 8503680.497764226]
[31660.5974427485, 8503616.156977912]
[31777.02087826412, 8502496.921582732]
[32431.788109319274, 8488323.046699552]
[32593.459310952716, 8484506.291551497]
[32733.687770337172, 8480930.453840474]
[32747.11309608032, 8480572.996242337]
[33413.115897664546, 8475822.536442399]
[33538.64453761438, 8464633.636323256]
[33732.13199514368, 8463669.128990421]
[33924.70319909708, 8448772.084955728]
[34146.21310107097, 8444209.710395768]
[34205.07035718731, 8433588.087825917]
[34265.30103471038, 8431835.04740331]
[34297.1971775035, 8429798.627986439]
[34634.88376987096, 8427219.203737242]
[34950.25699180343, 8417450.774227276]
[35408.90053938148, 8411068.653196745]
[35434.04207933904, 8410726.982072841]
[35538.56594471506, 8410000.92459144]
[35604.95803419106, 8408715.06282539]
[35629.49430647849, 8408504.139624357]
[35680.96461358371, 8407880.106835442]
[35725.632395153865, 8407374.156025346]
[35834.325242863204, 8406817.23551977]
[35878.65498322905, 8405822.733028352]
[35933.057835370186, 8405401.144390471]
[35966.68068071433, 8404929.195900122]
[35983.62640141698, 8404693.237009292]
[35989.523262261784, 8403640.793648059]
[36685.94236579225, 8398324.528232798]
[37995.89832126197, 8388784.046883855]
[40554.882741182664, 8385406.6328040045]
[40939.865574602816, 8377225.852269794]
[44546.32619425907, 8370868.288828832]
[51762.744393899484, 8350029.966091914]
[55352.41904357621, 8341365.572177478]
[55633.70842344232, 8323562.376132768]
[57229.96833302781, 8316520.641370111]
[57409.82255148303, 8311080.5692909425]
[58497.493940142806, 8306904.0433287015]
[59109.75300439255, 8305761.033490031]
[59222.88911718755, 8304829.847982133]
[59583.72885985819, 8301001.047508685]
[59688.843988334535, 8300070.772367567]
[59862.6848872898, 8299246.188129611]
[59962.798494947994, 8298316.153752837]
[60235.111361658084, 8296445.854633353]
[60316.622106483235, 8295632.438140663]
[60470.559788449325, 8294808.512921362]
[60725.56276468544, 8292823.18839231]
[60920.99283519102, 8291260.7526621595]
[61281.698570648725, 8288137.143440991]
[61447.36582892791, 8286575.96994906]
[62202.28302155044, 8281439.67270723]
[62639.901398124624, 8274449.021480658]
[63112.60942811193, 8270443.101680317]
[63195.55601016379, 8267863.350343864]
[64154.576086958594, 8261164.406024405]
[65641.0022548738, 8248198.124286284]
[65653.13368310759, 8244882.575792554]
[65847.86415597446, 8242056.784838834]
[66914.17727627124, 8236456.331177347]
[67584.35681688553, 8205677.821883389]
[68979.40925306865, 8201049.96193738]
[69037.90580746248, 8198510.372207195]
[69378.69012258165, 8198298.602029113]
[69515.36539774147, 8197381.811228825]
[69523.85257916282, 8195946.329725043]
[69692.31451006823, 8195438.295663823]
[70079.90775629976, 8193716.293949445]
[70354.07101181225, 8192532.726041017]
[70388.57791650073, 8192367.899865779]
[70894.76111929922, 8190273.884790326]
[71904.70256428648, 8186232.150216298]
[73579.98137611085, 8180103.122724308]
[77021.31254187801, 8170343.1278849635]
[85759.87399066423, 8167412.95507437]
[93162.59448910499, 8154131.359430833]
[93790.9922630741, 8150476.697780012]
[95388.19559193372, 8113329.086622402]
[96827.02859088183, 8109340.982895799]
[103263.48885490769, 8101315.672904945]
[105030.36617526316, 8095282.906156381]
[105493.32003287999, 8094738.639390271]
[105865.6367418918, 8092269.045704906]
[106167.98117380902, 8091128.6333545875]
[106668.66119310766, 8089256.8674205225]
[106960.42871516023, 8087998.7293059435]
[107058.14550911041, 8087751.409144366]
[107907.86098400634, 8084376.312846527]
[107926.7430664614, 8084263.662863687]
[108179.18941151605, 8083237.558044853]
[108887.94367776798, 8080230.427313473]
[112357.2267534766, 8078131.236819513]
[114934.30734031831, 8059888.362652788]
[114978.00315885355, 8058716.483949554]
[115436.01356968321, 8055045.460448883]
[116985.43777143178, 8042927.443090285]
[118468.81106694949, 8032541.334302446]
[119014.11001807883, 8026870.988874559]
[119224.46028341117, 8016110.910648682]
[122451.86865732087, 8002874.311460046]
[126136.54523551474, 7990555.323660437]
[126724.00427353672, 7988182.226450426]
[127790.71979466763, 7983933.768733578]
[127986.49861401449, 7983217.571620889]
[128223.39457556534, 7982279.71497516]
[129157.14317929561, 7981109.404836756]
[133053.55114135554, 7977812.2998808315]
[136782.75635313636, 7966908.444146408]
[139865.23361511593, 7955994.27036189]
[141822.11345144094, 7942367.49983532]
[146425.58519782012, 7934232.5303629665]
[149100.5702794342, 7929271.135963311]
[149621.06920937795, 7913426.418266126]
[151477.6983731131, 7908173.508302221]
[159351.7738685688, 7900827.525172003]
[161838.34735521427, 7885593.004164022]
[164696.5758991372, 7881722.662672178]
[166637.64337932834, 7872311.790750876]
[166807.54089602217, 7869479.486918858]
[169505.64547966668, 7861814.120700096]
[176172.9175761244, 7837401.606951105]
[176618.77127522626, 7835088.272201959]
[186121.27376564988, 7833949.498542699]
[188946.8831725661, 7809926.285048979]
[194697.17625893414, 7801315.815359567]
[200829.09510137723, 7778653.591724005]
[201675.09903779216, 7774925.458203782]
[205164.87857212918, 7763898.998275317]
[210607.89890684802, 7744642.785968981]
[211973.42213395028, 7741489.181129383]
[212866.4361617811, 7723508.993827495]
[228129.5222782944, 7701669.9084136365]
[238498.29091547223, 7685344.222086065]
[239193.90552761842, 7671599.076932139]
[245900.79871144274, 7653132.371219723]
[254958.03447790636, 7651608.26971294]
[263408.898313546, 7633139.566811723]
[267007.4162985728, 7617948.855022388]
[268484.5422861432, 7614656.2403932875]
[271235.52640698984, 7606958.31844861]
[271875.04330162477, 7604756.578418254]
[272510.91246730305, 7602556.682432028]
[275927.3082698341, 7599206.448076943]
[277613.2074020229, 7591860.136144803]
[279842.86784535943, 7584864.2024652]
[281000.14538775577, 7580487.483654465]
[287548.6459246369, 7562873.625333088]
[289952.41812285926, 7562728.068728114]
[294816.41503246716, 7560034.62788702]
[299376.9012086519, 7529685.825960204]
[302050.60632608004, 7527913.14605745]
[303270.63942114887, 7520319.460550138]
[315201.8645426865, 7494460.199530767]
[315678.549989372, 7489490.9309937125]
[323051.29002028925, 7462125.177252741]
[326261.63781938265, 7441204.958180661]
[329473.18953926367, 7426848.696172194]
[330131.00108912727, 7425122.163054297]
[330709.1850978144, 7423654.346481381]
[339842.0851516107, 7421793.041405527]
[344344.2507465166, 7398561.9970131265]
[346327.4463331946, 7390912.020795146]
[349672.0915986004, 7380704.879014478]
[351846.76080689323, 7373123.411457654]
[354455.0236171642, 7365842.473798216]
[357163.3711131497, 7358585.406490807]
[361217.0841500794, 7348275.61153109]
[362045.3232730973, 7346208.341689356]
[362881.75801252405, 7344142.912181836]
[364790.49676662084, 7341090.5159738185]
[366790.1501371103, 7339700.349239498]
[369483.01977424766, 7332956.337705055]
[370579.9282817898, 7332527.140687419]
[374044.0970820308, 7326398.46417178]
[444000.22486209765, 7310314.991113947]
[447292.21033473284, 7287600.410407832]
[461992.2616161072, 7281289.079654011]
[498934.9486562834, 7232616.449053565]
[508061.24088268215, 7224398.442313163]
[519881.68819661834, 7184270.163775665]
[531646.5430847696, 7169286.048528837]
[540905.8041056038, 7159131.046654871]
[549895.5932747637, 7133631.333519663]
[554898.6605636872, 7121419.2917092405]
[559143.8673734633, 7120118.644003663]
[559307.1611594569, 7119531.90633862]
[560320.0027868883, 7118106.2047695005]
[560344.2521187215, 7109474.466579135]
[561334.6350660085, 7105604.112815198]
[561816.076493127, 7103671.708177638]
[562288.4399009324, 7101741.151352913]
[562521.2390729231, 7100776.565788499]
[562751.795140804, 7099812.442079207]
[563348.8770566998, 7097609.133680631]
[563571.4994843866, 7096646.574390551]
[565894.9444073585, 7092738.738548683]
[565957.9862857847, 7089116.4757865695]
[566365.5656108235, 7086485.872015581]
[567766.9090443706, 7083125.086924514]
[568545.1086953745, 7079486.458399567]
[571794.5123127294, 7068310.576151932]
[573976.0624886701, 7063700.779646481]
[574070.9894780123, 7053968.04606107]
[579426.926467215, 7026001.036224569]
[587912.7022217861, 6989861.265432008]
[588487.6150238165, 6985676.455729076]
[593660.3460988764, 6964093.464998764]
[601186.2110602983, 6948805.729517775]
[602198.9995565498, 6947295.096850224]
[605783.4585132609, 6941190.193005432]
[607359.1955376115, 6941111.78294534]
[608302.9429807696, 6937389.4991782615]
[610973.4459146317, 6933593.517965944]
[611506.9294877192, 6924633.306377158]
[611583.166407198, 6910491.346500524]
[612280.7063096187, 6908667.570890446]
[621298.4090875753, 6889825.814884074]
[621709.9928218512, 6888924.206406814]
[625170.9532074883, 6883197.404149979]
[627376.7042528761, 6882605.922665337]
[628800.6613847457, 6877483.226768043]
[630095.9611138878, 6877207.686325187]
[631022.6205231767, 6875411.954834178]
[635133.403665427, 6869231.465389629]
[636568.9639732094, 6866092.745030318]
[639434.9402728151, 6863068.325618708]
[641657.2635802017, 6859993.263161793]
[643927.2452132832, 6856922.539936725]
[643927.2452132865, 6856922.539936724]
[645935.9121781081, 6854469.404499793]
[648609.8764210137, 6850794.11475941]
[653161.5132211411, 6850558.623225351]
[653481.931448993, 6844683.058420588]
[654139.1883456002, 6843463.324110106]
[658542.0441786305, 6838589.38103708]
[662673.836524197, 6837358.988537243]
[665056.5145252852, 6834221.237047055]
[665531.0641994475, 6833907.586312069]
[665859.2276689705, 6833176.771163251]
[669218.6420736354, 6826454.211345805]
[672432.7367493521, 6824847.185075703]
[673593.1956816835, 6824570.20188102]
[674118.0040160447, 6822772.054588929]
[674541.9208012805, 6822253.726374015]
[675819.892960697, 6820699.832561579]
[679273.2347239732, 6816564.1179707]
[682792.1187500517, 6812440.049402071]
[684575.9200826026, 6810382.384858313]
[695142.3365232445, 6798607.400504677]
[714464.248824787, 6777184.497632916]
[814196.9805640568, 6758029.873531998]
[836301.8790857358, 6732137.021249201]
[841172.9210117777, 6707370.573959117]
[861743.4256528466, 6695796.531869954]
[867496.4767405912, 6692962.295840902]
[886477.1465043201, 6682541.581535474]
[892504.2555015293, 6678365.486236729]
[897397.9723591484, 6654516.403952099]
[924969.8385163317, 6648998.313754061]
[949355.5729292037, 6626736.179352096]
[954751.034005526, 6622382.8141064625]
[967485.4456100111, 6618788.710444763]
[973042.9138713722, 6615340.923578989]
[982304.9951008966, 6604405.375146163]
[990556.4915255234, 6600479.54200825]
[992481.8079188365, 6598603.693404121]
[993125.910847152, 6581956.449202004]
[1001315.381506131, 6573098.505719413]
[1006496.8962085686, 6571644.828874592]
[1010971.992576427, 6562042.846952716]
[1014234.3565822477, 6558658.710125033]
[1019782.2036317295, 6552744.136697525]
[1021974.5476339809, 6550580.30765254]
[1023059.8794314706, 6547909.68395114]
[1030818.9554860956, 6545611.885530942]
[1031199.4597351844, 6537229.775748989]
[1032321.1169061273, 6503515.257867242]
[1038735.6650327146, 6493171.197099948]
[1049751.5537705508, 6476804.615088227]
[1052132.334154724, 6469587.738153367]
[1053555.1990462695, 6469329.651585643]
[1055394.366530978, 6465672.48104087]
[1055876.7397367477, 6464835.185612503]
[1056268.7438561087, 6461732.243448997]
[1057808.1991152305, 6461107.867597989]
[1058891.8440757343, 6459395.456666206]
[1063256.9682748963, 6453955.703241449]
[1064179.370909158, 6447622.628444729]
[1064198.6886918922, 6446934.274631036]
[1067037.5079871286, 6440467.408968977]
[1067398.1756786616, 6439647.902065679]
[1068970.7426491077, 6435951.423274857]
[1071562.471695534, 6430957.858224983]
[1077032.9866978105, 6409470.241798906]
[1077393.820859743, 6408056.88511]
[1077417.4888106962, 6407678.208251348]
[1078293.3254857457, 6403435.98802365]
[1079176.723797642, 6394742.766925364]
[1081354.457031732, 6394074.710975536]
[1083281.1690942035, 6382610.124751994]
[1083695.196123808, 6376471.246712527]
[1102570.8254005776, 6369260.372741035]
[1111462.5691811705, 6350845.183127633]
[1115602.042731824, 6329818.603490659]
[1120531.4620617179, 6328907.321183609]
[1121768.8156199453, 6323744.981854905]
[1126444.685900471, 6317089.457060656]
[1126729.6478543442, 6316419.829601049]
[1128329.5910279565, 6308971.178719053]
[1133991.4148823947, 6307815.573168579]
[1134373.2037528434, 6306819.642612128]
[1136912.7482009036, 6303641.30589936]
[1138517.3536804, 6302087.904011133]
[1139221.6944572928, 6300865.5065516615]
[1141636.3974111138, 6294864.649862931]
[1143816.7918582752, 6294736.185686124]
[1145985.2845883067, 6292056.932777897]
[1146141.9409423736, 6291926.151893676]
[1148253.6649357253, 6288029.859163627]
[1148728.664151526, 6285692.304766832]
[1150879.0586737443, 6285566.768691016]
[1151112.4454187325, 6279660.133536202]
[1151835.0662453976, 6278569.1193390135]
[1156510.0689591244, 6273871.735889769]
[1158115.7161480193, 6272308.996559431]
[1160332.0688891269, 6270630.989483131]
[1161397.479847703, 6269796.643631406]
[1162222.170083478, 6268258.777259425]
[1165766.6430409744, 6265036.666565906]
[1167708.778738356, 6264833.863650578]
[1167915.868151512, 6264490.255138443]
[1168235.6946190456, 6262667.611691929]
[1171083.4711086205, 6262607.362181794]
[1173049.0112709638, 6259508.075145888]
[1174555.1814434868, 6257098.217052618]
[1178409.328639661, 6254548.787079036]
[1179268.8477472798, 6253674.862087544]
[1181184.4029594793, 6251550.623830138]
[1182699.9715328808, 6250674.316460891]
[1184000.5646982533, 6249612.392495227]
[1184448.3844472305, 6249177.250734813]
[1188131.4175900633, 6245882.293965647]
[1189826.0914102753, 6244698.863276271]
[1193553.6867846113, 6242832.104085522]
[1195404.1942921674, 6240239.63689577]
[1200244.4630769696, 6237310.752590268]
[1208762.2788832828, 6229974.072642425]
[1213142.5912185283, 6227943.939500566]
[1216675.4447942444, 6224180.282856438]
[1217722.638363705, 6222224.164274931]
[1223185.8509058615, 6219808.406361545]
[1231369.938465035, 6215428.966100484]
[1235144.9702921237, 6215151.112717882]
[1237420.4791069592, 6213255.5866498975]
[1242253.8505640307, 6207585.496837156]
[1244922.760138246, 6206812.901018317]
[1245130.354518792, 6206209.30738134]
[1247855.9426325473, 6205803.229796221]
[1248994.578196685, 6205352.274913592]
[1249084.3300529595, 6202584.503939849]
[1254860.2424904294, 6200632.951489916]
[1257930.235458118, 6197266.498536889]
[1262917.603946211, 6195510.593142814]
[1264840.8277524132, 6194506.393024168]
[1276707.3371053399, 6187298.749603595]
[1277948.8731334156, 6185638.714925747]
[1279846.8080540244, 6185309.316067009]
[1281887.0099910886, 6184924.079769284]
[1287718.7806071718, 6180408.294040858]
[1290120.3581115026, 6180191.522820763]
[1297522.6839518256, 6176108.414799572]
[1297772.5151356347, 6175205.51368788]
[1302011.4010833954, 6174449.761697245]
[1304137.5542701993, 6172512.782615147]
[1309144.8920455633, 6169856.904155594]
[1318709.526249272, 6164882.96009545]
[1320359.335007413, 6163828.046161804]
[1330387.553558056, 6159402.251837028]
[1335069.1942360525, 6157353.498324022]
[1337172.5325349406, 6157190.17424571]
[1352988.322757613, 6148178.695248219]
[1367200.0376435828, 6139763.23809203]
[1381481.2719455878, 6137205.37401332]
[1382165.9929976477, 6134853.811849407]
[1391496.4100228106, 6127034.336585334]
[1417901.1158399826, 6122672.618869104]
[1420230.0081794113, 6120916.744047421]
[1424671.6308417735, 6117220.726818594]
[1457687.1660291268, 6098492.341963602]
[1585039.1540674183, 6053306.678094013]
[1598777.0475082928, 6047028.479722134]
[1637532.756747751, 6033672.209481034]
[1646572.6477047896, 6026814.074275545]
[1659693.7583302357, 6023243.973647587]
[1667715.4913433162, 6022298.472815977]
[1668155.218145484, 6018562.51939579]
[1672872.4109211692, 6016488.151896728]
[1683987.4747958907, 6015431.383764438]
[1684073.4263668489, 6013699.299394157]
[1691600.3371723085, 6012375.957372605]
[1691912.0636231154, 6008074.440695613]
[1699432.9661517441, 6006095.902039302]
[1700369.2281743938, 6004902.634993472]
[1704786.3392947768, 6003677.8938619075]
[1717568.992702052, 5998295.040463674]
[1722501.0939414743, 5995678.9853016855]
[1736918.3028057406, 5989123.617284956]
[1741759.344969917, 5986772.206324271]
[1761707.673744041, 5985097.9044328695]
[1767579.533506961, 5982587.266509191]
[1776846.983714648, 5970241.565926381]
[1795304.2212712786, 5965815.556405212]
[1827900.3693254024, 5955024.922508351]
[1856992.4376887484, 5952732.314066942]
[1858855.204445619, 5950523.313175387]
[1862852.798024682, 5949263.79365173]
[1866336.923990476, 5947577.651224376]
[1868643.8000533734, 5945808.228806077]
[1869308.950623703, 5945149.541034446]
[1870331.4361321072, 5944775.588344545]
[1872961.1107704297, 5940519.222030153]
[1891848.0740473191, 5939630.69268104]
[1892742.9988335976, 5935565.7195107965]
[1897478.9299854182, 5925606.639680121]
[1904967.6021959812, 5921018.077362865]
[1912366.0650304742, 5916459.552948276]
[1914329.0334948255, 5913666.446531843]
[1924799.2791618519, 5908723.413426493]
[1944966.314731301, 5906647.752950251]
[1945655.8782575957, 5899183.439605754]
[1953531.7836302142, 5887336.4025759185]
[1985419.2280195844, 5872316.145302519]
[2021364.371452305, 5871989.362610084]
[2029120.295297456, 5870663.908228602]
[2089343.4494441447, 5836525.782819442]
[2092832.4754258255, 5836472.244678693]
[2108166.721232136, 5777353.571323142]
[2206983.565924718, 5769944.963701494]
[2210991.2053277493, 5768676.231049961]
[2218294.48709826, 5765689.460716252]
[2231326.726000556, 5759967.1838557]
[2232508.5243114317, 5759774.051032208]
[2237139.0662632044, 5731596.643619992]
[2316487.8107188186, 5727512.244200792]
[2333975.5491874367, 5724492.279582848]
[2338973.327692427, 5717511.56126644]
[2345314.077722341, 5715481.459036903]
[2351695.2665817826, 5713458.961411186]
[2391091.361880562, 5702288.772329412]
[2432828.0689620613, 5692707.696848512]
[2437715.178116289, 5684642.948625236]
[2478837.2985265385, 5673620.455115216]
[2602944.961994319, 5667265.264326202]
[2613989.641574202, 5657898.476968502]
[2665703.6517461804, 5643713.260890172]
[2685255.45966829, 5628490.79592603]
[2704605.630455248, 5624938.566210529]
[2730706.478307679, 5613259.672641684]
[2763515.8745474257, 5609668.847980959]
[2763901.4709494016, 5598507.241297419]
[2807538.0063750823, 5590632.7106138095]
[2829921.414784646, 5580194.3053749185]
[2835096.28177474, 5572031.075528349]
[2857517.7485779435, 5571938.926717242]
[2862299.6917887586, 5568607.886204666]
[2863536.937318454, 5567063.46385559]
[2890770.152822708, 5560071.279833792]
[2900083.0498455535, 5554344.329036964]
[2923838.38107914, 5544887.102658961]
[2957165.694542999, 5531813.392944047]
[3012559.61926043, 5521036.391217223]
[3034502.6416029725, 5518827.578273043]
[3047592.7105245236, 5514713.863564067]
[3056864.63020796, 5512634.2835910795]
[3072190.9144909033, 5504922.056987919]
[3084490.710471497, 5496473.320878297]
[3110934.8022324503, 5486963.101160561]
[3169748.7673068293, 5474662.233158057]
[3198208.7094863323, 5472841.455901457]
[3216719.8771685828, 5463206.653977141]
[3233790.7255433532, 5453520.922515363]
[3272563.792769411, 5441420.253605009]
[3297914.803206669, 5434226.223847083]
[3311634.8051339467, 5432385.367978269]
[3337748.6671937313, 5423157.471325164]
[3364293.7753998376, 5419867.8836796405]
[3378359.9746638467, 5415804.947454214]
[3380106.784909256, 5413926.804915891]
[3420316.703986734, 5407793.496089064]
[3424370.433666388, 5404817.526274978]
[3446603.0560633373, 5403530.027898724]
[3466680.2008699183, 5399843.838805838]
[3495842.7922043144, 5386851.154443254]
[3557965.257710358, 5381493.703810965]
[3579627.337235822, 5377616.481180983]
[3666710.0052542407, 5367158.370686436]
[3779858.4545652526, 5347824.412405531]
[3871187.7358996915, 5333742.204226567]
[3903624.992523359, 5326737.2869841205]
[4109890.735099317, 5289496.1765725445]
[4166700.9682733323, 5285788.173788163]
[4168642.9854042022, 5285168.032274647]
[4197145.329238871, 5277867.296521079]
[4241808.69597275, 5273326.5124052]
[4248264.219611217, 5272487.512340166]
[4268245.177762245, 5271825.60758612]
[4271770.173887024, 5269706.305882761]
[4273802.568772173, 5261683.733928968]
[4409586.111008769, 5246346.030512959]
[4536806.567649342, 5236425.682736119]
[4550634.921202747, 5233912.368274678]
[4568226.90408584, 5225348.270067476]
[4620419.048798859, 5218130.226894382]
[4627615.695996296, 5217866.694422055]
[4665522.234276391, 5215930.075159966]
[4679352.938847771, 5209826.885400264]
[4734441.545860306, 5207734.123923777]
[4780260.953272105, 5195174.162274366]
[4796526.170001641, 5192920.116239859]
[4836770.692652156, 5188603.48543726]
[4842467.982771817, 5185519.567854727]
[4865553.856282467, 5184405.50794363]
[4878741.4739967715, 5179094.990030021]
[4891651.539506953, 5177617.642932637]
[4896708.460461631, 5176099.264737525]
[4920042.3632400725, 5171438.705425714]
[4942688.935622712, 5168878.131622313]
[4988442.9848006535, 5163213.349706241]
[4995136.528630043, 5159630.546924395]
[5016700.793599875, 5159521.869479651]
[5020005.501600612, 5156811.204014435]
[5026018.900859839, 5153351.925523041]
[5062144.941231853, 5146313.472404318]
[5063415.335812836, 5145739.633291251]
[5076459.654928661, 5142704.384117232]
[5096828.242577501, 5142081.314984175]
[5098017.470189567, 5138958.337816212]
[5109166.183556204, 5138119.5035281675]
[5114379.10867678, 5134510.227976714]
[5144948.041202813, 5128565.702712723]
[5183183.810817231, 5122200.119325693]
[5291817.18987314, 5082364.491525308]
[5317118.620547869, 5070371.679270934]
[5321141.009607429, 5069704.257852725]
[5326387.379202512, 5069287.637478496]
[5331754.954610521, 5065130.0142260445]
[5339639.744011179, 5062476.099356918]
[5346392.025874224, 5060702.291640017]
[5378089.820954038, 5050287.951129461]
[5380929.27579295, 5048371.620367884]
[5385654.515607461, 5048172.938093898]
[5484352.641725125, 5016269.025936556]
[5538240.856029987, 5012351.226305987]
[5555143.945711719, 5003422.160519883]
[5590177.91840784, 4997055.655952666]
[5608837.074819778, 4993907.693976973]
[5638324.930139382, 4989229.897362843]
[5669681.756469721, 4984605.121183105]
[5703133.863733904, 4983423.7140066065]
[5744264.524387872, 4977287.1716308305]
[5762963.637083658, 4972532.071847273]
[5815134.119684194, 4966637.520219069]
[5862451.755552004, 4966622.937496062]
[5871136.675506583, 4960837.865639789]
[5885355.909214989, 4960045.092281148]
[5900600.462600381, 4957973.680931771]
[5983085.762461358, 4955895.227543087]
[5994926.212206592, 4949523.920529096]
[6257557.499885318, 4931060.699512127]
[6314147.873577593, 4927318.738721717]
[6565762.522235699, 4918302.883442053]
[6776536.324729098, 4902218.368708919]
[6874748.237257489, 4898564.72142667]
[7539505.039161491, 4873293.597692837]
[7597885.039938799, 4867206.009763736]
[7789258.926062861, 4861060.723061222]
[7899780.233594136, 4848430.881217098]
[8037077.883550031, 4843557.193914904]
[8176040.59813352, 4838087.82130156]
[8419800.628517373, 4828617.0682465695]
[8701697.997753061, 4819855.487354528]
[8706740.382878052, 4819610.779750967]
[8725848.888913233, 4816738.473322681]
[8870394.235866118, 4811999.964393193]
[9010206.40453052, 4808855.924502919]
[9049088.534327336, 4805403.626948427]
[9206888.877108349, 4804484.796232871]
[9208648.596721806, 4798369.965301964]
[9240294.11596481, 4797873.332101039]
[9384262.361165479, 4795645.039538894]
[9421091.557098502, 4792515.111202867]
[9430623.632374031, 4789957.013678502]
[9479487.59059949, 4789583.872146629]
[9488862.152100323, 4786740.015333605]
[9522323.83520163, 4785377.739978654]
[9567773.170516705, 4782103.291764815]
[9591861.1302336, 4780608.045837326]
[9618147.906751689, 4779548.49963762]
[9714544.232053451, 4779169.006685575]
[9716264.37062677, 4774653.621668842]
[9786025.704459174, 4771075.636814186]
[9805451.710609358, 4769265.097984485]
[9826731.454712488, 4764901.4827895295]
[9835285.707688827, 4763812.564511017]
[9859771.189502308, 4761942.052854449]
[9872618.086917205, 4758643.614212962]
[9879508.93467629, 4757629.0677908175]
[9893368.568180513, 4753835.894069119]
[9929235.628889812, 4740877.98361306]
[9973723.325545574, 4736447.235007087]
[9985336.379461614, 4734737.290218621]
[9991666.808634277, 4733920.276333974]
[10013164.012362722, 4731620.919832979]
[10025525.036513561, 4730556.486813079]
[10039102.327192996, 4729548.832241917]
[10070304.747386014, 4727703.744022703]
[12056172.586398916, 4727470.8795992]
end_solutions
[6.565429141378706, 34.42856840358594, 36.9464554548122, -31.229475752892547, 3.9216153415972967, 20.170977178287217, 28.89607057447721, 22.45542815214757, 17.672134347621565, 11.204228052160794]
[5.654972644885151, 34.13686157375383, 36.2886584617669, -31.028311200680747, 3.6341790289320297, 19.22464826584464, 29.128496716319823, 22.99492643650332, 18.27156495216499, 11.500762389779467]
[-1.1356602005257732, 32.29152350124092, 31.220260352755933, -31.064874203708094, 2.929979190876808, 13.293428843978441, 30.626554016502936, 26.715745220308722, 21.991954303130832, 13.162112903007982]
[-1.4085311482657485, 32.320442690496805, 31.00378143469552, -30.882675854659276, 2.6679254135302255, 12.91114055106422, 30.79927861383831, 26.851547390539075, 22.10654535870894, 13.139393328703797]
[-1.7496198329407178, 32.35659167706667, 30.73318278712, -30.654927918348257, 2.340358191846997, 12.433280184921443, 31.015184360507526, 27.021300103327015, 22.24978417818157, 13.110993860823566]
[-6.967647742037787, 30.68199540954146, 26.892105983334748, -30.760297353094316, 1.9899129561707765, 7.950081248506135, 31.992735271526954, 29.960889512063446, 25.30965169502533, 14.65748583721716]
[-7.190463693569922, 30.678792212095118, 26.80266419906564, -30.65969706874691, 1.8461736246290836, 7.638048277588309, 32.11755775717538, 30.028692370306715, 25.356033365593376, 14.647483107761317]
[-9.80295541687021, 29.730187991948064, 25.282232332562295, -30.887752331478215, 1.9408032880931483, 5.357885988672582, 32.55349120082629, 31.30281616018103, 26.67261516055074, 15.452453589270158]
[-9.898242058099541, 29.832679604700434, 24.918847778316813, -30.650509306275584, 1.6008466898663052, 5.21253715078251, 32.67384491313694, 31.492696354412534, 26.869106378506384, 15.413870106355287]
[-10.08551277860284, 30.016368217068838, 24.21061306558125, -30.246418864611286, 1.0047258682030076, 4.972203933523719, 32.88314034311057, 31.861124851551274, 27.248254892147763, 15.348437663460768]
[-12.290566777017478, 29.362580580200266, 23.173615481603584, -28.99922101614891, -0.4312096611991749, 1.8749944860337702, 33.77584113065484, 32.95555208604758, 28.539654725762716, 16.01415460384265]
[-12.402069892462926, 29.56472471511206, 22.71958169888039, -28.43855403197773, -1.157732258955583, 1.4991573304654051, 34.041262753680535, 33.199554642293336, 28.80119768158717, 15.920272389966536]
[-12.412571224191394, 29.62564555329955, 22.657239941691383, -28.25235928316677, -1.3831665180933554, 1.36907231915961, 34.1259027157644, 33.23442975899978, 28.841407408195092, 15.88580533023]
[-12.435578937732133, 29.73841909337423, 22.624362281370654, -27.72082197957451, -1.9762277776537782, 0.9413894592864636, 34.356033129944954, 33.29643419910669, 28.93452901449959, 15.845736754203413]
[-12.435578937732133, 29.73841909337423, 22.624362281370654, -27.72082197957451, -1.9762277776537782, 0.9413894592864636, 34.356033129944954, 33.29643419910669, 28.93452901449959, 15.845736754203413]
[-12.450382617434387, 29.82426133977557, 22.571127188124244, -27.3874481340361, -2.360783328194502, 0.688242819163774, 34.502374594579194, 33.34169113573875, 28.9954223813753, 15.804725538118019]
[-13.008850422305805, 29.509466601564625, 24.01512806057091, -23.228929241926842, -6.0296329329338345, -3.951822921974345, 36.2730890495739, 33.829894473406895, 30.244040748930637, 16.857863880209997]
[-13.030598289067532, 29.525157064359224, 24.05087166898312, -23.01524789989146, -6.2454341085090554, -4.169108212910587, 36.3691189468625, 33.85609571054964, 30.28738503160797, 16.879281635871337]
[-13.034947862419877, 29.528295156918144, 24.058020390665565, -22.972511631484384, -6.2885943436241, -4.212565271097836, 36.38832492632022, 33.86133595797819, 30.296053888143433, 16.883565187003605]
[-13.047996582476912, 29.537709434594902, 24.079466555712894, -22.844302826263153, -6.418075048969232, -4.342936445659582, 36.44594286469338, 33.87705670026384, 30.32206045774983, 16.89641584040041]
[-13.583032244171882, 29.26924998016225, 24.81771263268667, -20.359024189831736, -8.773680336708384, -7.596953108698116, 37.557626683246795, 34.527861718619306, 30.886389126679223, 17.82221450743814]
[-13.583717125526729, 29.274018206113105, 24.81464801521473, -20.34141052148801, -8.7942013425474, -7.610006427053198, 37.5653254323543, 34.530125920791384, 30.889423122646907, 17.819689630637185]
[-14.025160811198385, 29.073518660978507, 25.312346980197216, -18.56007096496282, -10.49010588597511, -10.016515447829445, 38.38895610158707, 35.032168865998145, 31.31646414068858, 18.503526432339637]
[-14.279779456555872, 28.934635397443344, 25.67533968873187, -17.38585423087363, -11.598054275805483, -11.566363594986608, 38.910787712682804, 35.34372774456908, 31.58062397642018, 18.95663911487924]
[-14.52533997132947, 28.69639444568016, 25.99771996509633, -16.685684184266663, -12.208937477885463, -12.741185668396, 39.21844513838252, 35.65683675388286, 31.758371045291547, 19.46698697299552]
[-14.53660250046795, 28.686299542447863, 26.012224944641268, -16.65197628476655, -12.238691344076132, -12.795784024546666, 39.23347806235097, 35.670806024371274, 31.767034174556663, 19.48940897442961]
[-14.760202869969936, 28.466348764058537, 26.307512256299965, -16.01851145139158, -12.790068437294783, -13.864491000644566, 39.51097416535521, 35.95729225781996, 31.92750082803419, 19.957888173942344]
[-14.776726010168822, 28.44782320484021, 26.33196421405086, -15.971672690009497, -12.82974458826904, -13.94550644881837, 39.530763464623575, 35.979426658769164, 31.93917391541807, 19.99571842722681]
[-14.792295718369338, 28.441762953633845, 26.345276211782426, -15.919519510195922, -12.87932516530676, -14.019041224127033, 39.556359361536295, 35.995252773949986, 31.953352686420345, 20.016228145450725]
[-15.013848560830663, 28.21017899085568, 26.649424482790963, -15.301657614061511, -13.41088204175841, -15.081138241026313, 39.822910592561925, 36.285145223153236, 32.1084870707063, 20.498521005232146]
[-15.0778070568663, 28.15940172446752, 26.726204369250848, -15.105626535890618, -13.586859361540892, -15.389582726363301, 39.91227457395125, 36.36158318798125, 32.15951128365205, 20.617151888072122]
end_values
[10463732.15174644  4717463.08579967]
[10070304.74738601  4727703.7440227 ]
[5994926.21220659 4949523.9205291 ]
[5815134.11968419 4966637.52021907]
[5638324.93013938 4989229.89736284]
[3424370.43366639 5404817.52627498]
[3337748.66719373 5423157.47132516]
[2437715.17811629 5684642.94862524]
[2338973.32769243 5717511.56126644]
[2180022.73158057 5781371.21813826]
[1391496.41002281 6127034.33658533]
[1268823.93643185 6190543.23057814]
[1244931.00430147 6205075.0774258 ]
[1184025.21494894 6247231.64640431]
[1184025.21494894 6247231.64640431]
[1156510.06895912 6273871.73588977]
[ 658950.73951015 6837837.56365645]
[ 636568.96397321 6866092.74503032]
[ 632599.86903095 6871781.67359283]
[ 621709.99282185 6888924.20640681]
[ 362881.75801252 7344142.91218184]
[ 362045.3232731  7346208.34168936]
[ 212866.43616178 7723508.99382749]
[ 128223.39457557 7982279.71497516]
[  71904.70256429 8186232.1502163 ]
[  69523.85257916 8195946.32972504]
[  37995.89832126 8388784.04688386]
[  35989.52326226 8403640.79364806]
[  34950.2569918  8417450.77422728]
[  22267.2086446  8616396.43361029]
[  21323.78847045 8675857.51096087]
