values
[448.8846655294346, 1190.1562733295602]
[455.7813430834148, 1107.3098254570157]
[459.6088319310372, 1066.623386571816]
[463.68908749241444, 1026.4358844999897]
[470.4971125812984, 992.7153625808287]
values
[432.2156931698975, 1519.7849261413944]
[432.54065298189346, 1499.987015180584]
[432.72733668002087, 1488.3082723655073]
[432.83912737762046, 1388.250713599266]
[435.4066134674881, 1353.4787243400478]
[435.701318842662, 1338.6425138862392]
[436.6359356004854, 1297.0914833200768]
[438.01051107686715, 1286.584295631337]
[441.30485688586816, 1226.1380034210133]
[441.47903623455784, 1222.7991345166645]
[442.55924500101145, 1203.1097645135112]
[442.6579310309463, 1202.2412132601864]
[442.9447193354546, 1196.6583477995002]
[443.34612695944134, 1190.2426475922489]
[444.8394406729761, 1168.2765619593724]
[445.7137917156148, 1163.517028680072]
[447.2019462792507, 1143.6794658102176]
[449.3663940716115, 1118.3570270566088]
[449.714749185848, 1116.5817577762898]
[450.29141786703167, 1112.405350521574]
[451.25450452551297, 1102.011964221055]
[451.90450591190177, 1092.6337890268217]
[453.3011151550694, 1081.7533604686532]
[454.33856512919886, 1072.6311048173022]
[454.5208587363094, 1070.6283644339305]
[455.807713789772, 1060.171048293248]
[456.57139722510783, 1053.8656236872455]
[456.6437895040084, 1053.4029827294885]
[457.7346247269184, 1044.9164502483118]
[458.39891094679666, 1039.5292041257471]
[459.02682375341664, 1034.6365447825885]
[459.62070711660436, 1030.2000050944732]
[459.77625438734424, 1029.0462089901512]
[460.8180995971686, 1021.5032449666984]
[461.36118443680215, 1019.3424778569721]
[461.3997129239501, 1017.3078236767788]
[461.5647036231341, 1016.2168215306858]
[461.9315370637087, 1013.6035253244002]
[462.0243565335577, 1012.9675893894662]
[462.53538221328074, 1009.3253631850674]
[462.86122914561065, 1007.9190807816354]
[463.0243239714592, 1007.1848039429816]
[463.5224671945819, 1002.6664422409841]
[463.97882390310815, 999.93522977691]
[463.9994123484368, 999.2464025881306]
[464.22576526824145, 998.1451256471203]
[464.3391603626232, 997.1248085125619]
[464.57392045693484, 995.556041879901]
[464.7963354611021, 994.3658655557307]
[464.9249728431466, 993.7579576035837]
[465.26975537033053, 991.7373895013582]
[465.50438543736277, 990.5675638035642]
[465.6848371386225, 989.3342188720729]
[465.97978233990324, 988.5039219825219]
[466.39092616722667, 983.766766522717]
[467.6421703156444, 976.1410456248268]
[467.69919146189557, 975.9136583500228]
[468.22038977822143, 973.2878266178872]
[468.31224627648635, 972.5928682025892]
[469.0879101597165, 968.705010250072]
[469.2043015972022, 967.9206584951456]
[469.43658392642186, 966.3109550105377]
[469.5398319988649, 966.2373229222302]
[469.6805604477854, 965.3793732968526]
[470.3378807847137, 962.1350254805229]
[471.28148137911523, 957.090923212953]
[471.36769120262113, 956.4053050581957]
[471.7744624031143, 953.988151049095]
[471.8018087373047, 953.8772802958356]
[471.98689368016375, 953.607188757051]
[472.2721625198293, 951.9696140393852]
[472.69856524937376, 950.4193902216384]
[472.736487586374, 950.2588831081971]
[472.77120809769804, 950.0566601345195]
[472.811065883932, 949.9837839796592]
[472.88403006319254, 949.6778808703846]
[472.92500660256945, 949.6084950441733]
[473.0873327424225, 948.9425745000369]
[473.2745175217197, 948.7418457400192]
[473.2990330158834, 948.4305600420355]
[473.301540875572, 948.2193195813388]
[473.4407063856293, 947.929798909829]
[473.86068024433143, 946.5311719661164]
[474.37489510912326, 944.9556361742684]
[474.4140819813176, 944.8373650501035]
[474.62406457631505, 944.4027642698342]
[474.84420705246004, 943.7200976955493]
[474.878465295615, 943.5943868157045]
[475.1441078856334, 942.958772075204]
[475.31394055158535, 942.533735221937]
[475.35391539391185, 942.4145486742423]
[475.44840050127976, 942.2224537936303]
[475.5102068012998, 941.9956729076944]
[475.59506096715404, 941.8800513015667]
[476.0047717921615, 941.0862896425999]
[476.0701610799921, 940.8252116267245]
[476.19755187814854, 940.7662339556188]
[476.338015942504, 940.2459063497496]
[476.596424028764, 939.7621807704973]
[476.6649244893089, 939.4904453313717]
[476.8000902753186, 939.4236373119301]
[476.8055095952746, 939.3821223885324]
[476.8466663927993, 939.2582646577367]
[477.3367970945261, 938.4223643150175]
[477.36638362709414, 938.3362215873763]
[477.56475833654133, 938.0870063467192]
[477.70661465350264, 937.6600360703872]
[477.893187471933, 937.4521848699699]
[477.9429340866383, 937.38636125235]
[478.0508586896127, 937.0088202722852]
[478.2413268946837, 936.6923029726102]
[478.4439472824487, 936.5691745642057]
[478.5099176821351, 936.543868008239]
[478.5237560909744, 936.4427942257157]
[478.9688601638177, 935.4164620922503]
[479.14258182626213, 935.2202114870125]
[479.165202397353, 935.141761584733]
[479.3173485427946, 935.0318509789622]
[479.3628058519702, 934.8763602675921]
[479.53528421893276, 934.6915286983673]
[479.6187902788501, 934.6895700733409]
[479.74014596179427, 934.5424400137459]
[479.76179642445027, 934.3759411685293]
[479.85030634290956, 934.2708956667481]
[479.93905985263217, 934.1682859619367]
[480.0809454823549, 934.0076400132949]
[480.1172976458673, 933.9709431583581]
[480.21444004126573, 933.8749345194576]
[480.3239982524837, 933.6842432864187]
[480.5749122223927, 933.5302785304963]
[480.5784207626493, 933.4925273704717]
[480.6487681956851, 933.47057614745]
[480.673423815758, 933.4511680181034]
[480.722790499367, 933.4131216514005]
[480.7722311075936, 933.3761387787299]
[480.8535072749088, 933.3259914594405]
[480.88530215205697, 933.312165787191]
[480.9349897279926, 933.2789421206676]
[480.99877832879474, 933.2542118022791]
[481.0486389478218, 933.2238687521575]
[481.3835462340071, 933.1973770996866]
[481.6618141594758, 933.117036711411]
[481.7869778002042, 933.056609118319]
[482.538714648585, 933.0489630233055]
[482.5793425540946, 933.0198697607931]
[482.7112957178193, 932.9770340096993]
[482.9872186739756, 932.9317729631722]
[483.1542808115937, 932.8895786314876]
[483.45788651877626, 932.8245330009235]
[483.5256316187091, 932.8121152880931]
[483.66150194586726, 932.789461228686]
[483.7959378490947, 932.7710534658288]
[483.7978791094153, 932.7697252597178]
[483.9341148547438, 932.75310278381]
[484.067608107932, 932.750026710695]
[484.06782457165946, 932.7489712213495]
[484.0679869197659, 932.748208124035]
[484.0680410358605, 932.7479593434173]
[484.0707468783412, 932.7397302272469]
[484.0708551135799, 932.7395962296462]
[484.0721539456811, 932.7392923763656]
values
[419.0563407816527, 1709.6902885230697]
[419.61525600221785, 1660.3417458224924]
[419.6341390035699, 1637.9514328578853]
[419.6411785232719, 1624.6040955073797]
[419.6773680383791, 1611.3513633380853]
[420.3827667924446, 1585.229315868719]
[420.8693633192639, 1576.5762329635481]
[421.2480716713219, 1537.2233797881713]
[421.46104846419513, 1528.6992929950047]
[423.65837062054703, 1481.9814075120112]
[424.2755277699036, 1448.0500501708711]
[425.03613496854837, 1427.5802906329766]
[425.85780818728483, 1426.319063818211]
[428.03674264704557, 1364.869534585151]
[428.5631188984463, 1357.1353708695233]
[429.6861179292888, 1351.0331449107246]
[430.0320622093375, 1336.5602020601145]
[430.640811046522, 1334.8825542954855]
[431.0246119795887, 1328.269184103668]
[431.9607154440285, 1305.6358717436506]
[433.3203552319492, 1287.9754499129351]
[434.33831818097366, 1279.1071240764177]
[434.3924640869945, 1269.7895409786531]
[435.8437809519827, 1258.4037438132082]
[437.47718396912705, 1255.0799887543772]
[438.7420216649502, 1221.788918162987]
[439.80931749841795, 1207.1701660622014]
[440.6035051292482, 1196.1693601708796]
[441.13018443848307, 1190.8009237970934]
[441.70788454870274, 1185.4622091873898]
[442.6901496329456, 1178.1531514495905]
[443.1180006878597, 1175.304694326108]
[444.0451140636931, 1168.8858329810446]
[444.8394406729761, 1168.2765619593724]
[445.4931591608129, 1150.8213139835427]
[445.5074184772034, 1149.5577057644725]
[445.69719475249923, 1146.6548851480402]
[446.7099676918693, 1142.0477343884004]
[446.8677791055438, 1136.4958635752]
[447.14247332512787, 1134.4230034601842]
[447.84391940954936, 1127.3093428811349]
[447.9379560256343, 1124.6634155109757]
[448.09976014085447, 1124.5009078957473]
[448.8210266582292, 1121.9507591587667]
[449.01581591612256, 1118.5666131389607]
[449.3391280005421, 1114.1710714454666]
[449.4581075270078, 1112.6031864391257]
[449.92957781178086, 1107.256881389414]
[450.00279231936366, 1107.118160864532]
[450.804685040065, 1100.7974868326776]
[451.78310254266927, 1093.0534239851631]
[451.90450591190177, 1092.6337890268217]
[452.06877086935054, 1089.9077414063302]
[452.4653658320942, 1089.7143548846384]
[452.5710896749746, 1088.7185953669696]
[452.6804438097971, 1086.6939697005978]
[453.1145067717335, 1082.8818838117122]
[453.29321394052516, 1079.6228472069963]
[453.33109155093695, 1078.9220779774896]
[453.93702464675937, 1074.9082543408267]
[454.100195928744, 1072.1738319255894]
[454.24664129155417, 1071.8855893361979]
[454.42418746489045, 1070.998454086672]
[454.5208587363094, 1070.6283644339305]
[454.6665414503446, 1068.1944662683034]
[454.9799368799643, 1066.154704256087]
[455.1922949212719, 1064.4918934272337]
[455.32645028520653, 1063.2186675484281]
[455.46384716224776, 1061.9643322640638]
[455.807713789772, 1060.171048293248]
[456.15252020200063, 1058.3202374893715]
[456.2893576382835, 1055.1598618974347]
[456.57139722510783, 1053.8656236872455]
[456.6437895040084, 1053.4029827294885]
[457.4143040019412, 1046.743146176188]
[457.5610230664827, 1045.390788758646]
[457.7346247269184, 1044.9164502483118]
[458.39891094679666, 1039.5292041257471]
[458.84228425384083, 1036.3104446752143]
[459.02682375341664, 1034.6365447825885]
[459.2138173750094, 1033.302468305551]
[459.4061772973638, 1032.0967020699745]
[459.62070711660436, 1030.2000050944732]
[459.69640929219247, 1030.1283067272611]
[459.73030903336456, 1029.8360904950498]
[459.77625438734424, 1029.0462089901512]
[459.957189072783, 1027.8741640775604]
[460.3833381357607, 1025.9046378297326]
[460.51835033411226, 1023.8407520957878]
[460.8180995971686, 1021.5032449666984]
[460.9144391058136, 1020.9097614959986]
[461.2767193885028, 1018.3774854597401]
[461.3997129239501, 1017.3078236767788]
[461.5647036231341, 1016.2168215306858]
[461.9315370637087, 1013.6035253244002]
[462.0243565335577, 1012.9675893894662]
[462.26953246108394, 1011.4202812320184]
[462.53538221328074, 1009.3253631850674]
[462.86122914561065, 1007.9190807816354]
[463.0243239714592, 1007.1848039429816]
[463.44345653831135, 1003.054833252544]
[463.5224671945819, 1002.6664422409841]
[463.5336344947233, 1002.4052733607117]
[463.6248096907353, 1001.762574635546]
[463.97882390310815, 999.93522977691]
[463.9994123484368, 999.2464025881306]
[464.22576526824145, 998.1451256471203]
[464.3391603626232, 997.1248085125619]
[464.57392045693484, 995.556041879901]
[464.74201570557636, 995.1785585667948]
[464.7963354611021, 994.3658655557307]
[464.9249728431466, 993.7579576035837]
[465.26975537033053, 991.7373895013582]
[465.50438543736277, 990.5675638035642]
[465.65770996719573, 988.3921479851643]
[466.05906233459797, 986.0880880250493]
[466.2778584054242, 984.9405495569617]
[466.39092616722667, 983.766766522717]
[466.4005589555305, 983.7248351815497]
[466.9746691267701, 979.9370474936486]
[467.0561673259047, 979.8356565862815]
[467.0831525027413, 979.3700774134272]
[467.1428314966863, 978.9356828538394]
[467.5595872491761, 976.6017024579819]
[467.58511859128294, 976.4500474149918]
[467.6421703156444, 976.1410456248268]
[467.69919146189557, 975.9136583500228]
[467.7755317963581, 975.4717925679262]
[467.81181463722237, 975.2886567786749]
[467.851793260068, 975.0944361691709]
[468.2094230232406, 972.5671154525219]
[468.31118792504805, 972.1071881083593]
[468.6320371011225, 971.5488476566751]
[468.77496173653174, 970.9967551596131]
[468.9081431479796, 970.1553137443467]
[469.0879101597165, 968.705010250072]
[469.1356540282803, 967.9024846182502]
[469.3731310299009, 966.8787923048912]
[469.43658392642186, 966.3109550105377]
[469.4671519704238, 966.1403866031806]
[469.5639387071004, 966.0198349495283]
[469.5807006790631, 964.7213138462849]
[470.3378807847137, 962.1350254805229]
[470.8359866849002, 957.6746672920285]
[471.28148137911523, 957.090923212953]
[471.299189393723, 956.0819121866671]
[471.5935263873934, 954.8428164269029]
[471.6195079340534, 954.77780442252]
[471.6495353428114, 953.8623615160651]
[471.75780954931855, 953.2075627639648]
[472.0211509802219, 952.9667357211983]
[472.10831861176126, 952.6454616240435]
[472.2686415270375, 951.9745033944639]
[472.27130745292544, 951.3764700080973]
[472.50546728834473, 950.2920904691871]
[472.5920977706421, 950.2442684497208]
[472.6996683832893, 949.3211985864359]
[472.9527763935945, 948.5585315546841]
[473.10616314370174, 948.2623327885125]
[473.1113275618929, 948.1254027070063]
[473.2069158695921, 947.4313096290011]
[473.2277723450247, 946.3113342609726]
[473.439655125364, 945.664611262671]
[473.63716256503704, 944.8978631859329]
[474.04759130591515, 943.9047308655759]
[474.0750041308525, 943.6728112372145]
[474.5030556976858, 942.3766896075942]
[475.01287095051873, 942.1471548921772]
[475.0465160917304, 942.0576268556667]
[475.0677632718151, 942.0419181626047]
[475.1627265286867, 941.8646984416629]
[475.1755092389642, 941.6634756357362]
[475.3333995562944, 940.225763741374]
[475.3833874211483, 940.0473638350695]
[475.736074150637, 939.3377609363027]
[475.77953810032056, 939.1997556552421]
[475.8468828197657, 939.0474314730171]
[475.92126293523637, 938.8859404863623]
[475.9983980087396, 938.7469877632751]
[476.18006209562355, 938.3876262585038]
[476.18099025255015, 938.3805586215318]
[476.1967828416658, 938.334448585989]
[476.24638840395244, 938.2366527467472]
[476.2878294046925, 938.1572803057232]
[476.342563074021, 938.0762021883658]
[476.57465581257316, 937.6509960639942]
[476.58876959191286, 937.6235064053974]
[476.67149311128907, 937.4764686507802]
[476.7164894159734, 937.3443486985593]
[476.83792217015986, 937.1882015494818]
[477.00566058918844, 936.9077006652698]
[477.1660589585251, 936.6596444117824]
[477.1747083683748, 936.634995233352]
[477.26183857167626, 936.4833017938275]
[477.3084131635841, 936.4639965985792]
[477.3194488238324, 936.4260101254995]
[477.49191871239645, 936.2113229256272]
[477.6400536996288, 935.9578810668343]
[477.6750162137008, 935.9246850896624]
[477.72017114363035, 935.9134465946645]
[477.76074596628143, 935.8720198351239]
[477.7946206631865, 935.8303973376179]
[477.80473491482473, 935.7972883726618]
[477.8285513745342, 935.7891356746961]
[477.9209546923423, 935.4934888674395]
[477.97936923589, 935.4666669927146]
[478.0949629800964, 935.4022818427968]
[478.18073782009424, 935.2545873914744]
[478.2814450168828, 935.1323102385172]
[478.3541186683865, 935.1002476277465]
[478.38250231630275, 935.0165566659502]
[478.4238224636844, 934.9265394302944]
[478.4511849335945, 934.868857257028]
[478.47937923497125, 934.8681640085266]
[478.480799587735, 934.7939163911389]
[478.6630869750182, 934.664309213088]
[478.7504722766689, 934.5169271522266]
[478.916514142044, 934.4569197538896]
[478.93300736168635, 934.3918050354908]
[478.99383336871415, 934.3333492355855]
[478.99806011877274, 934.3144002359339]
[479.1058753683078, 934.2992388473062]
[479.12132216328007, 934.1879144301746]
[479.1486225090396, 934.1831201316603]
[479.1771751245028, 934.1645332422994]
[479.26469407721527, 934.1246314068135]
[479.34211060056015, 934.0991375455558]
[479.3777821559888, 934.0601464638582]
[479.4008765059466, 934.0557879765497]
[479.4048809310649, 934.0415011708585]
[479.4236461798661, 933.9552206952123]
[479.5477454422529, 933.857591009814]
[479.6917365295601, 933.8389615653228]
[479.78264869234636, 933.8361659709848]
[479.8432527061243, 933.8292100968655]
[479.85468457562513, 933.8208200743919]
[479.87322732126097, 933.6978128904747]
[479.9593631969711, 933.6427287130357]
[479.9993325522793, 933.6183786874353]
[480.06460787889773, 933.5719372709929]
[480.1196163330364, 933.547492971336]
[480.1282131601028, 933.4700949285636]
[480.2445236064192, 933.4659097496486]
[480.3050977329033, 933.4332633364755]
[480.42577989780386, 933.368754469029]
[480.4760105295328, 933.3458017835202]
[480.5011709469276, 933.3351888721625]
[480.5246325129116, 933.3346547959994]
[480.6063871785515, 933.2964160081175]
[480.6507775898308, 933.2894898638181]
[480.670567911977, 933.2890495095006]
[480.7138944274289, 933.2810071188397]
[480.760898121565, 933.2657609436187]
[480.77064793949626, 933.2242673683445]
[480.90299363541124, 933.2080126099545]
[480.9359106066609, 933.1578907331034]
[480.97738282129893, 933.1421984641472]
[481.01891765507565, 933.1268669553184]
[481.1128474812776, 933.1117048369291]
[481.21863067361164, 933.0927140964695]
[481.26887821494853, 933.0546599156289]
[481.26944165964983, 933.0424539987122]
[481.3955490203099, 933.0051179898727]
[481.4917433786934, 932.9762732176065]
[481.52664498954357, 932.9671336240142]
[481.5789972248318, 932.9618368723367]
[481.5835533909932, 932.9556546850225]
[481.5852503649644, 932.9443712670668]
[481.67606774939156, 932.9297222052184]
[481.75536570058864, 932.907528533917]
[481.7642458512095, 932.8960367230416]
[481.8290172621957, 932.8872131978992]
[481.8547028071555, 932.8769994228995]
[481.8844033798234, 932.8704427585927]
[481.8949657695788, 932.8695334192502]
[481.93450612832896, 932.8582886806014]
[481.94432568566685, 932.854084906388]
[481.980731009147, 932.847424413237]
[482.023253765546, 932.8465122042413]
[482.0361036541713, 932.8319122245318]
[482.0686409524949, 932.8292743727175]
[482.09776333077093, 932.8222764953168]
[482.10200352043984, 932.8220099999477]
[482.1243966478811, 932.8132855367063]
[482.15809708923626, 932.8055838087352]
[482.18437805624234, 932.8036998569713]
[482.22724088492026, 932.7960227132658]
[482.24527937547424, 932.7877534535986]
[482.2879169845, 932.7841818158762]
[482.3055678836839, 932.7792712008979]
[482.35696933697795, 932.7730941563208]
[482.374468657228, 932.7707948672531]
[482.40578776208736, 932.7615777640983]
[482.4138034470495, 932.7573713342182]
[482.4374070804456, 932.7536069710038]
[482.4792566018092, 932.7529288462416]
[482.501031663968, 932.7507164998182]
[482.52964636013303, 932.7502099017953]
[482.5373342668324, 932.7402820315399]
[482.5576185104713, 932.7359487710984]
[482.5595446074837, 932.7356612019146]
[482.5781262221352, 932.7348168048904]
[482.5895816705191, 932.7347161682161]
[482.60013034025087, 932.7331537228306]
[482.63958801990304, 932.7285025293803]
[482.6509254527626, 932.727045576956]
[482.65901637736977, 932.7267812887267]
[482.6664010916119, 932.722355967854]
[482.6716562356546, 932.7217805599647]
[482.7021001413179, 932.7183869558403]
[482.71068511597895, 932.7174698278045]
[482.75319293885656, 932.7166947335929]
[482.7633662505816, 932.7150812499927]
[482.77398003807957, 932.7141298652576]
[482.7841689355282, 932.7102213087956]
[482.79083073116317, 932.7095496314893]
[482.84365703727235, 932.7080117318272]
[482.8491994702317, 932.7046648620528]
[482.89708270710446, 932.7009856057074]
[482.9143641568598, 932.6999120695066]
[482.9316554550518, 932.6989484134506]
[482.97100286642603, 932.6963635509536]
[483.07589200056884, 932.6912419665903]
[483.15893758842947, 932.6890703696791]
[483.2644391168527, 932.6875101609565]
values
[415.1942248861227, 1733.1597341663833]
[415.8496485256639, 1655.0298949274138]
[416.44620589791083, 1626.6377737686134]
[416.79066427241713, 1612.4703776439487]
[418.34360032437206, 1550.1841127972998]
[419.38030991428445, 1522.1142837064972]
[420.5401653398845, 1494.1304510084196]
[421.8274239122597, 1461.2394382639773]
[422.44601860706746, 1450.4056379550655]
[422.5196751276657, 1447.3371357859628]
[423.2427128019937, 1433.457557967193]
[423.6974557905832, 1421.377915430895]
[424.4083725843828, 1418.5506909573387]
[425.42021674527007, 1394.4923924344666]
[425.5965445785091, 1391.966755571234]
[427.10059036652507, 1381.4235053305692]
[427.94566629030766, 1370.7744803419569]
[428.03674264704557, 1364.869534585151]
[428.377872935545, 1346.5038556682405]
[428.8321769035381, 1341.0000367601133]
[428.90419812276275, 1339.2043856958078]
[429.3209867187057, 1332.80020859006]
[430.13724746974606, 1324.0187767231987]
[430.2948869607883, 1319.1258835827389]
[431.9607154440285, 1305.6358717436506]
[432.3350468217193, 1291.874469024891]
[432.8979627395455, 1284.5510952862073]
[433.4820850003188, 1279.0334177028149]
[434.3924640869945, 1269.7895409786531]
[434.4410404189606, 1267.2562460174809]
[435.8437809519827, 1258.4037438132082]
[435.91819374800974, 1247.7181499942703]
[436.6874480738399, 1238.2472860246635]
[437.2892509302063, 1232.1992560908404]
[437.4015105956184, 1230.549077610525]
[438.17330256822083, 1225.4965725809475]
[438.27535999091856, 1220.7481553500775]
[438.60703196377216, 1218.4750692848995]
[439.80931749841795, 1207.1701660622014]
[440.1534831426832, 1200.9075755734098]
[440.6035051292482, 1196.1693601708796]
[440.755672069515, 1193.9633674404195]
[441.1006057604415, 1191.0525818339518]
[441.13018443848307, 1190.8009237970934]
[441.5330882179595, 1188.873570285917]
[441.70788454870274, 1185.4622091873898]
[442.4148416909813, 1177.2300673170926]
[443.1180006878597, 1175.304694326108]
[443.1959155052237, 1169.6209639950494]
[444.0451140636931, 1168.8858329810446]
[444.39636888066156, 1158.3195558640534]
[445.08591072902755, 1155.527493152963]
[445.15741600678774, 1154.1530747842667]
[445.2665876455054, 1150.5926481885094]
[445.34622500825947, 1149.7789401043794]
[445.4496705188044, 1149.1081249022238]
[445.69719475249923, 1146.6548851480402]
[446.5457160983224, 1138.617181704349]
[446.8677791055438, 1136.4958635752]
[447.14247332512787, 1134.4230034601842]
[447.4910285003794, 1130.8735479898933]
[447.66302686658867, 1127.5146533997095]
[447.84391940954936, 1127.3093428811349]
[447.9379560256343, 1124.6634155109757]
[448.09976014085447, 1124.5009078957473]
[448.8210266582292, 1121.9507591587667]
[449.01581591612256, 1118.5666131389607]
[449.3391280005421, 1114.1710714454666]
[449.4581075270078, 1112.6031864391257]
[449.92957781178086, 1107.256881389414]
[450.00279231936366, 1107.118160864532]
[450.4036228050276, 1103.3686993161682]
[450.46862589875366, 1103.0798560711016]
[450.804685040065, 1100.7974868326776]
[450.8692019910703, 1098.9036349745584]
[451.78310254266927, 1093.0534239851631]
[451.90450591190177, 1092.6337890268217]
[452.06877086935054, 1089.9077414063302]
[452.4653658320942, 1089.7143548846384]
[452.5710896749746, 1088.7185953669696]
[452.6804438097971, 1086.6939697005978]
[452.9308795441437, 1082.8972867343919]
[452.9521398780523, 1081.9882641292888]
[453.15876142193616, 1080.4914326324565]
[453.29321394052516, 1079.6228472069963]
[453.3088659212187, 1079.0550770559744]
[453.33109155093695, 1078.9220779774896]
[453.93702464675937, 1074.9082543408267]
[454.100195928744, 1072.1738319255894]
[454.24664129155417, 1071.8855893361979]
[454.42418746489045, 1070.998454086672]
[454.5208587363094, 1070.6283644339305]
[454.6665414503446, 1068.1944662683034]
[454.9799368799643, 1066.154704256087]
[455.1922949212719, 1064.4918934272337]
[455.32645028520653, 1063.2186675484281]
[455.46384716224776, 1061.9643322640638]
[455.807713789772, 1060.171048293248]
[456.0452043866958, 1057.0153127512092]
[456.2569003147928, 1055.2848607752446]
[456.2893576382835, 1055.1598618974347]
[456.57139722510783, 1053.8656236872455]
[456.6437895040084, 1053.4029827294885]
[457.4143040019412, 1046.743146176188]
[457.5610230664827, 1045.390788758646]
[457.64854649635475, 1044.3436738675423]
[458.39891094679666, 1039.5292041257471]
[458.5594940381909, 1038.3866871354599]
[458.8098721280449, 1037.324655431989]
[458.84228425384083, 1036.3104446752143]
[458.8876397762819, 1035.9190716832277]
[459.02682375341664, 1034.6365447825885]
[459.2138173750094, 1033.302468305551]
[459.3390173401209, 1032.07574990052]
[459.62070711660436, 1030.2000050944732]
[459.69640929219247, 1030.1283067272611]
[459.73030903336456, 1029.8360904950498]
[459.77625438734424, 1029.0462089901512]
[459.957189072783, 1027.8741640775604]
[460.3833381357607, 1025.9046378297326]
[460.51835033411226, 1023.8407520957878]
[460.8081388555544, 1021.2719069354388]
[460.9144391058136, 1020.9097614959986]
[460.9475900924383, 1020.0341786550956]
[461.044445372854, 1019.60830247344]
[461.2767193885028, 1018.3774854597401]
[461.3690108153502, 1018.229801617316]
[461.3997129239501, 1017.3078236767788]
[461.5647036231341, 1016.2168215306858]
[461.9315370637087, 1013.6035253244002]
[462.0243565335577, 1012.9675893894662]
[462.26953246108394, 1011.4202812320184]
[462.53538221328074, 1009.3253631850674]
[462.86122914561065, 1007.9190807816354]
[463.0243239714592, 1007.1848039429816]
[463.44345653831135, 1003.054833252544]
[463.5224671945819, 1002.6664422409841]
[463.5336344947233, 1002.4052733607117]
[463.6248096907353, 1001.762574635546]
[463.97882390310815, 999.93522977691]
[463.9994123484368, 999.2464025881306]
[464.22576526824145, 998.1451256471203]
[464.3391603626232, 997.1248085125619]
[464.51795367546686, 995.7949305145845]
[464.57392045693484, 995.556041879901]
[464.74201570557636, 995.1785585667948]
[464.7963354611021, 994.3658655557307]
[464.9249728431466, 993.7579576035837]
[465.0774171526996, 992.0157106898151]
[465.2610735668924, 990.8369990941796]
[465.50438543736277, 990.5675638035642]
[465.5092855053278, 989.2635122718262]
[465.65770996719573, 988.3921479851643]
[465.68599721652186, 988.2000078569098]
[466.05906233459797, 986.0880880250493]
[466.2778584054242, 984.9405495569617]
[466.39092616722667, 983.766766522717]
[466.4005589555305, 983.7248351815497]
[466.9746691267701, 979.9370474936486]
[467.0561673259047, 979.8356565862815]
[467.0831525027413, 979.3700774134272]
[467.1428314966863, 978.9356828538394]
[467.5595872491761, 976.6017024579819]
[467.58511859128294, 976.4500474149918]
[467.61758691676243, 976.0200212356666]
[467.69919146189557, 975.9136583500228]
[467.7755317963581, 975.4717925679262]
[467.81181463722237, 975.2886567786749]
[467.851793260068, 975.0944361691709]
[467.98655171759157, 973.6841349839267]
[468.2094230232406, 972.5671154525219]
[468.26717665005555, 972.2046734644136]
[468.31118792504805, 972.1071881083593]
[468.36552775657583, 971.6765703970462]
[468.4233061174689, 971.0746693718628]
[468.55257373002325, 970.4670852507961]
[468.6888314694523, 969.9498630944576]
[468.73022906432044, 969.5821692473851]
[468.7428356627197, 969.4447780969683]
[468.8105713229751, 969.2414027624769]
[468.82184269873926, 969.0651522576352]
[468.8572882039001, 968.8701282571079]
[468.9875130704124, 968.3742619474112]
[469.09612801008984, 967.6921528130705]
[469.1347521987733, 967.516822119866]
[469.29753147368103, 967.0367684852725]
[469.3081716024408, 966.649188359324]
[469.43658392642186, 966.3109550105377]
[469.4671519704238, 966.1403866031806]
[469.5639387071004, 966.0198349495283]
[469.5807006790631, 964.7213138462849]
[469.8067986116396, 964.2876706593623]
[470.3378807847137, 962.1350254805229]
[470.8359866849002, 957.6746672920285]
[471.28148137911523, 957.090923212953]
[471.299189393723, 956.0819121866671]
[471.5935263873934, 954.8428164269029]
[471.6195079340534, 954.77780442252]
[471.6495353428114, 953.8623615160651]
[471.75780954931855, 953.2075627639648]
[471.85035848660283, 952.1540136961745]
[472.19491595044155, 950.7279920368475]
[472.22492770540805, 949.7121287719539]
[472.5878305624957, 948.7668930408203]
[472.6289319436835, 948.190492755264]
[472.8175270550345, 947.8457532429617]
[472.82532853788433, 947.290728053313]
[472.9022696691431, 946.9604040514425]
[473.10128064944166, 946.1523955343322]
[473.1915793551039, 946.1288908294322]
[473.2324149354424, 945.7356130728995]
[473.255508895837, 945.5893154184655]
[473.2794730879509, 945.556989684508]
[473.4457947408992, 945.0342413845456]
[473.5341447537106, 944.9128730912466]
[473.6031896236174, 944.4466916537446]
[473.7276880358438, 944.0447699998106]
[473.7349910372119, 943.9930089218477]
[473.8805701087531, 943.7758531883455]
[474.0003937857464, 943.428945842383]
[474.00238866131457, 943.182762654423]
[474.0648772448286, 943.0222261878147]
[474.0721058236247, 943.0159853019401]
[474.08632631445266, 942.9785948884495]
[474.1549215813749, 942.7918572966679]
[474.173309033005, 942.7695146872713]
[474.29062568684935, 942.4115821821493]
[474.37840478399727, 942.1048096024749]
[474.4084333622321, 942.0675898857336]
[474.4793261253652, 942.0283632209997]
[474.5808818518127, 941.8733850683054]
[474.59000732080324, 941.5783158451756]
[474.7137783637979, 941.219141990369]
[474.7469232585446, 941.1869156521444]
[474.8672913782649, 940.862407184097]
[474.8974601303103, 940.7838676230307]
[474.94243748913914, 940.6195490828362]
[474.9591447599426, 940.5927075720699]
[474.9816412686098, 940.5098922865645]
[475.0083980570895, 940.4572410881302]
[475.10860585565, 940.2211704881973]
[475.18742964329397, 940.0419961385658]
[475.31037833061544, 939.9082948725157]
[475.3607071994352, 939.8596331705687]
[475.3828790679337, 939.5770292263076]
[475.483518568575, 939.3993630835877]
[475.4950150657793, 939.3940567660753]
[475.52324456858753, 939.2849956926575]
[475.5784340008612, 939.2025953110746]
[475.65653418853685, 939.0373896953099]
[475.6710148656419, 939.0109970836069]
[475.68189564121565, 938.9326399113112]
[475.76259652446595, 938.80579072973]
[475.769718922739, 938.802132642175]
[475.7732380073952, 938.7949043888982]
[475.8257029391923, 938.6946549638747]
[475.87505042883464, 938.6169074105559]
[476.05184081538346, 938.2335059121317]
[476.1426714687998, 938.0612387179142]
[476.1693022289566, 938.0195858943157]
[476.20092417380977, 937.949509451467]
[476.21188791900613, 937.9082872989152]
[476.25174285212194, 937.858562152217]
[476.30672414324795, 937.7662283481866]
[476.3344768765427, 937.7011839368515]
[476.44530097145895, 937.6200337160436]
[476.45379695835817, 937.4972659867628]
[476.4858764951657, 937.4445215833465]
[476.5218885596706, 937.383768785082]
[476.61328770526836, 937.2295691043761]
[476.68162835485975, 937.1013879500578]
[476.70306863927055, 937.0714277483595]
[476.77748822999104, 936.956396022244]
[476.7868632982856, 936.9427145688298]
[476.7993755137894, 936.9299163454695]
[476.8011602018878, 936.9164956513257]
[476.85328732976467, 936.8279046918693]
[476.93421756245095, 936.7019828363608]
[476.96895578278657, 936.6666799934075]
[476.9694761238775, 936.6473693402422]
[476.99150794907405, 936.6095556860371]
[477.0103213605113, 936.6015802469672]
[477.034886176674, 936.5441835218949]
[477.09255537062234, 936.5378277429029]
[477.10387751672613, 936.4610016777416]
[477.1104949711676, 936.437046926517]
[477.1170208845572, 936.4222125956923]
[477.1411469200967, 936.3913868117144]
[477.1494208988795, 936.3770807111285]
[477.22142289356236, 936.2652307620826]
[477.2239756539913, 936.2616410848651]
[477.3206886486645, 936.1315931735095]
[477.3314806655883, 936.1160570619176]
[477.34353329599753, 936.08887673945]
[477.3538337370632, 936.0798400706326]
[477.3671000482403, 936.0678962775311]
[477.3673761630047, 936.0601039019419]
[477.4093118374346, 935.9978003157051]
[477.421770434364, 935.9890862642687]
[477.4538425073582, 935.9460997292728]
[477.4690782911767, 935.9178746395713]
[477.4767669081555, 935.9081433860895]
[477.48699819604144, 935.8978285467381]
[477.51641828882856, 935.8585377538794]
[477.52898988391814, 935.8398440392356]
[477.5331353418752, 935.8276378737273]
[477.5438367422014, 935.8186123731429]
[477.6581025769769, 935.6721737322096]
[477.66901793491445, 935.66097671558]
[477.67404215983515, 935.654577107743]
[477.69717801881006, 935.6227053752464]
[477.7161515231741, 935.5936039816766]
[477.71708737634196, 935.5930378202489]
[477.7298403918652, 935.5769090367098]
[477.7431279059547, 935.5604094157648]
[477.75449170570516, 935.543381093619]
[477.7925683528997, 935.4942094407218]
[477.8346497594585, 935.4574494854855]
[477.870410374753, 935.4018054739671]
[477.90648903122747, 935.3567505191404]
[477.90905866097785, 935.353295604528]
[477.91822429174994, 935.3365971326389]
[477.9423420611983, 935.3158690857157]
[477.9482321167737, 935.3047490080546]
[477.97429286472743, 935.2756539612451]
[478.01087889424, 935.2536182774434]
[478.0455880275069, 935.2292796770337]
[478.0501046146823, 935.1926677637554]
[478.0562797847547, 935.1863578361991]
[478.098542391386, 935.130566206293]
[478.1046929814678, 935.1228167964175]
[478.131363581863, 935.0977599665557]
[478.159913455131, 935.063313450327]
[478.17225301343694, 935.0467264466447]
[478.1825736404965, 935.0320672088665]
[478.25338877668025, 934.9676486514193]
[478.2738126576806, 934.9542702701707]
[478.2918999140062, 934.9149529243427]
[478.2981647279098, 934.9073603320859]
[478.3123496727703, 934.8921777105619]
[478.34021196702275, 934.8641501832265]
[478.3409007297496, 934.8600488932699]
[478.380078745665, 934.8175463906356]
[478.3801790447694, 934.8173520519389]
[478.3803796896342, 934.8169905314978]
[478.3891490261394, 934.8088818726322]
[478.4210396419751, 934.7801205042156]
[478.4705254081241, 934.7376683002435]
[478.48701078002523, 934.7097948628372]
[478.4917502696834, 934.7092023353424]
[478.4997765956122, 934.6958221041049]
[478.5284860126774, 934.6678897095238]
[478.5326743128827, 934.6637239280255]
[478.5577751002991, 934.6389855923801]
[478.5796344703208, 934.6133744743883]
[478.57992089686957, 934.6128264373107]
[478.597282314272, 934.6089323119995]
[478.6323595964475, 934.5913703424994]
[478.6688374113644, 934.5339334682991]
[478.69686925267354, 934.5013541686501]
[478.7048591306378, 934.4938982076707]
[478.71137022762133, 934.4879514123836]
[478.7283270091966, 934.4769785734087]
[478.73830532514023, 934.4569447910227]
[478.74987693283674, 934.4522070269581]
[478.75348142625813, 934.4519104294642]
[478.7674479172114, 934.448253586387]
[478.77465073242604, 934.4417329292919]
[478.77696354073566, 934.4392731796671]
[478.781211779623, 934.4195778889977]
[478.7813024315511, 934.4194098613854]
[478.8146045240204, 934.4021041059806]
[478.85655863340327, 934.3949704608995]
[478.89281660516224, 934.3357975184726]
[478.89571525313374, 934.3173338963607]
[478.9032162871505, 934.3107525813308]
[478.9250083392236, 934.2947369957778]
[478.931205423846, 934.2913920326017]
[478.9411079609645, 934.2778086950077]
[478.97686487747427, 934.2488705660659]
[478.9844384808909, 934.2369146408015]
[478.98461012201875, 934.2366044114768]
[479.00132427347785, 934.2244920587236]
[479.0379913257847, 934.2000556657164]
[479.0702591762352, 934.1671281508459]
[479.0815210892146, 934.1561340553]
[479.10305178645586, 934.1385913387029]
[479.1261499760989, 934.1237389654691]
[479.1420916847719, 934.1209147095533]
[479.146035011625, 934.0973750509362]
[479.170548693879, 934.0828764868702]
[479.18586787776553, 934.0677440712776]
[479.1896674724526, 934.0647369850839]
[479.2260601742674, 934.0516452290938]
[479.2303217595411, 934.031326768734]
[479.2982119286819, 933.986462644114]
[479.31331446052627, 933.9696129308335]
[479.31362716137886, 933.9693186935607]
[479.328600440464, 933.9580926550015]
[479.35730551248855, 933.9367944769077]
[479.35918025191955, 933.9354886118305]
[479.39190037113326, 933.9254112038374]
[479.3965251899636, 933.9049371133608]
[479.39656515033255, 933.9036676358112]
[479.417085218232, 933.8954366773116]
[479.4210706984409, 933.8911523329508]
[479.4455917652357, 933.8747413239297]
[479.47807795229306, 933.8585057949653]
[479.5248618918358, 933.8127750943061]
[479.53731564545967, 933.8026536432976]
[479.5481520543432, 933.7965154636919]
[479.5651945906675, 933.7903893436232]
[479.5811195857236, 933.788011597826]
[479.59914219473643, 933.773358009913]
[479.60270059757147, 933.7515966986684]
[479.62683436133216, 933.7421425180182]
[479.6458657500498, 933.7205045425517]
[479.6832856356525, 933.7049370227397]
[479.68546889434833, 933.7031827129988]
[479.72321788034606, 933.6770741385254]
[479.72677851372816, 933.6651912497041]
[479.76493119685983, 933.6569259676525]
[479.7699073375546, 933.6447222576028]
[479.8636636111422, 933.5883875474157]
[479.8668673990126, 933.5731625613886]
[479.89311278625974, 933.5631243134548]
[479.9273184417893, 933.5303825551754]
[479.9439670680313, 933.523467073001]
[479.9768427913413, 933.4999054535441]
[479.99224753650526, 933.4986850092574]
[480.0264673232833, 933.4700127425147]
[480.0631729247891, 933.4574650573038]
[480.0892525168613, 933.4424172516747]
[480.1698381115274, 933.3919383746618]
[480.19724664110254, 933.3702356721268]
[480.2107226184938, 933.3700732776181]
[480.24823002287286, 933.3415784125626]
[480.26734243114856, 933.3315912155837]
[480.31805851788243, 933.3087070131545]
[480.3606076150056, 933.3037343969089]
[480.374851426193, 933.294027310832]
[480.38461976615486, 933.2698370080439]
[480.4172228105773, 933.2555091737122]
[480.41791121743654, 933.2511651233514]
[480.4682088936922, 933.2371218220263]
[480.48674751878286, 933.2351554332155]
[480.50045922161036, 933.2106853184185]
[480.5468773846812, 933.2094554965444]
[480.54775353973196, 933.1882866848176]
[480.60629064373114, 933.1613681211887]
[480.65072134838977, 933.1506507433514]
[480.65967502951116, 933.1396403806654]
[480.71199246614776, 933.113767215839]
[480.7239090728438, 933.1087308381609]
[480.76003590384795, 933.1018033523508]
[480.8168278138959, 933.0723703293403]
[480.8231546612815, 933.0711119555299]
[480.86634736630543, 933.0509034132202]
[480.8857367074253, 933.0445723793658]
[480.94939434857224, 933.0195510605186]
[480.9734587181219, 933.0108848395396]
[481.0522173452387, 932.983832582437]
[481.066698035117, 932.9793175302513]
[481.0908821325241, 932.9738780110412]
[481.10005154143005, 932.9693672024199]
[481.1405394129743, 932.954601036152]
[481.16981531614204, 932.9480969564278]
[481.2489927283742, 932.9239368019158]
[481.2516228928974, 932.9152263966542]
[481.3082501713754, 932.9049829616104]
[481.3631707624879, 932.8786071395884]
[481.462565518967, 932.8710272521586]
[481.4781193737515, 932.8661449298338]
[481.53878308279593, 932.8479218830216]
[481.5876596706716, 932.8136668089224]
[481.67737319978306, 932.8010249907591]
[481.7079568467557, 932.788088756755]
[481.71133080035946, 932.7859314060037]
[481.74962854645196, 932.7840156929954]
[481.75512531096274, 932.7762389621087]
[481.8720874805846, 932.7674311258776]
[481.9229468026738, 932.7431109826678]
[482.0361518499574, 932.7360553640609]
[482.04221016304894, 932.7172910148967]
[482.12982541599166, 932.7070966424476]
[482.146091901796, 932.7066551856702]
[482.2229259857132, 932.702966257959]
[482.22567353743534, 932.6927206627803]
[482.2314127515151, 932.6899994280602]
[482.3312613072928, 932.6897163938253]
[482.3327995246749, 932.67587608064]
[482.5316318887784, 932.662832964304]
[482.6293646878589, 932.6615052964802]
[482.68076521346387, 932.6589871242297]
[482.69421312235784, 932.6578322815692]
[482.71578633775874, 932.6563341478186]
[482.72668982620894, 932.6563242657344]
[482.7429412997848, 932.6556528241822]
[482.80128497629414, 932.6539493034418]
[482.81885970296, 932.6530022180265]
[482.83248077078616, 932.6529510831965]
[482.8732680080015, 932.6522823536461]
[482.8895982114797, 932.6521136823181]
[482.922284861737, 932.6519468486259]
end_solutions
[1.4159479961973567, 1.0617677098015332, 2.8744525991407244]
[1.406959108172903, 1.0401125395517523, 2.8803700124308396]
[1.3893584115422903, 0.997741831678792, 2.892078340098873]
[1.3873545043620066, 0.9929836246661694, 2.8933397252257547]
[1.3791035636965594, 0.973125781122501, 2.898815284562299]
[1.370852623031112, 0.9532679375788327, 2.904290843898843]
[1.35034292733965, 0.9040358364662506, 2.9177647328256935]
[1.338989264194201, 0.8767647651243362, 2.925258886284065]
[1.3176555913286394, 0.8255024941850035, 2.9395750125946876]
[1.3051705138761205, 0.7955103676217141, 2.9480748821935134]
[1.2895541017580943, 0.7580170823510857, 2.958672122725558]
[1.2776952912386768, 0.729525187529264, 2.9667525181377403]
[1.2631497939069152, 0.694714807820784, 2.976440164921496]
[1.2258105048998678, 0.6056754727923817, 3.0008070883297773]
[1.211254361617573, 0.5708324843335304, 3.010522435799161]
[1.1884712158928206, 0.5166361377639792, 3.025174011738058]
[1.165688070168068, 0.4624397911944281, 3.0398255876769547]
[1.1276021851742908, 0.3719364463306758, 3.0641565087197056]
[1.0878868653275644, 0.2783187919203193, 3.0880111292480295]
[1.0481715454808382, 0.18470113750996275, 3.1118657497763533]
[1.0167363433937617, 0.11263481495502742, 3.127615315079287]
[0.9712549911339797, 0.0056724920018988365, 3.154673066815069]
[0.9340234384087793, -0.07878393793861721, 3.1719030917413646]
[0.8897424910128213, -0.18228360511678254, 3.197227712581161]
[0.8479254312917683, -0.27684772064981134, 3.2163620014371554]
[0.7938947235779906, -0.39065387722175837, 3.2317003159000617]
[0.5325406102122475, -0.9364931857960348, 3.063925845958577]
[0.24059861278264472, -1.8925119076494845, 2.1415772765516756]
[-0.061792968703058726, -3.090736688586052, 0.7861944099906613]
[-0.3694093422168125, -4.410064499064177, -0.7857056051474094]
[-0.6665761316744656, -5.487186250459185, -1.9245713231313675]
end_values
[482.92228486 932.65194685]
[482.73517913 932.65447519]
[482.37407617 932.67234073]
[482.33279952 932.67587608]
[482.16516162 932.69639755]
[481.9985085 932.723235 ]
[481.58765967 932.81366681]
[481.36317076 932.87860714]
[480.94939435 933.01955106]
[480.71199247 933.11376722]
[480.41791122 933.25116512]
[480.19724664 933.37023567]
[479.92731844 933.53038256]
[479.2437037  934.01417271]
[478.98461012 934.23660441]
[478.5799209  934.61282644]
[478.18257364 935.03206721]
[477.53313534 935.82763787]
[476.86160102 936.79680409]
[476.21188792 937.9082873 ]
[475.68189564 938.93263991]
[474.98164127 940.50989229]
[474.37840478 942.1048096 ]
[473.73499104 943.99300892]
[473.10128065 946.15239553]
[472.22492771 949.71212877]
[465.07741715 992.01571069]
[ 447.93795603 1124.66341551]
[ 430.29488696 1319.12588358]
[ 418.34360032 1550.1841128 ]
[ 415.19422489 1733.15973417]
