values
[-29.73583953753164, 1284.170418072013]
[-21.359812563209424, 1254.8377647517723]
[-6.155456910578529, 1038.7115338366893]
[-5.938834162631856, 1037.9361334869366]
[-5.407784882839962, 1034.7963081935375]
[-5.092231859011314, 1032.4362997190356]
[-4.77545279080033, 1030.0813389221294]
[-4.138216521231463, 1025.3865603611048]
[0.115162243192664, 996.2407521195377]
[0.45975433656808207, 993.0884503246706]
[0.9972119101527355, 976.8993949186327]
[4.794926079670155, 965.7711979753512]
[5.5002279826197835, 959.4056528904872]
[6.008718096248963, 959.3395204601009]
[6.724531935841533, 953.016039996868]
[7.032170422631857, 951.425574137019]
[7.958835879366319, 946.6708262300054]
[8.891126330646287, 941.9410528317924]
[9.203139813194142, 940.3700115898993]
[9.829041776471641, 937.2362539423799]
[10.204232401539329, 934.1420393120782]
values
[-29.73583953753164, 1284.170418072013]
[-22.099650530988285, 944.0089916299453]
[-22.032687840353162, 943.668466996438]
[-21.96497659312068, 943.3308462278643]
[-21.897864458936834, 942.9904012476568]
[-21.81776927600486, 942.5359812806878]
[-21.658992782830815, 941.6112505596196]
[-21.49629927971481, 940.7105428842186]
[-21.060908815886695, 939.0902056133716]
[-17.51110168587899, 938.288859229852]
[-14.044216072054034, 937.749178763363]
[-13.691955574562321, 937.5204019318965]
[-13.179793526744838, 937.0649539516589]
[-11.994373584855332, 935.9273824855127]
[-10.967497145382666, 935.0164889376982]
[10.204232401539329, 934.1420393120782]
[10.392863660190109, 932.8137360699235]
values
[-41.34091252283643, 1247.0453558109095]
[-41.24811276578377, 1190.7482283915012]
[-40.740831564280064, 1161.3823813701365]
[-40.67471463173656, 1158.7205673893873]
[-40.03856196075298, 1136.2330753798794]
[-39.42779699495981, 1119.4754869852184]
[-36.63419587637576, 1065.4827467018401]
[-35.923621385590124, 1054.7951721696604]
[-35.16406786957213, 1044.1857565543055]
[-33.980465907447, 1028.9990291914812]
[-33.49802364413199, 1023.2014026401838]
[-32.69467301840207, 1013.9753747195136]
[-30.745638989648132, 993.4426050894825]
[-30.688702479500442, 992.8767133306461]
[-30.516986048143046, 991.1804848351243]
[-30.052424068745804, 986.6678231388721]
[-30.042097883739565, 986.5911784384965]
[-28.60068888696786, 973.2224709296709]
[-28.097427350771113, 968.7715649079171]
[-28.086455822050585, 968.6959963393659]
[-27.40253726516242, 962.7851611534817]
[-27.06752609292252, 959.953584373008]
[-26.708097562408465, 956.9779587689294]
[-26.69000417915218, 956.8268990296549]
[-26.294416823091105, 953.5388724188015]
[-26.2235697345087, 953.0209603833314]
[-26.022468984252377, 951.345823187613]
[-26.005053745299666, 951.2340708342269]
[-25.981824754537683, 951.0850798511044]
[-25.73119937924875, 949.0764761060207]
[-25.693804337838536, 948.7762802930043]
[-25.211995469120176, 944.9948753457951]
[-25.19299302571691, 944.8452628893624]
[-25.090343948758953, 944.0610803893297]
[-25.07523005394026, 943.9362697848295]
[-25.044978210678146, 943.6866860760043]
[-25.01469429591653, 943.4371523674128]
[-25.00675282941554, 943.3878514915373]
[-24.898558710998664, 942.5382562011971]
[-24.584190443472743, 940.1567336440703]
[-24.444759962712318, 939.1152480352881]
[-24.413562525986716, 938.8796444617742]
[-24.40583597661234, 938.8175267127409]
[-24.38701413433513, 938.6426584173219]
[-24.378967907480508, 938.5934735807857]
[-24.211246380780302, 937.3469319421906]
[-24.1724797979288, 937.0322688763608]
[-24.113810061050344, 936.6093449462877]
[-24.085771570573705, 936.4147233614725]
[-24.007110853015465, 935.794807190878]
[-23.989450597224778, 935.6781810638105]
[-23.918094350674924, 935.1355109039237]
[-23.900901733389635, 935.0248464024438]
[-23.894205149089206, 934.998506074051]
[-23.892300761371537, 934.9728727911961]
[-23.882688286817938, 934.9023989603056]
[-23.871166561460676, 934.8062992800359]
[-23.86543762594804, 934.7562493666359]
[-23.85654462984089, 934.6983113828838]
[-23.841406710395777, 934.5877916836083]
[-23.83728108310814, 934.5718318326086]
[-23.83279420329888, 934.5358373434791]
[-23.830550508779677, 934.5178404932768]
[-23.828853274884747, 934.4765735737295]
[-23.819329490037237, 934.427860185892]
[-23.812132411871403, 934.3718645707393]
[-23.808783655149718, 934.3585509575944]
[-23.78695579619766, 934.1899121052339]
[-23.775371684229725, 934.1058119681701]
[-23.76850319648922, 934.0504831052513]
[-23.763783918189574, 934.0217177036591]
[-23.762453329691418, 933.9819179417966]
[-23.759813388654223, 933.9403732098164]
[-23.75304879871326, 933.9383638159744]
[-23.748495930312863, 933.8982396619185]
[-23.747558353919455, 933.8669476898023]
[-23.744754871402034, 933.8637156037299]
[-23.743617822623243, 933.8577686116569]
[-23.743615312850764, 933.8508910237315]
[-23.74150665797779, 933.8481980433361]
[-23.7414299187992, 933.8302361395685]
[-23.741013175006138, 933.829192486374]
[-23.739387625644945, 933.8179952002956]
[-23.738873103697053, 933.8156066045752]
[-23.738860937527804, 933.8154206129414]
[-23.73834154795894, 933.8123965967981]
[-23.73678985594791, 933.8083325644924]
[-23.735914130656553, 933.8015476202935]
[-23.73419079576182, 933.7931778919534]
[-23.732380587825432, 933.7772714929324]
[-23.73137751985187, 933.7707437319024]
[-23.731216833330063, 933.7690379877464]
[-23.731010514129608, 933.7686143252891]
[-23.730689489545533, 933.766074704531]
[-23.729719758937783, 933.7614056951297]
[-23.72927589722332, 933.7601400177397]
[-23.72395105558141, 933.726414408639]
[-23.72367843565531, 933.7242480456601]
[-23.72347196580216, 933.7238769888194]
[-23.723468935952944, 933.7232749500243]
[-23.723417652283757, 933.7230248229298]
[-23.723293784786083, 933.7217574496635]
[-23.7232408315501, 933.7213539908246]
[-23.723150636401343, 933.7211782245937]
[-23.72311901834856, 933.7206030678836]
[-23.723076831216027, 933.7205680256199]
[-23.723045429396393, 933.7204546541254]
[-23.723043129396, 933.7203993443454]
[-23.723040117284935, 933.7201147995687]
[-23.723040032289884, 933.7201117999963]
[-23.72304002169424, 933.7201117864903]
[-23.723039960954523, 933.7201116594608]
[-23.723039952969618, 933.7201115459374]
[-23.72303992659229, 933.7201115391844]
[-23.723039892229956, 933.7201114189079]
[-23.723039778735313, 933.7201112783723]
[-23.723039725980556, 933.7201112648663]
[-23.72303948302163, 933.7201107567483]
[-23.7230394649167, 933.7201107248122]
[-23.723039326112314, 933.7201104799683]
[-23.7230391782555, 933.7201102191563]
[-23.723039169203005, 933.7201102031883]
[-23.72303915109818, 933.720110171252]
[-23.723039031344804, 933.7201100987912]
[-23.723038855384402, 933.7201096496281]
[-23.723038550618227, 933.720109112036]
[-23.723038541565792, 933.720109096068]
[-23.72303834844663, 933.7201087554156]
[-23.72303767252955, 933.7201075631322]
[-23.723036417255088, 933.7201053488916]
[-23.72303603101676, 933.7201046675867]
[-23.723035837897598, 933.7201043269343]
[-23.723031396157012, 933.7200964919292]
[-23.723029851203737, 933.7200937667101]
[-23.723026761297156, 933.7200883162718]
[-23.723023671390557, 933.7200828658334]
[-23.723017491577306, 933.7200719649569]
[-23.723011311763955, 933.7200610640803]
[-23.722992772323572, 933.720028361451]
[-23.722977179677663, 933.720010141051]
[-23.722961873254366, 933.7199738570699]
[-23.722912434739264, 933.719886650063]
[-23.722858740599627, 933.719803195441]
[-23.72281355769281, 933.7197122360596]
[-23.72272152552199, 933.7195337658425]
[-23.722656456844174, 933.7195199792128]
[-23.722643563780125, 933.7194972915856]
[-23.722594985444015, 933.7192355686967]
[-23.722496108318794, 933.7190611547489]
[-23.722475290207022, 933.7189333153797]
[-23.722320811810715, 933.7188863365315]
[-23.72231917213299, 933.7188401662505]
[-23.722284127806603, 933.7188373622287]
[-23.722263124545044, 933.7188128567736]
[-23.722259466200903, 933.7187590436233]
[-23.722114572859066, 933.7184953946455]
[-23.722085120892423, 933.7184946375982]
[-23.722028316991178, 933.7183386342168]
[-23.721987881872195, 933.7182711627671]
[-23.72195281023837, 933.7166861796698]
[-23.721048734452765, 933.7166541745814]
[-23.721028016618153, 933.7166174318746]
[-23.720995535407184, 933.7165488612687]
[-23.7209754363041, 933.716530320586]
[-23.720968937780977, 933.7165027683893]
[-23.720855078498175, 933.7162975771262]
[-23.720815265895947, 933.7162431919031]
[-23.720799469117512, 933.7162119219661]
[-23.720766536460268, 933.7161513500253]
[-23.720756845520476, 933.7161259697327]
[-23.72073360380041, 933.716090778086]
[-23.72068260032299, 933.7160125163072]
[-23.720672193678332, 933.7159858874121]
[-23.720667637971108, 933.7159708934679]
[-23.720636173830734, 933.715924371126]
[-23.72060270991107, 933.7158628951023]
[-23.720592260645102, 933.7158518818884]
[-23.720575772115723, 933.7158202537454]
[-23.720549934711684, 933.7157818407352]
[-23.720525339373033, 933.7157278542278]
[-23.720503566027546, 933.71569756134]
[-23.720491911175422, 933.7156718469274]
[-23.720485042841204, 933.7156569000007]
[-23.720480197367223, 933.7156442098577]
[-23.720395545475846, 933.7155041275665]
[-23.720374382500708, 933.715469106995]
[-23.7203638010128, 933.7154515967095]
[-23.720353219524668, 933.715434086424]
[-23.72034032432392, 933.7154016435156]
[-23.720333955228824, 933.7153977362083]
[-23.720321475059016, 933.7153815555686]
[-23.72031618431457, 933.715372800426]
[-23.720315155609892, 933.7153588513121]
[-23.720310146878642, 933.7153583380672]
[-23.720309400187453, 933.7153526308508]
[-23.72030000137964, 933.7153362392487]
[-23.72029449327021, 933.7153179017585]
[-23.72029383592112, 933.715314857655]
[-23.720289855880317, 933.7153141404305]
[-23.720287340247445, 933.7153088418454]
[-23.720287183337227, 933.7153085650659]
[-23.720285607812308, 933.7153054338678]
[-23.720284876865094, 933.7153020283464]
[-23.72028457209706, 933.7153014907556]
[-23.72028286598286, 933.7152949971517]
[-23.720281421772782, 933.7152937634131]
[-23.720281068986132, 933.7152936583257]
[-23.720280378662586, 933.7152920622115]
[-23.72027885645224, 933.7152909604049]
[-23.720278650850837, 933.7152899613362]
[-23.720278548050103, 933.7152894618018]
[-23.720278445249427, 933.7152889622676]
[-23.720278318142284, 933.7152887846919]
[-23.72027830529219, 933.7152887222501]
[-23.720278292442124, 933.7152886598084]
[-23.720278279591973, 933.7152885973666]
[-23.72027397103347, 933.7152884169933]
[-23.720273731517054, 933.7152881594001]
[-23.720269054263895, 933.7152881079842]
[-23.702744981652874, 933.7146748141205]
[-23.697014039195945, 933.7146143843495]
[-23.6969203613527, 933.7144563380513]
[-23.68524603533034, 933.7140457486764]
[-23.685241121791215, 933.7140395693353]
[-23.678730246176336, 933.7140047585998]
[-23.67839509122247, 933.7139733458362]
[-23.67701816439387, 933.7138535318935]
[-23.673593999794484, 933.713669281896]
[-23.566866479648723, 933.7135544854613]
[-23.563802601219614, 933.7131550443338]
[-23.527965483685676, 933.7126207877045]
[-23.50407834064025, 933.7119218114068]
[-23.456778934247296, 933.7113640524783]
[-23.286612813337022, 933.7109710616685]
[-23.28661235483417, 933.7109708969393]
[-23.236820384918822, 933.705062857527]
[10.392863660190109, 932.8137360699235]
values
[-41.43697817573281, 1229.3707148546364]
[-41.43350879330439, 1229.2356830301933]
[-41.429163544942305, 1229.0669081275523]
[-41.405509142095376, 1204.720783450525]
[-41.37988411390772, 1204.50527513045]
[-41.377575157674144, 1204.4387177731146]
[-41.37526467294421, 1204.3721631433416]
[-41.37134495469935, 1202.577616650065]
[-41.24811276578377, 1190.7482283915012]
[-41.20232708387638, 1186.6164239591012]
[-41.18395404020848, 1185.6317266515666]
[-41.17647199980077, 1185.0220212252946]
[-41.1581182025027, 1183.1507026145096]
[-41.14252875812196, 1182.3138736161504]
[-41.1333285693234, 1182.1003934121534]
[-41.08911306556497, 1178.3170173006924]
[-40.75722696884651, 1162.1420700858453]
[-40.740831564280064, 1161.3823813701365]
[-40.737421028689425, 1160.6181096368796]
[-40.708106458085304, 1160.050940096759]
[-40.704748837096, 1159.9861336153112]
[-40.683292143428275, 1158.0297253511853]
[-40.13157307493867, 1139.0750858465894]
[-40.115606813801996, 1138.1488226495658]
[-40.056233296228896, 1136.5204297242299]
[-40.03856196075298, 1136.2330753798794]
[-40.030698188045434, 1136.1053795309158]
[-39.42779699495981, 1119.4754869852184]
[-39.350939345762214, 1117.5928415997764]
[-39.1833668211021, 1113.2019495717573]
[-39.15187677513608, 1112.761631421217]
[-38.43183690255804, 1097.1635144356817]
[-38.36235354162499, 1095.7791933369506]
[-38.309444009630674, 1094.3650749598048]
[-38.265915482467236, 1093.573098163054]
[-38.17809179005366, 1091.9903831788747]
[-38.16746440732446, 1091.3701466355947]
[-37.36089491252618, 1077.3880723653403]
[-37.31878450667123, 1076.5093472829033]
[-37.295791555443174, 1076.24847925745]
[-37.29443817686068, 1076.2331355673114]
[-37.16784557926572, 1073.9173352616388]
[-36.97111592701121, 1070.8558437679155]
[-36.63419587637576, 1065.4827467018401]
[-35.923621385590124, 1054.7951721696604]
[-35.84763289222544, 1053.6729048820766]
[-35.83565619678692, 1053.5520744587022]
[-35.739629789988776, 1051.799459545227]
[-35.71245589059869, 1051.5279627502127]
[-35.68525131775133, 1051.2565195172947]
[-35.658016071446234, 1050.9851298464762]
[-35.16406786957213, 1044.1857565543055]
[-34.465420461378, 1034.9431710992033]
[-34.18233354072315, 1031.4437512649204]
[-33.980465907447, 1028.9990291914812]
[-33.953386612221394, 1028.6789057377275]
[-33.49802364413199, 1023.2014026401838]
[-32.891723198761156, 1016.1221059213132]
[-32.705197340967814, 1014.06342386516]
[-32.69467301840207, 1013.9753747195136]
[-32.58741112673847, 1012.7562204819797]
[-32.4688424973034, 1011.4502669142375]
[-31.10649048377477, 997.016853086902]
[-31.091553940817388, 996.900963036767]
[-30.745638989648132, 993.4426050894825]
[-30.73051197605142, 993.3270329750028]
[-30.71899916827527, 993.1077865465164]
[-30.70385379824325, 992.9922449193454]
[-30.688702479500442, 992.8767133306461]
[-30.665765020329122, 992.5709092408357]
[-30.63541073370863, 992.3399321774834]
[-30.624443374621706, 991.9624628996697]
[-30.53882310698078, 991.3132449652461]
[-30.521676048357172, 991.1834415499604]
[-30.516986048143046, 991.1804848351243]
[-30.504521321370238, 991.0536515251854]
[-30.3881673708078, 989.8838739462893]
[-30.052424068745804, 986.6678231388721]
[-30.042097883739565, 986.5911784384965]
[-28.979801079895854, 976.6278146233846]
[-28.900960599513716, 975.8241389320399]
[-28.864781111714265, 975.5676790028997]
[-28.848691493804992, 975.4537140016527]
[-28.83259581875635, 975.3397595564068]
[-28.82857095045626, 975.3112726358664]
[-28.60068888696786, 973.2224709296709]
[-28.346183347402125, 970.9667007642611]
[-28.23498887751325, 969.9282398258451]
[-28.14296464921071, 969.1740091127376]
[-28.097427350771113, 968.7715649079171]
[-28.086455822050585, 968.6959963393659]
[-27.40253726516242, 962.7851611534817]
[-27.06752609292252, 959.953584373008]
[-26.708097562408465, 956.9779587689294]
[-26.69000417915218, 956.8268990296549]
[-26.529593564127982, 955.5114792450331]
[-26.48114809946117, 954.9730758985968]
[-26.438098169498303, 954.6928768365339]
[-26.420867594326534, 954.5808157272495]
[-26.403630960677305, 954.4687651907476]
[-26.39501037289903, 954.4127438721836]
[-26.38638826755943, 954.3567252423611]
[-26.294416823091105, 953.5388724188015]
[-26.2235697345087, 953.0209603833314]
[-26.022468984252377, 951.345823187613]
[-26.005053745299666, 951.2340708342269]
[-25.981824754537683, 951.0850798511044]
[-25.73119937924875, 949.0764761060207]
[-25.693804337838536, 948.7762802930043]
[-25.211995469120176, 944.9948753457951]
[-25.19299302571691, 944.8452628893624]
[-25.090343948758953, 944.0610803893297]
[-25.07523005394026, 943.9362697848295]
[-25.044978210678146, 943.6866860760043]
[-25.01469429591653, 943.4371523674128]
[-25.00675282941554, 943.3878514915373]
[-24.898558710998664, 942.5382562011971]
[-24.584190443472743, 940.1567336440703]
[-24.44944374437022, 939.1705639130178]
[-24.444759962712318, 939.1152480352881]
[-24.413562525986716, 938.8796444617742]
[-24.40583597661234, 938.8175267127409]
[-24.38701413433513, 938.6426584173219]
[-24.378967907480508, 938.5934735807857]
[-24.375602935729134, 938.589516709189]
[-24.326384204464745, 938.1856702952958]
[-24.211246380780302, 937.3469319421906]
[-24.1724797979288, 937.0322688763608]
[-24.113810061050344, 936.6093449462877]
[-24.085771570573705, 936.4147233614725]
[-24.007110853015465, 935.794807190878]
[-23.989450597224778, 935.6781810638105]
[-23.918094350674924, 935.1355109039237]
[-23.900901733389635, 935.0248464024438]
[-23.894205149089206, 934.998506074051]
[-23.892300761371537, 934.9728727911961]
[-23.882688286817938, 934.9023989603056]
[-23.871166561460676, 934.8062992800359]
[-23.86543762594804, 934.7562493666359]
[-23.85654462984089, 934.6983113828838]
[-23.841406710395777, 934.5877916836083]
[-23.83728108310814, 934.5718318326086]
[-23.83279420329888, 934.5358373434791]
[-23.830550508779677, 934.5178404932768]
[-23.828853274884747, 934.4765735737295]
[-23.819329490037237, 934.427860185892]
[-23.812132411871403, 934.3718645707393]
[-23.808783655149718, 934.3585509575944]
[-23.80574600591246, 934.2157596496104]
[-23.78695579619766, 934.1899121052339]
[-23.778190979772774, 934.0505198506218]
[-23.76850319648922, 934.0504831052513]
[-23.764408354460556, 933.9679088781317]
[-23.759813388654223, 933.9403732098164]
[-23.75304879871326, 933.9383638159744]
[-23.748495930312863, 933.8982396619185]
[-23.747558353919455, 933.8669476898023]
[-23.744754871402034, 933.8637156037299]
[-23.743617822623243, 933.8577686116569]
[-23.743615312850764, 933.8508910237315]
[-23.74150665797779, 933.8481980433361]
[-23.7414299187992, 933.8302361395685]
[-23.741013175006138, 933.829192486374]
[-23.739387625644945, 933.8179952002956]
[-23.738873103697053, 933.8156066045752]
[-23.738860937527804, 933.8154206129414]
[-23.73834154795894, 933.8123965967981]
[-23.73678985594791, 933.8083325644924]
[-23.735914130656553, 933.8015476202935]
[-23.73419079576182, 933.7931778919534]
[-23.732380587825432, 933.7772714929324]
[-23.73137751985187, 933.7707437319024]
[-23.731216833330063, 933.7690379877464]
[-23.731010514129608, 933.7686143252891]
[-23.730689489545533, 933.766074704531]
[-23.729719758937783, 933.7614056951297]
[-23.72927589722332, 933.7601400177397]
[-23.72395105558141, 933.726414408639]
[-23.72367843565531, 933.7242480456601]
[-23.72347196580216, 933.7238769888194]
[-23.723468935952944, 933.7232749500243]
[-23.723417652283757, 933.7230248229298]
[-23.723293784786083, 933.7217574496635]
[-23.7232408315501, 933.7213539908246]
[-23.723150636401343, 933.7211782245937]
[-23.72311901834856, 933.7206030678836]
[-23.723076831216027, 933.7205680256199]
[-23.723045429396393, 933.7204546541254]
[-23.723043129396, 933.7203993443454]
[-23.723040117284935, 933.7201147995687]
[-23.723040032289884, 933.7201117999963]
[-23.72304002953213, 933.7201116690961]
[-23.723040029504304, 933.7201116687997]
[-23.72304002950402, 933.7201116687992]
[-23.72304002950382, 933.7201116687985]
[-23.72304002950353, 933.7201116687979]
[-23.723040029503323, 933.7201116687974]
[-23.72304002950279, 933.7201116687962]
[-23.72304002950225, 933.720111668795]
[-23.723040029501753, 933.7201116687937]
[-23.723040029501277, 933.7201116687926]
[-23.72304002950024, 933.7201116687902]
[-23.723040029496076, 933.7201116687806]
[-23.723040029491962, 933.7201116687711]
[-23.723040029487848, 933.7201116687615]
[-23.72304002948367, 933.7201116687519]
[-23.723040029477446, 933.7201116687376]
[-23.723040029467164, 933.7201116687137]
[-23.723040029450587, 933.7201116686754]
[-23.723040029434138, 933.7201116686372]
[-23.723040029367965, 933.7201116684842]
[-23.723040029301906, 933.7201116683311]
[-23.723040029202757, 933.7201116681016]
[-23.723040029103622, 933.7201116678722]
[-23.723040029037513, 933.7201116677192]
[-23.723040028839225, 933.7201116672601]
[-23.72304002857483, 933.7201116666481]
[-23.723040028416246, 933.7201116662809]
[-23.72304002820467, 933.7201116657913]
[-23.72304002757025, 933.7201116643224]
[-23.723040026724206, 933.7201116623639]
[-23.723040026301184, 933.7201116613847]
[-23.723040019956095, 933.7201116466963]
[-23.723040019602443, 933.7201116458778]
[-23.723040014655133, 933.7201116344252]
[-23.723040014652046, 933.720111634418]
[-23.723040014651552, 933.7201116344169]
[-23.723040009803828, 933.7201116231948]
[-23.723040009704683, 933.7201116229654]
[-23.72304000641974, 933.720111615361]
[-23.723039999804868, 933.7201116000482]
[-23.723039952969618, 933.7201115459374]
[-23.72303992659229, 933.7201115391844]
[-23.723039916005483, 933.7201114807344]
[-23.723039892229956, 933.7201114189079]
[-23.723039852663753, 933.7201114087784]
[-23.723039778735313, 933.7201112783723]
[-23.723039725980556, 933.7201112648663]
[-23.72303948302163, 933.7201107567483]
[-23.7230394649167, 933.7201107248122]
[-23.723039326112314, 933.7201104799683]
[-23.7230391782555, 933.7201102191563]
[-23.723039169203005, 933.7201102031883]
[-23.72303915109818, 933.720110171252]
[-23.723039031344804, 933.7201100987912]
[-23.723038855384402, 933.7201096496281]
[-23.723038550618227, 933.720109112036]
[-23.723038541565792, 933.720109096068]
[-23.72303834844663, 933.7201087554156]
[-23.72303767252955, 933.7201075631322]
[-23.723036417255088, 933.7201053488916]
[-23.72303603101676, 933.7201046675867]
[-23.723035837897598, 933.7201043269343]
[-23.723031396157012, 933.7200964919292]
[-23.723029851203737, 933.7200937667101]
[-23.723026761297156, 933.7200883162718]
[-23.723023671390557, 933.7200828658334]
[-23.723017491577306, 933.7200719649569]
[-23.723011311763955, 933.7200610640803]
[-23.722992772323572, 933.720028361451]
[-23.722977179677663, 933.720010141051]
[-23.722961873254366, 933.7199738570699]
[-23.722912434739264, 933.719886650063]
[-23.722858740599627, 933.719803195441]
[-23.72281355769281, 933.7197122360596]
[-23.72272152552199, 933.7195337658425]
[-23.722656456844174, 933.7195199792128]
[-23.722643563780125, 933.7194972915856]
[-23.722594985444015, 933.7192355686967]
[-23.722496108318794, 933.7190611547489]
[-23.722475290207022, 933.7189333153797]
[-23.722320811810715, 933.7188863365315]
[-23.72231917213299, 933.7188401662505]
[-23.722284127806603, 933.7188373622287]
[-23.722263124545044, 933.7188128567736]
[-23.722259466200903, 933.7187590436233]
[-23.722114572859066, 933.7184953946455]
[-23.722085120892423, 933.7184946375982]
[-23.722028316991178, 933.7183386342168]
[-23.721987881872195, 933.7182711627671]
[-23.72195281023837, 933.7166861796698]
[-23.721048734452765, 933.7166541745814]
[-23.721028016618153, 933.7166174318746]
[-23.720995535407184, 933.7165488612687]
[-23.7209754363041, 933.716530320586]
[-23.720968937780977, 933.7165027683893]
[-23.720855078498175, 933.7162975771262]
[-23.720815265895947, 933.7162431919031]
[-23.720799469117512, 933.7162119219661]
[-23.720766536460268, 933.7161513500253]
[-23.720756845520476, 933.7161259697327]
[-23.72073360380041, 933.716090778086]
[-23.72068260032299, 933.7160125163072]
[-23.720672193678332, 933.7159858874121]
[-23.720667637971108, 933.7159708934679]
[-23.720636173830734, 933.715924371126]
[-23.72060270991107, 933.7158628951023]
[-23.720592260645102, 933.7158518818884]
[-23.720575772115723, 933.7158202537454]
[-23.720549934711684, 933.7157818407352]
[-23.720525339373033, 933.7157278542278]
[-23.720503566027546, 933.71569756134]
[-23.720491911175422, 933.7156718469274]
[-23.720485042841204, 933.7156569000007]
[-23.720480197367223, 933.7156442098577]
[-23.720395545475846, 933.7155041275665]
[-23.720374382500708, 933.715469106995]
[-23.7203638010128, 933.7154515967095]
[-23.720353219524668, 933.715434086424]
[-23.72034032432392, 933.7154016435156]
[-23.720333955228824, 933.7153977362083]
[-23.720321475059016, 933.7153815555686]
[-23.72031618431457, 933.715372800426]
[-23.720315155609892, 933.7153588513121]
[-23.720310146878642, 933.7153583380672]
[-23.720309400187453, 933.7153526308508]
[-23.72030745513701, 933.7153018913181]
[-23.72030440482531, 933.715300017412]
[-23.720303485533016, 933.7152994861169]
[-23.720301646948464, 933.7152984235267]
[-23.720301045162056, 933.7152978505392]
[-23.72030074426891, 933.7152975640455]
[-23.720300443375766, 933.7152972775517]
[-23.720298304201833, 933.7152962695999]
[-23.720298141067797, 933.7152961166436]
[-23.720297845276257, 933.715296031687]
[-23.720297386350516, 933.7152957937741]
[-23.72029555064796, 933.7152948421226]
[-23.720294025854095, 933.7152942536962]
[-23.720293728734227, 933.7152934587408]
[-23.720292454025497, 933.7152931105759]
[-23.72029017208324, 933.7152921241319]
[-23.720290142276248, 933.715292040624]
[-23.72028992087389, 933.715292029856]
[-23.720289701667703, 933.7152919664396]
[-23.720289669664588, 933.71529193558]
[-23.720289466459892, 933.7152918875936]
[-23.720289105647446, 933.7152917616095]
[-23.720288460197295, 933.7152914873391]
[-23.720288320444, 933.7152910934062]
[-23.720288116143028, 933.7152891183673]
[-23.72028669797278, 933.715288992898]
[-23.720283963316312, 933.7152887604037]
[-23.720282850198288, 933.7152886902678]
[-23.72028194044846, 933.715288657021]
[-23.72028112697572, 933.7152885094649]
[-23.720279913975965, 933.7152884651358]
[-23.720279677313847, 933.715288436849]
[-23.720279558982845, 933.7152884227056]
[-23.720279440651822, 933.7152884085623]
[-23.720279306815293, 933.7152883925656]
[-23.720279239897064, 933.7152883845673]
[-23.720279238264876, 933.7152883843722]
[-23.720278990177718, 933.7152883547199]
[-23.720278859605486, 933.7152883391134]
[-23.720278848996543, 933.7152883378453]
[-23.720278833491108, 933.7152883359921]
[-23.72027880737661, 933.7152883328708]
[-23.72027874209055, 933.7152883250676]
[-23.720278702918833, 933.7152883203856]
[-23.720278661687928, 933.7152883155653]
[-23.720278641072497, 933.7152883131552]
[-23.72027861861642, 933.7152883101658]
[-23.720278604880797, 933.7152883042212]
[-23.72027853247335, 933.7152882993665]
[-23.720278511202856, 933.7152882986235]
[-23.720278494003335, 933.7152882961718]
[-23.720278357407715, 933.7152882936833]
[-23.720278348321735, 933.7152882917903]
[-23.72027385127526, 933.7152882881967]
[-23.72027379139611, 933.7152882237984]
[-23.720273731517054, 933.7152881594001]
[-23.72027160641862, 933.7152880739741]
[-23.720269421441145, 933.7152880219614]
[-23.7027598269472, 933.7146639049972]
[-23.702759765506535, 933.7146638763319]
[-23.70275973327994, 933.7146638492184]
[-23.70275962651193, 933.7146638054443]
[-23.697014039195945, 933.7146143843495]
[-23.6969203613527, 933.7144563380513]
[-23.69400044673051, 933.7143516893368]
[-23.68524603533034, 933.7140457486764]
[-23.685244384883784, 933.7140397643283]
[-23.685241121791215, 933.7140395693353]
[-23.68524108956445, 933.7140395422217]
[-23.68086150426548, 933.7138835017979]
[-23.680861490601437, 933.7138834880882]
[-23.680861474587353, 933.7138834871266]
[-23.680861455863937, 933.7138834660078]
[-23.67701816439387, 933.7138535318935]
[-23.673593999794484, 933.713669281896]
[-23.66772234318588, 933.7134153339448]
[-23.66772234117165, 933.7134153322502]
[-23.66115308853804, 933.7131813242145]
[-23.661152984079337, 933.7131813117312]
[-23.661152964844142, 933.713181309756]
[-23.661152941467545, 933.7131813064773]
[-23.66115293185001, 933.7131813054897]
[-23.661152775161856, 933.7131812867648]
[-23.641444174905295, 933.712479253483]
[-23.64144410688114, 933.7124792419578]
[-23.63159115321887, 933.7121284416519]
[-23.63159044322246, 933.7121283568118]
[-23.631590324889743, 933.7121283426718]
[-23.63158902322982, 933.7121281871315]
[-23.631588313233415, 933.7121281022913]
[-23.631587706726066, 933.7121280801468]
[-23.602026726303336, 933.711075602255]
[-23.602026674073418, 933.7110755960144]
[-23.602026569613727, 933.7110755835331]
[-23.542899167352594, 933.7089711009003]
[-23.542898457346134, 933.7089710160802]
[-23.236820384918822, 933.705062857527]
[-22.6985057560903, 933.704019918633]
[-22.639371283035125, 933.7019051994423]
[-22.504245459240963, 933.7002608334035]
[-22.445109535785324, 933.6981502849728]
[-22.326834823974522, 933.6939331864224]
[-21.896148171161393, 933.692939491859]
[-21.37671254839126, 933.68887588987]
[-21.34713831992664, 933.687832503801]
[-21.28799259059137, 933.6857465855817]
[-21.287992339014142, 933.6857465439433]
[-20.071514822576003, 933.6717455756898]
[10.392863660190109, 932.8137360699235]
end_solutions
[0.8319023067029249, 1.097204954107032]
[0.8128953549278961, 1.1058940137209339]
[0.8119240016087653, 1.106305298370764]
[0.8119239344042519, 1.1063053322250422]
[0.8119239592369736, 1.1063053197018482]
[0.8119239468206128, 1.1063053259634452]
[0.8119239344042519, 1.1063053322250422]
[0.811923964359683, 1.106305317155555]
[0.8119239468206128, 1.1063053259634452]
[0.8119239705678634, 1.1063053140247565]
[0.8119239523915134, 1.1063053553497548]
[0.811923945892742, 1.1063053718886844]
[0.8119239181130888, 1.1063054511481507]
[0.8119239105156555, 1.1063054764510696]
[0.8119239250351371, 1.1063054285681082]
[0.811923922249498, 1.1063054371352532]
[0.8119239181130888, 1.1063054511481507]
[0.8119238991195055, 1.1063055144054479]
[0.8119239105156555, 1.1063054764510696]
[0.8119238991195055, 1.1063055144054479]
[0.8119386782539404, 1.1063386334652618]
[0.8119386785182025, 1.1063386339199315]
[0.8119386785182301, 1.1063386339199788]
[0.8119386785182254, 1.1063386339199708]
[0.8119386785182254, 1.1063386339199708]
[0.8119386785182301, 1.1063386339199788]
[0.8145909399971609, 1.109338779654208]
[1.0246670659658759, 1.360230259799231]
[1.3916390250253614, 1.7982806387093304]
[1.7858384398179048, 2.269092693126579]
[2.180037854610448, 2.739904747543827]
end_values
[-19.98277385 933.66865805]
[-23.54289775 933.70897095]
[-23.72027849 933.7152883 ]
[-23.72029151 933.7152894 ]
[-23.7202867  933.71528899]
[-23.7202891 933.7152892]
[-23.72029151 933.7152894 ]
[-23.72028571 933.71528891]
[-23.7202891 933.7152892]
[-23.72028451 933.71528881]
[-23.72029245 933.71529311]
[-23.72029554 933.71529487]
[-23.7203099  933.71530344]
[-23.72031432 933.71530624]
[-23.72030593 933.71530095]
[-23.72030746 933.71530189]
[-23.7203099  933.71530344]
[-23.72032096 933.71531043]
[-23.72031432 933.71530624]
[-23.72032096 933.71531043]
[-23.72304   933.7201116]
[-23.72304003 933.72011167]
[-23.72304003 933.72011167]
[-23.72304003 933.72011167]
[-23.72304003 933.72011167]
[-23.72304003 933.72011167]
[-23.80574601 934.21575965]
[-28.9009606  975.82413893]
[ -35.73962979 1051.79945955]
[ -40.11560681 1138.14882265]
[ -41.43697818 1229.37071485]
