values
[1401.5339254066541, 1080.1841878119806]
[1405.3221844996033, 1074.8154030903636]
[1410.5244145981637, 1070.3201361157007]
[1413.312352865094, 1005.4636621770101]
[1430.248199285053, 965.9005776899764]
[1473.9326575281525, 926.2743708897626]
values
[1269.1414212238833, 763.2078456102419]
[1269.1889126795218, 763.0140084175449]
[1269.2373369210202, 762.8211040107077]
[1269.4306476013894, 762.8134546071026]
[1269.452108226597, 762.741643717379]
[1269.5319162188216, 762.4320659278641]
[1269.5541012108156, 762.3609794049271]
[1269.576426884951, 762.2900335641314]
[1269.698801479298, 761.8201796248611]
[1269.87537910781, 761.2179856898933]
[1270.0340629919028, 760.9099140910672]
[1270.2043245770617, 760.1759310620482]
[1270.365588549862, 759.9192475804716]
[1270.6966284276828, 759.4143925495387]
[1271.283410364695, 759.3210343466768]
[1271.3927559122044, 758.4387302165528]
[1272.3487354358158, 757.6389051698593]
[1273.258025987816, 755.9045823245684]
[1273.9845793705736, 754.5194590421634]
[1275.695977970735, 752.9514666622581]
[1275.7014901226348, 752.8537419440225]
[1275.793355113305, 751.9219164451983]
[1276.4412797411992, 751.0700193950946]
[1277.7604209134752, 750.9469506486704]
[1277.843993280711, 749.4730895786109]
[1278.598782192329, 748.7280568122311]
[1279.3891925318553, 748.0186454737599]
[1280.858124967901, 746.9784912463742]
[1281.0768774946328, 746.7066870805411]
[1282.785567961839, 745.6610125380348]
[1283.6745912752021, 745.5943787144217]
[1284.3530220155858, 744.9646582746328]
[1284.7024428053264, 744.6600034742874]
[1284.8797045550841, 744.5102274290017]
[1287.6529335004213, 742.7789854651794]
[1289.645231311261, 741.9020013420744]
[1291.8962093058453, 741.2808509793086]
[1291.986928693062, 741.0819279725972]
[1292.0006149286373, 741.0610652304632]
[1292.4701069251619, 740.8764816369014]
[1293.7253126885553, 740.5335275358011]
[1294.6178964427186, 740.2999935626743]
[1295.0211210475654, 740.2311760303176]
[1295.5306367796848, 740.0866161723504]
[1296.080143458704, 739.9129493058657]
[1299.4628032029145, 739.229318502043]
[1300.6042690080756, 739.0182330868907]
[1302.21655594443, 738.8242394337967]
[1303.042245366338, 738.7467885609802]
[1305.5974974469846, 738.5926197574535]
[1309.1869291226667, 738.5694902542382]
[1313.3382618295816, 738.4700592817362]
values
[1267.4856021614503, 774.8542726798654]
[1267.4867341340498, 774.5389511982563]
[1267.4907124397603, 773.9173424845899]
[1267.4938082386898, 773.9131183944784]
[1267.4967845501903, 773.7427542409625]
[1267.497092744194, 773.7290429320449]
[1267.5030440062237, 773.4627877186117]
[1267.5280177654236, 773.3617525849122]
[1267.5292721176133, 772.624501974899]
[1267.5520398022695, 772.099209258662]
[1267.5535044581861, 772.0538667368633]
[1267.5602129021731, 771.9340418935487]
[1267.560940979612, 771.9207504680662]
[1267.564458691794, 771.8512527056646]
[1267.5796175710977, 771.5787266265966]
[1267.5896129100754, 771.4573087522458]
[1267.6176315025996, 770.9838336496806]
[1267.6360713502627, 770.730067021881]
[1267.6644278025055, 770.2807091340118]
[1267.684373468411, 770.1299837487031]
[1267.7149113888381, 769.6865860360631]
[1267.7673867511548, 769.2614481988398]
[1267.7699341331636, 769.130161499889]
[1267.8099285827655, 768.8746510628737]
[1267.8237604886604, 768.6778547061804]
[1267.8321545288259, 768.5643549131612]
[1267.8759572867116, 768.2285578091429]
[1267.9064422412798, 768.0059761891082]
[1267.907525375444, 767.9879194224123]
[1267.9477664032988, 767.9595688426504]
[1267.9852333774882, 767.8647076428721]
[1267.9950286636504, 767.4472563968899]
[1267.9982373880216, 767.3432110661585]
[1268.0308980224831, 767.1368246289393]
[1268.0566846371469, 766.9048040743112]
[1268.1294576286446, 766.6276855451413]
[1268.1308732649447, 766.4728595529036]
[1268.16358584454, 766.2571450120128]
[1268.1868319451978, 766.2567128982664]
[1268.2219303722973, 766.182422166016]
[1268.2651745081953, 765.8956304183907]
[1268.2796004460556, 765.6185993438365]
[1268.3894426921574, 765.193509828391]
[1268.44629447049, 764.8312935515282]
[1268.5482325579922, 764.704325149653]
[1268.6384055800984, 763.8567355174243]
[1268.75331476397, 763.5982062233015]
[1268.8175693485555, 763.5881606738037]
[1268.8381555611832, 763.439471014729]
[1268.8513284564888, 763.1424260815812]
[1269.0354222123724, 762.3624715494419]
[1269.2370703247325, 762.2055761934671]
[1269.3038551025445, 762.0384317213014]
[1269.3491365617779, 762.027109044205]
[1269.4253825561648, 761.7730816116857]
[1269.4308395967205, 761.0193800342081]
[1269.5098809206556, 760.8309554773692]
[1269.6466551949547, 760.3659411826511]
[1269.7154356981714, 760.339541830923]
[1269.8466048111436, 760.044737832667]
[1269.8650680301523, 759.815394441986]
[1269.8745420638957, 759.7245736018009]
[1269.9082529217872, 759.7013736175575]
[1269.9928881595129, 759.555986751224]
[1270.0487048456882, 759.3638046220461]
[1270.1038614240788, 759.3289790884248]
[1270.179808947507, 759.0078143349469]
[1270.2485497447278, 758.766244516413]
[1270.3028404573424, 758.7440463297926]
[1270.35331322865, 758.6937497351576]
[1270.3983716994278, 758.2947941937008]
[1270.5042372217695, 758.1337357160811]
[1270.5683915252832, 758.054423546498]
[1270.6654330149452, 757.692601059427]
[1270.7573237273677, 757.3263632959442]
[1270.932966989863, 757.1365277627482]
[1270.9830617649905, 756.9258752156305]
[1271.133435748889, 756.6383555045162]
[1271.2709253884655, 756.3696730107305]
[1271.3974289823614, 756.3094086864351]
[1271.502108115513, 756.0797034306723]
[1271.6218449536495, 755.5541755664656]
[1271.6608356972401, 755.4853172030295]
[1271.8115299632418, 755.0995775624897]
[1272.1647188353863, 754.7687573177747]
[1272.2677728144663, 754.2284374880179]
[1272.5465218149582, 753.92262678791]
[1272.6216158267262, 753.6572230044873]
[1272.8145573338256, 753.4921553469209]
[1272.85030783328, 753.3139128393931]
[1272.9393958065675, 753.1347838594097]
[1273.0842083413586, 752.9758111758231]
[1273.2869540131192, 752.6107146311471]
[1273.5185179929401, 752.3815692795622]
[1273.553402271616, 752.2134714267959]
[1273.6258708435766, 752.0847772838035]
[1273.995151075781, 751.641086745772]
[1274.2193429551041, 751.3220714615408]
[1274.5749025515258, 750.8594336841244]
[1274.9704178814122, 750.8549767862944]
[1274.9998132790024, 750.7497836212095]
[1275.0840164120962, 750.5782455700005]
[1275.1713897836098, 750.5581051399463]
[1275.181827457091, 750.4689052797448]
[1275.2403762595045, 750.4266849862333]
[1275.2524654095255, 750.1915717145031]
[1275.3165752893206, 750.1869206569982]
[1275.5053762568114, 750.0340437062414]
[1275.695039400086, 749.9606669741576]
[1275.7640447335818, 749.897624310422]
[1275.7734612336583, 749.7587963152822]
[1275.7750693264586, 749.5725468810539]
[1275.8227348950406, 749.3844569528542]
[1276.044128742808, 749.2707919222119]
[1276.0542281507055, 749.164049226939]
[1276.3183597977463, 748.9742086019588]
[1276.4908157628101, 748.6911332832314]
[1276.8118664333533, 748.6880916941251]
[1276.8823368233882, 748.3965568772185]
[1277.138924686181, 748.3540373032171]
[1277.1451718961468, 747.9976313932015]
[1277.5361120108541, 747.8399423770019]
[1277.7972342520839, 747.7856779306885]
[1277.8935677135396, 747.3778494161887]
[1278.0530954048322, 747.1000943042886]
[1278.2352957780668, 747.0490350975392]
[1278.4437575570048, 746.8551714465715]
[1278.5841591347225, 746.7273560710189]
[1278.7836721166063, 746.690208445581]
[1279.0704737565595, 746.3109403940563]
[1279.369030209305, 746.1242510417921]
[1279.5228248989342, 746.1049350038173]
[1279.5697191529055, 745.9074554916027]
[1279.8544313269012, 745.6917627967051]
[1279.8707331547348, 745.6235316995777]
[1280.0818953237608, 745.5169013636585]
[1280.2349650467595, 745.4017541333869]
[1280.7639141583047, 745.0279729461325]
[1281.2422287409545, 744.9662561041176]
[1281.5727888593678, 744.5981390839063]
[1281.7126738872469, 744.4034599930989]
[1282.3514248117228, 744.2543520547435]
[1282.3612432499835, 744.0151905804012]
[1282.8690923947183, 743.821205253031]
[1283.3325698600538, 743.5358715762321]
[1283.3570043975988, 743.4737080836878]
[1283.8491104227905, 743.1308451212997]
[1284.2862244252415, 742.9919038571505]
[1284.431554682884, 742.9262455200196]
[1284.5393483245962, 742.8776720705127]
[1284.553765286767, 742.7986612098416]
[1284.7387485610589, 742.7966184721201]
[1285.225821995136, 742.7208579951973]
[1285.275478503118, 742.4835356507576]
[1285.953573614335, 742.4096315794675]
[1286.0031227737213, 742.3489572461485]
[1286.0905676398552, 742.2232725653914]
[1286.2179629827383, 742.1304010886826]
[1286.300332093683, 742.0107669570538]
[1286.7041573166712, 741.7592140564617]
[1287.3000825216773, 741.7002034026854]
[1287.7727555363247, 741.316665051125]
[1288.3648291443792, 741.2820226817854]
[1288.5929385696027, 741.1964946932238]
[1288.8776178251435, 740.9103801149537]
[1289.3142912216433, 740.679918950028]
[1289.9827442409314, 740.6748311730478]
[1290.3347110363093, 740.4092440243115]
[1290.4714574346463, 740.3259379380407]
[1291.0518213198175, 740.2964199711747]
[1291.0809747260141, 740.2506614472132]
[1291.323257910386, 740.2455308603576]
[1291.6544668170677, 740.1502543262903]
[1291.7146607996679, 740.0606244485751]
[1292.0994816752768, 740.006936872224]
[1292.1407468501397, 739.8169455671185]
[1292.3030547051503, 739.7733226540561]
[1292.6033761596004, 739.7672438500434]
[1293.034165520498, 739.6718807867269]
[1293.3284009734007, 739.601001092521]
[1293.4634789717945, 739.5447580971314]
[1293.7216594544734, 739.4748494103163]
[1293.89025993925, 739.4375191270195]
[1294.0595346145496, 739.4008630342465]
[1294.2084660351734, 739.2803997130562]
[1295.072560592192, 739.2726873250585]
[1295.221665769232, 739.140286015008]
[1295.8249078225172, 739.118543037927]
[1296.027380161806, 738.9069103367389]
[1297.1371295953059, 738.8093185948693]
[1297.495977883588, 738.6886627466026]
[1297.9227791305825, 738.6099058025654]
[1298.526175301933, 738.5885325620934]
[1298.9013306278657, 738.5518263518799]
[1299.2513231295025, 738.471387229886]
[1299.8946629415027, 738.3893861105356]
[1300.9976516586325, 738.3745847007003]
[1301.163924147321, 738.3680382406903]
[1301.1686632591159, 738.3586450944972]
[1301.3666434301467, 738.2596066566732]
[1302.1179524383588, 738.2100356936317]
[1302.879473955831, 738.1706772398509]
[1303.2458308833247, 738.169796773166]
[1303.8378738190322, 738.1534510059497]
[1305.0396342265649, 738.1384340076349]
values
[1267.4756572443011, 774.7916661583866]
[1267.47845363279, 774.2797795864727]
[1267.483799165686, 773.1434634337926]
[1267.4858184936634, 772.9882956963304]
[1267.4920391711146, 772.7091762153945]
[1267.5103119087285, 772.6949532955517]
[1267.5122884361206, 772.0626303439151]
[1267.5357134551627, 771.7248636993331]
[1267.5443831651191, 771.3027811442256]
[1267.5639055206907, 771.281269525356]
[1267.578307199717, 770.7062223829261]
[1267.5788277244483, 770.6970928989223]
[1267.586488552636, 770.6334827588252]
[1267.613311604507, 770.5532756592062]
[1267.6134134178506, 770.1888464277221]
[1267.619051932272, 770.1025602434978]
[1267.631638671132, 769.9786136472799]
[1267.6484290441103, 769.7620642769106]
[1267.6846202902861, 769.3315760363921]
[1267.6865977436032, 769.2766713650459]
[1267.709895462063, 769.026415967529]
[1267.7454786793983, 768.66662013068]
[1267.7968741397515, 768.4921608623262]
[1267.8225124656742, 767.9677710980295]
[1267.8463272482477, 767.7800562237107]
[1267.852114471145, 767.7259570211992]
[1267.9100282833017, 767.275172002523]
[1267.9720778154244, 766.8285227038125]
[1268.0609995144605, 766.511608904911]
[1268.08179153746, 766.3522016571229]
[1268.1359544132415, 766.0623796734623]
[1268.1371734304598, 766.0088138595676]
[1268.1412717590788, 766.007806351589]
[1268.1763680717634, 765.9968437845363]
[1268.1940264018108, 765.4582031906934]
[1268.2495895281309, 765.3824854295625]
[1268.2689161580022, 765.3252317577038]
[1268.2876933179643, 764.9479656965163]
[1268.356818777715, 764.8482313193275]
[1268.3950505113737, 764.4109160179419]
[1268.4215475996746, 764.2856859284738]
[1268.4819135582106, 764.0928112846565]
[1268.5043493328812, 763.9018081749856]
[1268.517135643365, 763.8426319286267]
[1268.5773916355115, 763.5801335477647]
[1268.6402639730627, 763.4180009481847]
[1268.6675678535971, 763.2542848439565]
[1268.6803948001707, 763.1444946688864]
[1268.7513594963712, 763.1291364038829]
[1268.821565651406, 762.5856462900797]
[1268.8704958538437, 762.3906382961882]
[1268.888321584028, 762.3350237910777]
[1268.9705680032991, 762.0346294119312]
[1269.0740525923375, 761.8510283138368]
[1269.1457156189413, 761.6373060225966]
[1269.164318609647, 761.6219891707987]
[1269.2529774677569, 761.2364238304667]
[1269.2920672090595, 760.9560901576081]
[1269.4287308276212, 760.7526200530771]
[1269.4334218132378, 760.5286876526706]
[1269.4645640629265, 760.4285677814335]
[1269.604537437033, 760.1047895356477]
[1269.6329691328456, 760.0399169417992]
[1269.639055766232, 759.8560046230195]
[1269.7717525684386, 759.4084628440903]
[1269.9661350730312, 759.0449561423401]
[1270.0194501710957, 758.789324936122]
[1270.1684383003335, 758.6865621883971]
[1270.2690496658397, 758.4189073325788]
[1270.3129483673752, 758.1245562924333]
[1270.3169513209186, 757.9263489236737]
[1270.394159457947, 757.7766942247839]
[1270.510004374336, 757.6787577965953]
[1270.5930088181422, 757.2818735858848]
[1270.6358799985383, 757.0848004390222]
[1270.8138790515288, 756.9880748274369]
[1270.8745975346856, 756.6503465026808]
[1271.0598662231305, 756.5611614521099]
[1271.0660748121277, 756.4122180312047]
[1271.1587537810678, 756.4049195082044]
[1271.1962650293876, 756.1283819700486]
[1271.235535765808, 755.8433905362667]
[1271.2912416914849, 755.793255884767]
[1271.338019937167, 755.4659860531088]
[1271.345819630496, 755.3726805852866]
[1271.4743949528663, 755.2652115587423]
[1271.4845026418598, 755.1140990962303]
[1271.6113559509724, 754.7808284966492]
[1271.6349300798333, 754.7661568726327]
[1271.8885760672758, 754.2006602038388]
[1271.9367978779478, 754.1723905087562]
[1272.113628415486, 753.9227371327397]
[1272.3458906666895, 753.9179285330067]
[1272.4881151422692, 753.6708546068757]
[1272.5643589949095, 753.6093840879373]
[1272.5788055205085, 753.0231298273345]
[1272.8689153211183, 752.5982003411615]
[1272.9747618433485, 752.4650131619139]
[1272.9781514634578, 752.3997975219617]
[1273.1479952805273, 752.182506113072]
[1273.2011178694702, 751.9183585303704]
[1273.490239166959, 751.615706075097]
[1273.6603717852845, 751.3323085071822]
[1273.709391898622, 751.2892170525681]
[1273.933846099534, 751.1031430935577]
[1274.0353051174, 750.7959876151097]
[1274.393938279073, 750.7587771819889]
[1274.4110987611507, 750.4271002778735]
[1274.4601145807485, 750.1977896890643]
[1274.484705592668, 750.1723354485958]
[1274.6411870911943, 750.0318428638411]
[1274.7191076554464, 749.8415048406839]
[1274.7841611267443, 749.8296420266054]
[1274.9015486309297, 749.616216349852]
[1275.0769969747155, 749.3802515037166]
[1275.2392887839437, 749.2662086090895]
[1275.3596072679438, 749.0512675974721]
[1275.5202729820205, 748.8702129774779]
[1275.6471652950936, 748.6966832135466]
[1275.9957908858155, 748.303075888417]
[1276.0563297660433, 748.2693555940837]
[1276.1201110897596, 748.1722581989467]
[1276.2816683598876, 748.0390670758336]
[1276.4998256233152, 747.9658467966605]
[1276.5680364108166, 747.6984945432541]
[1276.9004014908019, 747.6280324607225]
[1276.9295851958716, 747.3446749004547]
[1277.1362593784963, 747.141163801027]
[1277.4318446458583, 746.9154150269696]
[1277.6230443660304, 746.9028744499236]
[1277.702911465915, 746.9008057209306]
[1277.7929263921396, 746.817572546999]
[1277.8544563416262, 746.5957332469837]
[1278.0035826329197, 746.5629771129377]
[1278.105551655284, 746.2670781243158]
[1278.4178647319823, 746.0109341173055]
[1278.5068474824993, 745.9315142874681]
[1278.8781689568295, 745.8824646119921]
[1278.8949107122212, 745.658855993126]
[1278.9268163878837, 745.6038770252128]
[1279.1288214130786, 745.4469699286121]
[1279.4587364677407, 745.3015971777352]
[1279.6475490616322, 745.2347421323545]
[1279.7918729565113, 744.9731073046271]
[1279.9831900275522, 744.827619214959]
[1280.4042702285942, 744.700868056127]
[1280.448884301878, 744.546768781573]
[1280.4754582478515, 744.5197784285502]
[1280.69548175564, 744.5132647786652]
[1280.872056923111, 744.242766782391]
[1281.240416240747, 744.182298318677]
[1281.3669305314165, 743.9536511393528]
[1282.0060392450678, 743.6807245259482]
[1282.2429479434309, 743.5222634806747]
[1282.2909262505232, 743.362915312473]
[1282.4514971260169, 743.3605816673823]
[1282.7397045708678, 743.2100659461393]
[1282.7532855574862, 743.176556760513]
[1282.9789556564933, 743.0965688618202]
[1283.018823436325, 743.0463589713322]
[1283.4166269216148, 742.7214161090715]
[1283.692886623925, 742.6618085861223]
[1284.0891091318563, 742.451777795339]
[1284.152828432717, 742.3197655173063]
[1284.474554165878, 742.3071479816899]
[1284.64525186065, 742.2619482885258]
[1284.6977064113867, 742.1180987882648]
[1284.967153238304, 742.0717997401545]
[1284.9836074902037, 742.0604964825781]
[1285.1430602161677, 741.9849105086678]
[1285.3058805462501, 741.8034446051355]
[1285.6844485329775, 741.7477627877012]
[1285.7066564617576, 741.6726995978058]
[1285.9639881224311, 741.6306166989169]
[1286.4143036659982, 741.5887094725358]
[1286.4463641128905, 741.4367670716399]
[1286.495432909112, 741.4162374690779]
[1286.5509415024903, 741.4028131855532]
[1286.767244246533, 741.2318479695065]
[1287.0518172985926, 741.2073359458047]
[1287.2296606494858, 741.1881108553331]
[1287.3412715982274, 741.1462716927289]
[1287.4724399094266, 741.0171432892469]
[1287.863633941881, 740.8267982517801]
[1288.1261135519558, 740.7590810243008]
[1288.3806021907803, 740.7328337501358]
[1288.7821454432415, 740.562543027924]
[1288.7882909022617, 740.5253941950507]
[1288.9504472928345, 740.5056341001962]
[1289.4478019765475, 740.3913243765132]
[1289.8027366527704, 740.3726974293551]
[1289.863693938048, 740.2135252848088]
[1289.8921805663228, 740.2005840136137]
[1290.195503345976, 740.0585177110507]
[1290.5806765310294, 739.9286406668667]
[1290.698593479008, 739.8964170966312]
[1291.330107002182, 739.7304799579993]
[1291.347146945022, 739.6988843415018]
[1291.6663051500384, 739.6103769136852]
[1292.0953041187695, 739.518562214128]
[1292.3205760752837, 739.4547640353807]
[1292.351184642169, 739.4439447027963]
[1292.3854689160778, 739.4430813475813]
[1292.419772761818, 739.4422375641974]
[1292.5351109204396, 739.3755713483242]
[1292.9098328787381, 739.3029905156212]
[1293.2459501989335, 739.2257685885646]
[1293.3363797688867, 739.2005014912371]
[1293.4865088618774, 739.1482876948928]
[1293.7514902652304, 739.1072900227837]
[1293.7644849943877, 739.0987155443781]
[1293.9122560939277, 739.067679570172]
[1293.9709718272688, 739.0536270638634]
[1294.0118170643518, 739.0502383820311]
[1294.0605355149733, 739.0371519174716]
[1294.1632739708602, 739.0112809200303]
[1294.4599996171296, 738.9430968552757]
[1294.5895271221466, 738.9224838420788]
[1294.963432585862, 738.8926815909531]
[1294.9746487072614, 738.851765381225]
[1295.2357447371855, 738.7972288470694]
[1295.4162049138108, 738.786808613504]
[1295.4546926055864, 738.757548867043]
[1295.6418288973885, 738.7442066186807]
[1295.8411057221524, 738.7015784665213]
[1296.0484652390476, 738.6729311272898]
[1296.4058170863173, 738.6066213938316]
[1296.473259569078, 738.5989936174856]
[1296.5515145177558, 738.5978038838377]
[1296.6571017513033, 738.5873902283188]
[1296.7580980761327, 738.5604989914365]
[1296.9218136987265, 738.5324975178962]
[1296.9637463030176, 738.5316494904715]
[1297.0542870600907, 738.5139170650231]
[1297.1188216485978, 738.5121652423811]
[1297.1983733931315, 738.5047797171685]
[1297.283553621489, 738.4876745416343]
[1297.4441797451846, 738.4663024578299]
[1297.5130287657742, 738.4600812193122]
[1297.5457508065238, 738.4572688391368]
[1298.0008974835946, 738.40409355141]
[1298.4307686718878, 738.3569831150858]
[1298.4344692230516, 738.3529805999343]
[1298.477842442272, 738.3520025955547]
[1298.5748907762847, 738.3432616349537]
[1298.6752515212047, 738.328749072358]
[1298.8079248219701, 738.3149473764845]
[1298.89856424607, 738.3116127879174]
[1299.1106242263536, 738.2895206824744]
[1299.2771126682137, 738.2740109168343]
[1299.3705473083273, 738.2704299488239]
[1299.435800886178, 738.2677946016889]
[1299.4768837465117, 738.2616412631209]
[1300.1332630969719, 738.2085482173302]
[1300.2567149287015, 738.2026343199633]
[1300.473278407629, 738.1847812606785]
[1300.5980588398481, 738.1768406323415]
[1300.91090715279, 738.1648535689551]
[1300.9383290971914, 738.1605354869934]
[1301.0053926940532, 738.1597101588699]
[1301.1752712693506, 738.1469450539465]
[1301.4206332826293, 738.1379143356144]
[1301.8463660744653, 738.123093921508]
[1301.8860849052758, 738.1181437691095]
[1301.9222401236857, 738.1181147107858]
[1302.2302342508833, 738.1171112514234]
[1302.484396387405, 738.1020944523448]
[1302.7827562848215, 738.0932020203929]
[1303.1387682522468, 738.0854317205094]
[1303.4968852535508, 738.0797664545049]
[1304.4177280545382, 738.0789961272299]
end_solutions
[4.6694719094466155, 17.69907980150278, -17.618477556511017, 6.903762761775036, -3.1749583478589045, -5.91790111090066, 8.211543665960747, -11.989187453298062, -6.792782927942609, -3.826672670104923]
[4.578209481137128, 17.635430354811483, -17.57114358787954, 7.06876837851629, -3.1586735132327464, -5.920273701965954, 8.243304245461665, -12.02112562251198, -6.877337861408563, -3.862117369982888]
[4.512721418956553, 17.589777756495756, -17.537232296554265, 7.18705313620341, -3.1469877750634643, -5.92195243438382, 8.266072351115827, -12.043978434132583, -6.9379601387753675, -3.8875100623152443]
[4.447233356775978, 17.544125158180027, -17.50332100522899, 7.305337893890531, -3.1353020368941826, -5.923631166801686, 8.28884045676999, -12.066831245753189, -6.998582416142172, -3.912902754647601]
[4.366131620382209, 17.487595917979547, -17.461349124245018, 7.451806167690371, -3.120833905887956, -5.925711964192575, 8.317025098217877, -12.095123759422629, -7.07363413434189, -3.9443421539120744]
[4.2850298839884395, 17.431066677779064, -17.419377243261046, 7.5982744414902115, -3.1063657748817293, -5.927792761583465, 8.345209739665766, -12.123416273092069, -7.1486858525416075, -3.9757815531765477]
[4.2011993365779485, 17.372661931009247, -17.376067002593608, 7.749550597722761, -3.091415116974008, -5.929925978960472, 8.374310141216766, -12.152596230133526, -7.226191081627347, -4.008235574905063]
[4.091191309277894, 17.296495893098225, -17.320530586955922, 7.945715910458689, -3.0718467818833197, -5.932334379035172, 8.411936199374034, -12.189620340421268, -7.326640927030156, -4.049990670661405]
[4.001917924879274, 17.23500045676171, -17.27632172772865, 8.103368832022076, -3.0560020208783945, -5.934035977965797, 8.442097643721203, -12.218836223319265, -7.407324278356938, -4.08332895638825]
[3.85049560854749, 17.131379088719143, -17.20323905114817, 8.367548204488799, -3.029220213847693, -5.936424567056283, 8.492422787730863, -12.26665577335689, -7.542328725325218, -4.138719292750371]
[3.788346676614327, 17.089253157013086, -17.17436523379496, 8.474074655392133, -3.018283167821917, -5.937111557216144, 8.512586487393355, -12.285259440496517, -7.596649820966715, -4.160771343385646]
[3.6813570169831813, 17.016257557583835, -17.123322543686236, 8.659639412648506, -2.9993818779679624, -5.93861372082717, 8.547888065405253, -12.318455682175125, -7.691463182830836, -4.199520944364824]
[3.5397509488816743, 16.920749430188852, -17.05886996438211, 8.900180459005469, -2.974534983718813, -5.939859517855585, 8.593241286043316, -12.359674109055026, -7.813934203532703, -4.248979545926746]
[3.4839918265125336, 16.883322401538734, -17.03400363249254, 8.994092830421287, -2.964782078586423, -5.940238700388756, 8.610871854831224, -12.375473787826028, -7.861659537564942, -4.268162171499947]
[3.414147898225309, 16.836481490677322, -17.0029703609308, 9.111549600645727, -2.9525726227638627, -5.940689267371049, 8.632905067769942, -12.395169185127884, -7.921329028132073, -4.29212558873437]
[3.3015723021225543, 16.76101715211521, -16.953045889252433, 9.3007088512495, -2.932898484958853, -5.9413913769228, 8.66837668577589, -12.426828934601115, -8.017412681985096, -4.330693265350023]
[3.2287601452476427, 16.712226390976785, -16.920806280398715, 9.422969307840141, -2.920176356108001, -5.941832662909684, 8.69129691019257, -12.447260441650114, -8.079508853540048, -4.355607955160395]
[3.150138218271654, 16.659531883446782, -16.885964799092463, 9.555034255111877, -2.906437490005696, -5.942316596985033, 8.716058879153142, -12.469348601227075, -8.146588309512406, -4.382528178796451]
[3.011481609337472, 16.567544573919655, -16.82725810647603, 9.783887082847496, -2.8823883340269765, -5.942657256868996, 8.758498906800021, -12.506135204579152, -8.262215181324004, -4.4285077121229985]
[3.011481609337472, 16.567544573919655, -16.82725810647603, 9.783887082847496, -2.8823883340269765, -5.942657256868996, 8.758498906800021, -12.506135204579152, -8.262215181324004, -4.4285077121229985]
[2.8728250004032896, 16.475557264392528, -16.768551413859594, 10.012739910583115, -2.8583391780482574, -5.942997916752958, 8.800938934446902, -12.54292180793123, -8.377842053135602, -4.474487245449547]
[2.80703805765653, 16.431771034394153, -16.740288737178354, 10.121938334106327, -2.846902573874552, -5.943240170767183, 8.821257869674925, -12.560705637580016, -8.433100877839466, -4.496529143088544]
[2.5875494759601576, 16.28741344073753, -16.65108736785745, 10.478983378309687, -2.809094557268896, -5.94318417889417, 8.886748113017754, -12.61615166642095, -8.612484451886392, -4.56735283143944]
[2.5070135289459143, 16.234928935729116, -16.619808488678096, 10.608002960386159, -2.7953253450501476, -5.94294657669294, 8.910117722542221, -12.63543543119589, -8.676882949805703, -4.592587673501361]
[2.3936202295691014, 16.161875001057705, -16.578372003846304, 10.786293096210521, -2.776130086032107, -5.942291381718771, 8.94182518538638, -12.660793228307114, -8.764995937066402, -4.626815818275633]
[2.330766367711539, 16.1213861453666, -16.555419099099993, 10.885099964863329, -2.765491317674773, -5.9419265032571005, 8.959393548870292, -12.674838785374149, -8.813821854694325, -4.645780941872382]
[2.2471240221035296, 16.067510672082623, -16.52488895065913, 11.01656700307065, -2.7513349056198226, -5.94143882549287, 8.982766037628148, -12.693519416275286, -8.87878263949776, -4.6710113018364865]
[2.16348167649552, 16.013635198798646, -16.494358802218265, 11.14803404127797, -2.7371784935648726, -5.940951147728639, 9.006138526386003, -12.712200047176422, -8.943743424301196, -4.696241661800592]
[2.0687542083656636, 15.952620933028093, -16.459785808639467, 11.296918360041884, -2.7211461568209696, -5.940397831612525, 9.032607156199965, -12.733353191833759, -9.017310288403081, -4.724813765112097]
[1.985035633019264, 15.898692468166086, -16.429214676669396, 11.42851943356621, -2.706975818429712, -5.939910376946337, 9.056007161843175, -12.752058397940722, -9.082343334568861, -4.750073070704013]
[1.872989600460015, 15.82652452997552, -16.38832319209304, 11.604616868944342, -2.688012491812235, -5.939254364601796, 9.087314081660427, -12.777075290071512, -9.169357963329123, -4.7838669142003445]
end_values
[1304.41772805  738.07899613]
[1301.88608491  738.11814377]
[1300.1332631   738.20854822]
[1298.43446922  738.3529806 ]
[1296.40581709  738.60662139]
[1294.45999962  738.94309686]
[1292.53511092  739.37557135]
[1290.12489539  740.02670776]
[1288.26584376  740.63084546]
[1285.30588055  741.80344461]
[1284.15282843  742.31976552]
[1282.29092625  743.36291531]
[1279.98319003  744.82761921]
[1279.12882141  745.44696993]
[1278.10555166  746.26707812]
[1276.56803641  747.69849454]
[1275.6471653   748.69668321]
[1274.71910766  749.84150484]
[1273.20111787  751.91835853]
[1273.20111787  751.91835853]
[1271.88857607  754.2006602 ]
[1271.34581963  755.37268059]
[1269.77175257  759.40846284]
[1269.29206721  760.95609016]
[1268.6803948   763.14449467]
[1268.39505051  764.41091602]
[1268.07471485  766.15527692]
[1267.82251247  767.9677711 ]
[1267.61905193  770.10256024]
[1267.51228844  772.06263034]
[1267.47565724  774.79166616]
