values
[1055749.355540101, 6224391.725428118]
[1068611.6692532373, 5730769.2137872875]
[1081937.716617068, 5289358.334493237]
[1084287.5678300036, 5224992.070142789]
[1116292.6665389943, 4421114.71696625]
[1163735.2679897652, 3874217.984646241]
[1203126.2331146074, 3634055.279546473]
[1526502.0151493552, 3088304.8044534656]
[1584380.9271254016, 2896614.647422055]
[1674220.839524076, 2739234.344241796]
[1720292.0548994297, 2190728.097651163]
[4234597.550952589, 2186397.4669663836]
[4572282.7750394475, 1427592.3635488686]
[5336067.876429477, 660207.2308589197]
[5362410.102832092, 596379.8852016117]
[5377007.359556974, 593270.1054943907]
[5393481.966757879, 590633.9022147157]
[5417602.701582976, 577744.3047573257]
[5483867.169334219, 548874.2970333733]
[5496460.756540486, 546227.1505089211]
[5598571.211281457, 458909.0009880264]
[5806410.128277374, 359368.34218589496]
[5849758.759272869, 336580.4200960594]
[9635983.955437541, 331484.25682466524]
[9943023.183249665, 169045.41146439838]
[15955620.996627709, 124296.64585348472]
[17985543.715564452, 36420.20244011825]
values
[879919.1327886869, 5574881.661518489]
[947073.2039098493, 5175132.93912652]
[1028287.2269969485, 4986015.291868612]
[1033415.4983875136, 4184364.7327963184]
[1061972.1554934368, 4080434.101626286]
[1090842.6089034148, 1901067.3424567524]
[1094946.8616393835, 1897716.6426983248]
[1101722.9516299402, 1872278.8065694144]
[1301870.8861626163, 1427509.0214049586]
[1768017.7807343635, 1358864.6880886122]
[1821064.533907997, 1215002.4238777533]
[1826557.015314651, 1205181.1668758027]
[1831378.8172008134, 1199353.305554791]
[1833688.856958915, 1193042.7066188406]
[1835329.5439508557, 1189548.6019223274]
[1837062.1281450135, 1188871.9896773617]
[1838067.0777580994, 1185841.7407453742]
[1844182.969895554, 1175367.4539034355]
[1848634.868994611, 1168808.6513107475]
[1852451.59652689, 1166610.1651691906]
[1852637.113987708, 1164555.2023528193]
[1852843.2693289963, 1162555.9555639112]
[1854830.0741262445, 1162082.210754526]
[1856864.481740516, 1156522.7052518264]
[1859783.026343463, 1155534.7760531574]
[1859999.5643912852, 1152238.7207967904]
[1862033.9690789394, 1151177.1414517944]
[1863120.773684055, 1148123.0602816022]
[1864726.6725518827, 1147869.0168226797]
[1865567.9995224827, 1145645.503276661]
[1869322.0477183035, 1140389.309847133]
[1872145.5972713989, 1137989.5681213385]
[1875409.1398460218, 1135766.3795321898]
[1875616.0627117828, 1135137.436267352]
[1876734.76670402, 1134376.972177914]
[1879258.473831262, 1133033.242968789]
[1881566.302712835, 1126844.12682892]
[1885377.766747635, 1122168.624569443]
[1889202.4060211282, 1117894.1637946235]
[1891406.5998732997, 1116771.9581966577]
[1893206.4335206526, 1114635.2191761513]
[1895201.0846426485, 1113087.8800006646]
[1897548.6909541737, 1112854.4760488912]
[1899176.322890509, 1110150.5940297768]
[1902014.0517121172, 1107341.400424311]
[1902794.6999142158, 1107236.5403796807]
[1904722.4202821723, 1106547.3503193983]
[1905933.3241699713, 1105390.4536166205]
[1907074.5441849532, 1104864.246973931]
[1908466.2926968816, 1103412.1384438414]
[1909607.962655725, 1102919.9617509565]
[1910749.2458283422, 1102436.7123968618]
[1911890.168425241, 1101962.1929085618]
[1914171.0402479568, 1101038.560642005]
[1914805.9964138973, 1099705.2561925347]
[1915615.1570565612, 1099214.0937647556]
[1989623.3024807896, 1092548.2030959742]
[2064490.0197164638, 1075236.124897173]
[2141457.590731333, 938182.8815708039]
[2175828.657321511, 877755.588393498]
[2424296.5116728665, 738900.9478593527]
[3417871.9388890415, 654253.3655203907]
[3664791.650248061, 642591.5776531323]
[3963826.4399241586, 610680.4197828398]
[4513162.653757876, 595504.6702434813]
[4680090.685000763, 579081.3985540781]
[4936360.974860325, 570359.6666137739]
[4989402.3453882355, 568158.3080199235]
[5116711.71799886, 506138.8574297691]
[5520751.695040569, 432414.0788021838]
[5569960.549132309, 426537.3486163068]
[5665770.372795818, 392508.8721640355]
[5731381.2061691405, 379482.6320393493]
[5806410.128277374, 359368.34218589496]
[5809487.290419684, 312835.74231977295]
[6213058.649313886, 299169.3238864012]
[7493838.679759872, 294848.13637643104]
[8669556.320705373, 241842.35382470893]
[8889615.361327764, 231596.14310109062]
[9229735.626014644, 208214.76633482907]
[9376922.482335368, 199658.57352710527]
[9455190.860883098, 195603.9377546599]
[9510438.524488749, 160511.74542524567]
[9632796.854306312, 133279.5486907993]
[9954585.079464473, 104996.65648729447]
[10316759.434482185, 87237.84868965953]
[10474148.799335074, 71792.56053584197]
[10564678.663229948, 69522.91863566477]
[10664426.751098668, 67663.70310824945]
[11140316.046239836, 62752.398871395984]
[12823759.467255384, 52224.06436344326]
[14619197.847310318, 33265.09401444744]
[30719705.72252926, 23078.808907039987]
[31105342.141339514, 19098.154518616888]
[33513245.588570837, 18801.998766525376]
values
[756331.5435813507, 4848151.079311689]
[757188.763613655, 4675446.594509196]
[759077.8396293639, 4377387.4096037615]
[759733.6577670027, 4354386.225224769]
[759764.413811487, 4305002.2021319]
[760771.520584922, 4286745.373227561]
[761986.9318954883, 4218855.19345344]
[766705.8993026149, 4017259.9032459743]
[768434.9994169073, 3999221.168473571]
[771181.8137011905, 3858135.2887526546]
[775532.2985698115, 3764649.8371463763]
[781046.8265556886, 3649395.1649586204]
[787302.8581664265, 3542867.339163744]
[802047.3268838134, 3356300.775663054]
[807430.132564348, 3350724.885749187]
[822081.7611624293, 3151570.34058151]
[829659.6611666591, 3129389.411236111]
[838634.9844181455, 3056648.123535809]
[845807.146111607, 3028149.011079558]
[850223.5900861156, 2961600.937289774]
[871044.4565022201, 2940868.368721247]
[874174.4729449202, 2895899.8812811715]
[888583.6517068503, 2784712.5308423606]
[890809.3749700225, 2779018.1863252413]
[905046.4612960332, 2772276.9916040255]
[913674.9214005925, 2747782.7261661305]
[921106.1185215645, 2584928.9439496757]
[924797.4336361686, 2554872.44533926]
[934765.9280846321, 2506165.7696259147]
[948421.3599880972, 2428538.837173703]
[979351.9543993913, 2394609.9558308306]
[980831.369718352, 2293953.2349166605]
[991412.1986474942, 2195859.8963313187]
[992422.955085913, 2181305.172332334]
[1000305.5473445919, 2159386.212711535]
[1003485.714251071, 2140926.89548026]
[1010855.044927846, 2113709.960598597]
[1011805.2615592999, 2097570.5273432974]
[1012834.4746170939, 2094883.239961194]
[1018694.5459940027, 2079406.9115674624]
[1020753.8315503949, 2042153.7235144493]
[1030567.013980943, 2023362.9031211727]
[1041256.9521489397, 1979481.2381527487]
[1041832.3277152021, 1977804.6092050222]
[1042648.8915907649, 1975402.7320185]
[1044023.6634682401, 1971343.4983947305]
[1045737.7445627125, 1966262.667441708]
[1053787.3638969413, 1955089.9489547878]
[1054012.3304838615, 1944011.941640073]
[1056598.8913127356, 1893908.8747595625]
[1062231.1002247331, 1843867.0273941676]
[1063696.0796847213, 1835409.0907525115]
[1065083.8473568761, 1830555.8369265078]
[1065464.5044329877, 1825729.342720849]
[1069372.8121246693, 1777789.97359063]
[1070478.2514411067, 1770884.4897875765]
[1074786.3923891166, 1716072.0765862435]
[1081625.5643264777, 1675506.5081030147]
[1084010.600959021, 1646263.0851647255]
[1084908.367412355, 1634973.7369656155]
[1093404.383361535, 1496597.26927757]
[1094003.6810555959, 1489179.5797432365]
[1113281.2186197338, 1487826.7199651136]
[1119148.5562101647, 1333611.3239020864]
[1124701.1513821331, 1306253.7262883002]
[1128781.5754211505, 1288882.9194204067]
[1129039.0068204007, 1287836.842882423]
[1129930.2235201977, 1285459.2458872667]
[1130552.655629447, 1281955.9212478301]
[1130942.1058162255, 1280471.9415754823]
[1131343.65685011, 1278937.8121949364]
[1134263.9985436776, 1268484.8101308974]
[1135774.9595091264, 1263882.3761726555]
[1136918.0928711775, 1260160.6816844756]
[1137931.2500430488, 1256382.7414992785]
[1138487.7583230285, 1254693.2670964363]
[1139120.0514553564, 1252695.678118272]
[1139928.4983067703, 1250299.8497317033]
[1140128.7755621048, 1249676.4194519853]
[1140415.4214457297, 1248850.01556102]
[1141399.3693080507, 1245972.3996498934]
[1142396.8817440646, 1243124.2855057223]
[1144433.0560690106, 1237516.9975905584]
[1144824.2029731583, 1236933.190230919]
[1145213.794191989, 1235797.5565746205]
[1146463.9395976518, 1232025.742633749]
[1147921.401310554, 1229419.2425093758]
[1148673.1389446692, 1226660.760254916]
[1148993.6483069302, 1225906.3634818196]
[1149677.9317699897, 1223818.9022124335]
[1150878.8029935074, 1221412.9844812283]
[1152460.3234268508, 1217449.713572375]
[1154709.2168683945, 1212026.7802927599]
[1155465.632977969, 1211280.0678125161]
[1157626.960926619, 1207044.4621058186]
[1157655.6945522858, 1205998.433149125]
[1158965.2492881147, 1203800.2677587017]
[1159924.2229431216, 1202707.243567769]
[1160136.2749571847, 1201360.6002447412]
[1161309.8176525119, 1198716.5399149093]
[1161583.7463560454, 1197996.4013685319]
[1162356.6471624018, 1197831.5598432159]
[1163153.4748239866, 1195176.3235936593]
[1164671.5992389915, 1193218.1902843795]
[1165102.304781707, 1191715.1944211884]
[1165208.9715100667, 1191363.0115441466]
[1166116.011074119, 1190065.3329364713]
[1166901.9583719282, 1189956.480642462]
[1168461.8827430215, 1187485.7020375077]
[1168816.1871691644, 1185742.841032951]
[1168962.4581022805, 1184983.5010868001]
[1170687.475974383, 1183785.1391387323]
[1171740.572647109, 1181921.311897474]
[1172785.5890761528, 1181878.816665958]
[1172903.1159594485, 1178520.7306249444]
[1173178.4396669467, 1177877.6386201554]
[1174089.4207865724, 1175211.6696840809]
[1177555.32793847, 1171101.04294368]
[1179337.6283005846, 1168570.6777014052]
[1181076.626867158, 1166688.0283715338]
[1182336.0493915903, 1164238.0230162502]
[1183493.3513712094, 1163312.294657478]
[1185297.845396422, 1160389.547939647]
[1185376.164813698, 1158658.3402802933]
[1186542.9902923256, 1158643.916010019]
[1187051.9181321335, 1158131.628125139]
[1187301.5642499104, 1157739.4520399296]
[1187528.4266759958, 1157585.2247290472]
[1189205.6329356583, 1155893.0353111564]
[1189615.1323563477, 1154999.0362982817]
[1191149.3841567098, 1153583.364783481]
[1192946.287762899, 1151215.349488013]
[1193144.7881715915, 1150530.797227395]
[1196132.959885475, 1148102.0768281769]
[1196169.443454046, 1147423.2160231655]
[1197288.7353816899, 1146498.3528759375]
[1197336.8171611212, 1146045.6049660214]
[1200281.705471013, 1143383.094743785]
[1200959.5725344778, 1143342.728498874]
[1201170.0205530124, 1143066.7096585135]
[1201276.4269536738, 1142717.903935782]
[1201824.296481465, 1142178.6963649616]
[1201955.5601861365, 1142002.1528243162]
[1202597.1979436793, 1141954.904069205]
[1203124.9805746423, 1141252.4340035594]
[1203389.6915378168, 1140903.310450913]
[1204435.204936561, 1140338.1563457462]
[1204726.4436941384, 1139576.7490590306]
[1204952.1386512816, 1139303.248110809]
[1206902.5873676054, 1137374.2521928814]
[1208953.8740485348, 1134963.9227869345]
[1210449.9068530274, 1134616.2942900092]
[1211883.5392069635, 1132320.5630915868]
[1212993.1394318338, 1131832.6372702785]
[1214513.0318879061, 1130534.0146184526]
[1214659.9027561706, 1130520.9941472886]
[1216297.444344173, 1130047.2784471104]
[1217153.8724802188, 1129048.7634587928]
[1217682.154137498, 1128831.033132935]
[1217930.7680377744, 1127874.5959212906]
[1220828.3247852102, 1125848.5136044486]
[1222769.4429027787, 1124289.7188340325]
[1223922.4702220964, 1123946.1767922647]
[1226208.8568016805, 1122873.3739689814]
[1227739.4144504839, 1120830.3939030464]
[1228676.0518154488, 1120799.7848244363]
[1230140.8956526055, 1119943.9072870428]
[1232835.748767914, 1117577.4691192464]
[1237185.7113778521, 1115380.2026262232]
[1239391.323522068, 1114319.9462892895]
[1248431.1454293123, 1109630.4810483095]
[1251318.1478306684, 1108132.7652037777]
[1254987.614034944, 1106507.9462974553]
[1258711.6395697515, 1104952.3355753918]
[1327856.5112691598, 1093324.171559621]
[1392415.262164845, 1091036.3724276132]
[1521760.059053491, 1083750.2892603201]
[1598217.0561802725, 1080908.8056124677]
[1611380.612535115, 1078219.1144351722]
[1650312.9188193963, 1074638.2020255427]
[1738557.2114497682, 1069162.1885620381]
[1759235.9210311598, 1020702.919547949]
[1788064.5186402914, 1003648.9526190846]
[1791661.7281480506, 1002951.4505717388]
[1801334.884537984, 985909.1856042326]
[1849014.8560433353, 957260.2806503756]
[1857354.2653714546, 948394.4071343732]
[1903273.777828971, 921338.2114093908]
[1979415.3110656955, 872246.2191698273]
[1987745.1920969365, 852150.6511250341]
[2001057.475182364, 824786.7785346475]
[2053571.7772371299, 790772.6580068789]
[2062641.6094099982, 784131.3870724734]
[2098520.7415169403, 763740.8582282246]
[2116743.5929867886, 752192.2481144966]
[2158115.980459398, 741879.698672706]
[2178553.952205889, 730828.8928765508]
[2199850.3955772878, 720163.7029529582]
[2245002.765674971, 700066.8500250228]
[2270717.218875257, 698399.0190536532]
[2293433.64301709, 681707.306939837]
[2318789.8539727875, 673201.210358161]
[2344840.453895156, 665149.8032393946]
[2398831.1913969, 650410.6956357677]
[2426743.512012896, 643716.3613354245]
[2455185.2241954505, 637463.8379413703]
[2542842.276184251, 621258.9649274789]
[2572544.0587568665, 616666.8493386456]
[2691466.617487121, 601932.508372598]
[3010976.7013501814, 578922.67741611]
[3498634.969574759, 551589.3185717615]
[3619726.573281928, 537042.0064701791]
[3864455.842787142, 520537.555788009]
[4016557.381796747, 499509.559743909]
[4278562.163374124, 456238.63042908354]
[5040054.537091186, 377012.2830124502]
[5370483.512252271, 316584.4668819623]
[5402466.799510594, 310645.21314394934]
[5443396.008743566, 307885.99772770546]
[5490545.384282688, 304956.27968624653]
[5876874.41076159, 285080.76750427217]
[7075119.848762214, 207671.49382865502]
[8434359.561203381, 189919.88798525976]
[8494282.14542796, 180780.22823735944]
[8807454.793279445, 177103.3954241003]
[8887420.778610604, 172467.52027877964]
[9222832.479603108, 163522.0253391181]
[9349613.071498008, 139058.8171906976]
[9632796.854306312, 133279.5486907993]
[9654387.10811566, 111577.89422345611]
[9954585.079464473, 104996.65648729447]
[10316759.434482185, 87237.84868965953]
[10446546.16294688, 74499.69067366104]
[10474148.799335074, 71792.56053584197]
[10536660.685193578, 69699.7525067364]
[10564678.663229948, 69522.91863566477]
[10578651.164776895, 67940.54112892608]
[10664426.751098668, 67663.70310824945]
[10727978.787963375, 65998.4048013981]
[11140316.046239836, 62752.398871395984]
[12823759.467255384, 52224.06436344326]
[14619197.847310318, 33265.09401444744]
[14775459.004626162, 28831.66953170212]
[14888291.300634492, 23321.203279785466]
[15435943.905845486, 23290.65941553811]
[15609431.648444228, 23263.04659427964]
[18133675.77346785, 20354.217349062947]
[21411393.058715094, 19393.750904253982]
[31105342.141339514, 19098.154518616888]
[33313667.98511363, 18714.27584458]
values
[755568.9525020426, 4725918.510500047]
[755601.8814597004, 4511325.242391552]
[758096.647550256, 4479096.935552975]
[758316.5585974541, 4388802.487621679]
[759077.8396293639, 4377387.4096037615]
[759334.3254261559, 4331550.936857353]
[759764.413811487, 4305002.2021319]
[759767.724884804, 4280695.938284934]
[760042.071416065, 4272079.616619862]
[760277.5046473822, 4229873.720915518]
[760862.2819660291, 4213939.723991847]
[761502.4251288091, 4160154.1611162997]
[762267.5059322092, 4135675.096951106]
[762540.8304376686, 4108136.214972762]
[763561.0232288443, 4102220.5481233113]
[764917.5900808407, 4000281.755592632]
[766625.7371559351, 3942560.778112695]
[767191.8357465552, 3924911.528130194]
[767913.724313077, 3896983.704332753]
[769552.0209804226, 3839246.5572750517]
[770545.4957901333, 3824396.6491784495]
[771376.2211014266, 3820826.556124515]
[774624.8736516135, 3812398.312759062]
[775532.2985698115, 3764649.8371463763]
[777632.5410486072, 3710098.218677449]
[777754.3754403797, 3636959.812099129]
[779401.758412427, 3600386.346380741]
[780170.7077057963, 3592971.8543101684]
[783982.8707648715, 3517195.014324582]
[784813.92227269, 3508108.2845015656]
[787856.8483412389, 3465005.1712587145]
[788032.2493517016, 3460822.098054043]
[788786.9890771469, 3454092.1743202675]
[789915.301731736, 3433305.6740710693]
[792135.7191252479, 3399307.471054954]
[792929.140887045, 3392930.7190655726]
[794449.2622440229, 3368279.510720812]
[796577.3766340186, 3350773.3778141835]
[798613.2824241818, 3322462.397927857]
[800400.5181433191, 3310441.4208259764]
[803977.083990925, 3266662.7021317156]
[805780.6019575521, 3257586.807567863]
[806176.7046517374, 3252340.3664599797]
[806640.9684296155, 3238382.520318267]
[810425.4691144481, 3215893.554342806]
[815787.4578500262, 3168038.040153356]
[816695.0617312407, 3164318.947366597]
[816817.5439678087, 3162817.306929299]
[817186.7292457568, 3148405.558368097]
[818420.2487937597, 3143055.859704215]
[820550.9399157277, 3124580.526731411]
[823646.8370495386, 3099600.7083549104]
[825904.4927677852, 3091657.882096104]
[826244.2805360054, 3089026.8773574093]
[828207.4554019348, 3081743.518962531]
[829564.518406006, 3076439.8074227083]
[838634.9844181455, 3056648.123535809]
[840880.2440167435, 3036255.2749872357]
[845807.146111607, 3028149.011079558]
[846393.4179987481, 3021726.9067671527]
[847410.1869851142, 2952753.350852664]
[853832.0839128158, 2951619.178980565]
[868140.4516290873, 2858847.385284908]
[878869.857654671, 2824684.044890184]
[888583.6517068503, 2784712.5308423606]
[890809.3749700225, 2779018.1863252413]
[905046.4612960332, 2772276.9916040255]
[908923.440672037, 2637356.3244091203]
[920220.0222632595, 2572941.3684834493]
[924797.4336361686, 2554872.44533926]
[934765.9280846321, 2506165.7696259147]
[948421.3599880972, 2428538.837173703]
[979351.9543993913, 2394609.9558308306]
[979721.083412481, 2230403.754365348]
[981127.0145238985, 2226444.0173488185]
[988383.4739248704, 2200715.228778316]
[991412.1986474942, 2195859.8963313187]
[992422.955085913, 2181305.172332334]
[997868.7783001558, 2147307.9548747367]
[1000297.1136248653, 2139236.934651113]
[1000862.9173240094, 2133032.234303767]
[1002796.3796352221, 2124217.9447640735]
[1006085.5981985093, 2121268.8169316477]
[1007862.738707091, 2108573.8774667736]
[1008243.8670748905, 2107381.5576351816]
[1009274.0780321993, 2093834.5910460225]
[1009401.4286673268, 2093446.9668645228]
[1013555.4559938586, 2080842.503230515]
[1014579.3228474136, 2077858.516595596]
[1016515.9412460414, 2073074.074407898]
[1017152.2722634133, 2070320.0665812586]
[1018471.138292978, 2066919.9098010461]
[1019483.2292009537, 2064055.3826407127]
[1020418.6449220993, 2060868.8651006601]
[1020753.8315503949, 2042153.7235144493]
[1026324.0017584582, 2035462.176006466]
[1030567.013980943, 2023362.9031211727]
[1030968.6569093323, 2015268.2186506032]
[1030976.6305122968, 2010082.8315993494]
[1035257.5148229364, 1991923.8574759325]
[1035302.0073062612, 1988423.070966279]
[1039430.1980521174, 1978530.2427008897]
[1041466.4336969194, 1968611.2973802034]
[1045737.7445627125, 1966262.667441708]
[1053359.6035870945, 1908404.4674603266]
[1056598.8913127356, 1893908.8747595625]
[1062231.1002247331, 1843867.0273941676]
[1063696.0796847213, 1835409.0907525115]
[1065083.8473568761, 1830555.8369265078]
[1065464.5044329877, 1825729.342720849]
[1069372.8121246693, 1777789.97359063]
[1070478.2514411067, 1770884.4897875765]
[1072017.0826669447, 1756838.2525497018]
[1072068.6256357655, 1756303.881028251]
[1072607.2255839207, 1744609.33612185]
[1073410.3373207066, 1739478.7928040533]
[1073529.989431105, 1737917.0490159192]
[1073693.8871002397, 1735744.7760541087]
[1074090.4362952644, 1730653.2063123002]
[1074546.3863642337, 1719414.7708957403]
[1074786.3923891166, 1716072.0765862435]
[1075716.4750969794, 1714075.5892446078]
[1076772.3967034507, 1698016.5605648193]
[1078470.1762859547, 1677387.4457672483]
[1081625.5643264777, 1675506.5081030147]
[1084010.600959021, 1646263.0851647255]
[1084908.367412355, 1634973.7369656155]
[1093404.383361535, 1496597.26927757]
[1094003.6810555959, 1489179.5797432365]
[1097405.7061812792, 1454692.9971505278]
[1099858.0763900718, 1436854.2360000312]
[1111976.6303779164, 1377270.7458300479]
[1115291.2503119332, 1356263.9984566295]
[1119148.5562101647, 1333611.3239020864]
[1120533.0483761197, 1326237.7699865857]
[1121975.5445788866, 1318807.0553514226]
[1122780.249284821, 1314902.2673485144]
[1123598.697836812, 1311029.1003535253]
[1123846.2662033555, 1310157.0528259468]
[1124452.7269339012, 1306724.174506128]
[1124701.1513821331, 1306253.7262883002]
[1125008.1598503676, 1302976.933807655]
[1125439.0932926347, 1302473.3623258772]
[1126531.2843360575, 1297209.038939243]
[1127346.8237141052, 1293423.1397978484]
[1128097.758983632, 1290811.9618920884]
[1128244.2805531751, 1290383.1559175362]
[1128781.5754211505, 1288882.9194204067]
[1129039.0068204007, 1287836.842882423]
[1129154.8431227852, 1286722.2743073162]
[1129748.8978345108, 1284911.293670474]
[1129778.4865737518, 1283934.6852149682]
[1130170.2134893346, 1283635.3357536735]
[1130552.655629447, 1281955.9212478301]
[1130562.17985333, 1281394.7506591827]
[1130942.1058162255, 1280471.9415754823]
[1131343.65685011, 1278937.8121949364]
[1131519.8979181903, 1276567.9184506156]
[1132341.5148474006, 1275636.1392225926]
[1132971.1063088488, 1273190.457209981]
[1133324.439504197, 1271748.7624536657]
[1134263.9985436776, 1268484.8101308974]
[1134660.7747161419, 1266889.7344934253]
[1135326.9633807898, 1263833.2549442835]
[1136918.0928711775, 1260160.6816844756]
[1137016.7836942293, 1258337.9334256386]
[1137597.6707123863, 1256999.4376578173]
[1137757.0731537675, 1256863.037487714]
[1137931.2500430488, 1256382.7414992785]
[1138107.7811133289, 1255124.1963799507]
[1138487.7583230285, 1254693.2670964363]
[1138658.35036998, 1252946.2083210708]
[1138835.0739532663, 1251953.890114568]
[1139928.4983067703, 1250299.8497317033]
[1140128.7755621048, 1249676.4194519853]
[1140415.4214457297, 1248850.01556102]
[1140822.2362403858, 1247566.8706183308]
[1140833.4074117998, 1247183.3529690027]
[1141305.8422426074, 1246233.1170378178]
[1141399.3693080507, 1245972.3996498934]
[1141401.3945556409, 1245633.4835910816]
[1141657.1777093618, 1245380.5575355906]
[1142229.7642955557, 1243393.7377828618]
[1142396.8817440646, 1243124.2855057223]
[1142445.500255739, 1242545.7669403828]
[1142465.5215109272, 1240654.9050287516]
[1143860.1793946684, 1238265.7868360644]
[1144433.0560690106, 1237516.9975905584]
[1144818.3950306578, 1235462.2292206625]
[1145502.047435265, 1234235.9362377587]
[1146063.4274063457, 1232480.6694869678]
[1146463.9395976518, 1232025.742633749]
[1146602.114983375, 1231739.0430392749]
[1146647.0954939283, 1230773.6269075202]
[1146799.9373539346, 1230028.8553586246]
[1147014.8683370878, 1229634.139593346]
[1147024.1384379838, 1229318.8340158528]
[1147601.9866450836, 1228220.066035406]
[1148246.1940631617, 1227953.718027487]
[1148627.5862908892, 1225622.755753076]
[1148757.244141517, 1224835.7943050957]
[1148832.8624961437, 1224710.179570477]
[1149677.9317699897, 1223818.9022124335]
[1149828.8861947043, 1222549.5095883894]
[1149868.8398191324, 1222094.0887216327]
[1150660.4450638092, 1221312.0974422393]
[1150812.046874274, 1220410.618945327]
[1150873.4549115533, 1220335.7502647177]
[1151436.5157425439, 1218794.5947223702]
[1151461.1283455295, 1218705.2878166782]
[1151760.532528044, 1217781.433270861]
[1152460.3234268508, 1217449.713572375]
[1152889.4712584561, 1215124.7444718704]
[1153055.9925780687, 1214419.7498488778]
[1153891.527768767, 1213476.0667283412]
[1154251.7809193633, 1212396.1303654797]
[1154500.6223216197, 1212334.4127668557]
[1154709.2168683945, 1212026.7802927599]
[1155238.2727525632, 1211198.2660450246]
[1155247.7288920917, 1209449.1038284148]
[1155333.6132195306, 1209027.2077990388]
[1155566.488584324, 1208915.1147514612]
[1155920.224732352, 1208102.7711312445]
[1156363.9676511795, 1207007.605367987]
[1156591.6054836144, 1206295.9216937963]
[1156965.8305751754, 1205693.428387869]
[1157346.3196540708, 1205368.5727245235]
[1158063.2885695144, 1204509.9655409504]
[1158152.8865372878, 1203064.0517832034]
[1159265.3725774474, 1201988.1159863002]
[1159401.479766673, 1201810.5741774808]
[1159515.3747301996, 1200247.613706434]
[1159795.2608326138, 1199858.8058517]
[1160251.3741316525, 1199395.1583392094]
[1160410.361713828, 1198211.8424548022]
[1160966.8488456898, 1197534.5044384245]
[1161582.9324257174, 1197193.5600809245]
[1161707.8683517447, 1195573.4991840671]
[1162152.494965432, 1195239.5333731764]
[1162685.8665534174, 1194730.0704332956]
[1163025.1446437826, 1194696.2692070259]
[1163245.452300393, 1193608.079953823]
[1163352.2852972758, 1192973.8901271014]
[1163541.2412287686, 1192333.6611216557]
[1164385.5218615935, 1190464.1365083465]
[1164706.766962624, 1190012.9001830404]
[1165123.4161128579, 1189267.5920377024]
[1165647.0080121763, 1188262.4936178806]
[1166329.9329609526, 1188007.29647739]
[1166707.378944836, 1186505.1989905862]
[1167989.6914347976, 1184527.319713427]
[1168294.5699634317, 1184204.2850162354]
[1168493.7308520637, 1183592.5195227256]
[1168520.352908855, 1183053.04390713]
[1169506.1474378684, 1182592.4674571306]
[1169623.4460302356, 1182449.4656872498]
[1169702.0239695231, 1181186.831617251]
[1170700.3369263294, 1179731.892523178]
[1171906.113344982, 1179507.0458818306]
[1172225.584264712, 1176903.474820464]
[1173630.328802789, 1176686.067163708]
[1173698.50852739, 1174993.4562475432]
[1174020.617944313, 1174022.767035008]
[1175225.7739965776, 1172749.5392353835]
[1175433.00940932, 1172418.505020548]
[1175550.7359564519, 1171978.805073144]
[1175843.722400433, 1171199.7862672166]
[1177213.5455803077, 1169576.7286846982]
[1177915.8182849744, 1169378.7639833218]
[1177942.9498024413, 1168858.9607399427]
[1178600.009234694, 1168234.500344815]
[1180224.8728899453, 1165207.8047773615]
[1181764.6851287521, 1164192.6808816493]
[1181881.7905436135, 1163747.160855196]
[1182261.7542621605, 1162460.4779433615]
[1183231.1895143995, 1161789.2464440586]
[1183606.1630713937, 1160822.9045577915]
[1184203.390951098, 1160440.2537814742]
[1184603.890875457, 1160337.606671967]
[1184735.8832890578, 1158941.555173464]
[1185376.164813698, 1158658.3402802933]
[1185395.8233148034, 1158334.3307649444]
[1185612.2418664314, 1157770.0689377468]
[1186602.8676184183, 1157211.9949588978]
[1186931.1385268224, 1156849.1026550466]
[1187041.5807422912, 1155966.3079440447]
[1187514.3565873185, 1155743.902644579]
[1188008.8191027911, 1155275.8824803568]
[1188504.9494837215, 1154810.3030479527]
[1189069.6318413105, 1154462.8837921817]
[1190108.0812537654, 1154006.8385171723]
[1190218.3187867105, 1152533.7308418148]
[1191527.114304277, 1152446.4333334735]
[1191701.595035735, 1152422.7792114718]
[1191838.320006078, 1152151.2032641328]
[1191930.5558512756, 1150346.3338877081]
[1192461.6784638532, 1150194.01795246]
[1192555.5952916609, 1150001.993211497]
[1193005.8447505597, 1149891.67809846]
[1193129.576919306, 1149258.7303133898]
[1194218.073174094, 1148174.244890498]
[1195292.8037346082, 1146658.033347485]
[1195904.4152616689, 1146134.0842617832]
[1196165.348127868, 1146031.135098398]
[1197014.6483214635, 1145150.619256357]
[1197248.1787690707, 1144997.0702954829]
[1197868.6977318206, 1144278.6512096599]
[1199265.1380420018, 1143133.7335685068]
[1199576.823941283, 1142355.2328900024]
[1200470.7668542517, 1141449.1914832226]
[1201008.1763135353, 1141049.286832538]
[1201312.6275938665, 1140753.4141545973]
[1202303.3404441027, 1139956.8078018872]
[1202462.9696896938, 1139641.6946989356]
[1203273.2615329302, 1139186.0852853842]
[1203791.0421827515, 1138418.1810316206]
[1203931.0181957942, 1138257.857789687]
[1204274.6584295842, 1137950.25513003]
[1204636.3327537891, 1137596.3552070577]
[1205271.0831942253, 1137055.308710731]
[1205653.6000775674, 1136854.6875022508]
[1206335.2886920876, 1136369.7616589062]
[1206540.0107578165, 1136071.219930391]
[1206644.3325401002, 1135814.6086886292]
[1206907.0237441978, 1135560.798070505]
[1207659.3644516806, 1134901.1208029753]
[1208794.146741074, 1133922.4563933602]
[1210050.7683107408, 1132881.6452448955]
[1210648.9240582902, 1132523.6009384962]
[1210885.913817236, 1132374.4254469182]
[1211883.5392069635, 1132320.5630915868]
[1211909.3924077936, 1131409.6642386985]
[1212368.4424640655, 1131045.1358774728]
[1213296.4944364084, 1130262.911305598]
[1214156.982967699, 1130046.6875334023]
[1214247.4112959197, 1129596.3846929471]
[1214581.3710986662, 1129221.845481038]
[1214635.4372108341, 1129159.7440108568]
[1215207.132983566, 1128952.6859467376]
[1215698.240754298, 1128328.4472142518]
[1216018.4496024689, 1128240.7653775814]
[1216655.7691291426, 1127644.5647916496]
[1219283.4820600569, 1125695.7347735565]
[1219347.8324950156, 1125687.6071666274]
[1220586.2908488319, 1124944.346232691]
[1221298.9658008623, 1124355.2848419829]
[1221330.8364316805, 1124346.1402725915]
[1221631.3931750623, 1124177.0825441098]
[1222281.918142273, 1123700.3771415749]
[1222329.925211322, 1123686.8419295056]
[1222566.1085777064, 1123486.0579195104]
[1223726.2379990895, 1123455.7405516913]
[1223776.0431817092, 1122921.9153951881]
[1224105.086275815, 1122362.9521409739]
[1224540.5102442787, 1122245.4198459815]
[1224747.7796199785, 1122063.3454601963]
[1225139.49628003, 1121897.5204257143]
[1226113.0678362264, 1121152.9697880663]
[1226801.5769447295, 1121042.1245543144]
[1227435.1117690494, 1120971.2826309225]
[1227603.4736898842, 1120149.4743352726]
[1228661.928032851, 1119734.7310217833]
[1229247.896262163, 1119197.5511802442]
[1229968.2249555446, 1119037.33481367]
[1231445.7105959458, 1118484.213769261]
[1232571.0812636903, 1117182.1630673786]
[1233495.0209966393, 1116611.2382813084]
[1234108.810192137, 1116252.5509721425]
[1235534.0025691702, 1116113.436640482]
[1236847.3732373086, 1115387.9986864196]
[1237110.8540204582, 1114699.1637869456]
[1239116.8872717659, 1113646.3743186202]
[1239318.3015302294, 1113524.5802552928]
[1242217.569354989, 1112620.0952223283]
[1242916.7371714301, 1112078.6065334664]
[1243617.7728194208, 1111820.913525837]
[1244470.2864493825, 1110926.1904435519]
[1244697.8629103405, 1110260.348666694]
[1246091.7990501588, 1110116.9845097843]
[1247193.568999532, 1109629.6820103903]
[1248507.376294926, 1109059.1252631336]
[1249402.532818807, 1109021.0573646752]
[1249475.7720253093, 1108119.7896587197]
[1250102.869718132, 1107846.18404916]
[1252612.0120870834, 1107277.6002940559]
[1254007.2375636827, 1106948.8487021485]
[1254404.9832533728, 1106806.4880401602]
[1254987.614034944, 1106507.9462974553]
[1255338.1057364105, 1106487.9477213935]
[1255467.7100824816, 1106113.169776754]
[1255660.4879455832, 1105558.4704302389]
[1258457.024536916, 1105132.8438327976]
[1258711.6395697515, 1104952.3355753918]
[1260273.620575932, 1104568.0629829208]
[1260654.519935807, 1104391.1466583726]
[1264244.8861580596, 1102869.9516888503]
[1269928.6687389673, 1100862.7437864784]
[1327856.5112691598, 1093324.171559621]
[1392415.262164845, 1091036.3724276132]
[1521760.059053491, 1083750.2892603201]
[1590782.4190036457, 1080011.9322477519]
[1595862.1986687048, 1079505.1748367408]
[1611380.612535115, 1078219.1144351722]
[1650312.9188193963, 1074638.2020255427]
[1700250.0464676598, 1067165.1212408133]
[1717266.5876701237, 1065540.2235196696]
[1732888.4722803268, 1013238.8821548704]
[1753552.3813446912, 1005163.3131075231]
[1782605.1306747177, 993228.7532276537]
[1785701.6425797031, 992918.5587109862]
[1786333.0052457706, 991533.0166611811]
[1790718.0687640046, 988716.8835104612]
[1795240.6148466638, 984556.7640757983]
[1803434.2860706176, 980732.3219192688]
[1809549.8795906294, 980062.8270551001]
[1812682.4993944985, 974737.671015718]
[1814904.4114250676, 972888.0044485654]
[1819439.7872999092, 968518.9193088269]
[1821032.6252322237, 966888.8539362968]
[1822211.858862951, 961033.4659347056]
[1829818.1085873093, 958207.3457080483]
[1840582.5052998287, 954243.3506651925]
[1857354.2653714546, 948394.4071343732]
[1903273.777828971, 921338.2114093908]
[1979415.3110656955, 872246.2191698273]
[1987745.1920969365, 852150.6511250341]
[2001057.475182364, 824786.7785346475]
[2053571.7772371299, 790772.6580068789]
[2062641.6094099982, 784131.3870724734]
[2098520.7415169403, 763740.8582282246]
[2116743.5929867886, 752192.2481144966]
[2157286.3407198875, 721279.1384615353]
[2173984.679349018, 716298.9511879417]
[2192973.4278444164, 715672.7689757152]
[2199550.845630522, 706537.5589047021]
[2208269.7128667478, 701567.6988999839]
[2214667.889908845, 698580.2354488383]
[2216127.0945755495, 696078.3977191657]
[2230188.8749128026, 690891.0680832241]
[2238493.86890339, 684038.4251087044]
[2272748.3885738826, 682066.2849248624]
[2279832.0437357877, 676822.0665209751]
[2294780.429346591, 672872.0063383359]
[2302356.060378211, 670941.4433621803]
[2304248.8832664704, 668422.9404233161]
[2329028.3269104473, 666774.5479809948]
[2337401.015642109, 664186.9010793671]
[2365202.9495390537, 656548.0139509685]
[2365930.197165666, 656376.162512444]
[2368843.421511327, 655691.4619873144]
[2369235.0515856873, 651980.4381437019]
[2385562.4219492897, 648776.9861397053]
[2398145.660588763, 648421.549792475]
[2401138.6994181206, 647786.9271254656]
[2410044.822652012, 645586.1252362535]
[2417608.9827039973, 644053.3310889702]
[2422050.325665815, 642830.8635224053]
[2429467.5250012716, 639217.0355012033]
[2452548.8206650848, 636437.9928899389]
[2468125.3237395403, 633707.746858156]
[2474684.4987101266, 630632.1748976015]
[2483575.1460769856, 630513.3418073049]
[2489884.3732200405, 629494.4582985557]
[2497668.195424312, 627969.1238551029]
[2506784.448053767, 627363.215173736]
[2509448.9332327372, 625875.0438339813]
[2510244.4659463204, 625755.506670696]
[2534978.4284828287, 623824.4141625079]
[2537406.9995287023, 621830.0534461769]
[2542842.276184251, 621258.9649274789]
[2545172.6349124946, 620228.7359863297]
[2546779.108296641, 620012.1198040515]
[2563946.725785854, 618208.5477689103]
[2567170.773794475, 617794.0492049847]
[2567710.476009941, 616213.4667393401]
[2581964.012483745, 615010.1741306373]
[2585121.742344764, 614687.074691567]
[2594753.7589436313, 613250.6569902262]
[2603649.023946702, 612514.1934417]
[2604316.825237364, 611919.9111287502]
[2613880.087803992, 610628.0770602153]
[2627899.1153805857, 610110.928438513]
[2632143.85831948, 608607.244757988]
[2639586.816174875, 607700.1111601706]
[2656791.744673452, 606360.5016554311]
[2661877.1507496536, 605105.81239486]
[2691466.617487121, 601932.508372598]
[2696885.0604309565, 601594.624351738]
[2708586.6663320474, 600642.4027258505]
[2720848.1991675277, 599068.3667886185]
[2926492.146614178, 587934.1612502259]
[2962211.115833866, 586587.0928250141]
[2968995.5784365977, 584653.9664028973]
[3010976.7013501814, 578922.67741611]
[3498634.969574759, 551589.3185717615]
[3619726.573281928, 537042.0064701791]
[3789658.4592471896, 520601.9969954999]
[3845740.060438466, 514863.02522616053]
[3887529.4218001026, 511660.493646096]
[3989607.762516519, 502166.9866315256]
[4015382.3734515947, 499325.9543920139]
[4023623.8389357883, 497846.3229409413]
[4051891.1485198974, 495145.50557741546]
[4071028.0765687744, 494097.73721470946]
[4094916.6607530867, 492202.2815725528]
[4097610.0651305853, 491561.06761675025]
[4184397.9914159807, 483741.922916194]
[4227272.300943305, 479435.7291862703]
[4228974.451231344, 478804.68177312374]
[4237468.859310947, 477221.9551033598]
[4278562.163374124, 456238.63042908354]
[5040054.537091186, 377012.2830124502]
[5331728.901351428, 316070.6071066004]
[5402466.799510594, 310645.21314394934]
[5416434.144095967, 308982.498908325]
[5434693.830366142, 308261.8714264353]
[5443396.008743566, 307885.99772770546]
[5445434.397942784, 307819.0820338395]
[5449948.594708172, 307003.3274827975]
[5471097.730847347, 306087.3184374498]
[5478859.194898373, 305593.88173222326]
[5490545.384282688, 304956.27968624653]
[5521106.072037916, 303253.40293254406]
[5530156.795965177, 302717.2957105125]
[5565777.2954574255, 300884.70608055446]
[5590130.461496168, 299567.17114329716]
[5610539.240258334, 298226.8207447387]
[5633650.42006047, 297802.7662529625]
[5660183.13342727, 296091.41173906]
[5876874.41076159, 285080.76750427217]
[7075119.848762214, 207671.49382865502]
[8118393.469179219, 187753.59303184852]
[8329236.851447165, 184093.76295297773]
[8494282.14542796, 180780.22823735944]
[8555811.30903194, 180054.58231675878]
[8693935.134217704, 176855.40183345057]
[8771430.416548274, 175044.58325228482]
[8802015.496367097, 174343.7583276033]
[8804591.436677013, 174107.5881475254]
[8887420.778610604, 172467.52027877964]
[9020800.218681378, 169560.8518574995]
[9222832.479603108, 163522.0253391181]
[9349613.071498008, 139058.8171906976]
[9632796.854306312, 133279.5486907993]
[9654387.10811566, 111577.89422345611]
[9954585.079464473, 104996.65648729447]
[10137286.12174193, 83412.13476106005]
[10178930.01213133, 81439.29131578303]
[10242954.118802726, 78049.85433737024]
[10333861.554197526, 74307.33240324687]
[10441323.768538138, 71104.88149334841]
[10536660.685193578, 69699.7525067364]
[10544380.239755794, 68932.65105050578]
[10578651.164776895, 67940.54112892608]
[10664426.751098668, 67663.70310824945]
[10727978.787963375, 65998.4048013981]
[11140316.046239836, 62752.398871395984]
[12823759.467255384, 52224.06436344326]
[14619197.847310318, 33265.09401444744]
[14775459.004626162, 28831.66953170212]
[14888291.300634492, 23321.203279785466]
[15435943.905845486, 23290.65941553811]
[15609431.648444228, 23263.04659427964]
[18133675.77346785, 20354.217349062947]
[21411393.058715094, 19393.750904253982]
[31105342.141339514, 19098.154518616888]
[32850885.798818547, 18507.180613242734]
end_solutions
[-37.93081178368072, 14.242838866147746, -36.21121267230882, 64.51519707850572, -52.03328408512292, 6.68431386173898, -11.547790047580623, 43.21250232601713, 6.657001939236047, -72.16010942582375]
[-16.885806797086754, 28.903516041243943, -33.76147416781431, 16.820362319896404, -58.634286845565086, -2.4589547877673836, -49.076667532069074, 19.655957233000002, 9.761662091590999, -63.3794316437463]
[-9.985519090434217, 32.92398687930391, -32.92894979372298, 9.462910882409364, -43.195833320924926, -4.197757948627438, -34.09802365680193, 19.117266112322646, 9.615649401973599, -52.738831309331346]
[-3.764329310265996, 36.40906412258627, -32.27280153070964, 2.920957999873423, -29.619229165791033, -5.687884500915198, -20.82793330056882, 18.622537478657545, 9.515009655770161, -43.31561532970783]
[-3.537963334771223, 36.58752865417881, -32.21400949368364, 2.6491251482230562, -28.998612709288945, -5.770776703772629, -20.25841546089081, 18.607883316320127, 9.49988534129884, -42.90982054477735]
[-3.190351903078244, 36.87574205143045, -32.118944163876506, 2.2228991220051175, -28.02028905255554, -5.910418397253499, -19.373218811439493, 18.581142680808995, 9.473355551239628, -42.276492949787226]
[-2.7901836452615623, 37.23668242022107, -31.998576941686974, 1.7142168358211687, -26.838679770425287, -6.095425972513501, -18.328027713095395, 18.542806411793563, 9.435478288455084, -41.5246095001588]
[-2.7050522752454356, 37.32988443570585, -31.967732230705373, 1.595778226017773, -26.558918367260272, -6.1494362531228965, -18.094556802536925, 18.529405620853986, 9.423740798722363, -41.35337290228793]
[-2.7761578363959325, 37.23469754537682, -31.999301287921273, 1.7054779278102747, -26.823406357882273, -6.089143882923162, -18.302383708455128, 18.545843266679, 9.437565954703615, -41.50877910286162]
[-2.7050522752454356, 37.32988443570585, -31.967732230705373, 1.595778226017773, -26.558918367260272, -6.1494362531228965, -18.094556802536925, 18.529405620853986, 9.423740798722363, -41.35337290228793]
[0.876154835800343, 40.27401188943107, -30.89014210950959, -2.788076472682845, -16.30300313822289, -7.464458732850774, -8.687982693054304, 18.376442619638865, 9.154121541373815, -34.68673478671383]
[0.9322580712628622, 40.26607239005405, -30.89303949444679, -2.823032104726421, -16.241909488050837, -7.4393303744894155, -8.585406674493237, 18.388590039180606, 9.162472206367935, -34.62341319752508]
[0.9816830169558901, 40.272672708430285, -30.891196080442214, -2.862302615360325, -16.16450280579173, -7.42927815484955, -8.485713666354467, 18.39501210734933, 9.166804062092751, -34.55820732602563]
[1.031107962648918, 40.27927302680652, -30.889352666437638, -2.9015731259942292, -16.087096123532625, -7.419225935209686, -8.386020658215699, 18.40143417551806, 9.171135917817569, -34.49300145452618]
[1.0770669084706324, 40.28581333338744, -30.887305758854296, -2.9383221462938964, -16.013791854067055, -7.4100156780266015, -8.292233526777567, 18.40749816196697, 9.174969586718488, -34.43174281565271]
[1.1176038880084063, 40.29505207424517, -30.882857433286127, -2.972781641169055, -15.938558085480487, -7.403337662550667, -8.201220005686427, 18.41340196470314, 9.176868862989611, -34.37273589205618]
[1.1669501022357953, 40.30775584573853, -30.876053720505343, -3.01553390274093, -15.841480083473117, -7.395484530785077, -8.08562617580461, 18.421120830847254, 9.178317841937666, -34.29830226114535]
[1.204722128113014, 40.319016109282146, -30.870027358325345, -3.0492336282865633, -15.763816516872646, -7.390530820070625, -7.995139024478389, 18.426898054933382, 9.179074175455433, -34.23977305652282]
[1.2671672611039273, 40.336628258572446, -30.860599139754953, -3.104309484618134, -15.637613949268491, -7.381650543473377, -7.84685495821126, 18.436534712091564, 9.180554998447226, -34.14402703644487]
[1.3172758405379934, 40.351064464989406, -30.85287184937976, -3.148697275556736, -15.53568088216618, -7.3747335498175275, -7.727469349414585, 18.44424165271372, 9.181673576702007, -34.066889424094626]
[1.3643017232761872, 40.3682314149347, -30.842514749976395, -3.1924191625139398, -15.427669964105633, -7.36933539109737, -7.60512977243036, 18.452427651662664, 9.180876511791602, -33.98866503131373]
[1.4113276060143807, 40.38539836487999, -30.83215765057303, -3.2361410494711436, -15.319659046045086, -7.3639372323772125, -7.482790195446135, 18.460613650611606, 9.1800794468812, -33.910440638532826]
[1.502967223515146, 40.444226866649274, -30.79415049378491, -3.3365981873311576, -15.037492630077104, -7.365772666829678, -7.190862779229968, 18.479014649084895, 9.168980412872894, -33.72439207187762]
[1.5489798855212866, 40.4733001183409, -30.7753686165418, -3.3867536888505914, -14.897034197577655, -7.366438372020514, -7.045146770144056, 18.488235615928808, 9.16356058315517, -33.63154601079761]
[1.5949925475274276, 40.50237337003253, -30.75658673929869, -3.4369091903700255, -14.756575765078207, -7.367104077211351, -6.899430761058144, 18.49745658277272, 9.158140753437445, -33.538699949717596]
[1.6547478549869217, 40.54700972739596, -30.72737279878224, -3.50618297172059, -14.554769431948102, -7.371330287519221, -6.695730209558503, 18.51008471727734, 9.148522919725409, -33.409029096964716]
[12.625408882253758, 39.20118173646664, -34.26551336511059, -12.111315217551498, -19.79211081708188, -7.0724548974009664, -7.637688676781655, 17.511469193749345, 16.30000352880365, -27.75523814759357]
[13.381447039676013, 39.06957247894267, -34.54667419543266, -12.687666183259669, -20.328591563660687, -7.048651821632215, -7.863022842113857, 17.42799144759011, 16.82972656701284, -27.44137574994184]
[14.137485197098268, 38.9379632214187, -34.827835025754716, -13.26401714896784, -20.865072310239498, -7.024848745863464, -8.088357007446058, 17.344513701430873, 17.35944960522203, -27.127513352290116]
[15.689470012073624, 38.69942797053785, -35.37417518355528, -14.459886964613954, -21.817464210967803, -6.977482070592909, -8.413450874296739, 17.185574920453476, 18.414337451479156, -26.41984405653044]
[18.19668113648833, 38.3012518165655, -36.268247636976696, -16.385908255585335, -23.409447562032764, -6.898712115374668, -8.986086287317345, 16.924895968650908, 20.129292677832122, -25.299773014360042]
end_values
[3.28508858e+07 1.85071806e+04]
[10333861.55419753    74307.33240325]
[5416434.14409597  308982.49890832]
[2661877.15074965  605105.81239486]
[2567710.47600994  616213.46673934]
[2425784.3532072   638437.66984975]
[2276193.45684197  671178.90413568]
[2246917.48631232  677401.16780102]
[2271793.07474957  674353.3478477 ]
[2246917.48631232  677401.16780102]
[1244697.86291034 1110260.34866669]
[1234108.81019214 1116252.55097214]
[1224691.52689936 1121962.38225001]
[1215698.2407543  1128328.44721425]
[1207659.36445168 1134901.12080298]
[1200470.76685425 1141449.19148322]
[1191930.55585128 1150346.33388771]
[1185612.24186643 1157770.06893775]
[1175843.72240043 1171199.78626722]
[1168520.35290886 1183053.04390713]
[1161707.86835174 1195573.49918407]
[1155333.61321953 1209027.20779904]
[1142465.52151093 1240654.90502875]
[1136765.02269863 1258096.6071763 ]
[1131519.89791819 1276567.91845062]
[1125008.15985037 1302976.93380766]
[ 823646.83704954 3099600.70835491]
[ 806640.96842962 3238382.52031827]
[ 792135.71912525 3399307.47105495]
[ 769552.02098042 3839246.55727505]
[ 757057.55619763 4712732.66444576]
