values
[2381797.042668413, 21316.276246014502]
[2436967.2662670943, 20992.982542693087]
[2587408.152391665, 20590.658019977614]
values
[2296455.2794349305, 21238.090930579623]
[2298033.000707008, 21112.238891500678]
[2300833.0302298223, 21106.01195147251]
[2300887.3696432183, 21083.432599468884]
[2395922.996346766, 21057.252692139264]
[2436967.2662670943, 20992.982542693087]
[2440276.369150968, 20868.223642657955]
[2587408.152391665, 20590.658019977614]
values
[2152863.0666042883, 21483.369454306983]
[2152864.880699816, 21481.651983440348]
[2152877.900511926, 21479.245294157776]
[2152889.9065178875, 21477.19069462714]
[2152895.315832131, 21476.845640013773]
[2152940.077214409, 21476.639491599246]
[2152941.1202903558, 21473.9788091181]
[2152943.0547174294, 21472.573116009615]
[2152943.743995234, 21471.562021953618]
[2152944.2830048124, 21471.05683793502]
[2152949.3006307087, 21469.027572686256]
[2152957.99454998, 21466.51402467426]
[2153166.9240872855, 21466.241230029562]
[2153325.4100210657, 21458.178233703686]
[2153556.711414728, 21450.425714109235]
[2153766.2268215464, 21447.796291137383]
[2153843.6385419886, 21442.640336222914]
[2166633.244905278, 21417.24161739401]
[2166648.491565949, 21414.742518481355]
[2166662.1846844796, 21412.746392567602]
[2166677.2074839994, 21410.753070403174]
[2166685.2175424397, 21409.757460983536]
[2166693.5600561067, 21408.76255280902]
[2166711.242500492, 21406.774840605238]
[2166740.2599156164, 21403.7985341984]
[2166772.2701858147, 21400.828544524422]
[2166893.3552133734, 21377.869069970457]
[2179248.9145995798, 21304.062880997866]
[2212957.4117975202, 21258.070215287727]
[2214154.4852365344, 21256.76029444988]
[2215040.63963913, 21251.903660536173]
[2215881.735004391, 21245.532357789383]
[2216337.4710985986, 21235.773510852665]
[2219616.0320310635, 21227.964098871576]
[2293597.13524958, 21225.624990357537]
[2293678.925372112, 21221.090602982204]
[2293709.568196689, 21215.578978209443]
[2293755.1445204536, 21210.096755366518]
[2293760.9586895905, 21207.935737641135]
[2293934.8290288085, 21194.94005619887]
[2293987.7870501075, 21190.67753401688]
[2294371.324365297, 21173.70944967904]
[2294624.390754356, 21165.331839423772]
[2297433.2161570014, 21108.813199367665]
[2298675.429466173, 21103.87422377136]
[2300887.3696432183, 21083.432599468884]
[2305163.7012097687, 21070.813775673607]
[2395922.996346766, 21057.252692139264]
[2436967.2662670943, 20992.982542693087]
[2440276.369150968, 20868.223642657955]
[2587408.152391665, 20590.658019977614]
values
[2152785.605162769, 21492.25097004189]
[2152785.6063365163, 21492.128920074996]
[2152785.6093331394, 21492.080101795782]
[2152785.613124493, 21492.03129947024]
[2152785.614601849, 21492.031286830977]
[2152785.6390384994, 21491.989070272688]
[2152785.6396531565, 21491.934076588237]
[2152785.644238651, 21491.71695527932]
[2152785.774843552, 21491.70835620024]
[2152785.794106732, 21491.646477419526]
[2152785.83805079, 21491.618582333405]
[2152785.871139552, 21491.547729547823]
[2152785.8861292666, 21491.507309111224]
[2152786.0211260803, 21491.34967535429]
[2152786.030765444, 21491.337850741904]
[2152786.0811266615, 21491.30559513678]
[2152786.1019645636, 21491.26498254951]
[2152786.102030423, 21491.250134650072]
[2152786.144797089, 21491.227588990612]
[2152786.167264948, 21491.19899508203]
[2152786.1682486944, 21491.184148530865]
[2152786.189701574, 21491.18029978714]
[2152786.2014829363, 21491.166003632054]
[2152786.202925639, 21491.15115775503]
[2152786.2197947637, 21491.142085670712]
[2152786.267346445, 21491.12045505509]
[2152786.326489317, 21491.047751244616]
[2152786.518710157, 21490.882961533356]
[2152786.618194578, 21490.622793787057]
[2152786.931299919, 21490.39174490312]
[2152788.399084164, 21490.236308176703]
[2152788.657817801, 21490.196028971608]
[2152788.6745306165, 21490.12220110168]
[2152788.682339327, 21490.11321118826]
[2152788.9066375582, 21490.06525064861]
[2152789.051179968, 21489.348792996454]
[2152790.258743541, 21489.261579944763]
[2152791.2497837287, 21489.206734278283]
[2152791.646873046, 21489.08643801402]
[2152792.4835103853, 21488.845907099203]
[2152792.844747937, 21488.749446601214]
[2152793.0962168896, 21488.607864953417]
[2152793.6531256167, 21488.518458173654]
[2152794.066138601, 21488.40934220625]
[2152794.556873855, 21488.289181942277]
[2152795.2863124986, 21488.009497891944]
[2152796.4809267875, 21487.75772261718]
[2152796.6800723784, 21487.688588348956]
[2152798.086508228, 21487.492826477373]
[2152798.1739121876, 21487.367824546596]
[2152799.2523796093, 21487.175468547808]
[2152801.305099168, 21486.80239255853]
[2152801.405577222, 21486.184137385735]
[2152806.8108160906, 21485.824263517152]
[2152807.684340644, 21485.67153569083]
[2152810.6034136196, 21485.356967384498]
[2152810.8640036047, 21485.196552199504]
[2152813.4904015446, 21484.82492273564]
[2152815.5531051015, 21484.49605244621]
[2152816.7061005738, 21484.47633828878]
[2152817.803462737, 21484.269594509457]
[2152818.3361899965, 21484.2490625997]
[2152818.741357976, 21484.211378521086]
[2152820.9030336207, 21483.99261523946]
[2152823.3576803403, 21483.709804448674]
[2152824.4492057096, 21483.495606273525]
[2152825.3791057006, 21483.38711349202]
[2152825.4871989926, 21482.372487999393]
[2152828.032955884, 21482.315032201597]
[2152828.63703984, 21482.23816982241]
[2152832.983735571, 21481.972284211206]
[2152837.559112859, 21481.929778416314]
[2152837.9357261746, 21481.911063105203]
[2152837.9731898666, 21481.8162516374]
[2152838.075010015, 21481.73645331289]
[2152838.392970844, 21481.47723089512]
[2152838.9240251067, 21481.282896337234]
[2152839.487668547, 21480.97728976265]
[2152839.601363734, 21480.90838657151]
[2152849.9049820574, 21480.5820123366]
[2152849.994934993, 21480.165740032968]
[2152861.5459347125, 21479.899834247946]
[2152861.8991810363, 21479.820547437746]
[2152862.120103322, 21479.771149587657]
[2152862.3422618834, 21477.68521357723]
[2152881.4223465705, 21477.528032686536]
[2152887.432027779, 21475.339794754545]
[2152928.2078098324, 21475.210634195537]
[2152941.1202903558, 21473.9788091181]
[2152943.0547174294, 21472.573116009615]
[2152943.743995234, 21471.562021953618]
[2152944.2830048124, 21471.05683793502]
[2152949.3006307087, 21469.027572686256]
[2152957.99454998, 21466.51402467426]
[2153109.601463937, 21466.336574893892]
[2153120.94382254, 21466.044314115064]
[2153127.892961786, 21466.035260716282]
[2153132.510317449, 21465.49665507762]
[2153144.61320393, 21464.15438683399]
[2153167.884680738, 21464.08457483771]
[2153194.6861740784, 21462.87813126601]
[2153211.483285258, 21461.737522803247]
[2153220.8723167144, 21461.435627277784]
[2153266.0962837394, 21459.99104855322]
[2153293.7173646535, 21459.222882245977]
[2153325.4100210657, 21458.178233703686]
[2153356.8238718235, 21458.074058636168]
[2153397.9769253815, 21455.904288510457]
[2153422.935686211, 21454.975926363964]
[2153450.3182239565, 21454.417604949824]
[2153453.4500180255, 21454.08719126359]
[2153548.937429145, 21451.471733585637]
[2153556.711414728, 21450.425714109235]
[2153766.2268215464, 21447.796291137383]
[2153782.7084286585, 21445.181234161777]
[2153843.6385419886, 21442.640336222914]
[2166633.244905278, 21417.24161739401]
[2166648.491565949, 21414.742518481355]
[2166662.1846844796, 21412.746392567602]
[2166677.2074839994, 21410.753070403174]
[2166685.2175424397, 21409.757460983536]
[2166693.5600561067, 21408.76255280902]
[2166711.242500492, 21406.774840605238]
[2166740.2599156164, 21403.7985341984]
[2166772.2701858147, 21400.828544524422]
[2166893.3552133734, 21377.869069970457]
[2179248.9145995798, 21304.062880997866]
[2206480.9724420896, 21256.659652791717]
[2207532.758384758, 21254.417734625586]
[2207670.3620435526, 21253.907438810045]
[2208037.232616142, 21253.446213791594]
[2208322.8099811445, 21252.437039228265]
[2208780.9516967856, 21251.435425836975]
[2208785.190007735, 21251.424546516282]
[2210459.857754454, 21247.834280164567]
[2211237.524039987, 21246.19330743832]
[2212840.49738906, 21242.51595716201]
[2212873.5023519183, 21242.36306528373]
[2213150.5084751886, 21241.80216635167]
[2213672.917448769, 21240.818996603117]
[2213707.2982893963, 21240.706010049456]
[2214109.7154091154, 21240.190445169832]
[2215604.43175521, 21236.676387654155]
[2216096.359475301, 21235.555359201047]
[2217653.774065369, 21232.05160233728]
[2219616.0320310635, 21227.964098871576]
[2292394.9816875914, 21203.01376647743]
[2293934.8290288085, 21194.94005619887]
[2293987.7870501075, 21190.67753401688]
[2294371.324365297, 21173.70944967904]
[2294624.390754356, 21165.331839423772]
[2297433.2161570014, 21108.813199367665]
[2298675.429466173, 21103.87422377136]
[2300887.3696432183, 21083.432599468884]
[2305163.7012097687, 21070.813775673607]
[2395922.996346766, 21057.252692139264]
[2436967.2662670943, 20992.982542693087]
[2440276.369150968, 20868.223642657955]
[2587408.152391665, 20590.658019977614]
end_solutions
[47.12304149267972, -32.722560051603296, 24.907825211606355, 33.34887539460305, -18.617525291528125, -22.563577391287843, 8.453693312233865, -8.66526988197512, -2.6872120767509955, -15.57269922707894, 16.269476281821664, -0.7880638444875463, -3.7239461573499573, -23.893536253708703, 45.338711687578154, -15.833253274632767, 23.853050160524102, 9.274617951740149, -28.615394397156734, 19.42208053943592]
[49.96612873038667, -36.29092743958491, 28.121641127909406, 26.44457936140414, -19.406669587702368, -28.95351372695181, 9.737028807327782, -6.897138924889035, -1.9682887461287817, -13.206189302610483, 15.500274369624844, 5.1249318394418655, -9.454900988355897, -32.7737463337158, 46.10816136434044, -15.10837240170768, 26.467294657547534, 3.295481933061287, -24.006017978968835, 19.85554927547468]
[50.02131456645245, -36.38097557060874, 28.193502407721045, 26.285401147149408, -19.432541699934198, -29.102888292435537, 9.758415605973168, -6.8486565709387595, -1.956352708602272, -13.148558482843393, 15.483009328757042, 5.254286538706005, -9.579933138615285, -32.977940471006846, 46.123144881613754, -15.089693398333363, 26.538883843531686, 3.159803096367608, -23.90347073628164, 19.874719147768793]
[50.04109107422154, -36.41291865534896, 28.219105545831837, 26.22874691687757, -19.441644796205626, -29.156023506297487, 9.76613827830002, -6.831507716832302, -1.9520406707257152, -13.128088073681948, 15.476858994812645, 5.300419084545464, -9.624526613157162, -33.05062365940909, 46.128509683934794, -15.08307208522074, 26.56421135100379, 3.1114857469100077, -23.86692088630926, 19.881420071845255]
[50.05340268674073, -36.43267266103532, 28.234984285764725, 26.19363453045813, -19.44724389190612, -29.188942871760737, 9.770969478883053, -6.8209227774331165, -1.9493423290865455, -13.115417997113626, 15.473045021465651, 5.32904824211256, -9.652201677514409, -33.095673108459195, 46.13184759761823, -15.078979318001643, 26.57984667196343, 3.081529325748913, -23.84424760768738, 19.885523567088775]
[50.05340268674073, -36.43267266103532, 28.234984285764725, 26.19363453045813, -19.44724389190612, -29.188942871760737, 9.770969478883053, -6.8209227774331165, -1.9493423290865455, -13.115417997113626, 15.473045021465651, 5.32904824211256, -9.652201677514409, -33.095673108459195, 46.13184759761823, -15.078979318001643, 26.57984667196343, 3.081529325748913, -23.84424760768738, 19.885523567088775]
[50.06329094062528, -36.44864420340543, 28.247785854820123, 26.16530741532221, -19.45179544004183, -29.215510478691716, 9.77483081504648, -6.812348350379888, -1.9471863101482672, -13.105182792532904, 15.469969854493453, 5.352114515032289, -9.674498414785347, -33.132014702660314, 46.13452999877875, -15.07566866144533, 26.592510425699487, 3.057370651020113, -23.82597268270119, 19.888874029127006]
[50.069062244730915, -36.45764223132183, 28.255109656833014, 26.14916010241175, -19.454285068974368, -29.2306252271155, 9.77714233303541, -6.807567134317695, -1.9458937254054, -13.099389682196003, 15.468211492013804, 5.365355773069593, -9.687300479381001, -33.15273752526288, 46.13609102674353, -15.073808265268726, 26.599577256488807, 3.043572535593288, -23.81550405815853, 19.890662217180775]
[50.06922109880224, -36.4578889501725, 28.255310809439976, 26.148716790494305, -19.454353108812914, -29.231040104831095, 9.77720612326355, -6.807436184185681, -1.9458580502275085, -13.099230760003127, 15.468163200297905, 5.365719579443773, -9.687652229097761, -33.153306475440246, 46.136133985026234, -15.07375726904161, 26.599770817304794, 3.043193636022556, -23.815216498538042, 19.89071094541644]
[50.07259571492503, -36.46311600716459, 28.259577544933308, 26.139315980734068, -19.45579118436415, -29.23983656602264, 9.778563836419643, -6.804664135274866, -1.9450986324751338, -13.095862539918137, 15.467138907136103, 5.3734385725900005, -9.695115479037415, -33.165371863957205, 46.13704628696219, -15.072677065474132, 26.603868593467155, 3.0351575774194446, -23.80911620435976, 19.891738815986002]
[50.07528961545911, -36.46719967908639, 28.26294297273479, 26.131917730390317, -19.456893382519127, -29.246750919732367, 9.779663479833069, -6.802512538160764, -1.9444830853205222, -13.093223459719324, 15.466331250749157, 5.379539470695562, -9.701015031228197, -33.17486907068262, 46.13777343118307, -15.071834510718462, 26.607050603192235, 3.0288256891238476, -23.804300945426334, 19.892513350266768]
[50.075316376604206, -36.46724323108757, 28.262977767868964, 26.13184067878066, -19.456905870025814, -29.246823215961875, 9.779673870692218, -6.802489106270987, -1.9444772857336696, -13.093195577381202, 15.466322891359587, 5.379602118476297, -9.701075586975696, -33.17496791513875, 46.13778069640435, -15.071825478224875, 26.607085203640036, 3.0287600026957167, -23.80425128896924, 19.892522586867578]
[50.076910683815925, -36.469651192817935, 28.26496546175985, 26.12747278059462, -19.457553619505124, -29.250904583128477, 9.780326239311684, -6.801221839525288, -1.9441120602977549, -13.091638649349347, 15.46584589888317, 5.383206706946942, -9.70456128861845, -33.180575228879434, 46.13821091488171, -15.071328799077367, 26.6089595259647, 3.0250209114331046, -23.80140691812261, 19.892976403698064]
[50.07759857761585, -36.47069960048384, 28.265827403511896, 26.125576901039764, -19.457837968763396, -29.252676993269578, 9.78060603295304, -6.800668543331371, -1.9439554710820182, -13.090961609274887, 15.465639027722382, 5.384768443562787, -9.70607143546788, -33.183008860724875, 46.138396668030765, -15.071112400546458, 26.609777702876215, 3.0233987891351566, -23.800173886856186, 19.8931770935816]
[50.077254630715885, -36.47017539665089, 28.265396432635875, 26.12652484081719, -19.45769579413426, -29.251790788199028, 9.780466136132361, -6.80094519142833, -1.9440337656898865, -13.091300129312117, 15.465742463302776, 5.3839875752548645, -9.705316362043165, -33.18179204480215, 46.13830379145624, -15.071220599811912, 26.609368614420458, 3.0242098502841306, -23.800790402489397, 19.89307674863983]
[50.07759857761585, -36.47069960048384, 28.265827403511896, 26.125576901039764, -19.457837968763396, -29.252676993269578, 9.78060603295304, -6.800668543331371, -1.9439554710820182, -13.090961609274887, 15.465639027722382, 5.384768443562787, -9.70607143546788, -33.183008860724875, 46.138396668030765, -15.071112400546458, 26.609777702876215, 3.0233987891351566, -23.800173886856186, 19.8931770935816]
[50.076910683815925, -36.469651192817935, 28.26496546175985, 26.12747278059462, -19.457553619505124, -29.250904583128477, 9.780326239311684, -6.801221839525288, -1.9441120602977549, -13.091638649349347, 15.46584589888317, 5.383206706946942, -9.70456128861845, -33.180575228879434, 46.13821091488171, -15.071328799077367, 26.6089595259647, 3.0250209114331046, -23.80140691812261, 19.892976403698064]
[50.078012353326, -36.47133833037911, 28.266349570139624, 26.124426846108733, -19.458013180113163, -29.25375291686943, 9.780772888822494, -6.800330147215879, -1.943862133311743, -13.090549839470995, 15.465513680234105, 5.385713392980032, -9.706985101022449, -33.184484937736215, 46.138508509591624, -15.070980436278807, 26.61027796187781, 3.0224155003801525, -23.799427253426778, 19.89330199717422]
[50.077254630715885, -36.47017539665089, 28.265396432635875, 26.12652484081719, -19.45769579413426, -29.251790788199028, 9.780466136132361, -6.80094519142833, -1.9440337656898865, -13.091300129312117, 15.465742463302776, 5.3839875752548645, -9.705316362043165, -33.18179204480215, 46.13830379145624, -15.071220599811912, 26.609368614420458, 3.0242098502841306, -23.800790402489397, 19.89307674863983]
[50.076875769410826, -36.469593929786775, 28.264919863884, 26.12757383817142, -19.45753710114481, -29.250809723863824, 9.780312759787295, -6.801252713534555, -1.9441195818789583, -13.091675274232678, 15.465856854837112, 5.3831246663922805, -9.704481992553523, -33.18044559833512, 46.13820143238854, -15.071340681578466, 26.60891394069178, 3.0251070252361196, -23.801471977020707, 19.89296412437264]
[50.076875769410826, -36.469593929786775, 28.264919863884, 26.12757383817142, -19.45753710114481, -29.250809723863824, 9.780312759787295, -6.801252713534555, -1.9441195818789583, -13.091675274232678, 15.465856854837112, 5.3831246663922805, -9.704481992553523, -33.18044559833512, 46.13820143238854, -15.071340681578466, 26.60891394069178, 3.0251070252361196, -23.801471977020707, 19.89296412437264]
[50.07561811639502, -36.46760071269254, 28.263309096057785, 26.131131174593314, -19.45697785570509, -29.24747682192855, 9.779814849850304, -6.802316974088426, -1.944397816395834, -13.092955759213687, 15.466243679004965, 5.380217062022373, -9.70167107928121, -33.1758809718917, 46.137860785807305, -15.071753284875228, 26.607341502072323, 3.0281440685972885, -23.80377299396126, 19.89255770422757]
[50.07668633875829, -36.469303196354716, 28.264681579508064, 26.12809833684853, -19.457457754650083, -29.25031919169622, 9.780236071614762, -6.801406474587667, -1.9441624899734942, -13.091862846692958, 15.46591405060428, 5.382693211960989, -9.704064807808702, -33.17977237510161, 46.13815025285469, -15.071400722461743, 26.608686603827444, 3.025555612712114, -23.80181276428636, 19.892907812239045]
[50.07659162343203, -36.46915782963869, 28.264562437320095, 26.12836058618709, -19.45741808140272, -29.25007392561242, 9.780197727528495, -6.8014833551142235, -1.9441839440207622, -13.091956632923099, 15.465942648487864, 5.382477484745343, -9.703856215436293, -33.17943576348485, 46.138124663087765, -15.071430742903381, 26.608572935395273, 3.0257799064501114, -23.80198315791919, 19.892879656172248]
[50.07659162343203, -36.46915782963869, 28.264562437320095, 26.12836058618709, -19.45741808140272, -29.25007392561242, 9.780197727528495, -6.8014833551142235, -1.9441839440207622, -13.091956632923099, 15.465942648487864, 5.382477484745343, -9.703856215436293, -33.17943576348485, 46.138124663087765, -15.071430742903381, 26.608572935395273, 3.0257799064501114, -23.80198315791919, 19.892879656172248]
[50.077517772805905, -36.47064226322683, 28.26575620748842, 26.125721122450145, -19.457838470476673, -29.252548396254387, 9.780561433163554, -6.800688176403299, -1.9439807986693243, -13.091004399747579, 15.465655916912556, 5.38463004386049, -9.70593705540517, -33.18282224926962, 46.138375745484765, -15.071123211152353, 26.609747534502137, 3.023527891171933, -23.80027851869353, 19.89318753008353]
[50.077517772805905, -36.47064226322683, 28.26575620748842, 26.125721122450145, -19.457838470476673, -29.252548396254387, 9.780561433163554, -6.800688176403299, -1.9439807986693243, -13.091004399747579, 15.465655916912556, 5.38463004386049, -9.70593705540517, -33.18282224926962, 46.138375745484765, -15.071123211152353, 26.609747534502137, 3.023527891171933, -23.80027851869353, 19.89318753008353]
[50.07774931014937, -36.47101337162387, 28.266054650030497, 26.12506125651591, -19.45794356774516, -29.253167013914876, 9.780652359572318, -6.800489381725567, -1.9439300123314647, -13.0907663414537, 15.46558423401873, 5.385168183639276, -9.70645726539739, -33.18366887071581, 46.138438516084015, -15.071046328214596, 26.610041184278856, 3.022964887352389, -23.799852358887115, 19.89326449856135]
[50.07792296315697, -36.47129170292165, 28.266278481937057, 26.124566357065234, -19.458022390696527, -29.253630977160245, 9.780720554378892, -6.800340285717269, -1.9438919225780702, -13.090587797733289, 15.46553047184836, 5.385571788473366, -9.706847422891556, -33.18430383680045, 46.138485594033455, -15.070988666011278, 26.61026142161139, 3.0225426344877304, -23.799532739032305, 19.893322224919714]
[50.07774931014937, -36.47101337162387, 28.266054650030497, 26.12506125651591, -19.45794356774516, -29.253167013914876, 9.780652359572318, -6.800489381725567, -1.9439300123314647, -13.0907663414537, 15.46558423401873, 5.385168183639276, -9.70645726539739, -33.18366887071581, 46.138438516084015, -15.071046328214596, 26.610041184278856, 3.022964887352389, -23.799852358887115, 19.89326449856135]
[50.07792296315697, -36.47129170292165, 28.266278481937057, 26.124566357065234, -19.458022390696527, -29.253630977160245, 9.780720554378892, -6.800340285717269, -1.9438919225780702, -13.090587797733289, 15.46553047184836, 5.385571788473366, -9.706847422891556, -33.18430383680045, 46.138485594033455, -15.070988666011278, 26.61026142161139, 3.0225426344877304, -23.799532739032305, 19.893322224919714]
end_values
[2295990.59619655   21202.93315218]
[2153211.48328526   21461.7375228 ]
[2152895.16195972   21476.61720101]
[2152832.98373557   21481.97228421]
[2152807.61580502   21485.30424528]
[2152807.61580502   21485.30424528]
[2152795.2863125    21488.00949789]
[2152789.98340491   21489.53832191]
[2152789.86593758   21489.58028926]
[2152787.71688639   21490.47000708]
[2152786.20148294   21491.16600363]
[2152786.20083717   21491.17342668]
[2152785.49932813   21491.5841668 ]
[2152785.28698969   21491.76306332]
[2152785.38919754   21491.67360935]
[2152785.28698969   21491.76306332]
[2152785.49932813   21491.5841668 ]
[2152785.20726314   21491.87206565]
[2152785.38919754   21491.67360935]
[2152785.49465801   21491.57440215]
[2152785.49465801   21491.57440215]
[2152785.66154742   21491.23451058]
[2152785.55101155   21491.52480379]
[2152785.58009415   21491.50000591]
[2152785.58009415   21491.50000591]
[2152785.5760619    21491.75319479]
[2152785.5760619    21491.75319479]
[2152785.58437457   21491.81650573]
[2152785.59305577   21491.86399253]
[2152785.58437457   21491.81650573]
[2152785.59305577   21491.86399253]
