values
[1272.886969940941, 207781.09588505508]
[1329.044640055182, 136258.21639308022]
[1541.8626620240602, 117629.33019034142]
[1578.8425634046346, 115634.3787491274]
[1579.783427400896, 86557.62705747837]
[1699.8348339919166, 63225.849312402606]
[2033.6863331211712, 33950.632418795685]
[2043.2518157493314, 23407.308014523373]
[2053.1237572250743, 21936.553316905833]
[2138.350057926941, 16282.557271177526]
[2158.16383235463, 15184.631825805815]
[2179.74549435887, 14089.691276193764]
[2192.2584434808787, 13607.254040062082]
[2284.2114922451187, 10961.10548438086]
[2347.2760893017526, 9519.126744451809]
[2415.8965892284828, 7817.060407714784]
[2447.8245724839944, 7413.844527032266]
[2597.768763827349, 6436.470639453356]
[2610.1198739687534, 6390.442505321363]
[2684.343315193355, 5494.963335183658]
[2742.521477000014, 5002.625913901867]
[2762.81746934433, 4966.659520195267]
[2772.4933455130135, 4862.98243349746]
[2801.634630605596, 4578.56150780508]
[2879.727954989799, 3680.2079297018154]
[2958.7488906296744, 3660.102094052107]
[3000.390463169749, 3447.617126912773]
[3037.5672023939746, 3442.7060097649746]
[727098.1391585781, 2581.4038739372786]
[2433796.0476069665, 2054.917495143256]
[2838336.8384546917, 716.3256636351307]
values
[349.32380839743314, 579531.6585297406]
[350.7053658512832, 579440.966267101]
[404.4763819328752, 574160.5409322389]
[407.23225961488276, 573643.8938618471]
[423.46314123601485, 567948.3496970448]
[424.6688650949896, 567222.7742806477]
[429.891353926282, 562778.4146673292]
[430.40750988910776, 562252.6113545975]
[433.4102480756376, 558605.4424164722]
[434.4747881663942, 557267.1929094159]
[440.7198778672904, 548831.6269671535]
[443.6186220751582, 545058.3078128665]
[452.6699039085402, 535115.4538495414]
[481.7930638620229, 511019.4573146316]
[981.1650412841273, 256569.0519605032]
[1121.4010605395663, 187966.44398944802]
[1121.7941337639647, 187875.55018706562]
[1145.8064474764672, 181677.1450904509]
[1171.2519294249853, 175287.552557161]
[1190.5500945280887, 170576.79908096668]
[1199.392338613082, 168529.60311887154]
[1215.3150874071512, 164846.6553053049]
[1329.044640055182, 136258.21639308022]
[1447.9914801824361, 117041.92393771924]
[1578.8425634046346, 115634.3787491274]
[1579.783427400896, 86557.62705747837]
[1699.8348339919166, 63225.849312402606]
[2033.6863331211712, 33950.632418795685]
[2043.2518157493314, 23407.308014523373]
[2053.1237572250743, 21936.553316905833]
[2138.350057926941, 16282.557271177526]
[2140.8985762024363, 16252.04657579727]
[2147.215567705032, 15899.606024174444]
[2158.16383235463, 15184.631825805815]
[2179.74549435887, 14089.691276193764]
[2192.2584434808787, 13607.254040062082]
[2276.376424137058, 11006.08553791508]
[2280.5577798379154, 10892.348073069303]
[2283.9042299976736, 10800.62951048142]
[2287.0859313220367, 10712.502165928665]
[2295.196578968394, 10493.391703581394]
[2300.0532721337195, 10361.550373883065]
[2312.3900380670784, 10001.844001731288]
[2330.6731689365038, 9420.471361425249]
[2356.5106632974707, 8759.791984745178]
[2383.860257139934, 8111.912293026256]
[2386.359513594309, 8057.78219173151]
[2397.9331201130913, 7826.734376770625]
[2414.246459345112, 7569.115713089005]
[2418.7965679951753, 7503.950949443062]
[2424.0266448082302, 7434.767995992426]
[2438.807343838694, 7269.462066779211]
[2448.0001190604717, 7200.821904098882]
[2453.4584562147857, 7154.741716233346]
[2454.8213844455795, 7143.30482177318]
[2506.9835470324033, 6785.608764067302]
[2555.1980511908664, 6256.937791966205]
[2561.3656203677842, 6165.852049732865]
[2633.524640938721, 4967.428563909684]
[2641.0784976450996, 4852.595047434313]
[2657.900558897187, 4604.045299026677]
[2667.5962647110614, 4509.955364486452]
[2675.6038080477465, 4419.672958410393]
[2686.1156424612545, 4312.620429873047]
[2689.7835676913355, 4266.65289475585]
[2693.3109865376036, 4231.958201230226]
[2700.474358434908, 4168.539695759082]
[2704.743561278838, 4134.299316426346]
[2706.6220753677912, 4120.109542456852]
[2713.0185960002723, 4074.5834055982]
[2714.619875318266, 4064.0057085081016]
[2716.049255481942, 4062.5045885534855]
[2716.221999368211, 4053.7424942401894]
[2717.188980852363, 4048.087961346732]
[2718.1562646797433, 4042.5338566600576]
[2719.2746556719753, 4039.8397073664355]
[2720.9562690284947, 4027.5454069273987]
[2721.0333649441754, 4024.800797364879]
[2721.8359775513145, 4020.2412842839426]
[2722.503410966006, 4018.721320916891]
[2722.6387928891404, 4015.7557994890167]
[2724.2450279827253, 4007.0046827308797]
[2725.852062668389, 3998.542899800952]
[2729.0685005242603, 3982.468505453747]
[2729.8730978899102, 3978.623284940824]
[2732.2880457434762, 3967.4937527720213]
[2735.5106374067104, 3953.577976479076]
[2740.350103222754, 3934.5969839450167]
[2741.395090213635, 3930.5877273744463]
[2741.96471537271, 3928.75274792305]
[2743.2462538605314, 3923.823708375987]
[2743.5800431444727, 3923.140514844993]
[2745.196078829343, 3917.754552219288]
[2746.2895158063807, 3914.3262741100248]
[2746.81281470647, 3912.5890647539754]
[2748.430243042901, 3907.638199886607]
[2750.3338138613913, 3902.1618106499427]
[2750.9981871768364, 3899.4498043889294]
[2751.667146102094, 3898.3566745283283]
[2752.238318887508, 3896.9571508089643]
[2752.737349640378, 3895.617415947098]
[2753.2866052993522, 3894.014072339039]
[2754.9067259051044, 3889.862220412823]
[2756.0500809308387, 3887.325237382215]
[2758.617039190861, 3886.441455697523]
[2759.2931800393235, 3879.7956490651177]
[2763.0169769354625, 3871.7515290041924]
[2766.92397066242, 3863.460303587207]
[2774.2662154901363, 3856.800193586305]
[2775.094584088242, 3855.22520482498]
[2790.491864099958, 3831.5517371177507]
[2803.795774869271, 3821.1377178062726]
[2815.3958116714352, 3812.9401749827684]
[2834.2178598758737, 3800.7836472147205]
[2837.90805775899, 3785.6290999157254]
[2844.2321167666746, 3777.0958407834373]
[2845.3056334774037, 3763.21675630137]
[2847.1963656774756, 3759.736829765014]
[2847.2533438395753, 3758.6914843728573]
[2848.8917261759893, 3755.917875014989]
[2850.876550786917, 3752.5423826087813]
[2853.0040176744324, 3751.2500114618665]
[2853.1659378378567, 3749.4891019565575]
[2853.441986312101, 3748.084039591573]
[2856.8771238437266, 3743.8195505341255]
[2857.832999750492, 3741.316676820987]
[2859.0428977229076, 3740.7842078736653]
[2861.685476035202, 3732.850517971308]
[2862.7304598831493, 3729.6348116526715]
[2863.353621410507, 3728.9878747880402]
[2863.945168714995, 3728.511524968873]
[2864.978147383192, 3725.959628550247]
[2866.7202926123264, 3722.5489411111835]
[2867.8594534134713, 3720.049172851125]
[2875.56197960751, 3699.5441695593745]
[2879.727954989799, 3680.2079297018154]
[2920.416731611971, 3567.8219091024016]
[2927.4858332684, 3561.8768775221197]
[2931.6072670795998, 3554.1751655428475]
[2940.2305017573913, 3510.116077425154]
[2945.404417100611, 3498.2595635461967]
[2946.093450051601, 3496.874075607264]
[2948.630437772949, 3491.9922783609095]
[2949.46966889382, 3489.7108066138285]
[2951.311353319735, 3486.1998221123727]
[2951.4491568942253, 3485.6667204013156]
[2954.104395261756, 3480.5497430128457]
[2954.4304673394513, 3479.883382076954]
[2954.716208614946, 3479.548457590232]
[2954.7565286425647, 3479.2470689834163]
[2955.138975901846, 3478.362095951369]
[2956.152586377997, 3476.6594600010726]
[2956.5631170639535, 3475.6920613203197]
[2957.00147783309, 3474.864424686407]
[2957.340919770933, 3474.3761534038026]
[2957.636568072532, 3473.9163820905624]
[2957.7573101072253, 3473.727615073377]
[2957.9619393709777, 3473.3057695744737]
[2958.4507756864014, 3472.346915908443]
[2959.3488610592713, 3470.5753273523546]
[2960.691913122919, 3468.387975484814]
[2960.797150005913, 3468.187531432715]
[2961.0911333371537, 3467.717476691775]
[2961.3851058047044, 3467.265255890818]
[2961.9730179510916, 3466.4144725682586]
[2962.3059819559335, 3465.53882836191]
[2962.468827290604, 3465.245059421137]
[2963.1487097056524, 3464.9285440978915]
[2963.9563004198535, 3462.7469873947316]
[2965.340782711415, 3460.4913012861675]
[2965.4512370223106, 3460.2643888584707]
[2966.321753933646, 3458.871067843428]
[2968.2426373671183, 3455.570516342477]
[2969.163767049701, 3454.16362514311]
[2969.5616166220752, 3453.5635739994136]
[2970.0639601811854, 3453.112103961555]
[2970.172384736525, 3452.935723265489]
[2970.335023954594, 3452.6726523951766]
[2971.0335479750797, 3451.8398704994715]
[2971.077378023036, 3451.662442914034]
[2971.1501112805204, 3451.207180117237]
[2972.1328737785916, 3449.7650222027128]
[2973.0395623270665, 3448.539200611657]
[2973.2253393928877, 3448.5271102433167]
[2973.424553680889, 3448.2422295636716]
[2973.501952128921, 3447.8366753303167]
[2973.806015001038, 3447.7180453528263]
[2974.2788431533163, 3447.0943815137157]
[2975.0940162010015, 3445.97497374126]
[2975.1208304797788, 3445.6588223937474]
[2977.4373960491703, 3442.9120253200977]
[2977.5011679157683, 3442.566640293553]
[2978.2681467551824, 3441.670604080702]
[2979.0888229191614, 3440.607576693031]
[2979.4196567543077, 3440.483401325259]
[2979.8736987774573, 3439.908419224791]
[2980.0229341488293, 3439.7299756594734]
[2980.277613982545, 3439.1897999983767]
[2982.0731032338654, 3437.1609274768207]
[2983.2694622666036, 3436.055083792301]
[2983.919614803731, 3435.1629716370826]
[2984.057240128666, 3435.0665300921]
[2984.433973484982, 3434.556779941376]
[2985.0185814295983, 3434.216818500064]
[2985.036584189544, 3434.011933547588]
[2985.3221935816, 3433.8432291959184]
[2985.4377664076214, 3433.556516514691]
[2985.8573807517346, 3433.330188850395]
[2986.2347694910086, 3433.277070758068]
[2986.3152596670657, 3432.9198965098317]
[2986.6133600674157, 3432.633809523102]
[2986.8470388117157, 3432.3731020960463]
[2987.016142736208, 3432.0432836457794]
[2987.11985650749, 3432.000639825143]
[2987.3632420918025, 3431.9122495188135]
[2987.610827621589, 3431.506519316309]
[2987.792512527289, 3431.3505211802676]
[2988.0079331234015, 3431.1521003953876]
[2988.2037178380638, 3430.9491870952947]
[2988.6096600797678, 3430.764956411599]
[2988.8257755964937, 3430.556230255194]
[2989.01634842285, 3430.2451876483033]
[2989.4136134117603, 3430.0504072663794]
[2989.8486817209837, 3429.6761610764397]
[2990.016150705098, 3429.3958108249158]
[2990.300018518917, 3429.154816939671]
[2990.903006309131, 3428.79103771004]
[2990.977526152581, 3428.5893228084997]
[2991.2008311632094, 3428.558673971032]
[2991.3993710531145, 3428.407385834795]
[2991.583353178708, 3428.1195591430233]
[2991.7964267334223, 3428.1135082037117]
[2991.976089772784, 3427.8944005315684]
[2992.0127442399457, 3427.8849497359593]
[2992.193450179219, 3427.831240500584]
[2992.2409717714645, 3427.6462325605175]
[2992.868063469117, 3427.3220537153993]
[2992.9806417512855, 3426.910388896171]
[2993.4373690765688, 3426.7811628392087]
[2993.5992167977415, 3426.534408011276]
[2993.7742084193933, 3426.5329308631312]
[2993.9632639414717, 3426.3055252097142]
[2994.2536559192376, 3426.2086787312123]
[2994.35683489341, 3426.1603639733344]
[2994.9356948287705, 3425.663014972183]
[2994.98456237457, 3425.5197710458456]
[2995.305521969974, 3425.4838947438084]
[2995.7343910970667, 3425.2436080092125]
[2996.0212112428335, 3425.022300468003]
[2996.1652127054767, 3424.964111173159]
[2996.580081126655, 3424.6967973848264]
[2996.6495411227115, 3424.456050669688]
[2997.2195132376573, 3424.323190401683]
[2997.3702276203817, 3423.9834200896503]
[2998.650186449423, 3423.509005372232]
[2998.719473370008, 3423.278419585637]
[2999.1269774456246, 3423.2531369044436]
[2999.8928263825396, 3422.81487844113]
[3000.147244576204, 3422.5999733404296]
[3000.387786616154, 3422.56973739186]
[3000.481179227983, 3422.4309574165372]
[3000.788459934295, 3422.246556402107]
[3001.822593171091, 3421.7854826510766]
[3001.9008566589155, 3421.695500743432]
[3002.2421893040537, 3421.684356217033]
[3002.316242266617, 3421.560775031136]
[3002.856483491427, 3421.3610736398773]
[3004.1135272733754, 3420.8675526356697]
[3005.066446744234, 3420.7330061243906]
[3005.1130553101243, 3420.725636698729]
[3005.2677279942955, 3420.650243454555]
[3005.375048248043, 3420.6407750034477]
[3005.4163424128647, 3420.6050243089985]
[3005.7620793584815, 3420.494913576871]
[3006.1741831412164, 3420.421055760536]
[3006.1924598776304, 3420.415124837562]
[3006.276518319176, 3420.4086151184083]
[3006.841624587772, 3420.2237723148614]
[3007.5747215908023, 3420.042937230377]
[3008.2017753246782, 3419.9088902602484]
[3008.237080550805, 3419.8993899534667]
[3008.6437418548608, 3419.8850121706228]
[3008.6984064478115, 3419.7822003951674]
[3009.6320682155265, 3419.6422004573133]
[3010.166345745495, 3419.5958703135434]
[3010.2235217579946, 3419.5602221798704]
[3010.6737551765823, 3419.5175467449126]
[3010.956019248265, 3419.464859504962]
[3011.1811015803332, 3419.4482566495035]
[3011.688384700138, 3419.388002509577]
[3012.195604279451, 3419.336786483217]
[3012.7027600617585, 3419.2946104044236]
[3013.209851790626, 3419.261475783294]
[3013.716879209626, 3419.2373838060043]
[3014.223842062407, 3419.2223353349586]
[3014.7307400926534, 3419.216330908801]
[108995.63661774957, 3250.4333153324824]
[170745.7664738507, 2061.636906272765]
[170783.7622667505, 2060.9504293513664]
[326503.63740802085, 1927.7968177459393]
[421139.3655197793, 1534.4970862325745]
[746985.9286337341, 1177.114742371246]
[1861435.659921952, 747.00814553491]
[1861459.2061175997, 746.7244265398367]
[1861552.2435727697, 746.0467513947243]
[1861594.167890365, 745.6635926753294]
[2838336.8384546917, 716.3256636351307]
values
[246.4352057336848, 632714.9099953072]
[246.57614796369407, 630703.0891207708]
[252.8091202443605, 603033.1399101304]
[253.24110314225013, 602388.4634987743]
[253.30147774616842, 602278.8965404119]
[253.54988339484512, 601924.1441799751]
[253.69471063485196, 601755.6651960494]
[254.0230050336696, 601285.3750477127]
[254.16638869191445, 601122.9457754578]
[254.78984070409442, 600354.3446583309]
[254.9311323443807, 600143.8217736065]
[256.09780193817625, 598879.1191501314]
[265.06349922772176, 592606.6447923311]
[283.75391334624055, 586643.0914014293]
[286.4374603188297, 586089.1579049842]
[287.2544133534829, 585934.2614242774]
[292.5146969544286, 584983.2993880725]
[293.85875889298495, 584796.9419534887]
[295.9565931722625, 584492.396190055]
[328.02347893301203, 581080.0944610052]
[349.32380839743314, 579531.6585297406]
[350.7053658512832, 579440.966267101]
[404.4763819328752, 574160.5409322389]
[407.23225961488276, 573643.8938618471]
[423.46314123601485, 567948.3496970448]
[424.6688650949896, 567222.7742806477]
[429.891353926282, 562778.4146673292]
[430.40750988910776, 562252.6113545975]
[433.4102480756376, 558605.4424164722]
[434.4747881663942, 557267.1929094159]
[440.7198778672904, 548831.6269671535]
[443.6186220751582, 545058.3078128665]
[452.6699039085402, 535115.4538495414]
[481.7930638620229, 511019.4573146316]
[909.1958407290902, 247472.89321303953]
[947.013522805354, 236110.7267354059]
[949.8642003594364, 235291.50709542294]
[956.0164555111894, 233495.17526686206]
[957.1472790646061, 233099.90447971487]
[960.1500885528096, 232277.09685376732]
[966.1439268402988, 230549.2052308943]
[999.0980856368785, 221124.50187837236]
[1033.7814135053097, 211482.03757579203]
[1041.5211921745795, 209350.76483502658]
[1086.886187498575, 197085.07582245057]
[1091.8381807882395, 195767.83212246737]
[1121.4010605395663, 187966.44398944802]
[1121.7941337639647, 187875.55018706562]
[1124.0536777922493, 187265.87702575285]
[1145.8064474764672, 181677.1450904509]
[1171.2519294249853, 175287.552557161]
[1190.5500945280887, 170576.79908096668]
[1199.392338613082, 168529.60311887154]
[1215.3150874071512, 164846.6553053049]
[1329.044640055182, 136258.21639308022]
[1447.9914801824361, 117041.92393771924]
[1578.8425634046346, 115634.3787491274]
[1579.783427400896, 86557.62705747837]
[1699.8348339919166, 63225.849312402606]
[2033.6863331211712, 33950.632418795685]
[2043.2518157493314, 23407.308014523373]
[2053.1237572250743, 21936.553316905833]
[2096.0897215028904, 18418.45544089691]
[2096.9582369559967, 18382.80850474685]
[2103.691003930187, 18091.223734300514]
[2103.7875964985724, 18087.002528335644]
[2106.608255853907, 17963.562140548787]
[2138.350057926941, 16282.557271177526]
[2140.8985762024363, 16252.04657579727]
[2147.215567705032, 15899.606024174444]
[2149.7918596246145, 15773.345147096597]
[2151.775562532167, 15671.318473509595]
[2155.6622054155087, 15455.17224148269]
[2158.16383235463, 15184.631825805815]
[2162.742869140664, 15068.841314792147]
[2179.74549435887, 14089.691276193764]
[2192.2584434808787, 13607.254040062082]
[2213.814428004646, 12783.794669111363]
[2222.2951062166203, 12502.713279020374]
[2224.4181151267017, 12434.16328926548]
[2226.329510633545, 12378.75726796041]
[2227.2033213322197, 12347.930536383097]
[2227.652262259284, 12335.06863041766]
[2232.5459360456107, 12188.248021166051]
[2237.3035727250326, 12049.593391269384]
[2241.4710609259396, 11935.825511097815]
[2276.376424137058, 11006.08553791508]
[2280.5577798379154, 10892.348073069303]
[2283.9042299976736, 10800.62951048142]
[2287.0859313220367, 10712.502165928665]
[2295.196578968394, 10493.391703581394]
[2297.7852425417227, 10433.56853456004]
[2300.0532721337195, 10361.550373883065]
[2302.7286711086235, 10289.671669629564]
[2312.3900380670784, 10001.844001731288]
[2321.881432416797, 9739.394479697748]
[2330.6731689365038, 9420.471361425249]
[2334.8147342167513, 9364.778534509895]
[2339.1394473203127, 9244.047353704793]
[2340.889081332139, 9189.112348597338]
[2356.5106632974707, 8759.791984745178]
[2383.860257139934, 8111.912293026256]
[2386.359513594309, 8057.78219173151]
[2392.2357811573847, 7936.521475501357]
[2397.9331201130913, 7826.734376770625]
[2405.6353500005107, 7705.53331739634]
[2408.7865280694086, 7644.880728749735]
[2414.246459345112, 7569.115713089005]
[2416.2495920164065, 7541.070575780765]
[2418.7965679951753, 7503.950949443062]
[2420.978753092394, 7472.908268107829]
[2422.6689940849687, 7453.468823597881]
[2424.0266448082302, 7434.767995992426]
[2427.585671022171, 7390.689713450825]
[2428.287600752601, 7383.904314481566]
[2428.932965796242, 7377.554990557457]
[2432.1646192314824, 7338.647109302109]
[2432.490767146893, 7337.6814816371725]
[2433.346604393208, 7329.517691259096]
[2434.242588806491, 7316.603812968716]
[2434.7047049886264, 7311.719398008036]
[2438.807343838694, 7269.462066779211]
[2447.994226654518, 7191.781097320863]
[2453.4584562147857, 7154.741716233346]
[2454.078942519153, 7150.481873291069]
[2454.8213844455795, 7143.30482177318]
[2472.34043532159, 7020.254385124813]
[2506.9835470324033, 6785.608764067302]
[2528.7217101456977, 6587.0798493703205]
[2533.0828162270705, 6537.262282425377]
[2534.3017476248333, 6523.223306037604]
[2535.5161730459768, 6506.204050480368]
[2542.7430147595423, 6417.279800686032]
[2549.2735722275397, 6333.293301884232]
[2549.553398527037, 6325.809760398892]
[2553.9644749666377, 6278.958995688397]
[2555.1980511908664, 6256.937791966205]
[2556.985253900682, 6217.1647839317675]
[2557.2428850148126, 6213.211740634026]
[2557.7735564512923, 6208.036354166704]
[2561.3656203677842, 6165.852049732865]
[2561.404869303003, 6159.647488617619]
[2562.009197924817, 6149.911297513236]
[2562.4911096499363, 6137.226745460007]
[2563.1680854513556, 6133.168363271968]
[2564.3366779287667, 6118.397231659267]
[2564.368444280192, 6110.6115525446385]
[2564.455781132272, 6100.574998813006]
[2566.2356616181883, 6077.324451219618]
[2569.0675768861183, 6040.9015466301535]
[2582.209441091001, 5797.487299113422]
[2633.524640938721, 4967.428563909684]
[2641.0784976450996, 4852.595047434313]
[2657.900558897187, 4604.045299026677]
[2667.5962647110614, 4509.955364486452]
[2670.6088475457695, 4486.427268280053]
[2674.741030252037, 4386.216165931228]
[2675.290675021682, 4379.901143316343]
[2678.5119295662626, 4345.8830859828195]
[2682.718517366883, 4338.757813546162]
[2683.0344629994192, 4299.570308122588]
[2683.25355360682, 4294.82079461433]
[2686.704456698428, 4259.635217182686]
[2690.7080299348363, 4224.384846963729]
[2691.2415033558486, 4218.363184399185]
[2693.2939347276533, 4204.370858530558]
[2694.2216859593323, 4196.329202374753]
[2697.9066334636655, 4161.924455189588]
[2698.441538555114, 4156.521809568998]
[2699.2535994523887, 4150.440487083535]
[2699.5310199785386, 4148.199900041803]
[2700.1021156350607, 4146.122937853162]
[2702.6252848298086, 4136.873740107097]
[2704.5478754522182, 4110.067145000525]
[2705.9180660061925, 4100.330495745927]
[2706.176348362992, 4098.739801365995]
[2707.2889076780166, 4090.8237673959516]
[2707.84534734054, 4086.924920143478]
[2708.990951443712, 4083.4375148157187]
[2709.2769223592572, 4080.59054263984]
[2710.0234768691253, 4078.227219955663]
[2713.0185960002723, 4074.5834055982]
[2714.230901035498, 4045.9828372923753]
[2715.087707960623, 4040.3126340378712]
[2715.346484642754, 4039.160094403408]
[2716.7904155001697, 4038.081320774697]
[2718.376074326887, 4022.1775770742506]
[2719.6130066477212, 4014.508165106615]
[2720.500771771867, 4010.012596906845]
[2720.8496806523876, 4009.193247049434]
[2721.1291344030656, 4007.6813212625957]
[2722.3473185468342, 3999.8447445967645]
[2723.4253780215618, 3994.989850899854]
[2724.544243375945, 3989.3282855442353]
[2727.0226225213046, 3977.948607325838]
[2728.702790138725, 3976.7479026428623]
[2729.086116693025, 3976.119917723477]
[2729.354485744767, 3970.147561081917]
[2729.623481895576, 3965.121449604401]
[2731.2442833144846, 3958.966526549848]
[2733.2071733927833, 3950.712454328597]
[2733.4876784001303, 3949.564250162472]
[2733.8379481498196, 3948.975272121222]
[2734.310251079547, 3948.7021326838985]
[2735.006124472074, 3947.0651224083535]
[2735.8238162718953, 3943.0187282041893]
[2736.3443593775114, 3941.560607383681]
[2736.9154952675067, 3935.692535230932]
[2738.360004587725, 3932.407321266146]
[2739.121922291775, 3928.1834489297958]
[2739.643261505866, 3926.8609547256374]
[2740.706835606316, 3926.703395006038]
[2740.849943823724, 3925.9269429563697]
[2741.210839000778, 3921.858698263761]
[2741.892033141876, 3919.18238091328]
[2742.2907318945036, 3919.102720824596]
[2742.3660320205245, 3918.2616174579216]
[2742.4143921552113, 3917.73354349064]
[2742.414585228886, 3916.575689644119]
[2743.2607313841295, 3916.439885796914]
[2743.7858455663086, 3916.002815553243]
[2744.222650535924, 3911.06752130725]
[2744.822685956801, 3909.8703037334426]
[2745.327915664646, 3907.9121555212523]
[2746.809826331027, 3904.8779086831855]
[2747.075876267369, 3902.7787304407334]
[2747.375723074858, 3902.3685056034737]
[2747.780304496318, 3901.603855962952]
[2747.9219550300486, 3900.000497450068]
[2749.168643201222, 3897.8455803254633]
[2749.3304139479933, 3896.12840881209]
[2749.732670732122, 3895.2505607833014]
[2750.315800706831, 3894.6391658580974]
[2750.536581691154, 3892.8391626835573]
[2751.743124746488, 3889.66164078724]
[2752.793145670979, 3886.8233354016793]
[2753.0217332183215, 3886.535682331848]
[2754.300754492584, 3883.520689172274]
[2754.525658517999, 3882.5158186922313]
[2755.553156278322, 3880.806481265036]
[2755.9988718184154, 3880.05108419209]
[2756.920017328496, 3879.0716403973693]
[2757.063783351837, 3878.7580165074037]
[2757.064644429589, 3877.8000868768922]
[2757.4179599209783, 3876.5720224517618]
[2757.6226920417203, 3876.4722462663262]
[2757.831642214862, 3874.97242902597]
[2758.255184900829, 3874.093493363097]
[2758.675839300579, 3873.1723365826174]
[2760.827992066083, 3871.298234474017]
[2760.857730012917, 3868.686266923718]
[2761.2849358189237, 3868.637857074158]
[2762.7748531431503, 3865.562882188543]
[2762.7874901532764, 3865.0056776175984]
[2766.2278088421485, 3860.7192141583123]
[2767.4912316977225, 3859.142245015704]
[2769.300708056518, 3854.9717665142466]
[2790.491864099958, 3831.5517371177507]
[2803.795774869271, 3821.1377178062726]
[2815.3958116714352, 3812.9401749827684]
[2828.6927975089457, 3811.665395665219]
[2834.2178598758737, 3800.7836472147205]
[2836.5885904325733, 3773.005226566672]
[2839.077084599263, 3769.9524831179137]
[2839.4718673732923, 3768.439794884127]
[2840.9636132288024, 3767.5352618513098]
[2841.1029092292342, 3766.086502705943]
[2841.3297064809594, 3765.3035186824327]
[2841.7899767286895, 3765.205570318131]
[2842.2931829669365, 3764.9746864512986]
[2843.740725280835, 3761.5495291395073]
[2843.9483260492098, 3760.9466180963755]
[2845.0563936901926, 3760.643939823722]
[2845.9598801900474, 3759.4048203128787]
[2847.2533438395753, 3758.6914843728573]
[2848.8917261759893, 3755.917875014989]
[2848.8982588416616, 3755.804854457312]
[2849.314706768544, 3753.2953845046823]
[2850.030784079683, 3751.991738972669]
[2853.0040176744324, 3751.2500114618665]
[2853.1659378378567, 3749.4891019565575]
[2853.441986312101, 3748.084039591573]
[2853.677498555416, 3746.4997073951126]
[2853.825190956339, 3745.11274892555]
[2853.8986432228544, 3744.839017634937]
[2854.717175833824, 3743.262974577264]
[2854.7767039427213, 3742.7062724561893]
[2855.310291762437, 3741.5847500471646]
[2856.0760188803765, 3740.1688161350535]
[2857.7724012904937, 3737.673011465597]
[2858.4185722433476, 3736.1636957301876]
[2858.5787919729128, 3734.828508892067]
[2859.097010166574, 3733.7624757779067]
[2860.0098161958376, 3733.6687033612748]
[2860.6148007427264, 3733.342129480502]
[2860.834842785614, 3733.174613970615]
[2861.685476035202, 3732.850517971308]
[2862.4851837112446, 3728.8679787578762]
[2862.6644444513063, 3727.626622230345]
[2862.9408718262303, 3726.73171014842]
[2863.054168087854, 3726.291367142904]
[2863.5579927392623, 3726.118760388188]
[2864.978147383192, 3725.959628550247]
[2865.3633633298896, 3722.9574419214664]
[2866.7202926123264, 3722.5489411111835]
[2867.8594534134713, 3720.049172851125]
[2868.254887523783, 3714.8215404881103]
[2875.56197960751, 3699.5441695593745]
[2879.727954989799, 3680.2079297018154]
[2920.416731611971, 3567.8219091024016]
[2927.4858332684, 3561.8768775221197]
[2931.6072670795998, 3554.1751655428475]
[2937.1526670298495, 3517.715506991472]
[2940.200657837605, 3509.9037467279386]
[2942.3766576694547, 3504.9032873305814]
[2942.5394966418853, 3504.7971707136358]
[2943.727668408554, 3502.29135232695]
[2945.179393199821, 3498.9473336909164]
[2945.404417100611, 3498.2595635461967]
[2945.924650702963, 3497.3491509086775]
[2946.093450051601, 3496.874075607264]
[2946.172414797728, 3496.734003261722]
[2948.630437772949, 3491.9922783609095]
[2949.46966889382, 3489.7108066138285]
[2950.573411657153, 3487.467576153492]
[2951.201550055627, 3486.247166260563]
[2951.311353319735, 3486.1998221123727]
[2951.4491568942253, 3485.6667204013156]
[2953.814184804265, 3481.0189161277312]
[2954.0862270225043, 3480.399862858636]
[2954.4304673394513, 3479.883382076954]
[2954.582206783769, 3479.4068954108816]
[2954.7565286425647, 3479.2470689834163]
[2955.138975901846, 3478.362095951369]
[2955.2003759643158, 3478.2553630880857]
[2955.8168769584436, 3477.2518233802653]
[2955.8472359134325, 3477.019718537984]
[2956.152586377997, 3476.6594600010726]
[2956.5631170639535, 3475.6920613203197]
[2956.72238281863, 3475.3194853743294]
[2957.00147783309, 3474.864424686407]
[2957.340919770933, 3474.3761534038026]
[2957.636568072532, 3473.9163820905624]
[2957.7573101072253, 3473.727615073377]
[2957.853739002565, 3473.3015322044516]
[2958.203708959924, 3472.4472735755185]
[2958.333500102584, 3472.150531662264]
[2958.8640870457616, 3471.4479510036044]
[2959.1631445721914, 3470.5687039875174]
[2960.242701403532, 3468.9670469729995]
[2960.6748249626885, 3468.061787354365]
[2961.0911333371537, 3467.717476691775]
[2961.369735836192, 3466.9972559265434]
[2961.4481092564406, 3466.8143129249233]
[2961.9730179510916, 3466.4144725682586]
[2961.991810293836, 3465.7421867787048]
[2962.3059819559335, 3465.53882836191]
[2962.468827290604, 3465.245059421137]
[2963.1487097056524, 3464.9285440978915]
[2963.308540586041, 3463.47354107345]
[2963.9563004198535, 3462.7469873947316]
[2963.973318474011, 3462.277454114141]
[2964.2526375778193, 3462.0423831230232]
[2964.5116506452146, 3461.5812053408595]
[2964.660002709299, 3461.3674795080733]
[2965.1782367896412, 3460.4383984250353]
[2965.3195055778997, 3460.3097313124736]
[2965.4512370223106, 3460.2643888584707]
[2965.491247808089, 3459.9314315369274]
[2965.615445589223, 3459.589208329168]
[2965.935552286042, 3459.391022971932]
[2966.321753933646, 3458.871067843428]
[2966.605728435686, 3457.954562644529]
[2966.8687472930146, 3457.1521241529977]
[2967.2571571584313, 3456.9797859128776]
[2967.69015418884, 3456.4697577500747]
[2968.2426373671183, 3455.570516342477]
[2968.9263646389854, 3454.430071093525]
[2969.163767049701, 3454.16362514311]
[2969.230333998419, 3453.7471367360195]
[2969.3391749575285, 3453.415364686252]
[2969.696236124971, 3453.054088775113]
[2970.172384736525, 3452.935723265489]
[2970.335023954594, 3452.6726523951766]
[2970.642044520067, 3451.978667511224]
[2970.8778204176756, 3451.4172668591177]
[2971.1501112805204, 3451.207180117237]
[2971.211553926395, 3451.1852882174812]
[2971.238017808958, 3451.105161853148]
[2971.701846450588, 3450.154013438565]
[2972.021902266055, 3449.869230093042]
[2972.1328737785916, 3449.7650222027128]
[2972.417846100899, 3449.350434856995]
[2972.51814140655, 3449.0723809328842]
[2972.64890038583, 3449.0079830538957]
[2973.0118016173687, 3448.2458299564073]
[2973.119318726932, 3447.7114563076566]
[2973.729448120156, 3447.205529980196]
[2973.895580189428, 3447.169793714701]
[2974.2788431533163, 3447.0943815137157]
[2974.5650815045906, 3445.5493481221265]
[2975.1469094749245, 3445.4505245909177]
[2975.272712501953, 3445.390684582032]
[2975.299770445709, 3445.257219196651]
[2976.2108849848714, 3443.8862700592063]
[2976.47383758485, 3443.6285006143958]
[2976.5404411309655, 3442.781539064987]
[2977.5011679157683, 3442.566640293553]
[2977.7744812277156, 3442.055296862931]
[2978.1360182258572, 3441.764792492083]
[2978.218415021998, 3441.21069306284]
[2978.4706888805704, 3440.412659800917]
[2979.253255286828, 3440.367784039965]
[2979.483436694935, 3439.991132491353]
[2979.694652745329, 3439.4919596010755]
[2979.9595256515254, 3438.274314234679]
[2980.697880417443, 3438.2520436994687]
[2980.8445479675443, 3438.0734357220426]
[2981.058951564472, 3437.601642936516]
[2981.5552277200945, 3437.4114168090146]
[2981.832264895141, 3436.9342117535184]
[2982.25126451976, 3435.870821144843]
[2982.7561418487053, 3434.6688185842677]
[2984.074147471015, 3434.3618459680356]
[2984.199403259117, 3432.7497856050595]
[2985.0012961948146, 3432.0835059750475]
[2985.551308462342, 3431.399756102552]
[2986.171327322676, 3430.9762099668214]
[2987.3403707219354, 3430.5401668823492]
[2988.098429134275, 3429.1636151679763]
[2988.6106899120573, 3427.267088542428]
[2989.802210146319, 3426.512900986693]
[2990.4748774915315, 3425.2611807165854]
[2991.1681475965697, 3425.098048431205]
[2991.9127435560063, 3423.9398249050178]
[2992.5909912227644, 3423.602918164526]
[2993.065188766889, 3423.166436523287]
[2994.0495797893977, 3422.773476566643]
[2994.20121972008, 3422.082162691432]
[2995.05209577193, 3421.4646165691047]
[2995.724546055786, 3421.3912400827344]
[2996.152018539575, 3421.276165620456]
[2996.468580910341, 3420.67282775266]
[2996.5521114898143, 3420.3644215787426]
[2996.9829727539386, 3420.2719400163737]
[2997.622117280463, 3420.0192958086486]
[2998.9216781200985, 3419.8900331428545]
[2998.947996771066, 3419.571779143972]
[2999.8092347146676, 3419.543121062564]
[3000.484908945553, 3419.5147014549298]
[3000.5554774173256, 3419.4091929017136]
[3000.62604625968, 3419.3118521210117]
[3000.661330819581, 3419.2662456416847]
[3000.6966154718384, 3419.2226822678736]
[3000.7389430755557, 3419.2098854409082]
[3001.020585727002, 3419.1109559837087]
[3004.045494560522, 3418.8859319660914]
[108995.63661774957, 3250.4333153324824]
[170745.7664738507, 2061.636906272765]
[170783.7622667505, 2060.9504293513664]
[326503.63740802085, 1927.7968177459393]
[420661.2017361022, 1530.7360379936035]
[420859.5110606447, 1527.6155118311735]
[746985.9286337341, 1177.114742371246]
[1861435.659921952, 747.00814553491]
[1861459.2061175997, 746.7244265398367]
[1861512.833483069, 746.0996160190053]
[1861552.2435727697, 746.0467513947243]
[1861557.9356633623, 745.8497964805906]
[1861581.8682559705, 745.8059531073906]
[1861594.167890365, 745.6635926753294]
[1861609.751883735, 745.548549037495]
[1861742.3442539766, 745.0848588197692]
[1861822.266635202, 744.8063342535642]
[1861943.7071686627, 744.5862274335808]
[1861949.5080192063, 744.3859154739467]
[1862027.7107450254, 744.3014170850938]
[1862083.081119993, 744.2189446485902]
[1862101.2964549554, 744.1710090058754]
[1862444.456769191, 743.6958403394146]
[1862584.9671996261, 743.6831628791008]
[1862608.2928016763, 743.4783307946212]
[1862884.586726754, 743.0119354323857]
[1863044.25227849, 742.7096727969158]
[1863127.5697851467, 741.7833652562957]
[1863747.2629566423, 741.4531768053541]
[1863806.5944830722, 741.3421763507991]
[1864017.6784861926, 740.9497958873108]
[2838336.8384546917, 716.3256636351307]
values
[246.36128653902307, 633813.0932645864]
[246.40124591540908, 633210.2779208286]
[246.4352057336848, 632714.9099953072]
[246.4375104303109, 632686.2490583707]
[246.57614796369407, 630703.0891207708]
[247.80771764438038, 618281.8321830994]
[247.87763472963937, 617833.9638766814]
[248.29021685568202, 615459.3873937693]
[248.37538885429467, 615032.462699849]
[248.6379814022565, 613809.732779453]
[252.3981358247168, 603689.777444035]
[252.8091202443605, 603033.1399101304]
[253.24110314225013, 602388.4634987743]
[253.30147774616842, 602278.8965404119]
[253.54988339484512, 601924.1441799751]
[253.69471063485196, 601755.6651960494]
[254.0230050336696, 601285.3750477127]
[254.16638869191445, 601122.9457754578]
[254.78984070409442, 600354.3446583309]
[254.9311323443807, 600143.8217736065]
[256.09780193817625, 598879.1191501314]
[265.06349922772176, 592606.6447923311]
[283.75391334624055, 586643.0914014293]
[286.4374603188297, 586089.1579049842]
[287.2544133534829, 585934.2614242774]
[292.5146969544286, 584983.2993880725]
[293.85875889298495, 584796.9419534887]
[295.9565931722625, 584492.396190055]
[328.02347893301203, 581080.0944610052]
[349.32380839743314, 579531.6585297406]
[350.7053658512832, 579440.966267101]
[404.4763819328752, 574160.5409322389]
[407.23225961488276, 573643.8938618471]
[423.46314123601485, 567948.3496970448]
[424.6688650949896, 567222.7742806477]
[429.891353926282, 562778.4146673292]
[430.40750988910776, 562252.6113545975]
[433.4102480756376, 558605.4424164722]
[434.4747881663942, 557267.1929094159]
[440.7198778672904, 548831.6269671535]
[443.6186220751582, 545058.3078128665]
[452.6699039085402, 535115.4538495414]
[481.7930638620229, 511019.4573146316]
[856.0444038223102, 264011.7888933961]
[856.3002517953313, 263926.274489804]
[861.0670824182203, 262448.65820091456]
[909.1958407290902, 247472.89321303953]
[940.4755917853179, 238004.45944819055]
[945.5867118302525, 236521.5444100019]
[947.013522805354, 236110.7267354059]
[949.8642003594364, 235291.50709542294]
[956.0164555111894, 233495.17526686206]
[957.1472790646061, 233099.90447971487]
[960.1500885528096, 232277.09685376732]
[966.1439268402988, 230549.2052308943]
[996.4138299894267, 221863.80228263413]
[999.0980856368785, 221124.50187837236]
[1033.7814135053097, 211482.03757579203]
[1041.5211921745795, 209350.76483502658]
[1042.921817288398, 208962.92147636283]
[1047.5870820308905, 207722.93744967697]
[1048.5661509908896, 207465.36716369842]
[1086.886187498575, 197085.07582245057]
[1091.8381807882395, 195767.83212246737]
[1121.4010605395663, 187966.44398944802]
[1121.7941337639647, 187875.55018706562]
[1124.0536777922493, 187265.87702575285]
[1145.8064474764672, 181677.1450904509]
[1171.2519294249853, 175287.552557161]
[1190.5500945280887, 170576.79908096668]
[1199.392338613082, 168529.60311887154]
[1215.3150874071512, 164846.6553053049]
[1329.044640055182, 136258.21639308022]
[1447.9914801824361, 117041.92393771924]
[1578.8425634046346, 115634.3787491274]
[1579.783427400896, 86557.62705747837]
[1699.8348339919166, 63225.849312402606]
[2033.6863331211712, 33950.632418795685]
[2043.2518157493314, 23407.308014523373]
[2053.1237572250743, 21936.553316905833]
[2096.0897215028904, 18418.45544089691]
[2096.9582369559967, 18382.80850474685]
[2103.691003930187, 18091.223734300514]
[2103.7875964985724, 18087.002528335644]
[2106.608255853907, 17963.562140548787]
[2138.350057926941, 16282.557271177526]
[2140.8985762024363, 16252.04657579727]
[2147.215567705032, 15899.606024174444]
[2149.7918596246145, 15773.345147096597]
[2150.284874783137, 15757.51929353715]
[2151.775562532167, 15671.318473509595]
[2155.6622054155087, 15455.17224148269]
[2158.16383235463, 15184.631825805815]
[2162.742869140664, 15068.841314792147]
[2179.74549435887, 14089.691276193764]
[2192.2584434808787, 13607.254040062082]
[2212.4219027483687, 12837.68050930526]
[2213.814428004646, 12783.794669111363]
[2221.9533363954156, 12513.218434476234]
[2222.2951062166203, 12502.713279020374]
[2224.4181151267017, 12434.16328926548]
[2226.329510633545, 12378.75726796041]
[2227.2033213322197, 12347.930536383097]
[2227.652262259284, 12335.06863041766]
[2228.1584073381646, 12320.901685069473]
[2232.5459360456107, 12188.248021166051]
[2233.0249443626944, 12174.369418741868]
[2233.3465663856964, 12165.012673174308]
[2234.5352191030474, 12130.36903203722]
[2237.3035727250326, 12049.593391269384]
[2241.4710609259396, 11935.825511097815]
[2241.6295546866972, 11926.876555328974]
[2242.2873757218085, 11908.776864818514]
[2276.376424137058, 11006.08553791508]
[2280.5577798379154, 10892.348073069303]
[2283.9042299976736, 10800.62951048142]
[2287.0859313220367, 10712.502165928665]
[2289.1831087097225, 10674.532085505769]
[2294.8715979156523, 10515.911496239903]
[2295.196578968394, 10493.391703581394]
[2297.7852425417227, 10433.56853456004]
[2300.0532721337195, 10361.550373883065]
[2302.7286711086235, 10289.671669629564]
[2312.3900380670784, 10001.844001731288]
[2318.931617138027, 9826.080475451883]
[2321.881432416797, 9739.394479697748]
[2330.6731689365038, 9420.471361425249]
[2334.8147342167513, 9364.778534509895]
[2339.1394473203127, 9244.047353704793]
[2340.889081332139, 9189.112348597338]
[2346.037652915939, 9040.368219974038]
[2347.221376078681, 9008.618131175115]
[2348.812620875182, 8959.290495645773]
[2356.5106632974707, 8759.791984745178]
[2383.860257139934, 8111.912293026256]
[2386.359513594309, 8057.78219173151]
[2392.2357811573847, 7936.521475501357]
[2397.9331201130913, 7826.734376770625]
[2405.6353500005107, 7705.53331739634]
[2408.7865280694086, 7644.880728749735]
[2410.0491779571234, 7630.378553691888]
[2410.415674542735, 7624.584525215439]
[2410.5229535480075, 7623.363574460273]
[2411.16255461894, 7614.550517356612]
[2414.1965645476444, 7567.073914161956]
[2416.2495920164065, 7541.070575780765]
[2417.0746279497193, 7529.451901784501]
[2418.2033289343412, 7515.5845623414825]
[2418.6513510843174, 7507.678315864389]
[2418.7965679951753, 7503.950949443062]
[2420.978753092394, 7472.908268107829]
[2422.3911221725107, 7459.1006290836995]
[2422.6689940849687, 7453.468823597881]
[2423.2973468584914, 7441.853016287693]
[2424.0266448082302, 7434.767995992426]
[2427.585671022171, 7390.689713450825]
[2427.814979546867, 7387.9703828238335]
[2428.287600752601, 7383.904314481566]
[2428.932965796242, 7377.554990557457]
[2432.1646192314824, 7338.647109302109]
[2432.490767146893, 7337.6814816371725]
[2433.346604393208, 7329.517691259096]
[2434.242588806491, 7316.603812968716]
[2434.7047049886264, 7311.719398008036]
[2438.807343838694, 7269.462066779211]
[2442.782523434439, 7235.0558353931765]
[2442.8949300310856, 7233.899488759304]
[2447.994226654518, 7191.781097320863]
[2449.4736607751142, 7175.953364840922]
[2453.4584562147857, 7154.741716233346]
[2454.078942519153, 7150.481873291069]
[2454.8213844455795, 7143.30482177318]
[2472.34043532159, 7020.254385124813]
[2506.9835470324033, 6785.608764067302]
[2528.7217101456977, 6587.0798493703205]
[2530.4775634459406, 6567.816233821845]
[2533.0828162270705, 6537.262282425377]
[2534.3017476248333, 6523.223306037604]
[2535.515068495098, 6510.228758579179]
[2535.5161730459768, 6506.204050480368]
[2535.7955449747265, 6505.968720718043]
[2540.5356781727364, 6448.429152581591]
[2542.7430147595423, 6417.279800686032]
[2543.692404817929, 6404.919548018551]
[2545.7244209983023, 6378.70285325395]
[2547.8100867844014, 6349.622298564097]
[2549.2735722275397, 6333.293301884232]
[2549.553398527037, 6325.809760398892]
[2550.1689403659275, 6316.2269344603255]
[2550.5603370353733, 6311.947040656716]
[2553.9644749666377, 6278.958995688397]
[2554.724073066792, 6251.367974808403]
[2556.105505898114, 6231.669988480262]
[2556.1331107209803, 6228.703720999856]
[2556.985253900682, 6217.1647839317675]
[2557.2428850148126, 6213.211740634026]
[2557.7735564512923, 6208.036354166704]
[2560.3385027879217, 6163.069209279279]
[2561.1031914286027, 6153.6762452635]
[2562.009197924817, 6149.911297513236]
[2562.4911096499363, 6137.226745460007]
[2563.1680854513556, 6133.168363271968]
[2564.3366779287667, 6118.397231659267]
[2564.368444280192, 6110.6115525446385]
[2564.455781132272, 6100.574998813006]
[2566.2356616181883, 6077.324451219618]
[2566.3706170037617, 6065.5093768934685]
[2569.0675768861183, 6040.9015466301535]
[2577.4757040189934, 5880.9910500263695]
[2582.209441091001, 5797.487299113422]
[2633.524640938721, 4967.428563909684]
[2641.0784976450996, 4852.595047434313]
[2657.900558897187, 4604.045299026677]
[2667.5962647110614, 4509.955364486452]
[2670.6088475457695, 4486.427268280053]
[2674.476020962518, 4389.932983760563]
[2674.741030252037, 4386.216165931228]
[2675.290675021682, 4379.901143316343]
[2676.200103529443, 4362.420570693432]
[2676.33129420791, 4361.467583446977]
[2678.5119295662626, 4345.8830859828195]
[2680.1736262242275, 4328.43309643836]
[2680.820353820439, 4312.340545927797]
[2681.6359370306454, 4306.07929432016]
[2682.9778321463036, 4297.670656516615]
[2683.25355360682, 4294.82079461433]
[2686.704456698428, 4259.635217182686]
[2686.7887847455117, 4259.599984479635]
[2690.7080299348363, 4224.384846963729]
[2691.2415033558486, 4218.363184399185]
[2692.871562319621, 4204.437102583655]
[2693.2939347276533, 4204.370858530558]
[2693.41513626631, 4199.868446158746]
[2694.2216859593323, 4196.329202374753]
[2695.7017138621018, 4179.73928022016]
[2696.3408785629276, 4173.541476712003]
[2697.9066334636655, 4161.924455189588]
[2697.962062555285, 4160.6316421543015]
[2698.441538555114, 4156.521809568998]
[2699.2535994523887, 4150.440487083535]
[2699.5310199785386, 4148.199900041803]
[2700.075920890025, 4144.09253720419]
[2700.527872702318, 4138.136866410639]
[2701.166041641925, 4135.984519653173]
[2702.458359364341, 4126.390512939491]
[2702.4883153225223, 4124.48961676323]
[2702.5433776779096, 4123.071155388003]
[2703.7274685549583, 4115.344692206862]
[2704.5478754522182, 4110.067145000525]
[2704.767954138749, 4107.099104808792]
[2705.1241207189337, 4106.296430789838]
[2705.9003493567384, 4099.3943256488365]
[2706.098096961059, 4096.428156699629]
[2706.752671582491, 4094.1425786463165]
[2707.013708855705, 4090.4870040322367]
[2707.84534734054, 4086.924920143478]
[2708.1137313700733, 4084.6302340273237]
[2708.990951443712, 4083.4375148157187]
[2709.2769223592572, 4080.59054263984]
[2709.3080624569707, 4076.3056642688607]
[2713.0185960002723, 4074.5834055982]
[2713.5140724920516, 4048.053691871854]
[2713.780083771511, 4047.0130202333453]
[2714.230901035498, 4045.9828372923753]
[2714.539989035102, 4043.44678153876]
[2715.087707960623, 4040.3126340378712]
[2715.346484642754, 4039.160094403408]
[2715.730244617073, 4036.263917302267]
[2717.6284861268045, 4026.071579359939]
[2718.376074326887, 4022.1775770742506]
[2719.6130066477212, 4014.508165106615]
[2720.366422279347, 4010.984569203596]
[2720.500771771867, 4010.012596906845]
[2720.8496806523876, 4009.193247049434]
[2721.031615636017, 4003.180318565885]
[2721.5225742486355, 4002.1715512851283]
[2722.3473185468342, 3999.8447445967645]
[2722.8721513036758, 3994.4223685489865]
[2723.8009768037364, 3990.5831732286783]
[2724.486260701623, 3989.8832837060177]
[2724.544243375945, 3989.3282855442353]
[2725.083976288745, 3986.00830679329]
[2725.1141891234656, 3984.7510617933694]
[2726.263084014988, 3980.9266656589953]
[2727.0226225213046, 3977.948607325838]
[2727.5615805238585, 3971.3847769160407]
[2728.4917387562805, 3967.9334410781703]
[2728.9569150992706, 3966.230733171449]
[2729.623481895576, 3965.121449604401]
[2731.2442833144846, 3958.966526549848]
[2731.334660250239, 3954.196459029615]
[2732.257685821441, 3950.6975356897647]
[2733.012181500205, 3950.550634263528]
[2733.4677909610314, 3949.1051398404197]
[2733.6279394990356, 3948.9930191645167]
[2733.8379481498196, 3948.975272121222]
[2734.1208445488946, 3944.583848127077]
[2735.8238162718953, 3943.0187282041893]
[2735.9522677684313, 3937.3947188639795]
[2736.4879779190046, 3936.1454158277975]
[2736.9154952675067, 3935.692535230932]
[2736.960278169088, 3932.2238469231365]
[2739.121922291775, 3928.1834489297958]
[2739.3929437744987, 3926.9876500561545]
[2739.643261505866, 3926.8609547256374]
[2739.663986229656, 3925.8021064864506]
[2739.750952525323, 3923.857806762546]
[2740.312070942889, 3920.7702139023727]
[2741.669167616816, 3915.819995392768]
[2742.603098934231, 3913.39569679627]
[2744.222650535924, 3911.06752130725]
[2744.44235549971, 3909.3385406703956]
[2744.7101586197346, 3909.0534886522078]
[2745.0655588017944, 3906.962371841841]
[2745.5399720451423, 3906.147870027003]
[2745.801800181567, 3903.7265048944355]
[2746.8475904507354, 3900.1432248360584]
[2747.736167904381, 3900.0327520088304]
[2747.9219550300486, 3900.000497450068]
[2747.9292068392506, 3898.6240405432704]
[2748.4653217795894, 3898.110266673998]
[2749.168643201222, 3897.8455803254633]
[2749.3304139479933, 3896.12840881209]
[2749.516357040524, 3895.7372946661876]
[2749.732670732122, 3895.2505607833014]
[2749.9336312942823, 3894.2613716600717]
[2750.126784160396, 3892.932245427503]
[2750.4247500140204, 3890.5125107289828]
[2751.10507350138, 3888.6198743282444]
[2751.9571974525015, 3888.121367934342]
[2752.466077650579, 3884.953261589884]
[2753.6629268609886, 3883.8249493106305]
[2753.827554184828, 3881.440803112106]
[2755.553156278322, 3880.806481265036]
[2755.7144105676857, 3880.14309802678]
[2755.831705578519, 3877.5128709134538]
[2756.725568130546, 3875.107283770807]
[2757.831642214862, 3874.97242902597]
[2758.255184900829, 3874.093493363097]
[2758.675839300579, 3873.1723365826174]
[2759.451863942882, 3869.0630111422715]
[2760.857730012917, 3868.686266923718]
[2761.0289440239203, 3867.068655777347]
[2762.3640009085952, 3862.880798376307]
[2766.2278088421485, 3860.7192141583123]
[2767.4912316977225, 3859.142245015704]
[2769.300708056518, 3854.9717665142466]
[2790.491864099958, 3831.5517371177507]
[2803.795774869271, 3821.1377178062726]
[2815.3958116714352, 3812.9401749827684]
[2828.6927975089457, 3811.665395665219]
[2834.2178598758737, 3800.7836472147205]
[2835.551187657102, 3781.3165310892628]
[2836.5885904325733, 3773.005226566672]
[2839.077084599263, 3769.9524831179137]
[2839.4718673732923, 3768.439794884127]
[2840.9636132288024, 3767.5352618513098]
[2841.1029092292342, 3766.086502705943]
[2841.3297064809594, 3765.3035186824327]
[2841.7899767286895, 3765.205570318131]
[2841.983926836547, 3763.267172122602]
[2843.1004786192343, 3761.4641423854277]
[2843.9483260492098, 3760.9466180963755]
[2844.931239986893, 3760.3900011983837]
[2845.13700052677, 3757.999700205446]
[2847.372270114662, 3752.913315317672]
[2849.01112879894, 3749.1543957606946]
[2850.9168134765596, 3743.945440307607]
[2852.0056906586838, 3743.1602433224866]
[2852.914553960096, 3738.680235572368]
[2855.930444480302, 3734.945886132115]
[2856.3729298026287, 3730.831249594976]
[2858.3624123194245, 3729.381880976032]
[2859.5545326827146, 3725.7114674432105]
[2861.001243170769, 3722.479254943452]
[2861.8396361180635, 3720.061900385832]
[2862.159005520972, 3714.8312648231026]
[2864.403249208002, 3713.7340045783935]
[2868.0126987540575, 3710.046266518903]
[2875.56197960751, 3699.5441695593745]
[2879.727954989799, 3680.2079297018154]
[2920.416731611971, 3567.8219091024016]
[2927.4858332684, 3561.8768775221197]
[2931.6072670795998, 3554.1751655428475]
[2937.1526670298495, 3517.715506991472]
[2940.200657837605, 3509.9037467279386]
[2942.3766576694547, 3504.9032873305814]
[2942.5394966418853, 3504.7971707136358]
[2943.727668408554, 3502.29135232695]
[2945.179393199821, 3498.9473336909164]
[2945.404417100611, 3498.2595635461967]
[2945.924650702963, 3497.3491509086775]
[2946.093450051601, 3496.874075607264]
[2946.172414797728, 3496.734003261722]
[2948.0730357315215, 3493.0331373956087]
[2948.630437772949, 3491.9922783609095]
[2948.947803299331, 3481.2349821462303]
[2951.869793858604, 3477.025660053492]
[2952.580075875277, 3473.0806502570904]
[2955.405094052131, 3467.0128431749963]
[2956.7835427076184, 3464.4364861385275]
[2959.472338134607, 3460.11554111212]
[2960.4477987805917, 3459.385501513928]
[2961.3177344446644, 3458.468253853467]
[2962.1601103180246, 3455.9938881804565]
[2962.2947298490944, 3454.784149156531]
[2962.9357439976716, 3453.8480677123434]
[2964.006315190163, 3450.7883291370044]
[2966.3641802834254, 3449.819771589018]
[2967.376301903616, 3446.3434524876875]
[2967.9360426441763, 3445.1941976069947]
[2968.30293718917, 3443.92994940705]
[2970.1281234045455, 3442.467100999246]
[2970.700759600008, 3441.7900527414085]
[2971.921567308749, 3441.4920173492305]
[2971.9639977324855, 3441.122136548934]
[2972.5966953356924, 3437.9471962611915]
[2972.845874259464, 3435.6396050587546]
[2973.902157583425, 3434.6789566803213]
[2975.7487777701976, 3432.7045452928555]
[2977.924860072233, 3431.674963459309]
[2978.400893104486, 3430.3014374011855]
[2978.856376102814, 3430.0061934736023]
[2979.311834766428, 3429.7951249509383]
[2980.307321577918, 3429.369011704978]
[2980.3812734547278, 3429.047612376243]
[2980.6985392982115, 3428.370660679604]
[2981.229500441943, 3427.946693796481]
[2981.4449621289887, 3427.7758281769684]
[2981.703710136564, 3427.571753011425]
[2982.922076320672, 3426.958425669428]
[2982.9374952845646, 3426.6356242779093]
[2982.995207361272, 3426.5892127696056]
[2983.81961354615, 3425.9832565591637]
[2984.11431778441, 3425.7775713978667]
[2984.6603834086845, 3425.3834522950433]
[2984.8180130157625, 3425.275164821162]
[2985.0044826242515, 3425.1466737057476]
[2985.2908737619728, 3424.958225549474]
[2985.501020536807, 3424.821181442674]
[2986.341523772262, 3424.296530805593]
[2986.432698230594, 3424.204502458537]
[2986.9120566234315, 3423.887459591926]
[2987.463272859218, 3423.816674494584]
[2987.5208263519685, 3423.5580156205633]
[2987.6019804579964, 3423.5035066717633]
[2987.6431734851594, 3423.43617895148]
[2987.969238743286, 3423.2499815632327]
[2988.57965920036, 3423.243494080144]
[2988.5895207709104, 3423.0017124253973]
[2988.7507815426366, 3422.9487752135406]
[2988.779905113837, 3422.835721468649]
[2988.8189109003897, 3422.7337236837393]
[2989.0923073289428, 3422.721961825131]
[2989.1666616949587, 3422.7074556377784]
[2989.329653927965, 3422.6554700764077]
[2989.462887806348, 3422.425575064324]
[2989.667559670119, 3422.3167211760097]
[2989.8103295226006, 3422.266377920875]
[2990.2431781762175, 3422.0361651621483]
[2990.3400184337665, 3422.0271617545113]
[2990.5126434134313, 3421.86711222029]
[2990.6241938773364, 3421.7571526019965]
[2990.840537889641, 3421.729012548138]
[2991.10129842917, 3421.600455379921]
[2991.354360228409, 3421.473635723032]
[2991.437824474011, 3421.4357337405254]
[2991.463836795653, 3421.372618539491]
[2991.790985733786, 3421.291272701582]
[2991.884950406779, 3421.1537175162143]
[2992.125103916535, 3421.146140622025]
[2992.4428077405214, 3420.929879265198]
[2992.6455664282826, 3420.8804045151633]
[2992.974633620992, 3420.7252244334964]
[2993.1609460958307, 3420.6349946568544]
[2993.2886840313417, 3420.4686219281393]
[2993.532421309742, 3420.3477772326955]
[2993.9428042784016, 3420.300517061126]
[2994.0932657791022, 3420.1497963435286]
[2994.442516986376, 3420.053355912852]
[2994.837698585735, 3419.86413099164]
[2995.0697697549685, 3419.831405785102]
[2995.333285800388, 3419.7092349345894]
[2995.5559322973427, 3419.6597289250294]
[2995.73929238515, 3419.533466600176]
[2995.765626199957, 3419.456930729771]
[2996.454562516942, 3419.380962469962]
[2996.5053570746577, 3419.3173755045227]
[2996.717376000556, 3419.217567369105]
[2996.843972253809, 3419.084142612157]
[2997.141177417886, 3419.0468937058276]
[2997.32823450596, 3419.0466906637002]
[2997.3736290526263, 3419.0059487854883]
[2997.4109318961687, 3418.992562590449]
[2997.80708869088, 3418.877330930425]
[2998.1117043744034, 3418.748849550123]
[2998.148460909059, 3418.7125206128994]
[2998.4988973844015, 3418.656439784318]
[2998.5426318505138, 3418.614885708353]
[2999.190602059126, 3418.4639841216176]
[2999.2395682039937, 3418.4100751517044]
[2999.446028793069, 3418.3544035319173]
[2999.491519630305, 3418.3436088204976]
[2999.505602981296, 3418.339537245945]
[2999.714319809574, 3418.329590676968]
[2999.764607547017, 3418.277293646777]
[2999.819465300287, 3418.2648255333193]
[3000.0376271751243, 3418.218437584294]
[3000.2379771675287, 3418.2110705242244]
[3000.3037610507117, 3418.128232338523]
[3000.3492430527986, 3418.118728066222]
[3000.651862237822, 3418.1083557396173]
[3000.665258790568, 3418.108261601148]
[3001.0238535250924, 3418.076550521578]
[3001.1014930839624, 3418.0561837426194]
[3001.2295367615534, 3417.9109830530647]
[3001.275009568298, 3417.9051842090485]
[3001.443457835144, 3417.88834198925]
[3002.0645999371336, 3417.742274814918]
[3002.1551177634233, 3417.7218874097416]
[3002.6998334055606, 3417.70236551618]
[3003.0123208419973, 3417.561558242466]
[3003.2265950942688, 3417.5247074764675]
[3003.479273251026, 3417.4889264113713]
[3003.554984662554, 3417.4792984927294]
[3003.8693539014025, 3417.4219138696903]
[3004.297806288946, 3417.3598521025647]
[3004.622095460162, 3417.3369595438426]
[3004.7262157097844, 3417.3029656683207]
[3005.0138776074514, 3417.295741298636]
[3005.582905035666, 3417.2047233249054]
[3006.439420647902, 3417.127194836863]
[3007.2957613157428, 3417.0703865135356]
[3007.7238656609975, 3417.049753923922]
[108995.63661774957, 3250.4333153324824]
[170745.7664738507, 2061.636906272765]
[170783.7622667505, 2060.9504293513664]
[326503.63740802085, 1927.7968177459393]
[420661.2017361022, 1530.7360379936035]
[420859.5110606447, 1527.6155118311735]
[420898.2396993846, 1527.2120605158684]
[420928.0317179974, 1527.2057928046677]
[421226.82528212917, 1525.6760163177628]
[421650.06800325855, 1525.5449078240472]
[746985.9286337341, 1177.114742371246]
[1861435.659921952, 747.00814553491]
[1861459.2061175997, 746.7244265398367]
[1861512.833483069, 746.0996160190053]
[1861552.2435727697, 746.0467513947243]
[1861557.9356633623, 745.8497964805906]
[1861581.8682559705, 745.8059531073906]
[1861594.167890365, 745.6635926753294]
[1861609.751883735, 745.548549037495]
[1861742.3442539766, 745.0848588197692]
[1861822.266635202, 744.8063342535642]
[1861943.7071686627, 744.5862274335808]
[1861949.5080192063, 744.3859154739467]
[1862027.7107450254, 744.3014170850938]
[1862083.081119993, 744.2189446485902]
[1862101.2964549554, 744.1710090058754]
[1862444.456769191, 743.6958403394146]
[1862584.9671996261, 743.6831628791008]
[1862608.2928016763, 743.4783307946212]
[1862884.586726754, 743.0119354323857]
[1863044.25227849, 742.7096727969158]
[1863127.5697851467, 741.7833652562957]
[1863389.9327679097, 741.4142407299547]
[1863476.8341613007, 741.3426161561779]
[1863527.5346488804, 741.3160494307566]
[1863643.7317367468, 741.208382343307]
[1864017.6784861926, 740.9497958873108]
[1864379.450448931, 740.8864771580518]
[1864630.939346947, 740.8834810297195]
[1864672.6723620642, 740.8740572024196]
[1864799.4196997646, 740.7480178222236]
[1864894.9033150868, 740.7100840955329]
[1865070.1798885867, 740.6279895428936]
[1865157.9609045296, 740.6059102093478]
[1865289.6126873845, 740.5727913219977]
[1865510.4875825653, 740.3126212034272]
[2838336.8384546917, 716.3256636351307]
end_solutions
[-0.5827316162161225, -11.548279164810706, -12.898736688559186]
[26.732702913319365, -2.9179261372707295, 2.755340292587835]
[26.728836731195614, -2.917919882980896, 2.75555375350849]
[26.724970549071863, -2.9179136286910623, 2.755767214429145]
[26.71878465767386, -2.9179036218273287, 2.756108751902193]
[26.71259876627586, -2.917893614963595, 2.7564502893752416]
[26.705779731931692, -2.918753795909459, 2.7566910366114508]
[26.693518423084274, -2.91772966846441, 2.7574537883446206]
[26.689608811179586, -2.9179125260843533, 2.7576307749281117]
[26.68176869608709, -2.9167672224683296, 2.7582106910435935]
[26.671453832245405, -2.915821158783084, 2.7589193003127326]
[26.665177762989703, -2.9146239561856726, 2.7594107066799074]
[26.651724864520165, -2.913079291201721, 2.760365019132634]
[26.641860380657548, -2.91170835741104, 2.7610878785425843]
[26.624998859767164, -2.9127224184751728, 2.7619613509352856]
[26.6180018227394, -2.915107413329987, 2.7621119639180365]
[26.60607254378033, -2.916806941289461, 2.762624006605763]
[26.60607254378033, -2.916806941289461, 2.762624006605763]
[26.596172649424567, -2.8900151760634705, 2.766019559130033]
[26.581962515090126, -2.884129927209225, 2.767370813420778]
[26.553542246421244, -2.872359429500734, 2.7700733220022675]
[25.922664429221285, -2.5533940331090466, 2.797683687450988]
[25.89892968277462, -2.546074083889263, 2.799560114961938]
[25.881230461540596, -2.5410724522951744, 2.8008797714187432]
[25.845832019072546, -2.531069189106997, 2.803519084332354]
[25.823355920590632, -2.5249288310762017, 2.805156922952194]
[25.78458888863222, -2.5133401156040556, 2.8081613458335073]
[25.707422834032275, -2.4918152873120913, 2.8138642145447745]
[24.635958091482017, -2.2588111796018495, 2.9023020550332452]
[23.74918017873106, -2.069617460801145, 2.9760915939886132]
[-3.247207848061189, 0.4528127720776418, 6.866022057010655]
end_values
[1.86590783e+06 7.39674149e+02]
[3007.72386566 3417.04975392]
[3006.65352226 3417.11105003]
[3005.58290504 3417.20472332]
[3003.8693539  3417.42191387]
[3002.15511776 3417.72188741]
[3000.30376105 3418.12823234]
[2996.84397225 3419.08414261]
[2995.7656262  3419.45693073]
[2993.53242131 3420.34777723]
[2990.62419388 3421.7571526 ]
[2988.8189109  3422.73372368]
[2985.00448262 3425.14667371]
[2982.1923081  3427.19375998]
[2977.56399878 3430.98549102]
[2975.74877777 3432.70454529]
[2972.52424896 3435.9921069 ]
[2972.52424896 3435.9921069 ]
[2968.30293719 3443.92994941]
[2964.00631519 3450.78832914]
[2955.40509405 3467.01284317]
[2753.82755418 3881.44080311]
[2746.84759045 3900.14322484]
[2741.66916762 3915.81999539]
[2731.33466025 3954.19645903]
[2724.79716166 3983.33310769]
[2713.51407249 4048.05369187]
[2691.24150336 4218.3631844 ]
[2414.19656455 7567.07391416]
[ 2237.30357273 12049.59339127]
[2.46361287e+02 6.33813093e+05]
