values
[360.67353826024487, 410.7381720216557]
[464.8041566619469, 168.51856811156003]
[706.6862220000919, 159.82201093247755]
values
[240.65294884635716, 375.0099311417174]
[253.48866802040334, 327.6261137181074]
[253.9323587721661, 326.27371393412614]
[255.21816790914858, 324.8305878689438]
[256.6367725485362, 274.82826857379143]
[265.24451783057475, 233.4403204281446]
[265.3485828464172, 231.37787943235077]
[265.6957091031281, 229.0007212845137]
[265.82420405842817, 228.3562435520598]
[265.82690171550723, 228.33911123579665]
[265.9610412567757, 227.745777096913]
[266.075421613506, 227.2696749552595]
[266.1123809733367, 227.1254657110782]
[266.2680668785748, 226.54399815095644]
[266.278212509064, 226.4963066102841]
[266.4529224680904, 225.88344056502527]
[266.6410584867044, 225.2642449192791]
[266.85071693724376, 224.60902794687073]
[266.9567364367767, 224.2949327523493]
[267.0713239700751, 223.9613704019346]
[267.3039044602092, 223.31636577660746]
[267.67797256150243, 222.34462490986326]
[267.7338707246119, 222.2103558726789]
[268.01351748199204, 221.53010486022097]
[268.0995706297648, 221.32124230471186]
[268.3671043293384, 220.72250019524714]
[268.74033864224987, 219.91760145152068]
[268.7428111405429, 219.9114302583713]
[268.97044249293276, 219.44416158655272]
[269.13272099643507, 219.11738710134944]
[269.21765820751983, 218.94829225923033]
[269.2981024234909, 218.7917233684103]
[269.71929191350364, 217.99535560420122]
[269.722078013687, 217.98931640056142]
[270.15846099863643, 217.2084230803408]
[270.7114803915373, 216.2729220995059]
[270.79235865190446, 216.14472639629767]
[271.47001630445413, 215.0842768711378]
[271.48291759533845, 215.06160501552316]
[274.015564625464, 211.69958018145527]
[277.7516360777182, 208.03437958538635]
[277.9212589924142, 207.87619046579067]
[285.5837706613854, 203.87415475073385]
[291.42843994910777, 203.52247098103186]
[291.63617167449195, 203.47189424135755]
[309.4214952726562, 143.94446633171526]
[309.82334148606697, 142.81947559993333]
[339.5878754198916, 140.01322896133718]
[341.7362396018568, 139.79984950740342]
[342.5295639527509, 138.7182171145572]
[344.17490384071834, 137.2357793864021]
[344.64313980101304, 100.4873379167644]
[351.792736880844, 89.44773372401791]
[351.79988456295234, 89.30790584882462]
[351.81275023826345, 89.18295484771969]
[351.85755067584216, 88.96648037524773]
[351.92057769347787, 88.83396827099182]
[352.2716020895691, 88.78557783246512]
[352.28166213394115, 88.78379354451783]
[525.4605207654248, 87.79433401049596]
values
[239.6018663640861, 384.810769523054]
[239.60368885035805, 384.05502250632935]
[239.62384923920618, 381.9908007718702]
[239.6289297450641, 381.69179290588]
[239.63315701441678, 381.4669886383746]
[239.64664429006524, 380.8557424762213]
[239.65481456339305, 380.540701350629]
[239.6981803212624, 379.2609630767736]
[239.71932963895588, 378.7864257578808]
[239.7597972350062, 378.0424481282139]
[239.7615150272343, 378.01380511708965]
[239.79713967629047, 377.4906768825688]
[239.82166810618594, 377.1812654791429]
[239.82694204326873, 377.1190212901049]
[239.82864396359764, 377.09841057116284]
[239.83797602147408, 376.993983063605]
[239.849242927846, 376.8726845392549]
[239.86643726717512, 376.70031979409214]
[239.8677327513861, 376.6877954148255]
[239.8690310116626, 376.67531590920373]
[239.8716358515695, 376.6504914283986]
[239.87615119282717, 376.60812780136496]
[239.87687874743906, 376.6013799493618]
[239.88220005423372, 376.5516102456331]
[239.8956482837411, 376.43245745370507]
[239.8982907042984, 376.41207300110295]
[239.90694285083927, 376.3394939979644]
[239.915164065203, 376.2747519715723]
[239.9162024795516, 376.2666213479555]
[239.9169495786788, 376.2596026551655]
[239.92040097811466, 376.23411357077896]
[239.9256757097036, 376.1940910153886]
[239.92663880750786, 376.1868802434974]
[239.9276031518016, 376.17968977554006]
[239.92953557761044, 376.16536971746996]
[239.9334153625191, 376.1369728738572]
[239.93731502911533, 376.1088999356448]
[239.93927230717316, 376.0949847580962]
[239.93962557878223, 376.09136136957113]
[239.94066254586966, 376.0842857383385]
[239.94123454267813, 376.0811503486822]
[239.94320173138487, 376.06739663731776]
[239.94913297480952, 376.02661898579345]
[239.95136865148424, 376.0115140565399]
[239.95345851846412, 375.996247206819]
[239.9666858144534, 375.9118108454479]
[239.98151405596707, 375.82131317600044]
[240.00661998448416, 375.68066053652876]
[240.0130047566777, 375.6472681656086]
[240.01766575898424, 375.622425665841]
[240.03242265260354, 375.55128074500556]
[240.0500083734975, 375.47122393244433]
[240.05000917540156, 375.47122043607635]
[240.05000997730562, 375.47121693971815]
[240.05001158111614, 375.47120994703187]
[240.0500147887442, 375.4711959617788]
[240.05002120403122, 375.47116799175126]
[240.0500436578483, 375.47107010168054]
[240.0500468655765, 375.4710561180227]
[240.05005541956731, 375.4710188290484]
[240.050072527761, 375.47094425450314]
[240.0500981905852, 375.47083240119196]
[240.05012385404933, 375.47072055808997]
[240.0502607366538, 375.4701242339552]
[240.05039763744375, 375.4695282001794]
[240.05067149357797, 375.4683370036246]
[240.05085410474385, 375.46754351770664]
[240.05094542244956, 375.46714696826484]
[240.0512194240531, 375.46595809393875]
[240.052316157718, 375.4612142037407]
[240.0526819941559, 375.45963703276766]
[240.0528039683596, 375.4591117674048]
[240.05353611517023, 375.45596498632744]
[240.05378027898928, 375.45491789176083]
[240.05475750860785, 375.4507386727578]
[240.05867561364187, 375.4341682172718]
[240.06655588584732, 375.40172859998245]
[240.08249241341707, 375.33964126702256]
[240.09662901045536, 375.2883485012343]
[240.114994155725, 375.22473140924444]
[240.12625088408834, 375.19097758455314]
[240.12980561716398, 375.18045363566694]
[240.14297983430114, 375.1434566864501]
[240.18301890961774, 375.04362991626124]
[240.22441121854501, 374.9625361090913]
[240.23039465897875, 374.9529331221486]
[240.2912698973059, 374.8741632004778]
[240.33016496955526, 374.8434446987112]
[240.3496253869057, 374.8332316860801]
[240.40307310278357, 374.82135130251413]
[253.48866802040334, 327.6261137181074]
[253.9323587721661, 326.27371393412614]
[255.21816790914858, 324.8305878689438]
[256.6367725485362, 274.82826857379143]
[265.24451783057475, 233.4403204281446]
[265.3485828464172, 231.37787943235077]
[265.5632728418344, 229.7193988019479]
[265.58615846278923, 229.5826621235697]
[265.59102825056607, 229.5504996979366]
[265.61340534575663, 229.42650949744237]
[265.6957091031281, 229.0007212845137]
[265.7185518918518, 228.8647986533414]
[265.7191072150934, 228.86199089443994]
[265.71917665314817, 228.8616399064368]
[265.7465332473363, 228.72445716218118]
[265.7740603280398, 228.5895497763248]
[265.82420405842817, 228.3562435520598]
[265.82690171550723, 228.33911123579665]
[265.8368441413454, 228.29200778861005]
[265.83980009457485, 228.275151298055]
[265.8600269709166, 228.18278262767572]
[265.86967891328385, 228.14203497785252]
[265.8703099022149, 228.13616989337382]
[265.8895339339835, 228.0531452705071]
[265.90005515187784, 228.00636244867218]
[265.90820477907016, 227.97384745501182]
[265.91685179422643, 227.9363630406328]
[265.9304680000582, 227.87608725513877]
[265.9456643995159, 227.80816090892026]
[265.94826035725714, 227.7996385965616]
[265.9610412567757, 227.745777096913]
[266.05041698838346, 227.3690902122408]
[266.05824141118944, 227.33786150466344]
[266.0592105310178, 227.33395365060161]
[266.07401182771366, 227.2738113116673]
[266.075421613506, 227.2696749552595]
[266.0769380792947, 227.2635922473189]
[266.1118072748219, 227.12840981522544]
[266.1123809733367, 227.1254657110782]
[266.2554356026053, 226.5813553241628]
[266.2680668785748, 226.54399815095644]
[266.278212509064, 226.4963066102841]
[266.287212652706, 226.4610860862828]
[266.2927987791487, 226.44219805551154]
[266.2936366403252, 226.43841964460952]
[266.30619335751453, 226.393628820652]
[266.3127393778925, 226.37118325825182]
[266.31967271646346, 226.34501467552784]
[266.4529224680904, 225.88344056502527]
[266.52463218287494, 225.63536271169957]
[266.5667629075663, 225.49843249318607]
[266.58178898797127, 225.4490803257537]
[266.60026908533825, 225.39051951345627]
[266.6410584867044, 225.2642449192791]
[266.6668180587104, 225.18047377388922]
[266.8254312161465, 224.67985819593474]
[266.85071693724376, 224.60902794687073]
[266.86046119665457, 224.57560531359522]
[266.9567364367767, 224.2949327523493]
[267.04451282840995, 224.03715067929616]
[267.0713239700751, 223.9613704019346]
[267.19031727180334, 223.62432304885547]
[267.20847594798295, 223.57396244805497]
[267.23965060385046, 223.5055336461262]
[267.2479602262248, 223.48735013143448]
[267.30296649547387, 223.31946238259306]
[267.3039044602092, 223.31636577660746]
[267.4809706484648, 222.8420470435815]
[267.55572531569544, 222.6508896655022]
[267.67797256150243, 222.34462490986326]
[267.708942227511, 222.2675167182821]
[267.7338707246119, 222.2103558726789]
[267.95121047978716, 221.6743892171269]
[268.01351748199204, 221.53010486022097]
[268.0995706297648, 221.32124230471186]
[268.1507635121802, 221.211835266008]
[268.3671043293384, 220.72250019524714]
[268.74033864224987, 219.91760145152068]
[268.7428111405429, 219.9114302583713]
[268.97044249293276, 219.44416158655272]
[269.13272099643507, 219.11738710134944]
[269.21765820751983, 218.94829225923033]
[269.2981024234909, 218.7917233684103]
[269.412266816464, 218.77784197770413]
[269.4789188894198, 218.65066773804588]
[269.71929191350364, 217.99535560420122]
[269.722078013687, 217.98931640056142]
[269.9258379599611, 217.9667909847264]
[270.15846099863643, 217.2084230803408]
[270.7114803915373, 216.2729220995059]
[270.79235865190446, 216.14472639629767]
[271.47001630445413, 215.0842768711378]
[271.48291759533845, 215.06160501552316]
[274.015564625464, 211.69958018145527]
[277.7516360777182, 208.03437958538635]
[277.9212589924142, 207.87619046579067]
[280.7815127913649, 188.1056583583864]
[280.79128413535307, 188.1009758476243]
[280.8109195516791, 188.09215418364826]
[280.8207834950931, 188.08801261122167]
[280.82407831000285, 188.08667164961193]
[280.83288116200015, 188.08319188103505]
[280.83876319084436, 188.08094931353466]
[280.842690518172, 188.0794884228183]
[280.8505594944661, 188.07664815730422]
[280.8584475399351, 188.07391588023424]
[280.89018978234725, 188.0640486413263]
[280.92387104577944, 188.04132865085492]
[280.9729419631548, 188.03371553500622]
[280.9919026902562, 188.02046831454498]
[281.01810742473106, 188.00590573015447]
[281.05467200831777, 187.9901847925574]
[281.0736449097865, 187.98522815091656]
[281.1332840659576, 187.9715313560457]
[281.13341133259075, 187.97076354603584]
[281.196943025482, 187.9593242539302]
[309.4214952726562, 143.94446633171526]
[309.56548430228423, 143.67986715317824]
[309.6809703407066, 143.39827291478417]
[309.77156836095077, 142.85642535477717]
[309.78027605511227, 142.84993998975355]
[309.7803324148422, 142.8498214395584]
[309.784059312001, 142.84699880975947]
[309.78724198054704, 142.8445891216692]
[309.78837668899513, 142.84377024377667]
[309.78892326366133, 142.84347814019236]
[309.7912795353644, 142.84170069902729]
[309.79269880368173, 142.84043081536123]
[309.7982689334643, 142.83701503277248]
[309.8066817505081, 142.83114323053405]
[309.82334148606697, 142.81947559993333]
[339.5878754198916, 140.01322896133718]
[341.7362396018568, 139.79984950740342]
[342.5295639527509, 138.7182171145572]
[342.90498631136074, 131.95742613797267]
[344.4318966185921, 100.61212542727122]
[344.43653297246146, 100.61212159944508]
[344.44240567142765, 100.61049900738365]
[344.4561577286926, 100.60917441073082]
[344.4602943359846, 100.60847928945137]
[344.4639503324777, 100.60789963566452]
[344.4687112584404, 100.6067604220192]
[344.473925183529, 100.60576886351257]
[344.4810367178144, 100.6049410998692]
[344.4824164322238, 100.60472326272208]
[344.4868879817742, 100.60428196444278]
[344.5005901188624, 100.6023029940588]
[344.5044594636114, 100.60179258756446]
[344.5256344036993, 100.59847652416536]
[344.52643195220355, 100.5983829301318]
[344.53721569185075, 100.59699761958802]
[344.541352284283, 100.59639619853897]
[344.5450019474995, 100.59585620495497]
[344.5526731215133, 100.59492354956257]
[344.56460232344557, 100.59338890058709]
[344.5659807946646, 100.5931963117199]
[344.5714944859949, 100.59243001258783]
[344.58112999301363, 100.59100564378718]
[344.58552744466783, 100.59027023651436]
[344.60162616110586, 100.5886683093275]
[344.61171344883064, 100.58690935678322]
[344.61364557633374, 100.58670279723411]
[344.63778728501563, 100.58409902666308]
[344.64313980101304, 100.4873379167644]
[345.30709951735435, 100.44924525418809]
[351.792736880844, 89.44773372401791]
[351.79988456295234, 89.30790584882462]
[351.81275023826345, 89.18295484771969]
[351.81683184117844, 89.17642788388974]
[351.84342436326267, 89.00464291304442]
[351.85755067584216, 88.96648037524773]
[351.8791678883158, 88.93184818201756]
[351.8851483636985, 88.8890907618266]
[351.9057904156982, 88.86344569742751]
[351.92057769347787, 88.83396827099182]
[351.922500338746, 88.82514820111376]
[351.933010017603, 88.81296759804844]
[351.9359657673781, 88.81038016178042]
[351.940205846515, 88.80458045183069]
[351.94106258350155, 88.80301509152972]
[351.941510997029, 88.80276901255462]
[351.9416977398664, 88.80182791216468]
[351.94346756591233, 88.79968701947172]
[351.94510860211926, 88.79837921368235]
[351.9452680938341, 88.79810982156982]
[351.9455569952578, 88.79755766665293]
[351.9461327592227, 88.79678028711857]
[351.94650839321184, 88.79635740371887]
[351.9476182383422, 88.79554420134042]
[351.9481323431171, 88.79435082740862]
[351.9487727023911, 88.79356536789346]
[351.94980934929004, 88.79255517557868]
[351.9501178981899, 88.79195651720345]
[351.95065432684453, 88.79141374738728]
[351.95407175314233, 88.78732724115818]
[351.95538303048943, 88.78583157089446]
[351.955770672635, 88.78561358954207]
[351.95661046206976, 88.78451921646939]
[351.95801280313617, 88.7836051624556]
[351.9580253562449, 88.78288664267924]
[351.9597700651425, 88.7809934036282]
[351.9605379462687, 88.78027188143145]
[351.9607114070061, 88.7693199979705]
[351.97152512875016, 88.76925846876783]
[351.97184602293146, 88.76895086752751]
[351.97220761427, 88.76861805526227]
[351.97289846773754, 88.76811205121203]
[351.97371197983387, 88.76742776558129]
[351.9738980362645, 88.76721592995465]
[351.97399786518383, 88.76702902424995]
[351.9768366389444, 88.76445327311419]
[351.9775707501881, 88.7638181375185]
[351.9785958429013, 88.76332291186897]
[351.97863243755853, 88.76301500942061]
[351.9789932178501, 88.76267692851073]
[351.98001746679404, 88.76182570997283]
[351.9805218105937, 88.76132098158249]
[351.9813734852096, 88.76102421390135]
[351.98190367422853, 88.76015508466735]
[351.98231344329724, 88.76015336069187]
[351.9826218358626, 88.75960685243062]
[351.98299935095486, 88.7593368047109]
[351.98305886403125, 88.75924920893947]
[351.983392752079, 88.75900621568312]
[351.983394457415, 88.75894798342254]
[351.98406610853544, 88.75839143609049]
[351.9860719888926, 88.75709286561525]
[351.98629329932726, 88.7566370110842]
[351.98684694201575, 88.75626540616416]
[351.98852334542744, 88.7550052765757]
[351.98853023648314, 88.75496475503286]
[351.98855889754145, 88.75490812476585]
[351.9892952673856, 88.75449364531238]
[351.98931701341905, 88.75434051195512]
[351.9895494067872, 88.75428380307874]
[351.9905114486296, 88.75365475565977]
[351.99204271750045, 88.75246008734372]
[351.9922440093226, 88.7522751581802]
[351.9922666480322, 88.75215721293523]
[351.9923640527975, 88.75211347889004]
[351.9937065027825, 88.75117146912474]
[351.99375127015094, 88.75108883713736]
[351.9947242894475, 88.75052356751513]
[351.99498571179413, 88.75026983193013]
[351.99512138653915, 88.75017757254912]
[351.9952424258785, 88.75003597930869]
[351.9954965334664, 88.74988139809842]
[351.9975268887075, 88.7484717125573]
[351.99833864600635, 88.7479402515248]
[351.9990458187938, 88.74745386635551]
[352.00050081238226, 88.7466455791654]
[352.00090211666395, 88.74628946640574]
[352.00096211310256, 88.74620089335036]
[352.0012921082441, 88.74605353954279]
[352.00156460784865, 88.7458192924316]
[352.0026045230544, 88.74513566991925]
[352.0028783208129, 88.74495159162166]
[352.00304063453234, 88.74486152543517]
[352.00304815964, 88.74483786805716]
[352.0034897687842, 88.74454146097098]
[352.00467678729876, 88.74382236906484]
[352.00535502854905, 88.74365250064423]
[352.00589908212487, 88.74308339847198]
[352.00625970796943, 88.74284098196082]
[352.00652046942264, 88.74262351918861]
[352.0066627978806, 88.74257497070477]
[352.0072415450401, 88.74227516288636]
[352.007392225825, 88.7421382778343]
[352.00801067605255, 88.74178534914898]
[352.0082389678944, 88.74163798453671]
[352.00913453817293, 88.74113750299988]
[352.00948113541426, 88.7410216097907]
[352.00959306186996, 88.74086158059686]
[352.010890101094, 88.74010730231824]
[352.0110549616737, 88.74005636512558]
[352.01111598612795, 88.73998880593714]
[352.01141037162336, 88.73988210851222]
[352.01143834156346, 88.7397867986895]
[352.0120247029424, 88.73946016340565]
[352.01282109380077, 88.73902202032008]
[352.0130479936546, 88.7388865500034]
[352.01343583804487, 88.73872231756181]
[352.0140749500057, 88.73831893366474]
[352.01444084918626, 88.73816173235222]
[352.0150831818345, 88.73780172973628]
[352.01580147045195, 88.73740781153137]
[352.01687194140106, 88.73686983158079]
[352.0169342582767, 88.73673762608695]
[352.01759274667575, 88.73650140426614]
[352.0178116180848, 88.73648212563161]
[352.01791678277675, 88.736287199311]
[352.0181449023346, 88.73621601010501]
[352.0187382988016, 88.73579771963242]
[352.01911773440884, 88.73576878345332]
[352.01934018195004, 88.73559012920443]
[352.02069374263294, 88.73493778948475]
[352.0211613305587, 88.73466979318077]
[352.0214976812781, 88.73450262885838]
[352.0219914753601, 88.73430297672725]
[352.0225944302615, 88.73400340862749]
[352.0228124120209, 88.73386372173142]
[352.0237425518079, 88.73342241999421]
[352.02382345172646, 88.73341414114927]
[352.0240511527793, 88.73336554863272]
[352.02482536669754, 88.73332486455536]
[352.02497978978124, 88.73276180740163]
[352.0259016384092, 88.73249190027076]
[352.02669971961154, 88.73206404515788]
[352.0269506971762, 88.73188727131063]
[352.0277204700109, 88.73164201534138]
[352.02896115267583, 88.73106255365676]
[352.0295686603621, 88.73075046326423]
[352.02987964312433, 88.73068834091484]
[352.0313095074472, 88.72997731753884]
[352.03167246697797, 88.72995405780668]
[352.0317292435187, 88.72989226190242]
[352.0319994039994, 88.72972879460787]
[352.03284538524235, 88.72965324299065]
[352.03375922100395, 88.72906558584518]
[352.03414451710944, 88.7289314619866]
[352.0345725428522, 88.72878808298233]
[352.03458906356286, 88.7287326502594]
[352.03485105366997, 88.72865621724995]
[352.0351737343892, 88.72861969789452]
[352.03531285436645, 88.72859155416154]
[352.03558281029973, 88.72830347300226]
[352.0357264698464, 88.72830120303564]
[352.0358634730318, 88.72822847573516]
[352.03625536119205, 88.72807148257897]
[352.03750559661535, 88.72765306325326]
[352.0375495282076, 88.7276330010154]
[352.03806167123696, 88.72741347002216]
[352.0383648123026, 88.72736347722888]
[352.038495567233, 88.72728408657997]
[352.03910222901754, 88.72718582755925]
[352.03912314098284, 88.72710482280633]
[352.03934860824427, 88.72694431622361]
[352.0394028799101, 88.72694230030994]
[352.039491373841, 88.72691496848567]
[352.0396686761022, 88.72684786666318]
[352.03971718397065, 88.72684096074735]
[352.03972527224835, 88.72682935475441]
[352.03975762638936, 88.72680800958359]
[352.0398278683846, 88.7267716246326]
[352.0398982671169, 88.7267352531745]
[352.04042892739835, 88.72647294223866]
[352.0414322305252, 88.72623932390914]
[352.0420614685164, 88.72593346259171]
[352.04284362456406, 88.7259294659857]
[352.04328687154657, 88.72558860859351]
[352.0437931677791, 88.72542072575749]
[352.04382268441805, 88.72541269678126]
[352.0440668578425, 88.72530495201337]
[352.04443934231847, 88.72516399587047]
[352.0450327855325, 88.7250882320725]
[352.04598854489655, 88.7247636328726]
[352.0460558174474, 88.72472302286444]
[352.04622202918097, 88.72466938457129]
[352.04685518230633, 88.72459821269959]
[352.04749984727675, 88.7242493972278]
[352.04759250061693, 88.7242104818756]
[352.04783087299063, 88.72412637515242]
[352.0480695231032, 88.72404246987219]
[352.04862803288984, 88.7238150523001]
[352.049726372833, 88.723470152035]
[352.0505453243868, 88.72333873191832]
[352.0510460927991, 88.72323992415276]
[352.0512523940986, 88.72312905509852]
[352.05147705243587, 88.72308844087587]
[352.0517524156339, 88.722956417849]
[352.052205927252, 88.72284293810405]
[352.0525359706363, 88.72277186484142]
[352.0529900117257, 88.72266636923773]
[352.0535534655352, 88.72249283832919]
[352.0538842571575, 88.72240805259256]
[352.0547550259687, 88.72217691333438]
[352.05541360572454, 88.7220067036009]
[352.05546391194355, 88.72194555319031]
[352.05575968152584, 88.72191285895848]
[352.05596505093376, 88.72185548781017]
[352.05639623235425, 88.72177961897597]
[352.0573818014716, 88.72152643862685]
[352.0586938429036, 88.72131616424991]
[352.05870308453837, 88.72124698573894]
[352.0590563084447, 88.7212387700653]
[352.05906181143587, 88.7211980149389]
[352.05920398992623, 88.7210098864617]
[352.05937602033566, 88.72100773743065]
[352.05970644174045, 88.72093339773471]
[352.0600614434268, 88.72086957016337]
[352.060165124386, 88.72084309106401]
[352.0604123096175, 88.720772067277]
[352.06091292247834, 88.72068596539991]
[352.0615218535164, 88.72062489955246]
[352.0625063977843, 88.72044374818296]
[352.06250964778576, 88.72028217615875]
[352.06292848569024, 88.72024436375702]
[352.06335797030727, 88.7201623569269]
[352.0639375435869, 88.7200068252065]
[352.06400881540924, 88.71992239143461]
[352.0646851965571, 88.71987019765163]
[352.06515204155073, 88.71978993636392]
[352.0658344546854, 88.71961689886807]
[352.0665300517728, 88.71957956107133]
[352.0671839592179, 88.71939449491258]
[352.06773700880717, 88.71933733464753]
[352.0679254194648, 88.71926798548485]
[352.0680744102725, 88.71922734690204]
[352.06809986699466, 88.71922730804846]
[352.06812545919684, 88.71920909780516]
[352.0682441236588, 88.7192009068005]
[352.0684511994298, 88.71917878677225]
[352.06853275320725, 88.71914843634326]
[352.06880636902633, 88.7191441829913]
[352.0689029042885, 88.71912470270979]
[352.0689994593806, 88.71910526974159]
[352.0700949076528, 88.71892669465686]
[352.07033750088794, 88.71886762654793]
[352.07118959752404, 88.71871792804902]
[352.071365042371, 88.7185860134265]
[352.072541464134, 88.71847366222246]
[352.0732843240704, 88.71837631771216]
[352.07402295642135, 88.71824772194107]
[352.07466461632623, 88.71816151961161]
[352.0761796723955, 88.71793313634964]
[352.0764862525108, 88.71790958587069]
[352.07687247690956, 88.71784440109462]
[352.07701905550164, 88.71782469718639]
[352.07806536849625, 88.71769794949043]
[352.0800313159625, 88.7174482259212]
[352.0808034732297, 88.71737646253393]
[352.0812371324498, 88.71731313425045]
[352.08231238496774, 88.71721400048693]
[352.08305972796916, 88.71711831163366]
[352.08427190301893, 88.71700194105418]
[352.0855653509806, 88.71689380737004]
[352.08578425890073, 88.71686675621649]
[352.0874721088453, 88.71672544063279]
[352.09036728350213, 88.71652509247072]
[352.09061499130576, 88.71650488725001]
[352.09203187192986, 88.71645066789702]
[352.09206853438434, 88.71642212466651]
[352.09329934698815, 88.7163609977328]
[352.0934501696221, 88.71635355817187]
[352.0940972453741, 88.71634563865459]
[352.0945821233412, 88.71630233550749]
[352.09483496332007, 88.71629445820491]
[352.095084762189, 88.71627924662306]
[352.0965491639572, 88.71622859473574]
[352.0977891276117, 88.71619463677023]
[352.09809308405704, 88.71618645855398]
[352.099945779726, 88.71615048279006]
[352.10121608816064, 88.71613133889673]
[352.10435517564576, 88.71612279704158]
[364.9244427888941, 88.33732061014825]
[525.2793205018081, 87.89740196782358]
[525.4491203543769, 87.80040107187988]
[525.4605207654248, 87.79433401049596]
[525.6839408371819, 87.67764089917938]
[525.7389536966658, 87.65256260991805]
[525.8208291985895, 87.61678490055722]
[525.8280982138434, 87.61574759718667]
[525.8683777759865, 87.5978378891526]
[525.8696339348184, 87.59768979931523]
[525.8697481410459, 87.59767638922978]
[525.8707036941084, 87.59725863115771]
[525.8721514303652, 87.59663085117414]
[525.8731963392999, 87.596145140955]
[525.8999520780061, 87.58590550050691]
[525.9232834255698, 87.57718687293898]
[525.9238804369243, 87.57690383840827]
[525.9260893949821, 87.57616298545265]
[525.9332514255914, 87.57356170878438]
[525.9341254384049, 87.57325066932614]
[525.939083453733, 87.57146090750756]
[525.9474862625298, 87.56847414288305]
[525.9567907325065, 87.56518110953968]
[525.9760277497949, 87.5585160714333]
[525.9910274955314, 87.55339494823976]
[526.0263463283362, 87.54167870841462]
[526.0376790852946, 87.53794683525223]
[526.0431228699488, 87.53629938998141]
[526.0432942368682, 87.53616199829023]
[526.0550063759861, 87.53253132734065]
[526.0728173800466, 87.5269948139027]
[526.0781559489759, 87.52536784853363]
[526.0900694191033, 87.5217439320642]
values
[239.6018663640861, 384.810769523054]
[239.60271520062037, 384.3340095532311]
[239.60368885035805, 384.05502250632935]
[239.6038122069846, 384.03743078908167]
[239.60530408074334, 383.72120307309285]
[239.6110298139697, 382.9922498019464]
[239.61375480650392, 382.7262926183962]
[239.61902655353074, 382.31439012774763]
[239.62384923920618, 381.9908007718702]
[239.6263761355527, 381.83628966138235]
[239.6289297450641, 381.69179290588]
[239.63084245702038, 381.58871727767746]
[239.63309852027137, 381.4710608159951]
[239.63315701441678, 381.4669886383746]
[239.63382995453546, 381.4343722706143]
[239.63424203927315, 381.4161194200308]
[239.6369573853356, 381.2818715311123]
[239.64664429006524, 380.8557424762213]
[239.64968222283417, 380.738014582289]
[239.65481456339305, 380.540701350629]
[239.6562553575081, 380.48663919984403]
[239.66518022867763, 380.1838443477832]
[239.67390024254402, 379.9125016037341]
[239.68010852772585, 379.73026366050806]
[239.69051382525984, 379.45262179287647]
[239.6963546452641, 379.3077696767126]
[239.6981803212624, 379.2609630767736]
[239.69983960005385, 379.2221522165778]
[239.7033837672522, 379.13740681415845]
[239.71171742363626, 378.94942478605344]
[239.71932963895588, 378.7864257578808]
[239.72865649810657, 378.59841746747406]
[239.7312719038527, 378.5473087671611]
[239.74797841430188, 378.24114466962476]
[239.7597972350062, 378.0424481282139]
[239.7615150272343, 378.01380511708965]
[239.76524338113742, 377.9536248000768]
[239.79713967629047, 377.4906768825688]
[239.8059609805536, 377.37282771045795]
[239.8075083474409, 377.3550475927826]
[239.80958841112465, 377.3267308875322]
[239.8132441972076, 377.2810838573256]
[239.81559858440406, 377.2544432032877]
[239.82166810618594, 377.1812654791429]
[239.8239829108212, 377.15454325275516]
[239.82694204326873, 377.1190212901049]
[239.82774727708656, 377.11061534415455]
[239.82864396359764, 377.09841057116284]
[239.83057231421944, 377.0774066352002]
[239.834636342923, 377.02857379148975]
[239.83797602147408, 376.993983063605]
[239.8410174054497, 376.9597919562625]
[239.849242927846, 376.8726845392549]
[239.86643726717512, 376.70031979409214]
[239.8677327513861, 376.6877954148255]
[239.8690310116626, 376.67531590920373]
[239.87028726165013, 376.66247886478243]
[239.8716358515695, 376.6504914283986]
[239.87437816139024, 376.6238080372865]
[239.87615119282717, 376.60812780136496]
[239.87687874743906, 376.6013799493618]
[239.87744922098383, 376.59459345128334]
[239.87849618433788, 376.5855765530267]
[239.88220005423372, 376.5516102456331]
[239.88878228745276, 376.491366077904]
[239.8939895593157, 376.4471653700798]
[239.8956482837411, 376.43245745370507]
[239.8982907042984, 376.41207300110295]
[239.90694285083927, 376.3394939979644]
[239.90962980284704, 376.31839112708633]
[239.90969921881666, 376.31758975191815]
[239.91287001908202, 376.29194331267536]
[239.915164065203, 376.2747519715723]
[239.9162024795516, 376.2666213479555]
[239.9169495786788, 376.2596026551655]
[239.91723203946765, 376.25767686545]
[239.92040097811466, 376.23411357077896]
[239.920405916346, 376.23219022606816]
[239.92481394890174, 376.1986776445217]
[239.9256757097036, 376.1940910153886]
[239.92663880750786, 376.1868802434974]
[239.9276031518016, 376.17968977554006]
[239.92953557761044, 376.16536971746996]
[239.9334153625191, 376.1369728738572]
[239.93731502911533, 376.1088999356448]
[239.93927230717316, 376.0949847580962]
[239.93962557878223, 376.09136136957113]
[239.94066254586966, 376.0842857383385]
[239.94123454267813, 376.0811503486822]
[239.94320173138487, 376.06739663731776]
[239.94913297480952, 376.02661898579345]
[239.95136865148424, 376.0115140565399]
[239.95345851846412, 375.996247206819]
[239.96268615644348, 375.9359244195599]
[239.9666858144534, 375.9118108454479]
[239.97423600602013, 375.86241949062264]
[239.98151405596707, 375.82131317600044]
[239.98791930908556, 375.7832018412289]
[240.00236935861264, 375.70260689883355]
[240.00661998448416, 375.68066053652876]
[240.0130047566777, 375.6472681656086]
[240.01580703600692, 375.63165280766793]
[240.01766575898424, 375.622425665841]
[240.02377064610923, 375.59269280986894]
[240.03242265260354, 375.55128074500556]
[240.0500083734975, 375.47122393244433]
[240.05000917540156, 375.47122043607635]
[240.05000997730562, 375.47121693971815]
[240.05001158111614, 375.47120994703187]
[240.0500147887442, 375.4711959617788]
[240.05002120403122, 375.47116799175126]
[240.0500436578483, 375.47107010168054]
[240.0500468655765, 375.4710561180227]
[240.05005541956731, 375.4710188290484]
[240.050072527761, 375.47094425450314]
[240.0500981905852, 375.47083240119196]
[240.05012385404933, 375.47072055808997]
[240.0502607366538, 375.4701242339552]
[240.05039763744375, 375.4695282001794]
[240.05067149357797, 375.4683370036246]
[240.05085410474385, 375.46754351770664]
[240.05094542244956, 375.46714696826484]
[240.0512194240531, 375.46595809393875]
[240.052316157718, 375.4612142037407]
[240.0526819941559, 375.45963703276766]
[240.0528039683596, 375.4591117674048]
[240.05353611517023, 375.45596498632744]
[240.05378027898928, 375.45491789176083]
[240.05475750860785, 375.4507386727578]
[240.05867561364187, 375.4341682172718]
[240.06159834104076, 375.4204098298096]
[240.06655588584732, 375.40172859998245]
[240.07174430988687, 375.3793732985507]
[240.08249241341707, 375.33964126702256]
[240.08492286312398, 375.3278180762388]
[240.09662901045536, 375.2883485012343]
[240.114994155725, 375.22473140924444]
[240.11599416998715, 375.22330225647136]
[240.12041756599584, 375.2075546893328]
[240.12625088408834, 375.19097758455314]
[240.12980561716398, 375.18045363566694]
[240.14297983430114, 375.1434566864501]
[240.18301890961774, 375.04362991626124]
[240.22441121854501, 374.9625361090913]
[240.23039465897875, 374.9529331221486]
[240.2912698973059, 374.8741632004778]
[240.33016496955526, 374.8434446987112]
[240.3496253869057, 374.8332316860801]
[240.40307310278357, 374.82135130251413]
[253.48866802040334, 327.6261137181074]
[253.9323587721661, 326.27371393412614]
[255.21816790914858, 324.8305878689438]
[256.6367725485362, 274.82826857379143]
[265.24451783057475, 233.4403204281446]
[265.3485828464172, 231.37787943235077]
[265.4418151465233, 230.50570200890567]
[265.491143873787, 230.1714233969255]
[265.5632728418344, 229.7193988019479]
[265.58615846278923, 229.5826621235697]
[265.59102825056607, 229.5504996979366]
[265.61340534575663, 229.42650949744237]
[265.63748053747736, 229.2794301467206]
[265.675873860426, 229.07757190560523]
[265.6957091031281, 229.0007212845137]
[265.6988531584741, 228.96032717967577]
[265.7185518918518, 228.8647986533414]
[265.7191072150934, 228.86199089443994]
[265.71917665314817, 228.8616399064368]
[265.7465332473363, 228.72445716218118]
[265.7740603280398, 228.5895497763248]
[265.78740713748647, 228.52086897245727]
[265.82420405842817, 228.3562435520598]
[265.82619695049186, 228.33513557853885]
[265.8368441413454, 228.29200778861005]
[265.83980009457485, 228.275151298055]
[265.8600269709166, 228.18278262767572]
[265.86967891328385, 228.14203497785252]
[265.8703099022149, 228.13616989337382]
[265.8798874171499, 228.09468195198554]
[265.8895339339835, 228.0531452705071]
[265.90005515187784, 228.00636244867218]
[265.90820477907016, 227.97384745501182]
[265.91685179422643, 227.9363630406328]
[265.9304680000582, 227.87608725513877]
[265.9456643995159, 227.80816090892026]
[265.94826035725714, 227.7996385965616]
[265.9610412567757, 227.745777096913]
[266.0289707619546, 227.45361412390614]
[266.05041698838346, 227.3690902122408]
[266.05824141118944, 227.33786150466344]
[266.0592105310178, 227.33395365060161]
[266.05968857308085, 227.33074361060883]
[266.07401182771366, 227.2738113116673]
[266.075421613506, 227.2696749552595]
[266.0769380792947, 227.2635922473189]
[266.0909818334114, 227.20751152321967]
[266.1118072748219, 227.12840981522544]
[266.1123809733367, 227.1254657110782]
[266.17757901556, 226.86921350977155]
[266.22829819377307, 226.6753336791614]
[266.2554356026053, 226.5813553241628]
[266.2680668785748, 226.54399815095644]
[266.278212509064, 226.4963066102841]
[266.287212652706, 226.4610860862828]
[266.2927987791487, 226.44219805551154]
[266.2936366403252, 226.43841964460952]
[266.30619335751453, 226.393628820652]
[266.3127393778925, 226.37118325825182]
[266.31967271646346, 226.34501467552784]
[266.3389384558226, 226.27740824750686]
[266.448326277786, 225.88925658566447]
[266.4529224680904, 225.88344056502527]
[266.52463218287494, 225.63536271169957]
[266.5667629075663, 225.49843249318607]
[266.58178898797127, 225.4490803257537]
[266.60026908533825, 225.39051951345627]
[266.6410584867044, 225.2642449192791]
[266.6668180587104, 225.18047377388922]
[266.8254312161465, 224.67985819593474]
[266.84868248594785, 224.61055224329186]
[266.85071693724376, 224.60902794687073]
[266.86046119665457, 224.57560531359522]
[266.9567364367767, 224.2949327523493]
[267.04451282840995, 224.03715067929616]
[267.0713239700751, 223.9613704019346]
[267.09279103216363, 223.89407666173918]
[267.1394005818437, 223.76416573996065]
[267.1849463581899, 223.63902271974467]
[267.19031727180334, 223.62432304885547]
[267.20847594798295, 223.57396244805497]
[267.2183212322261, 223.55231577229435]
[267.23214314845086, 223.50887317677493]
[267.23965060385046, 223.5055336461262]
[267.2479602262248, 223.48735013143448]
[267.2559478079579, 223.4437559784438]
[267.30296649547387, 223.31946238259306]
[267.3039044602092, 223.31636577660746]
[267.42650300896713, 222.98252582800885]
[267.4809706484648, 222.8420470435815]
[267.55572531569544, 222.6508896655022]
[267.60347290391167, 222.5299546107771]
[267.67797256150243, 222.34462490986326]
[267.708942227511, 222.2675167182821]
[267.7338707246119, 222.2103558726789]
[267.95121047978716, 221.6743892171269]
[268.01351748199204, 221.53010486022097]
[268.0995706297648, 221.32124230471186]
[268.1507635121802, 221.211835266008]
[268.3671043293384, 220.72250019524714]
[268.74033864224987, 219.91760145152068]
[268.7428111405429, 219.9114302583713]
[268.97044249293276, 219.44416158655272]
[269.13272099643507, 219.11738710134944]
[269.21765820751983, 218.94829225923033]
[269.2981024234909, 218.7917233684103]
[269.412266816464, 218.77784197770413]
[269.4789188894198, 218.65066773804588]
[269.71929191350364, 217.99535560420122]
[269.722078013687, 217.98931640056142]
[269.9258379599611, 217.9667909847264]
[270.15846099863643, 217.2084230803408]
[270.7114803915373, 216.2729220995059]
[270.79235865190446, 216.14472639629767]
[271.1110639653809, 216.12148103204387]
[271.47001630445413, 215.0842768711378]
[271.48291759533845, 215.06160501552316]
[274.015564625464, 211.69958018145527]
[277.7516360777182, 208.03437958538635]
[277.9212589924142, 207.87619046579067]
[280.6773657723471, 188.20515898298794]
[280.6822148712298, 188.19943449215907]
[280.68708096316107, 188.1937981504998]
[280.69686404030756, 188.18279114027447]
[280.736671784868, 188.1423353254645]
[280.75697852693486, 188.12425954240138]
[280.7595167811574, 188.1221111070154]
[280.7775330031749, 188.1076221856056]
[280.77755203291997, 188.1076127167734]
[280.77759009276497, 188.10759378120298]
[280.77762815308324, 188.1075748484239]
[280.77770427513985, 188.1075369912403]
[280.77785652493355, 188.10746131036836]
[280.77846559983664, 188.10715903342182]
[280.7790747958951, 188.10685747076738]
[280.7815127913649, 188.1056583583864]
[280.78639459295573, 188.1032943471789]
[280.79128413535307, 188.1009758476243]
[280.8109195516791, 188.09215418364826]
[280.8207834950931, 188.08801261122167]
[280.82407831000285, 188.08667164961193]
[280.83288116200015, 188.08319188103505]
[280.83876319084436, 188.08094931353466]
[280.842690518172, 188.0794884228183]
[280.8505594944661, 188.07664815730422]
[280.8584475399351, 188.07391588023424]
[280.86246689509176, 188.05492242590813]
[280.92387104577944, 188.04132865085492]
[280.9729419631548, 188.03371553500622]
[280.9919026902562, 188.02046831454498]
[281.01810742473106, 188.00590573015447]
[281.05467200831777, 187.9901847925574]
[281.0736449097865, 187.98522815091656]
[281.1332840659576, 187.9715313560457]
[281.13341133259075, 187.97076354603584]
[281.196943025482, 187.9593242539302]
[309.4214952726562, 143.94446633171526]
[309.56548430228423, 143.67986715317824]
[309.6809703407066, 143.39827291478417]
[309.74052071310564, 142.8791043822742]
[309.750582287113, 142.87159254679153]
[309.763248053046, 142.86209334540013]
[309.771430988136, 142.85594152159007]
[309.77955980845366, 142.84980935460476]
[309.7840245709637, 142.84699990368975]
[309.784059312001, 142.84699880975947]
[309.78724198054704, 142.8445891216692]
[309.78837668899513, 142.84377024377667]
[309.78892326366133, 142.84347814019236]
[309.7912795353644, 142.84170069902729]
[309.79269880368173, 142.84043081536123]
[309.7982689334643, 142.83701503277248]
[309.8066817505081, 142.83114323053405]
[309.82334148606697, 142.81947559993333]
[339.5878754198916, 140.01322896133718]
[341.7362396018568, 139.79984950740342]
[342.5295639527509, 138.7182171145572]
[342.8205668848384, 131.74957318649297]
[344.4318966185921, 100.61212542727122]
[344.43653297246146, 100.61212159944508]
[344.44240567142765, 100.61049900738365]
[344.45199691862354, 100.60967400706433]
[344.4561577286926, 100.60917441073082]
[344.4602943359846, 100.60847928945137]
[344.4639503324777, 100.60789963566452]
[344.4687112584404, 100.6067604220192]
[344.473925183529, 100.60576886351257]
[344.4810367178144, 100.6049410998692]
[344.4824164322238, 100.60472326272208]
[344.4868879817742, 100.60428196444278]
[344.5005901188624, 100.6023029940588]
[344.5044594636114, 100.60179258756446]
[344.51135591758816, 100.60076621899503]
[344.51497915106756, 100.60033964918162]
[344.5229662157459, 100.59893072232663]
[344.5256344036993, 100.59847652416536]
[344.52643195220355, 100.5983829301318]
[344.53721569185075, 100.59699761958802]
[344.5375624734435, 100.59698682290009]
[344.541352284283, 100.59639619853897]
[344.5450019474995, 100.59585620495497]
[344.54797037155174, 100.5883467218881]
[344.61144079878534, 100.58698154759504]
[344.61171344883064, 100.58690935678322]
[344.61364557633374, 100.58670279723411]
[344.61683077727173, 100.5863398065629]
[344.61860218716515, 100.58603871933663]
[344.62097154757384, 100.56801520372335]
[344.64313980101304, 100.4873379167644]
[345.30709951735435, 100.44924525418809]
[351.792736880844, 89.44773372401791]
[351.79988456295234, 89.30790584882462]
[351.81275023826345, 89.18295484771969]
[351.81683184117844, 89.17642788388974]
[351.84342436326267, 89.00464291304442]
[351.85755067584216, 88.96648037524773]
[351.8791678883158, 88.93184818201756]
[351.8851483636985, 88.8890907618266]
[351.9057904156982, 88.86344569742751]
[351.92057769347787, 88.83396827099182]
[351.922500338746, 88.82514820111376]
[351.933010017603, 88.81296759804844]
[351.9359657673781, 88.81038016178042]
[351.940205846515, 88.80458045183069]
[351.94106258350155, 88.80301509152972]
[351.941510997029, 88.80276901255462]
[351.9416977398664, 88.80182791216468]
[351.9427040115486, 88.8012575267167]
[351.9433361462492, 88.80040566269354]
[351.94346756591233, 88.79968701947172]
[351.94510860211926, 88.79837921368235]
[351.9452680938341, 88.79810982156982]
[351.9455569952578, 88.79755766665293]
[351.9461327592227, 88.79678028711857]
[351.94650839321184, 88.79635740371887]
[351.9476182383422, 88.79554420134042]
[351.9481323431171, 88.79435082740862]
[351.9487727023911, 88.79356536789346]
[351.9494539896623, 88.79281994474566]
[351.94980934929004, 88.79255517557868]
[351.9501178981899, 88.79195651720345]
[351.95046631179423, 88.79161311629767]
[351.9506444434227, 88.79095862411293]
[351.95239303499216, 88.78942536621608]
[351.95304319009813, 88.78855496290966]
[351.9532532693205, 88.78752250734644]
[351.95407175314233, 88.78732724115818]
[351.95538303048943, 88.78583157089446]
[351.955770672635, 88.78561358954207]
[351.95620804017074, 88.78496401224851]
[351.95661046206976, 88.78451921646939]
[351.95673268991516, 88.78445595283397]
[351.95688603581516, 88.7841796042409]
[351.95801280313617, 88.7836051624556]
[351.9580253562449, 88.78288664267924]
[351.9597700651425, 88.7809934036282]
[351.96027043333766, 88.78045296627813]
[351.96049734770213, 88.78026353375294]
[351.96052450346576, 88.7801963785047]
[351.9607114070061, 88.7693199979705]
[351.96919883092653, 88.76897358087345]
[351.97184602293146, 88.76895086752751]
[351.97220761427, 88.76861805526227]
[351.97249777667673, 88.76843098487788]
[351.97289846773754, 88.76811205121203]
[351.97371197983387, 88.76742776558129]
[351.9738980362645, 88.76721592995465]
[351.97399786518383, 88.76702902424995]
[351.9742979965074, 88.76675511412239]
[351.9746254982323, 88.7635782823217]
[351.9765108370342, 88.76221630471659]
[351.9783698689382, 88.76160302669139]
[351.9801079113246, 88.75857677987834]
[351.98287002353845, 88.75622369115936]
[351.98526309804754, 88.7543211878488]
[351.9856460733737, 88.75396903732155]
[351.98693231412994, 88.75298731096481]
[351.9876993992708, 88.75246171836216]
[351.99204271750045, 88.75246008734372]
[351.9922440093226, 88.7522751581802]
[351.9922666480322, 88.75215721293523]
[351.9923640527975, 88.75211347889004]
[351.9923828282375, 88.7519084140279]
[351.99258608556556, 88.75186671781456]
[351.9929058667234, 88.75165281253466]
[351.99326977863734, 88.74829913889592]
[351.99344028076723, 88.74821789786745]
[351.99607586152933, 88.74636549474621]
[351.9964552650803, 88.74614141116652]
[352.0012921082441, 88.74605353954279]
[352.00156460784865, 88.7458192924316]
[352.00164931631207, 88.74565513776]
[352.0022352858963, 88.74530451250806]
[352.0026045230544, 88.74513566991925]
[352.0028783208129, 88.74495159162166]
[352.00304063453234, 88.74486152543517]
[352.00304815964, 88.74483786805716]
[352.0032499821983, 88.74446924493319]
[352.0035703954204, 88.74407287458425]
[352.0041128252201, 88.74388870705808]
[352.0045776873269, 88.74115505756659]
[352.00515332829934, 88.74076668644233]
[352.0052096159758, 88.74068972328082]
[352.00787355980776, 88.73924232811177]
[352.0082617349751, 88.73907333138891]
[352.009167063939, 88.7386317372018]
[352.0112803972453, 88.73739674210195]
[352.01455867183154, 88.73575156719568]
[352.0151123755786, 88.73548296575467]
[352.0193286602779, 88.73371835770067]
[352.01943085880123, 88.73350068914779]
[352.02182671679566, 88.73240699841732]
[352.0235404950155, 88.73168744354462]
[352.0249467417116, 88.73110954047918]
[352.02562666217534, 88.73083565206767]
[352.0268480683478, 88.73037577354698]
[352.02800644533966, 88.72997730501544]
[352.0295370795071, 88.7293316540711]
[352.03076668115693, 88.72896143822094]
[352.03229345263117, 88.7286454386753]
[352.0331795487924, 88.72802831018822]
[352.0351396084933, 88.72743737966967]
[352.03695866419525, 88.72676819250741]
[352.0395039441771, 88.72661380507297]
[352.0397020408892, 88.72650379385021]
[352.03979247786754, 88.7262072560967]
[352.041138384021, 88.72619103216114]
[352.0413543891609, 88.72609252380508]
[352.0420614685164, 88.72593346259171]
[352.0424920688811, 88.72546325455326]
[352.0428001204739, 88.72537653621222]
[352.04305087016417, 88.72497516878825]
[352.044308571667, 88.72453612341872]
[352.045435223901, 88.72449274937927]
[352.046678493494, 88.72438387519313]
[352.04673731304274, 88.72432640939849]
[352.04702718590954, 88.72425467887085]
[352.0470545398505, 88.72391479468297]
[352.04783702819077, 88.72357045801019]
[352.04796329607063, 88.72356596814842]
[352.04940572126975, 88.72316238313795]
[352.05047786400416, 88.72305272969436]
[352.0517225277433, 88.72271228469602]
[352.0520679272332, 88.72270853037536]
[352.0529900117257, 88.72266636923773]
[352.0530978574037, 88.72244909926695]
[352.05337996403284, 88.72217278006838]
[352.0534389235438, 88.72216068676127]
[352.054110535845, 88.72215530665389]
[352.0542240510865, 88.72205389929161]
[352.05438953880184, 88.72197706861084]
[352.0544584034875, 88.72195473562901]
[352.05465470628076, 88.72191479061539]
[352.05504730948314, 88.72190828839157]
[352.05519857006493, 88.72188270386368]
[352.05596505093376, 88.72185548781017]
[352.05639623235425, 88.72177961897597]
[352.0565242797468, 88.72143590089262]
[352.05652521025445, 88.72142962730476]
[352.0571781958132, 88.72127458129837]
[352.0578949290625, 88.72123825784138]
[352.05789926370585, 88.72111722640415]
[352.05880597283976, 88.72090483033578]
[352.059321973284, 88.7208642446476]
[352.05936627938127, 88.7207799451296]
[352.0598269411388, 88.72069433204797]
[352.0601721616139, 88.72068074921367]
[352.0603216710888, 88.72057036088209]
[352.0609100415163, 88.7204993053346]
[352.06109096611794, 88.7204691506131]
[352.0613940043629, 88.7203515769817]
[352.06190914006027, 88.7202496321595]
[352.06195178798555, 88.72022175982946]
[352.06316711754926, 88.72011565364178]
[352.06325396216266, 88.72001539606092]
[352.0639375435869, 88.7200068252065]
[352.06400881540924, 88.71992239143461]
[352.06465472390755, 88.71968495040474]
[352.0648697284106, 88.71962425763314]
[352.0652876390707, 88.71954830040535]
[352.0664307919784, 88.71944264875084]
[352.066717139046, 88.71929856594866]
[352.06698861519374, 88.71929070078679]
[352.0671539931444, 88.71918573004953]
[352.06727634345464, 88.71918061191383]
[352.0675541419929, 88.71913154620592]
[352.06772773404816, 88.71910260310212]
[352.06798081268994, 88.71904673820839]
[352.0697661687195, 88.71870183604972]
[352.069889149549, 88.71866674071325]
[352.0699798720143, 88.71866470525462]
[352.07014815959803, 88.71863503265027]
[352.0701941460743, 88.71862762494591]
[352.0702010556952, 88.71862236551816]
[352.07122080909255, 88.71844519832477]
[352.0722246113178, 88.71830014910799]
[352.07315957416995, 88.71813120734691]
[352.07330292977736, 88.7180337873376]
[352.07451296606087, 88.71783021465149]
[352.0753771742993, 88.71777955219375]
[352.0755976180757, 88.71774344806641]
[352.07651893291074, 88.7177275952709]
[352.0771382833792, 88.71740645751876]
[352.0781988147962, 88.71739948575876]
[352.0784385507666, 88.71722108792414]
[352.0785397795647, 88.71719625351388]
[352.08112453883507, 88.71681096668061]
[352.0840027357823, 88.71676771269165]
[352.08479519682805, 88.71658719237804]
[352.0857137287187, 88.71644949670406]
[352.08768568931293, 88.71634413290948]
[352.0882258669436, 88.71608528289794]
[352.09102719119926, 88.71588882898413]
[352.0934195926817, 88.71544841223078]
[352.0956099488394, 88.7149793469626]
[352.09955717685887, 88.71455516208351]
[352.101067694869, 88.71437313722257]
[352.1065208160097, 88.71389607463593]
[352.10950971628483, 88.71376248703717]
[364.68140448421707, 88.23395865292754]
[525.2793205018081, 87.89740196782358]
[525.4491203543769, 87.80040107187988]
[525.4605207654248, 87.79433401049596]
[525.6839408371819, 87.67764089917938]
[525.7389536966658, 87.65256260991805]
[525.8208291985895, 87.61678490055722]
[525.8280982138434, 87.61574759718667]
[525.8683777759865, 87.5978378891526]
[525.8696339348184, 87.59768979931523]
[525.8697481410459, 87.59767638922978]
[525.8707036941084, 87.59725863115771]
[525.8721514303652, 87.59663085117414]
[525.8731963392999, 87.596145140955]
[525.8999520780061, 87.58590550050691]
[525.9232834255698, 87.57718687293898]
[525.9238804369243, 87.57690383840827]
[525.9260893949821, 87.57616298545265]
[525.9332514255914, 87.57356170878438]
[525.9341254384049, 87.57325066932614]
[525.939083453733, 87.57146090750756]
[525.9474862625298, 87.56847414288305]
[525.9567907325065, 87.56518110953968]
[525.9760277497949, 87.5585160714333]
[525.9910274955314, 87.55339494823976]
[526.0263463283362, 87.54167870841462]
[526.0376790852946, 87.53794683525223]
[526.0431228699488, 87.53629938998141]
[526.0432942368682, 87.53616199829023]
[526.0550063759861, 87.53253132734065]
[526.0668780369087, 87.52855069550274]
[526.0728173800466, 87.5269948139027]
[526.0781559489759, 87.52536784853363]
[526.0900694191033, 87.5217439320642]
[526.0955480402479, 87.51980727608736]
[526.1278123267458, 87.51068487106204]
[526.12943625036, 87.50995296875547]
[526.1379525841618, 87.5075855724444]
[526.1464738262881, 87.50524352139274]
[526.1505743543291, 87.5040656206789]
[526.1546761193729, 87.50289338603068]
[526.164324994323, 87.50066722200873]
[526.1949856034312, 87.4918345570687]
[526.2112586274133, 87.48751288078557]
[526.2152812437313, 87.48646811494483]
[526.2237340082155, 87.48367681643069]
[526.2356063653768, 87.48124042824267]
[526.2551563862067, 87.47494735459738]
[526.2566030235508, 87.4749207845699]
[526.2682984771255, 87.46953232062711]
[526.2959031403267, 87.46354189228278]
[526.3035133122988, 87.4632413752769]
[526.3063092855334, 87.45701147631847]
[526.3212497564505, 87.45656073427116]
end_solutions
[-3.6886710269304706, -5.532280297428496, 4.599259219763308]
[-1.195882506184593, -5.900210863649627, 4.120097352833007]
[-1.1961984206830372, -5.900403977875013, 4.120253437438758]
[-1.1964333277798391, -5.900526323901966, 4.120504706362276]
[-1.1969500237533182, -5.90082396725926, 4.120875817195002]
[-1.1973042590605705, -5.901018205151926, 4.121192815187473]
[-1.197657766884648, -5.901214088041794, 4.121496025984422]
[-1.198040475061974, -5.901403220369528, 4.121970687558024]
[-1.1984760543238897, -5.901643338520051, 4.1223520635059305]
[-1.1987751310987362, -5.901812189090398, 4.122588468667666]
[-1.1990742078735825, -5.901981039660745, 4.122824873829401]
[-1.1994408893822346, -5.902223602337181, 4.122887053544681]
[-1.1998075708908864, -5.902466165013617, 4.122949233259961]
[-1.2002280893069064, -5.902751059552228, 4.122977825621204]
[-1.2004305032218285, -5.902906338196307, 4.12287508549374]
[-1.2009685490172026, -5.903285096413298, 4.122820057805464]
[-1.2011788082252126, -5.903427543682604, 4.122834353986086]
[0.32684817195117744, -5.1036340547212315, 3.35958901904264]
[0.32684817195117744, -5.1036340547212315, 3.35958901904264]
[1.0784228135583633, -4.717705496970915, 2.9870788521642364]
[1.078572395004394, -4.717535776805383, 2.986971861892874]
[1.0784228135583633, -4.717705496970915, 2.9870788521642364]
[1.8635517893992304, -4.290913730779487, 2.5878916478451783]
[1.8684872397775965, -4.285313960253134, 2.5843616496675423]
[1.8728362374616498, -4.280382419664015, 2.5812553970126366]
[1.8765878498890576, -4.276133067592543, 2.578583064368577]
[3.1482841094901364, -2.842855886980151, 1.6726203539471036]
[3.150506766467921, -2.840337676250085, 1.6710361124489241]
[3.153667234404219, -2.8367644232313567, 1.6687947364139664]
[3.158949919634062, -2.83078465165807, 1.6650375261947936]
[3.167393072800203, -2.8212316270660556, 1.659038939940663]
end_values
[526.3268969   87.45536762]
[352.11668555  88.71331585]
[352.10510267  88.71396051]
[352.09560995  88.71497935]
[352.07713828  88.71740646]
[352.06486973  88.71962426]
[352.05337996  88.72217278]
[352.04157574  88.72532906]
[352.02953708  88.72933165]
[352.02182672  88.732407  ]
[352.01455867  88.73575157]
[352.00520962  88.74068972]
[351.99607586  88.74636549]
[351.98564607  88.75396904]
[351.98010791  88.75857678]
[351.96669365  88.77126712]
[351.96172879  88.77651898]
[309.74052071 142.87910438]
[309.74052071 142.87910438]
[280.67736577 188.20515898]
[280.68221487 188.19943449]
[280.67736577 188.20515898]
[267.23214315 223.50887318]
[266.52463218 225.63536271]
[266.02897076 227.45361412]
[265.69885316 228.96032718]
[239.96268616 375.93592442]
[239.88878229 376.49136608]
[239.79713968 377.49067688]
[239.68010853 379.73026366]
[239.60186636 384.81076952]
