values
[377038.8093951722, 7472.16082463383]
[377320.73661521584, 7323.443934369554]
[380501.86968077853, 7150.450447734614]
[397532.8551691848, 6922.907748393193]
[533755.9374834294, 6180.584880941058]
[534286.7079078141, 6120.65390612381]
[534429.7381146369, 6103.560773175072]
[534618.6648180848, 6083.699354752848]
[535014.711539359, 6019.995082018146]
[540217.8719565899, 5774.063786694225]
values
[333683.3265896951, 7352.274324255966]
[333998.4659703294, 7347.12619391146]
[334026.2251821282, 7344.359872462056]
[334038.0645460594, 7343.414894267159]
[334129.222184044, 7339.313096103046]
[335345.47282303136, 7279.458482961427]
[336647.8077518607, 7268.272656120901]
[337508.30534213403, 7174.106525540889]
[341216.14415595215, 7066.8279949247235]
[361252.7388505927, 7035.562842381174]
[384339.89027556154, 6816.231118515049]
[533755.9374834294, 6180.584880941058]
[534286.7079078141, 6120.65390612381]
[534429.7381146369, 6103.560773175072]
[534618.6648180848, 6083.699354752848]
[535014.711539359, 6019.995082018146]
[540217.8719565899, 5774.063786694225]
values
[333408.1169278097, 7576.490780391485]
[333501.315647349, 7353.762567889563]
[333501.3169401493, 7353.746243396553]
[333501.31702953007, 7353.744579365131]
[333501.31856103404, 7353.731942314712]
[333501.3187911549, 7353.726495805355]
[333501.320683015, 7353.712422451482]
[333501.3226011902, 7353.6972821705]
[333501.3232355199, 7353.692794108798]
[333501.3233433239, 7353.691419171431]
[333501.32469622826, 7353.68331345982]
[333501.3254024788, 7353.678807506255]
[333501.326260293, 7353.673807149919]
[333501.3289712088, 7353.658011333746]
[333501.3302609297, 7353.652751219628]
[333501.3317843405, 7353.6505524220365]
[333501.33277153445, 7353.63959275619]
[333501.3344637174, 7353.632558993798]
[333501.33494410187, 7353.630274451776]
[333501.33610336407, 7353.624403931124]
[333501.33937354386, 7353.6217561779695]
[333501.34058647347, 7353.603529917761]
[333501.34270958474, 7353.596891336357]
[333501.34354336915, 7353.593834386827]
[333501.3490099434, 7353.591121406808]
[333501.3506987776, 7353.58888281141]
[333501.35398969654, 7353.567957899816]
[333501.3548166613, 7353.552058422548]
[333501.3655372279, 7353.53323233095]
[333501.36677419685, 7353.51206543625]
[333501.36915729276, 7353.511783821955]
[333501.3712295893, 7353.504370328325]
[333501.3717166024, 7353.497463861134]
[333501.3809884218, 7353.486236705833]
[333501.38325541164, 7353.472492561863]
[333501.38347873325, 7353.462392343246]
[333501.39593319665, 7353.430802017651]
[333501.4042048415, 7353.411731658394]
[333501.41296506254, 7353.403031040237]
[333501.4162628607, 7353.385788662015]
[333501.42503329244, 7353.379198279408]
[333501.42844189046, 7353.3670796542665]
[333501.4372010936, 7353.361165713255]
[333501.4473182252, 7353.321122116299]
[333501.46330077015, 7353.294227903508]
[333501.4729798421, 7353.269780197137]
[333501.491758144, 7353.234273147735]
[333501.50326795864, 7353.21630773873]
[333501.5233895976, 7353.1852996942125]
[333501.5301450759, 7353.170451229373]
[333501.53285700246, 7353.16843415629]
[333501.55339904316, 7353.14396402336]
[333501.58980553126, 7353.077322018541]
[333501.6189814656, 7353.0529920184135]
[333501.6225888781, 7353.030050803792]
[333501.67783777806, 7352.977283555585]
[333501.679376071, 7352.960263918566]
[333501.6940618333, 7352.9340989583]
[333501.7550538419, 7352.868622923078]
[333501.77340983757, 7352.836273094199]
[333501.8046952405, 7352.803423093215]
[333501.8278275487, 7352.770587655091]
[333501.8421217495, 7352.757624418086]
[333501.8577795345, 7352.737409672911]
[333501.88561277126, 7352.704098460251]
[333501.9165539309, 7352.674077814205]
[333501.9220158213, 7352.662834418871]
[333501.9761873871, 7352.605045312438]
[333501.98927339044, 7352.591130450358]
[333502.0830182146, 7352.5394397704795]
[333502.13661890116, 7352.441089512727]
[333502.15886576416, 7352.420400207645]
[333502.17710869346, 7352.402629092665]
[333502.21024259354, 7352.376494244113]
[333502.2550289008, 7352.3294790938535]
[333502.28068171116, 7352.305190740926]
[333502.33652257227, 7352.255487511227]
[333502.41696661804, 7352.189575117957]
[333502.49146607623, 7352.144535719694]
[333502.50016825926, 7352.116482572067]
[333502.5081066689, 7352.109583859601]
[333502.57939166256, 7352.092475900151]
[333502.6043349717, 7352.030912910719]
[333502.65808032017, 7351.987738742904]
[333502.80521639134, 7351.8681678979]
[333502.8259643891, 7351.856663980606]
[333502.8996979062, 7351.8380641142485]
[333502.98122840334, 7351.779490312713]
[333503.0416965414, 7351.689563049563]
[333503.05010556773, 7351.685477489457]
[333503.14642030845, 7351.628268562672]
[333503.22863906657, 7351.601948082478]
[333503.2475301553, 7351.547543118657]
[333503.337529896, 7351.5224197544085]
[333503.39916390716, 7351.44824572735]
[333503.4639436367, 7351.440705201644]
[333503.7202637416, 7351.259294651673]
[333503.72176860104, 7351.226351937716]
[333503.9844788408, 7351.091488962774]
[333503.9933174885, 7351.074106519819]
[333504.0739743236, 7351.029524916721]
[333504.12876165594, 7350.9624589676805]
[333504.15655479126, 7350.951291484244]
[333504.3147209451, 7350.880227762631]
[333504.43766347447, 7350.776100266514]
[333504.5658255237, 7350.728620998021]
[333504.59600650944, 7350.679753593709]
[333504.61827140965, 7350.677805407965]
[333504.6543253919, 7350.666365380833]
[333504.8072773294, 7350.650575441025]
[333504.82827109547, 7350.5483765489735]
[333504.8318969694, 7350.546525993835]
[333504.9310859599, 7350.487969978109]
[333505.0354770167, 7350.427220161326]
[333505.55718843994, 7350.137598102576]
[333505.7903110094, 7350.100690974624]
[333505.9109640207, 7349.962743167251]
[333506.2499828907, 7349.734038082172]
[333506.63910744095, 7349.5647048973515]
[333507.09159119293, 7349.438349960693]
[333507.4131946884, 7349.17794909868]
[333507.5496538683, 7349.110392061532]
[333507.9424987271, 7348.881747701672]
[333508.55251683394, 7348.639210389768]
[333508.5615145041, 7348.638929397723]
[333508.9871311701, 7348.471768727422]
[333509.21289735776, 7348.270233654156]
[333509.67585987813, 7348.230267077747]
[333509.7084268839, 7348.066579012266]
[333509.88931656175, 7347.977529226988]
[333509.88939503644, 7347.96788840792]
[333510.2353670202, 7347.866613316332]
[333510.58155148535, 7347.761859268334]
[333511.40618206246, 7347.360086217364]
[333511.87618729804, 7347.200672692105]
[333512.09047286335, 7347.023509127269]
[333512.70770991116, 7346.977366050203]
[333513.72463169816, 7346.397360326956]
[333514.15094323, 7346.256844926643]
[333514.2673839005, 7346.179240411779]
[333514.3496070034, 7346.091446382176]
[333514.6208321175, 7346.046779300993]
[333514.6541656674, 7346.0205507213]
[333516.35821195866, 7345.375176786997]
[333516.4093869253, 7345.292692196621]
[333516.94046433584, 7345.144850992248]
[333517.25597057334, 7344.975094594083]
[333518.2773142918, 7344.723696040261]
[333518.86483305175, 7344.479094517693]
[333519.62443291117, 7344.150591923461]
[333520.16476733575, 7343.95806222858]
[333520.8727350008, 7343.844238029737]
[333521.4478664177, 7343.7693456442385]
[333522.1061968238, 7343.348482141613]
[333522.12950563134, 7343.248718923328]
[333522.26330116985, 7343.213523244101]
[333522.4799250952, 7343.042936618982]
[333523.20691247284, 7342.966072516237]
[333527.1580422239, 7341.5207441793655]
[333527.3032061375, 7341.400776182942]
[333528.20586749306, 7341.136883772662]
[333528.64386017533, 7341.030897767131]
[333528.6800979457, 7340.981284877692]
[333529.0055780011, 7340.88205661988]
[333529.89960009546, 7340.573637307708]
[333530.22697307344, 7340.421323923384]
[333532.59381585213, 7339.753460108087]
[333534.67362143804, 7339.101669498048]
[333535.422442096, 7338.847190098221]
[333535.65715190105, 7338.748871991686]
[333535.8985301666, 7338.696887470293]
[333537.76707997656, 7338.111398254203]
[333537.8249933988, 7338.0820265381235]
[333538.81570037274, 7337.786921214798]
[333538.92091962876, 7337.764648355701]
[333539.1122005076, 7337.719731091846]
[333539.312443933, 7337.654662313046]
[333539.5133375994, 7337.589524915237]
[333542.65840691375, 7336.700413130244]
[333545.1728107244, 7336.022038212313]
[333545.9515110941, 7335.763598797347]
[333546.32027144264, 7335.618019848299]
[333546.4306828464, 7335.5844763890655]
[333546.5891414322, 7335.544490728813]
[333547.4344449848, 7335.301262011353]
[333548.80358729407, 7334.937764476781]
[333549.4080642874, 7334.7385718135765]
[333549.96267956705, 7334.6017195896]
[333550.33690270607, 7334.503534044824]
[333550.5345123852, 7334.446871646929]
[333551.0351254091, 7334.322683725494]
[333551.1097419971, 7334.291744800122]
[333551.5494391939, 7334.201917899079]
[333552.82978828455, 7333.862938377304]
[333554.1262502373, 7333.522701805186]
[333559.8167696403, 7332.039984792496]
[333564.2816710958, 7330.914891331393]
[333565.20481118903, 7330.650552820396]
[333565.80750848644, 7330.537618561924]
[333565.8163463515, 7330.505835136536]
[333566.43064661743, 7330.36096296888]
[333568.1127066489, 7329.987140835473]
[333568.51340833865, 7329.883595718111]
[333568.91550120077, 7329.779979454429]
[333569.1867664836, 7329.757162897965]
[333573.5902932542, 7328.6664082059115]
[333574.68078246666, 7328.425333563161]
[333575.29293393245, 7328.239319186829]
[333576.2950889428, 7328.08820635252]
[333576.9402202349, 7327.90157546099]
[333581.123037259, 7326.955235527318]
[333582.576637562, 7326.578646471746]
[333583.26495912805, 7326.4305469311175]
[333583.65988660685, 7326.380783383944]
[333584.4472852682, 7326.216457526101]
[333588.7392349322, 7325.214690282993]
[333589.0444964612, 7325.180844022108]
[333590.6722691565, 7324.850698864097]
[333591.28792686673, 7324.719569005894]
[333595.4634155394, 7323.811704419098]
[333597.13030391256, 7323.479360723617]
[333598.3553858225, 7323.218758763233]
[333599.58884089254, 7322.958021416056]
[333602.0808735411, 7322.436178451671]
[333605.3462313338, 7321.794072187119]
[333610.0077789374, 7320.8750901294125]
[333610.57908732793, 7320.747890442143]
[333620.4410358253, 7318.898247021069]
[333623.7205674962, 7318.265016829274]
[333630.8904642236, 7316.960169771343]
[333641.1206144369, 7315.19475114701]
[333647.19728164125, 7314.142959812946]
[333648.3228486947, 7313.968508753866]
[333657.7306871909, 7312.415058422007]
[333663.28532580985, 7311.523157385171]
[333668.3140849342, 7310.737965402815]
[333685.93148870487, 7308.0753938242615]
[333690.5374127383, 7307.400999555029]
[333731.3334808576, 7301.815305314164]
[333738.4620147126, 7300.896920476563]
[333744.1678062573, 7300.1718580563165]
[333744.9337793235, 7300.075688386645]
[333747.8171193903, 7299.713387704775]
[333762.3463331537, 7297.924359540412]
[333768.08092594275, 7297.230971211676]
[333783.5540802303, 7295.398921110581]
[333785.208144918, 7295.206700192416]
[333791.4567965525, 7294.482081005801]
[333795.4497170499, 7294.023311749767]
[333817.57739903673, 7291.530809810558]
[333834.4280808711, 7289.681317564877]
[333838.71022236225, 7289.217214563062]
[333843.0201693325, 7288.752317902653]
[333939.18918061187, 7278.792158414361]
[333997.04114857595, 7273.00670368941]
[336647.8077518607, 7268.272656120901]
[337508.30534213403, 7174.106525540889]
[341216.14415595215, 7066.8279949247235]
[352552.22240800015, 7064.544822362751]
[353090.92584154225, 7057.698671121166]
[359217.18112346414, 7032.109789002212]
[384339.89027556154, 6816.231118515049]
[533755.9374834294, 6180.584880941058]
[534286.7079078141, 6120.65390612381]
[534429.7381146369, 6103.560773175072]
[534618.6648180848, 6083.699354752848]
[535014.711539359, 6019.995082018146]
[540217.8719565899, 5774.063786694225]
values
[330196.13850999327, 7488.199426127293]
[330214.86497251794, 7478.488441336321]
[330216.8787686165, 7478.325349217203]
[330217.47977240453, 7477.569065576056]
[330217.6214729456, 7477.296073893799]
[330217.6290148222, 7477.149840571594]
[330217.6333843995, 7477.144603026719]
[330217.64214209927, 7477.134129491299]
[330217.64279466524, 7477.112111975078]
[330217.7166415711, 7477.108099104332]
[330217.71896965837, 7477.049436074628]
[330217.7220283968, 7476.9908389748725]
[330217.7968483699, 7476.863815406668]
[330217.8096785405, 7476.862724051799]
[330217.87526155537, 7476.6144485947725]
[330217.9378437317, 7476.202510131135]
[330218.1448286533, 7476.137482476558]
[330218.17467842164, 7476.078727408267]
[330218.19464744534, 7476.025138186948]
[330218.20764419803, 7476.011324816837]
[330218.2091811005, 7475.951051145883]
[330218.2239849075, 7475.947368076638]
[330218.24717298313, 7475.924930444813]
[330218.3597721941, 7475.713785657753]
[330218.4749437904, 7475.555451394859]
[330218.4775326484, 7475.554237383679]
[330218.5079102505, 7475.514491898821]
[330218.5155219547, 7475.512679495166]
[330218.60129304294, 7475.395605791851]
[330218.68169016094, 7475.296945308778]
[330218.6980508358, 7475.27725906933]
[330218.73105343763, 7475.2379331088805]
[330218.7981836556, 7475.159469577883]
[330218.8323112728, 7475.120333331546]
[330218.86681389704, 7475.081261647934]
[330219.18109955883, 7474.4800751583325]
[330219.80461703974, 7474.115386163287]
[330220.389733176, 7473.60956928223]
[330220.4144433677, 7473.591589167077]
[330221.4080014069, 7472.897942056749]
[330221.60096006095, 7472.777407950714]
[330222.5480701737, 7472.245311524068]
[330223.5937606808, 7471.744270899998]
[330247.1661073913, 7471.418767728912]
[330250.2794637505, 7470.3062984379785]
[330253.4694254996, 7469.964794612201]
[330277.0348528613, 7469.788668053475]
[330277.2220729558, 7469.741761052818]
[330301.12582507933, 7464.04048710171]
[330353.067862414, 7457.70006662216]
[330426.5287595718, 7452.9927346142695]
[330452.0049041552, 7449.082352259442]
[330454.46548128687, 7437.271286242561]
[330528.6900476628, 7425.317349742309]
[330552.6365952678, 7418.0708771105255]
[330683.06835773727, 7400.784861744443]
[330723.1570424226, 7397.230945983099]
[330769.88488460187, 7394.712248595198]
[330828.6055208934, 7387.0412041076315]
[330833.1538604014, 7383.341104102015]
[330877.44585165544, 7379.754938290998]
[330922.64548268873, 7376.172699370642]
[330932.2549229062, 7373.231923395067]
[331003.12565464136, 7366.428067390529]
[331057.723925946, 7361.7241072450015]
[331118.59260319074, 7356.785885943756]
[331193.2476515595, 7351.386406373357]
[331364.1179438198, 7350.344223830226]
[331375.01826090086, 7348.907934231784]
[331378.70494627295, 7348.441292316135]
[331379.07253241335, 7347.596868240828]
[331380.74621014996, 7340.321052476022]
[331401.7428534936, 7339.440058286825]
[331501.7275661094, 7337.409280781878]
[331510.7869266467, 7336.882348505522]
[331514.54980597115, 7335.410200750659]
[331539.9339310248, 7334.384861441307]
[331574.3714804414, 7334.145744714406]
[331587.14337526826, 7333.581342215991]
[331607.31361738814, 7332.999968083505]
[331683.3280959803, 7332.200790957654]
[331757.5262141903, 7331.547853674492]
[331763.66177647345, 7331.4978571909005]
[331859.15492748236, 7331.4520933210115]
[332122.6587371403, 7325.11276554783]
[332483.92740448937, 7314.841959375395]
[332731.4738490358, 7304.065048900235]
[333184.71286679554, 7286.494300865514]
[333457.3844672717, 7277.88220218736]
[333997.04114857595, 7273.00670368941]
[334045.57313410606, 7268.188406695758]
[334309.70102088293, 7241.844742262313]
[334712.10075687274, 7228.939998647374]
[337508.30534213403, 7174.106525540889]
[341216.14415595215, 7066.8279949247235]
[352552.22240800015, 7064.544822362751]
[353090.92584154225, 7057.698671121166]
[353290.4524030565, 7055.762640900142]
[355867.27077180234, 7042.066372072038]
[359217.18112346414, 7032.109789002212]
[384339.89027556154, 6816.231118515049]
[533755.9374834294, 6180.584880941058]
[534286.7079078141, 6120.65390612381]
[534429.7381146369, 6103.560773175072]
[534618.6648180848, 6083.699354752848]
[535014.711539359, 6019.995082018146]
[540217.8719565899, 5774.063786694225]
end_solutions
[5.605941142023683, 8.687880953292325, -13.085784240581042, -3.296936560420388, 0.3395840248599856, 1.428832497254459, 14.121025657311044, 10.009825556661847, -8.069942363989998, -6.2904238940392325]
[3.9019885335930624, 9.909565374367238, -14.686891158966356, -2.13901283823346, -2.192577994391164, 0.6962193891193139, 12.902209175038703, 8.460522950664359, -6.042097399163259, -5.797634133131346]
[3.8462557430586193, 9.948452126490189, -14.727060346518773, -2.0912090923020523, -2.270709348560423, 0.6858267503010869, 12.855840037816057, 8.403469988863806, -5.9803498016075896, -5.781688769942599]
[3.7745299150985994, 9.99840008251391, -14.777648918435627, -2.028786162387713, -2.3708350574078723, 0.6736836149718165, 12.79557422988875, 8.329465509740427, -5.901298963806749, -5.761184241479829]
[3.7028040871385794, 10.048348038537634, -14.828237490352482, -1.9663632324733733, -2.4709607662553217, 0.6615404796425461, 12.735308421961443, 8.255461030617047, -5.822248126005908, -5.740679713017059]
[3.411502926025351, 10.251276321022882, -15.03452645541779, -1.7135218763624787, -2.8779236374394044, 0.6112972677399866, 12.490994304953958, 7.955342074958072, -5.500884992555182, -5.657391030432987]
[3.405031760950609, 10.255752774480403, -15.038752744176932, -1.7076150392236165, -2.8868269893361305, 0.6105774342802817, 12.485376854037977, 7.948488343365456, -5.4938798122454156, -5.655546318957532]
[3.3978423313041284, 10.260739103029138, -15.043595198041215, -1.7011722835373049, -2.896775185858442, 0.609614141688609, 12.479214354519094, 7.940950943328753, -5.486041880598887, -5.653494578079634]
[3.3978423313041284, 10.260739103029138, -15.043595198041215, -1.7011722835373049, -2.896775185858442, 0.609614141688609, 12.479214354519094, 7.940950943328753, -5.486041880598887, -5.653494578079634]
[3.400515962883355, 10.258884381440105, -15.041789985576454, -1.703564671724525, -2.893073926905198, 0.6099772489762674, 12.481503749583252, 7.943751683699824, -5.488958324856935, -5.654257653930539]
[3.401811578397586, 10.257985604410674, -15.040915227383023, -1.7047240238495993, -2.8912803449392435, 0.6101531738878199, 12.482613183918367, 7.945108910794235, -5.490371593723962, -5.654627432242211]
[3.402459386154702, 10.257536215895959, -15.040477848286308, -1.7053036999121365, -2.890383553956266, 0.6102411363435961, 12.483167901085924, 7.945787524341441, -5.491078228157475, -5.6548123213980475]
[3.4037756018066236, 10.256623146983983, -15.039589166073405, -1.7064814730214788, -2.8885614482349773, 0.6104198756212871, 12.484294967019522, 7.947166322981414, -5.4925139736555, -5.65518797951661]
[3.407117641280657, 10.254304744997691, -15.037332650492456, -1.709471958255504, -2.883934874543423, 0.6108737597308602, 12.487156710849721, 7.950667248445252, -5.49615952897806, -5.656141824330242]
[3.4094467688436345, 10.252689009548558, -15.03576005159553, -1.7115560874271878, -2.8807105348370015, 0.6111900714244922, 12.48915111573162, 7.953107110497157, -5.4987001793883525, -5.65680657579634]
[3.4094467688436345, 10.252689009548558, -15.03576005159553, -1.7115560874271878, -2.8807105348370015, 0.6111900714244922, 12.48915111573162, 7.953107110497157, -5.4987001793883525, -5.65680657579634]
[3.412389954794942, 10.250647311340188, -15.033773007012723, -1.7141898123264983, -2.8766361820775277, 0.6115895997095301, 12.491671416887387, 7.956190309800231, -5.501910594846047, -5.657646580541774]
[3.4155373487826113, 10.24846379750479, -15.031646408121425, -1.7170049017303002, -2.872278482143811, 0.6120187223024595, 12.49436568207371, 7.959486536913143, -5.505344394110808, -5.658544907860305]
[3.4167571169174344, 10.247617589381147, -15.030822370691983, -1.7180959859293978, -2.8705897078786577, 0.6121848909999623, 12.49540990578048, 7.960764047393825, -5.506675112287176, -5.658893054192652]
[3.417976885052257, 10.246771381257501, -15.02999833326254, -1.7191870701284955, -2.8689009336135047, 0.6123510596974653, 12.49645412948725, 7.962041557874507, -5.508005830463544, -5.659241200524999]
[3.417976885052257, 10.246771381257501, -15.02999833326254, -1.7191870701284955, -2.8689009336135047, 0.6123510596974653, 12.49645412948725, 7.962041557874507, -5.508005830463544, -5.659241200524999]
[3.421396847628552, 10.244398827238008, -15.027688230395116, -1.722246489589349, -2.8641661028984484, 0.6128166072014766, 12.499382073360803, 7.965623583774241, -5.511736753426807, -5.660217321545714]
[3.4221267677100746, 10.243892371493825, -15.027194246945506, -1.7228986941986641, -2.8631551895121374, 0.6129170139162723, 12.500006480786121, 7.9663876002351035, -5.512533394453515, -5.6604256691625645]
[3.4219390236513547, 10.2440226396789, -15.027321325527872, -1.7227309559258743, -2.863415216147873, 0.612891165649438, 12.499845886610213, 7.966191096778673, -5.512328481392332, -5.660372079377942]
[3.4221267677100746, 10.243892371493825, -15.027194246945506, -1.7228986941986641, -2.8631551895121374, 0.6129170139162723, 12.500006480786121, 7.9663876002351035, -5.512533394453515, -5.6604256691625645]
[3.422023942830543, 10.24396372651084, -15.027263946540558, -1.7228069079166723, -2.863297641236807, 0.6129027455438857, 12.499918579083495, 7.966280030566615, -5.512421128656312, -5.660396317179224]
[3.4220445078064494, 10.243949455507437, -15.027250006621546, -1.7228252651730707, -2.863269150891873, 0.612905599218363, 12.49993615942402, 7.966301544500313, -5.512443581815752, -5.660402187575892]
[3.4220445078064494, 10.243949455507437, -15.027250006621546, -1.7228252651730707, -2.863269150891873, 0.612905599218363, 12.49993615942402, 7.966301544500313, -5.512443581815752, -5.660402187575892]
[3.422023942830543, 10.24396372651084, -15.027263946540558, -1.7228069079166723, -2.863297641236807, 0.6129027455438857, 12.499918579083495, 7.966280030566615, -5.512421128656312, -5.660396317179224]
[3.4220033778546366, 10.243977997514243, -15.027277886459567, -1.7227885506602738, -2.863326131581741, 0.6128998918694082, 12.49990099874297, 7.966258516632918, -5.512398675496871, -5.660390446782555]
[3.4220033778546366, 10.243977997514243, -15.027277886459567, -1.7227885506602738, -2.863326131581741, 0.6128998918694082, 12.49990099874297, 7.966258516632918, -5.512398675496871, -5.660390446782555]
end_values
[395346.40067103   7024.28977057]
[331514.54980597   7335.41020075]
[331193.24765156   7351.38640637]
[330833.1538604   7383.3411041]
[330552.63659527   7418.07087711]
[330223.0516152    7474.70271136]
[330221.29360109   7473.16841831]
[330223.59376068   7471.7442709 ]
[330223.59376068   7471.7442709 ]
[330222.54807017   7472.24531152]
[330222.07752977   7472.4994767 ]
[330221.85093988   7472.6291935 ]
[330221.40800141   7472.89794206]
[330220.38973318   7473.60956928]
[330219.77133016   7474.12805457]
[330219.77133016   7474.12805457]
[330219.10071445   7474.80648868]
[330218.47494379   7475.55545139]
[330218.27220052   7475.85166274]
[330218.0899847   7476.1507458]
[330218.0899847   7476.1507458]
[330217.69622906   7477.00257621]
[330217.61036408   7477.18584599]
[330217.63223416   7477.13865972]
[330217.61036408   7477.18584599]
[330217.62470781   7477.16006546]
[330217.62182734   7477.16522058]
[330217.62182734   7477.16522058]
[330217.62470781   7477.16006546]
[330217.62759414   7477.15491082]
[330217.62759414   7477.15491082]
