values
[50.50857725082843, -142.09980708319844]
[50.513452137756744, -142.10106516036163]
[50.516441882535204, -142.1021270289562]
[50.52368289908108, -142.10315357743085]
[50.52614191733479, -142.10315798715845]
[50.71190349044964, -142.1129183017375]
[50.99257072206357, -142.12092671171294]
[51.21822563296571, -142.1236103756395]
[112.2351215166985, -142.6088639136484]
[114.59201075772704, -142.84023794729313]
[117.0627399059432, -142.9997995626914]
[120.64996528188678, -143.2441823562463]
values
[50.43024153613901, -142.02235343981968]
[50.43024232361337, -142.02235493830818]
[50.43024337129138, -142.02235682058017]
[50.43024362333657, -142.0223572884055]
[50.43024469692298, -142.02235932165613]
[50.43024495168706, -142.02235976146503]
[50.430245198297854, -142.022360285301]
[50.43024535974113, -142.02236057218025]
[50.43024599393421, -142.02236169970132]
[50.4302462773252, -142.0223622624975]
[50.43024652801391, -142.02236274431226]
[50.43024702939233, -142.02236370793767]
[50.4302478577342, -142.02236520328762]
[50.43024886049679, -142.02236713050502]
[50.43024937274229, -142.02236798207224]
[50.43024943815005, -142.0223681440265]
[50.430250004942174, -142.0223692695744]
[50.43025354722572, -142.02237567849153]
[50.43025435387028, -142.02237739779105]
[50.43025481165547, -142.02237825337008]
[50.4302552694413, -142.02237910894473]
[50.430256185014805, -142.02238082008108]
[50.43026049965222, -142.0223884650173]
[50.430260762919964, -142.02238937550283]
[50.43026144961114, -142.0223906587787]
[50.43026189630962, -142.0223910702744]
[50.430266490018326, -142.0223994622422]
[50.43026717209234, -142.02240135236528]
[50.430268662253454, -142.02240382912916]
[50.430270834531655, -142.02240819590537]
[50.43027632826575, -142.02241846069555]
[50.43027895176154, -142.0224226316481]
[50.43028548468958, -142.02243556729255]
[50.430291445303205, -142.0224454720819]
[50.430292562918204, -142.02244732916301]
[50.43030013548852, -142.02246293424258]
[50.43030609607779, -142.02247283739925]
[50.430312056666324, -142.02248273995508]
[50.4303252179166, -142.02250762402815]
[50.430329439009554, -142.02251765483135]
[50.43034409173164, -142.02254500847008]
[50.430358745094736, -142.02257235767166]
[50.4303647055865, -142.0225822542975]
[50.43037066607752, -142.02259215032254]
[50.430394260731504, -142.02263433228362]
[50.43041736495755, -142.02268171010698]
[50.43043512382967, -142.02271268001311]
[50.43047064191987, -142.02277460240597]
[50.43047599507682, -142.02279099154873]
[50.4305112742305, -142.02285548594588]
[50.430546555849986, -142.0229199554631]
[50.430593286084026, -142.02300934145177]
[50.43069986105053, -142.02319470833743]
[50.43071061811527, -142.02322740738177]
[50.430805976531275, -142.0233850543452]
[50.430852736773225, -142.02347419193117]
[50.43108843343222, -142.02389847314663]
[50.43110968482232, -142.0239687766068]
[50.431229721053995, -142.02415458543732]
[50.43137104812139, -142.02441029965667]
[50.43172453835537, -142.02504784365297]
[50.43183853082722, -142.02531461210634]
[50.431888497165716, -142.02595497966936]
[50.432307582489145, -142.02621400993849]
[50.43246767019237, -142.02637858791797]
[50.43250308453474, -142.02644168302584]
[50.43261490044199, -142.02698363237687]
[50.4330700491773, -142.0274478212779]
[50.43321744884114, -142.02799234412873]
[50.43357818161409, -142.02943849089027]
[50.43394704025282, -142.0295286014109]
[50.43404594315066, -142.02970555905776]
[50.43406831424306, -142.02974356148485]
[50.43415007272152, -142.03034605921206]
[50.43416433882632, -142.03037029408532]
[50.43477472776166, -142.03042802346997]
[50.43484855050116, -142.031777600759]
[50.435493294840256, -142.03289114545274]
[50.436142630830915, -142.03409286087773]
[50.43614963935103, -142.0341043098362]
[50.436745598451566, -142.0343986555575]
[50.43740391457212, -142.03571349976468]
[50.43779339073105, -142.03642916369878]
[50.43781489841298, -142.03646563936024]
[50.43800377176982, -142.03677692639724]
[50.43822983327773, -142.0377925378852]
[50.43881583479357, -142.03817004528008]
[50.43983129046251, -142.04058991869726]
[50.440879073530795, -142.04208514868765]
[50.4410792043038, -142.04252107956898]
[50.44153080971323, -142.04264315815632]
[50.44258179422944, -142.04487288155278]
[50.443103625229156, -142.0451391567912]
[50.44360199961802, -142.04590115625874]
[50.44362645416041, -142.0459281207502]
[50.443629094890184, -142.0459458298256]
[50.44413454455375, -142.04709145928317]
[50.44415996854781, -142.04712806789996]
[50.44553122492623, -142.04880656547076]
[50.445551842290726, -142.04884387807152]
[50.44665061782415, -142.05083614316644]
[50.44759009529638, -142.0516664042045]
[50.4476198626748, -142.05183497172501]
[50.44793826927895, -142.05229644704463]
[50.448303543009985, -142.05258437318312]
[50.4483347460294, -142.0528448669371]
[50.44960804012753, -142.05459530093162]
[50.4502094548199, -142.05542067967752]
[50.450585503456345, -142.0558593821966]
[50.451476021699385, -142.05718189489457]
[50.45242385236027, -142.05783682024918]
[50.453234900954094, -142.05928228233807]
[50.45332533257993, -142.05947383656488]
[50.45358110319499, -142.05982067145462]
[50.45366122621834, -142.0599330940643]
[50.4540124850359, -142.0603487130785]
[50.455729153922164, -142.06214239542564]
[50.45606660227267, -142.06285246542433]
[50.45749020547898, -142.06458446012917]
[50.45913828809119, -142.06656963296732]
[50.459409920813094, -142.06689061000645]
[50.45950727992313, -142.0669659920237]
[50.46095368206698, -142.06849241456968]
[50.46145079047507, -142.06922930824405]
[50.46179200317182, -142.06956807227687]
[50.46209655626009, -142.06992618268728]
[50.46223406250617, -142.0701116196746]
[50.462654270499684, -142.07063076614864]
[50.4630032957938, -142.0710120875217]
[50.46401782258769, -142.0721253529039]
[50.464441015347745, -142.07249920728003]
[50.46475919005367, -142.07287114530277]
[50.46595164320316, -142.07390391796835]
[50.46636811592056, -142.07453622178096]
[50.46658842919243, -142.0748461549211]
[50.46679081365865, -142.07494462796282]
[50.46705416265846, -142.07517239544632]
[50.46759996927125, -142.07571740179438]
[50.468524256833305, -142.07687102517792]
[50.46926624837978, -142.0774987130219]
[50.47055394768899, -142.0788162587688]
[50.470672976537365, -142.07895904534735]
[50.47089876816921, -142.07922265614977]
[50.47279133326037, -142.08078634147336]
[50.472812270529836, -142.0810891181655]
[50.47310164099356, -142.08111712746557]
[50.473114236313634, -142.08112850493237]
[50.47455864280042, -142.08251819115102]
[50.47508093366723, -142.08341001413177]
[50.475860928246824, -142.08409676120553]
[50.4758737318045, -142.08418051568302]
[50.47611075171948, -142.08430225127773]
[50.47635716875699, -142.0847702635341]
[50.47680681326564, -142.08487948852317]
[50.47713459555608, -142.0851628868456]
[50.47757179884388, -142.0855933090397]
[50.478747556839636, -142.08670879016606]
[50.47891778353218, -142.08702639545712]
[50.47927821523808, -142.08709156875193]
[50.479694656425515, -142.0877106250659]
[50.480681270560254, -142.08803992290743]
[50.48081139423333, -142.08846581293005]
[50.481842748665606, -142.08945503725963]
[50.482549824112496, -142.0897635080647]
[50.4827494344416, -142.09015253536126]
[50.48327490577458, -142.09055128209525]
[50.483999262415765, -142.0908897844226]
[50.48405642133958, -142.09120072807625]
[50.484796796203156, -142.09163959937604]
[50.48618016977805, -142.0925421116853]
[50.48626070194621, -142.09304945172917]
[50.487049900900644, -142.09343020797934]
[50.48807839967682, -142.0944154883267]
[50.48845347005489, -142.09459669897916]
[50.488850617983985, -142.09502639075868]
[50.490776122514085, -142.0965096961034]
[50.49131342000959, -142.0966086719682]
[50.491639943403754, -142.09674729157823]
[50.49179410443985, -142.09702808029925]
[50.49295723823337, -142.0978037634651]
[50.49303397500137, -142.09813660047126]
[50.49357867661483, -142.0984313887206]
[50.49372661430505, -142.09851404880615]
[50.49392304199501, -142.0986186636556]
[50.4949885975152, -142.099167899953]
[50.49591873894414, -142.10005409689572]
[50.496696549010416, -142.10020180442146]
[50.49780341572058, -142.10060858739485]
[50.49859419184516, -142.10070528765664]
[50.4986500607725, -142.10179354599256]
[50.49895178840496, -142.1020334424186]
[50.49974237932724, -142.1026152775519]
[50.50047748912675, -142.10327801890557]
[50.502032733296204, -142.10383414102313]
[50.50237664031803, -142.1039284365145]
[50.50239593594376, -142.1039582374907]
[50.50308098490824, -142.10409779446002]
[50.503158939937165, -142.10432014549065]
[50.504568920364385, -142.10502345045236]
[50.50594863079195, -142.10534414153116]
[50.506843330482596, -142.106450003125]
[50.507265582941486, -142.1065178996797]
[50.507888362679566, -142.10673369038466]
[50.5081954709803, -142.10684775092497]
[50.50871271639655, -142.10752445096648]
[50.50933101388794, -142.10754701567683]
[50.50988164113059, -142.10804461125846]
[50.51049453565513, -142.10820238273467]
[50.51087426398407, -142.1083228044084]
[50.51118632929946, -142.1087249850654]
[50.51239551173403, -142.10917743702572]
[50.51281285138073, -142.10943632163477]
[50.514023034937864, -142.10993282909453]
[50.51455013616153, -142.11027353032438]
[50.515431447556224, -142.11051082361917]
[50.51552876356176, -142.11059653069563]
[50.51584717785737, -142.1106014513264]
[50.51648484516583, -142.11070534416658]
[50.51678520472481, -142.11104067340366]
[50.51783521001461, -142.11155494191405]
[50.51787711726166, -142.11155786149075]
[50.518752020652784, -142.11192407796008]
[50.51913552554626, -142.11202891903977]
[50.52043159371607, -142.11262872579104]
[50.521876727425465, -142.11313474619215]
[50.52204101627299, -142.11321093723274]
[50.522245910834044, -142.11325023715455]
[50.52373979675895, -142.1136813489139]
[50.52551249203232, -142.11431540336932]
[50.52841960511941, -142.1152622878564]
[50.530362968675306, -142.11539471308038]
[50.53071639924569, -142.11564807826753]
[50.53149541528913, -142.11605086972247]
[50.531899794087295, -142.1161066164618]
[50.531965916452485, -142.11613953913374]
[50.53254812576817, -142.11617722890895]
[50.533768263344385, -142.1165387681977]
[50.53451829632291, -142.11658027042122]
[50.53470241655293, -142.1166213449357]
[50.53530579658093, -142.11685763686134]
[50.53629827250635, -142.11693663590836]
[50.536302938558414, -142.11712651652763]
[50.53829290256931, -142.11729090281747]
[50.53889125039306, -142.1173885496469]
[50.53956337041798, -142.11777624315914]
[50.54096762433993, -142.11797747329697]
[50.54269840546592, -142.11823845527942]
[50.542820521454516, -142.11825281435796]
[50.54306475112133, -142.11828087353965]
[50.54355320121057, -142.11833435601815]
[50.54411433033751, -142.1184462608472]
[50.54565224425998, -142.1186421239514]
[50.54728035600539, -142.11879511847528]
[50.54752452765343, -142.11880967857311]
[50.54869592931989, -142.1189333114188]
[50.54968358844891, -142.11899278624318]
[50.5517391112452, -142.11913000389575]
[50.55336668488985, -142.11918501614832]
[50.55576912193668, -142.11922603734692]
[50.55607475410146, -142.11926337551307]
[50.99257072206357, -142.12092671171294]
[51.15254298242016, -142.12356025650283]
[51.21822563296571, -142.1236103756395]
[112.2351215166985, -142.6088639136484]
[114.59201075772704, -142.84023794729313]
[117.0627399059432, -142.9997995626914]
[119.08079415755975, -143.2967356216809]
values
[50.430241536138986, -142.02235343981965]
[50.43024153613901, -142.02235343981968]
[50.430241536139036, -142.0223534398197]
[50.43024153613905, -142.02235343981974]
[50.43024153613908, -142.02235343981977]
[50.43024153613909, -142.02235343981982]
[50.430241536139135, -142.02235343981988]
[50.43024153613916, -142.0223534398199]
[50.43024153614117, -142.0223534398237]
[50.430241536141466, -142.02235343982423]
[50.43024153614333, -142.0223534398277]
[50.43024153614374, -142.02235343982846]
[50.430241536143896, -142.02235343982875]
[50.43024153614763, -142.02235343983574]
[50.43024153614875, -142.02235343983781]
[50.4302415361509, -142.02235343984182]
[50.43024153615151, -142.0223534398429]
[50.43024153615215, -142.02235343984412]
[50.43024153615306, -142.0223534398458]
[50.43024153615578, -142.0223534398509]
[50.430241536156856, -142.02235343985288]
[50.43024153615717, -142.02235343985345]
[50.43024153615747, -142.02235343985407]
[50.43024153615776, -142.02235343985453]
[50.430241536160075, -142.02235343985888]
[50.430241536160864, -142.02235343986032]
[50.43024153616524, -142.02235343986848]
[50.4302415361671, -142.02235343987195]
[50.43024153616895, -142.0223534398754]
[50.43024153617101, -142.0223534398792]
[50.43024153617122, -142.02235343987965]
[50.43024153617179, -142.02235343988065]
[50.4302415361749, -142.02235343988644]
[50.43024153617645, -142.02235343988937]
[50.43024153618116, -142.02235343989807]
[50.43024153618583, -142.0223534399068]
[50.43024153618896, -142.02235343991262]
[50.43024153619234, -142.0223534399189]
[50.43024153620455, -142.02235343994164]
[50.430241536213934, -142.02235343995906]
[50.43024153621887, -142.02235343996827]
[50.430241536220166, -142.0223534399707]
[50.430241536220706, -142.02235343997168]
[50.430241536223285, -142.02235343997648]
[50.43024153622642, -142.02235343998228]
[50.43024153623263, -142.0223534399939]
[50.430241536238896, -142.0223534400055]
[50.43024153625138, -142.02235344002875]
[50.43024153625764, -142.02235344004035]
[50.4302415362701, -142.0223534400636]
[50.430241536279475, -142.022353440081]
[50.430241536280576, -142.022353440083]
[50.43024153628885, -142.02235344009844]
[50.43024153630553, -142.02235344012948]
[50.43024153631384, -142.02235344014488]
[50.43024153632632, -142.02235344016813]
[50.4302415363388, -142.02235344019135]
[50.4302415363472, -142.02235344020698]
[50.430241536363766, -142.02235344023782]
[50.43024153643866, -142.0223534403772]
[50.430241536492936, -142.02235344047816]
[50.43024153653856, -142.02235344056305]
[50.430241536540734, -142.02235344056706]
[50.43024153656782, -142.02235344061754]
[50.43024153657157, -142.0223534406244]
[50.43024153660453, -142.02235344068578]
[50.43024153663845, -142.02235344074887]
[50.43024153667048, -142.0223534408085]
[50.43024153667237, -142.02235344081197]
[50.43024153669701, -142.02235344085787]
[50.430241536738336, -142.02235344093472]
[50.43024153680337, -142.02235344105569]
[50.43024153680555, -142.02235344105978]
[50.43024153693624, -142.0223534413029]
[50.43024153693718, -142.02235344130463]
[50.43024153693812, -142.0223534413064]
[50.43024153693907, -142.02235344130813]
[50.430241537135544, -142.02235344167372]
[50.43024153720198, -142.0223534417973]
[50.43024153746774, -142.02235344229172]
[50.4302415374721, -142.02235344229987]
[50.43024153749583, -142.02235344234398]
[50.43024153773723, -142.0223534427931]
[50.430241537803816, -142.022353442917]
[50.430241537866365, -142.02235344303332]
[50.4302415380011, -142.02235344328403]
[50.430241538264966, -142.02235344377496]
[50.43024153826997, -142.02235344378425]
[50.43024153880272, -142.0223534447754]
[50.43024153898027, -142.02235344510578]
[50.43024153906907, -142.02235344527097]
[50.43024153932794, -142.02235344575257]
[50.430241539335455, -142.02235344576653]
[50.43024153933669, -142.02235344576886]
[50.43024153968561, -142.022353446418]
[50.43024153986319, -142.02235344674838]
[50.43024154004327, -142.0223534470834]
[50.43024154039091, -142.0223534477302]
[50.430241540400935, -142.02235344774883]
[50.43024154093367, -142.02235344873995]
[50.43024154251688, -142.02235345168546]
[50.43024154253189, -142.0223534517134]
[50.4302415432422, -142.02235345303492]
[50.43024154358736, -142.02235345367706]
[50.43024154464286, -142.02235345564074]
[50.430241545713315, -142.02235345763233]
[50.430241545728336, -142.02235345766024]
[50.43024154750413, -142.02235346096407]
[50.43024154751161, -142.02235346097802]
[50.43024154890476, -142.02235346356986]
[50.430241550345414, -142.02235346625017]
[50.430241553186676, -142.02235347153623]
[50.43024155598795, -142.0223534767479]
[50.43024155604297, -142.02235347685027]
[50.43024155654819, -142.0223534777902]
[50.43024155886924, -142.02235348210843]
[50.43024155889928, -142.02235348216428]
[50.43024156175054, -142.022353487469]
[50.430241565912425, -142.022353495212]
[50.43024156879373, -142.02235350057254]
[50.43024157023439, -142.02235350325282]
[50.43024157695739, -142.02235351576076]
[50.43024157807791, -142.0223535178454]
[50.43024157881824, -142.02235351922278]
[50.43024158159949, -142.0223535243972]
[50.43024158736209, -142.02235353511827]
[50.43024159204421, -142.02235354382915]
[50.4302415976067, -142.02235355417798]
[50.430241601448444, -142.0223535613254]
[50.43024160280906, -142.02235356385674]
[50.43024160336931, -142.02235356489908]
[50.43024160529019, -142.02235356847277]
[50.43024161297362, -142.02235358276755]
[50.43024162754021, -142.02235360986808]
[50.43024163410316, -142.02235362207819]
[50.430241635063595, -142.02235362386506]
[50.430241636024036, -142.02235362565187]
[50.430241636824405, -142.02235362714092]
[50.43024163794489, -142.0223536292256]
[50.430241638585194, -142.02235363041683]
[50.43024164370752, -142.0223536399467]
[50.4302416488298, -142.0223536494765]
[50.430241659074426, -142.02235366853623]
[50.430241666757894, -142.02235368283098]
[50.43024167059963, -142.0223536899784]
[50.430241674441355, -142.02235369712577]
[50.430241689808284, -142.02235372571533]
[50.43024169236943, -142.02235373048023]
[50.43024169749175, -142.0223537400101]
[50.43024170005289, -142.022353744775]
[50.43024170901695, -142.02235376145222]
[50.430241715419825, -142.02235377336453]
[50.43024172054212, -142.02235378289436]
[50.43024173334791, -142.02235380671897]
[50.4302417410314, -142.02235382101375]
[50.43024176152063, -142.02235385913312]
[50.43024178200989, -142.02235389725246]
[50.430241822988364, -142.02235397349114]
[50.43024185372224, -142.0223540306701]
[50.43024186396687, -142.02235404972976]
[50.43024190494535, -142.02235412596838]
[50.43024194592388, -142.02235420220694]
[50.43024196641316, -142.02235424032622]
[50.43024202788092, -142.02235435468398]
[50.43024206885945, -142.02235443092246]
[50.430242191795045, -142.02235465963767]
[50.43024225326285, -142.02235477399515]
[50.430242273752114, -142.0223548121143]
[50.43024231473067, -142.02235488835254]
[50.43024232361337, -142.02235493830818]
[50.43024235570921, -142.02235496459076]
[50.430242519623484, -142.02235526954334]
[50.43024268353783, -142.02235557449535]
[50.430242765495, -142.02235572697114]
[50.4302427886986, -142.02235577086185]
[50.43024284745223, -142.02235587944682]
[50.43024337129138, -142.02235682058017]
[50.43024341498001, -142.02235693637087]
[50.430243444356876, -142.02235699066298]
[50.43024350311057, -142.02235709924716]
[50.43024362333657, -142.0223572884055]
[50.43024376503041, -142.0223575698111]
[50.430244026631314, -142.02235814814946]
[50.43024469692298, -142.02235932165613]
[50.43024495168706, -142.02235976146503]
[50.430245198297854, -142.022360285301]
[50.43024535974113, -142.02236057218025]
[50.43024599393421, -142.02236169970132]
[50.4302462773252, -142.0223622624975]
[50.43024652801391, -142.02236274431226]
[50.43024702939233, -142.02236370793767]
[50.4302478577342, -142.02236520328762]
[50.430248107173995, -142.0223655760171]
[50.43024886049679, -142.02236713050502]
[50.43024937274229, -142.02236798207224]
[50.43024943815005, -142.0223681440265]
[50.430250004942174, -142.0223692695744]
[50.43025271128332, -142.02237405236002]
[50.43025354722572, -142.02237567849153]
[50.43025435387028, -142.02237739779105]
[50.43025481165547, -142.02237825337008]
[50.4302552694413, -142.02237910894473]
[50.430256185014805, -142.02238082008108]
[50.43026049965222, -142.0223884650173]
[50.430260762919964, -142.02238937550283]
[50.43026144961114, -142.0223906587787]
[50.43026189630962, -142.0223910702744]
[50.430266490018326, -142.0223994622422]
[50.43026717209234, -142.02240135236528]
[50.430268662253454, -142.02240382912916]
[50.430270834531655, -142.02240819590537]
[50.43027632826575, -142.02241846069555]
[50.43027895176154, -142.0224226316481]
[50.43028548468958, -142.02243556729255]
[50.430291445303205, -142.0224454720819]
[50.430292562918204, -142.02244732916301]
[50.43030013548852, -142.02246293424258]
[50.43030609607779, -142.02247283739925]
[50.430312056666324, -142.02248273995508]
[50.4303252179166, -142.02250762402815]
[50.430329439009554, -142.02251765483135]
[50.43034409173164, -142.02254500847008]
[50.430358745094736, -142.02257235767166]
[50.4303647055865, -142.0225822542975]
[50.43037066607752, -142.02259215032254]
[50.430394260731504, -142.02263433228362]
[50.43041736495755, -142.02268171010698]
[50.43043512382967, -142.02271268001311]
[50.43047064191987, -142.02277460240597]
[50.43047599507682, -142.02279099154873]
[50.4305112742305, -142.02285548594588]
[50.430546555849986, -142.0229199554631]
[50.430593286084026, -142.02300934145177]
[50.43069986105053, -142.02319470833743]
[50.43071061811527, -142.02322740738177]
[50.430805976531275, -142.0233850543452]
[50.430852736773225, -142.02347419193117]
[50.43108843343222, -142.02389847314663]
[50.43110968482232, -142.0239687766068]
[50.431229721053995, -142.02415458543732]
[50.43137104812139, -142.02441029965667]
[50.43172453835537, -142.02504784365297]
[50.43183853082722, -142.02531461210634]
[50.43187819209468, -142.02593657654077]
[50.43187819209575, -142.02593657654273]
[50.43187819209793, -142.02593657654663]
[50.43187819210448, -142.0259365765584]
[50.43187819222018, -142.0259365767662]
[50.431878192619244, -142.02593657748295]
[50.431878856377374, -142.02593776960168]
[50.43188038863007, -142.02594058529073]
[50.431888497165716, -142.02595497966936]
[50.432210081701115, -142.02651701610947]
[50.43226855897211, -142.0265657192633]
[50.43226862125583, -142.0265658307104]
[50.43261490044199, -142.02698363237687]
[50.4330700491773, -142.0274478212779]
[50.43321744884114, -142.02799234412873]
[50.43357818161409, -142.02943849089027]
[50.43391386343164, -142.03000646946484]
[50.433913863447, -142.03000646949135]
[50.43391386345233, -142.03000646950053]
[50.43391386350725, -142.03000646959532]
[50.43391386353582, -142.03000646964463]
[50.43391386375028, -142.0300064700147]
[50.43391386375667, -142.0300064700258]
[50.43391386396628, -142.03000647038755]
[50.433913864595624, -142.0300064714737]
[50.43396849423286, -142.03005342656823]
[50.43396854418043, -142.03005351281197]
[50.43396855732455, -142.03005353550768]
[50.43396867036385, -142.03005373069064]
[50.433969301281564, -142.03005482007944]
[50.43396957467957, -142.0300552921455]
[50.43397449782448, -142.03006372985428]
[50.43402581030702, -142.03019537603666]
[50.434025811673656, -142.0301953783919]
[50.43402581181081, -142.0301953786283]
[50.434025812768596, -142.03019538027888]
[50.43402581760315, -142.0301953886106]
[50.43402582090239, -142.0301953942964]
[50.43402582819985, -142.0301954068726]
[50.43402584345762, -142.03019543316736]
[50.43402584575992, -142.03019543713503]
[50.43402586002588, -142.03019546172052]
[50.4340258892978, -142.03019551216678]
[50.43415007272152, -142.03034605921206]
[50.43416433882632, -142.03037029408532]
[50.43424976976361, -142.03057253615415]
[50.43424976977708, -142.03057253617732]
[50.43424977414426, -142.030572543682]
[50.434473893429505, -142.03094895698914]
[50.43484007900629, -142.0317633062047]
[50.43484855050116, -142.031777600759]
[50.43485393897899, -142.0317866182578]
[50.43534148040192, -142.03285918720493]
[50.435493294840256, -142.03289114545274]
[50.436020647596166, -142.03396831207257]
[50.43602064759619, -142.0339683120726]
[50.43602064759841, -142.03396831207627]
[50.43602064762344, -142.0339683121178]
[50.436020647627316, -142.0339683121242]
[50.43602064763963, -142.03396831214462]
[50.43602064768503, -142.03396831221988]
[50.43602064772621, -142.03396831228812]
[50.43602064830239, -142.03396831324318]
[50.43602064901729, -142.03396831442814]
[50.43602064939857, -142.03396831506012]
[50.43602065795619, -142.0339683292448]
[50.43613412324794, -142.03407876218495]
[50.436142630830915, -142.03409286087773]
[50.43614963935103, -142.0341043098362]
[50.43624730041481, -142.03433642744352]
[50.43624731996255, -142.0343364597503]
[50.43624734263627, -142.03433649722336]
[50.43624753069476, -142.03433680802922]
[50.436474102754985, -142.03470377467718]
[50.43703072176171, -142.03573012031669]
[50.43779339073105, -142.03642916369878]
[50.43781489841298, -142.03646563936024]
[50.437854804258066, -142.03728287591176]
[50.43795103411769, -142.03737426517975]
[50.43808392098114, -142.03764258488317]
[50.43822983327773, -142.0377925378852]
[50.438657315457206, -142.03853840433658]
[50.43975221208632, -142.04051622995354]
[50.43975221349788, -142.04051623212777]
[50.43975221350545, -142.04051623213942]
[50.43983129046251, -142.04058991869726]
[50.4398361733291, -142.040597436213]
[50.43998379535637, -142.04086754692912]
[50.43998382999975, -142.04086760012945]
[50.440879073530795, -142.04208514868765]
[50.44091156762532, -142.04226499856833]
[50.4410792043038, -142.04252107956898]
[50.44153080971323, -142.04264315815632]
[50.4419870942403, -142.04390387987303]
[50.44241561378074, -142.0446951107831]
[50.44258179422944, -142.04487288155278]
[50.44288462909897, -142.04537535885754]
[50.44288463464619, -142.04537536696225]
[50.44288469982591, -142.04537546219223]
[50.44288477050952, -142.0453755654635]
[50.4428847958322, -142.04537560246084]
[50.44288480141732, -142.0453756106209]
[50.44288480430199, -142.0453756148355]
[50.44288480487825, -142.04537561567744]
[50.44288480587504, -142.04537561713377]
[50.442884806418064, -142.04537561792716]
[50.44288480658084, -142.04537561816497]
[50.4428848066097, -142.04537561820717]
[50.443236822798596, -142.04588356421982]
[50.44360199961802, -142.04590115625874]
[50.44362645416041, -142.0459281207502]
[50.443629094890184, -142.0459458298256]
[50.4439786150975, -142.0469730745371]
[50.44413454455375, -142.04709145928317]
[50.44415996854781, -142.04712806789996]
[50.4441634586578, -142.04713309150682]
[50.444372334136055, -142.0475197567021]
[50.44444700146573, -142.04774115053087]
[50.44444700148483, -142.04774115055787]
[50.44444700149495, -142.0477411505722]
[50.444599779578525, -142.0479157419123]
[50.444683975599034, -142.04807339114444]
[50.44476009485568, -142.04816101124274]
[50.44553122492623, -142.04880656547076]
[50.445551842290726, -142.04884387807152]
[50.445633043277745, -142.04939410814274]
[50.44587051584483, -142.0497221039046]
[50.44665061782415, -142.05083614316644]
[50.4466607720855, -142.05084999604776]
[50.44666505502182, -142.0508558381644]
[50.44726031493009, -142.0516752502898]
[50.4476198626748, -142.05183497172501]
[50.44774017623324, -142.05231742648903]
[50.44774017634656, -142.05231742664088]
[50.4477401764807, -142.05231742682062]
[50.447740176497746, -142.05231742684344]
[50.447740176540705, -142.05231742690103]
[50.44774017654191, -142.05231742690262]
[50.447740176543114, -142.05231742690424]
[50.44780888264732, -142.05240345498743]
[50.447808906798045, -142.05240348737166]
[50.447808937164, -142.05240352809008]
[50.44798014132326, -142.0526370867394]
[50.4479801523903, -142.05263710151874]
[50.44798016340801, -142.0526371162322]
[50.44810019011717, -142.0527966371931]
[50.4483347460294, -142.0528448669371]
[50.44854683865174, -142.0533897235105]
[50.44894127955246, -142.05390761394293]
[50.44950431588414, -142.0543777825399]
[50.44960804012753, -142.05459530093162]
[50.4502094548199, -142.05542067967752]
[50.450585503456345, -142.0558593821966]
[50.450638223116975, -142.05609115823117]
[50.451123920616965, -142.05670798805266]
[50.451223627049245, -142.05685621671364]
[50.451476021699385, -142.05718189489457]
[50.45151862900263, -142.0572103719188]
[50.45234025293988, -142.05823564354432]
[50.45257398691162, -142.0584901472776]
[50.453234900954094, -142.05928228233807]
[50.45332533257993, -142.05947383656488]
[50.45358110319499, -142.05982067145462]
[50.45366122621834, -142.0599330940643]
[50.4540124850359, -142.0603487130785]
[50.45446541369056, -142.06094131909467]
[50.45496775063077, -142.06135510943884]
[50.45508420140668, -142.06170522848495]
[50.455424186754826, -142.06212209676795]
[50.455729153922164, -142.06214239542564]
[50.45606660227267, -142.06285246542433]
[50.45669616506909, -142.0636314768809]
[50.456778352495846, -142.06372822059203]
[50.45749020547898, -142.06458446012917]
[50.45760720353944, -142.06471156904433]
[50.45761494138936, -142.06474834628392]
[50.458183179641296, -142.06540730381548]
[50.45839651722753, -142.06563350050445]
[50.45847918505391, -142.06572812356407]
[50.458598382454795, -142.06590702116284]
[50.458874414310884, -142.06623939526423]
[50.45913828809119, -142.06656963296732]
[50.459409920813094, -142.06689061000645]
[50.45950727992313, -142.0669659920237]
[50.460448662874605, -142.06810699230556]
[50.46064461776319, -142.06833420670532]
[50.46095368206698, -142.06849241456968]
[50.46101875664453, -142.06852355673263]
[50.461064479623396, -142.06881716278343]
[50.46122544351266, -142.06900074043486]
[50.46145079047507, -142.06922930824405]
[50.461705830851386, -142.06954817907388]
[50.46179200317182, -142.06956807227687]
[50.4617984267032, -142.06965250898375]
[50.46190895391116, -142.0697806647823]
[50.46209655626009, -142.06992618268728]
[50.46223406250617, -142.0701116196746]
[50.462279567961176, -142.07019604637833]
[50.462654270499684, -142.07063076614864]
[50.4630032957938, -142.0710120875217]
[50.46316433024023, -142.07105889733128]
[50.46317687251273, -142.07115313151195]
[50.4636013892497, -142.07161932738205]
[50.46401782258769, -142.0721253529039]
[50.464107664704954, -142.07224068311476]
[50.46437320515382, -142.0724559050443]
[50.464441015347745, -142.07249920728003]
[50.46446826875725, -142.0725561035311]
[50.46448329388176, -142.07258890053347]
[50.46475919005367, -142.07287114530277]
[50.46487675586546, -142.0730023051985]
[50.46497489393863, -142.07320598115936]
[50.46530248342567, -142.0734580946227]
[50.46595164320316, -142.07390391796835]
[50.466160664246715, -142.07448795616583]
[50.46636811592056, -142.07453622178096]
[50.46658842919243, -142.0748461549211]
[50.46679081365865, -142.07494462796282]
[50.46705416265846, -142.07517239544632]
[50.46736499402326, -142.07579421435548]
[50.46792876227239, -142.076085254132]
[50.468098000470704, -142.07625093165217]
[50.46822106339082, -142.07637556263006]
[50.468293018859896, -142.0764316158472]
[50.46838982059235, -142.07687615617044]
[50.46905654573726, -142.07744045901234]
[50.46926624837978, -142.0774987130219]
[50.47050468252125, -142.07896694635988]
[50.47075198707395, -142.07920696171152]
[50.47089876816921, -142.07922265614977]
[50.47099482513477, -142.07924705272546]
[50.471263272841526, -142.07928054712002]
[50.47208453507406, -142.08030250198908]
[50.47279133326037, -142.08078634147336]
[50.472812270529836, -142.0810891181655]
[50.47310164099356, -142.08111712746557]
[50.473114236313634, -142.08112850493237]
[50.47402079643348, -142.08259271178724]
[50.474860965961675, -142.08339799077163]
[50.47508093366723, -142.08341001413177]
[50.47542438409195, -142.083925108525]
[50.4755147522888, -142.08403920022164]
[50.4756102785194, -142.0840952987688]
[50.475860928246824, -142.08409676120553]
[50.4758737318045, -142.08418051568302]
[50.47587896620536, -142.08436156817595]
[50.47635716875699, -142.0847702635341]
[50.47674183877753, -142.08512771346759]
[50.47700863553047, -142.0854561340208]
[50.47757179884388, -142.0855933090397]
[50.47785063444181, -142.0860907099312]
[50.47792883216468, -142.08629798459742]
[50.4786628828759, -142.0869553302454]
[50.47891778353218, -142.08702639545712]
[50.47927821523808, -142.08709156875193]
[50.479694656425515, -142.0877106250659]
[50.48038979753979, -142.088389833683]
[50.48063711952227, -142.08859419174286]
[50.4808352736092, -142.0889364836099]
[50.48099626752034, -142.08907251311987]
[50.48132256503829, -142.08918329969785]
[50.481675573689614, -142.08966122301445]
[50.482179660345196, -142.09007347114732]
[50.48235531897842, -142.09024333753632]
[50.48286936932908, -142.09070071867657]
[50.48336791468475, -142.09108591551544]
[50.48390236894409, -142.0915929151101]
[50.48422286830292, -142.09167826874238]
[50.48438799414603, -142.09180535173235]
[50.48474236849454, -142.09228153042216]
[50.48494715887236, -142.09230417971875]
[50.485259782801684, -142.0924518999851]
[50.485412299607326, -142.09275212089153]
[50.485759780953494, -142.0929062551652]
[50.485898821352976, -142.0929971519199]
[50.48593605148169, -142.09327268290585]
[50.486736304183296, -142.09378440421233]
[50.48746836727095, -142.09436348968248]
[50.487728155636454, -142.09471663351192]
[50.487808729220994, -142.09477639063098]
[50.488488057446915, -142.09530098006252]
[50.48856882354606, -142.09535978551114]
[50.48865394297697, -142.09540634280856]
[50.48893328871587, -142.09560604576507]
[50.489387515247444, -142.09596167637127]
[50.48972948210444, -142.0962208593346]
[50.48984173283617, -142.096314654932]
[50.489954969175244, -142.0964723003633]
[50.490590093543645, -142.09683090592614]
[50.49179410443985, -142.09702808029925]
[50.49186711978995, -142.09790343552714]
[50.492117417426584, -142.0980320833776]
[50.49254307018476, -142.09829505969284]
[50.492598764604146, -142.09837076762582]
[50.49274690572532, -142.09852503471495]
[50.49282752973215, -142.09857874286448]
[50.49335976805834, -142.09899500927273]
[50.493520443471404, -142.09910097329902]
[50.49377922752903, -142.09928489741208]
[50.49394509564365, -142.0994141350017]
[50.49433021815821, -142.09961197770795]
[50.494463856418065, -142.09963212456995]
[50.494619052594075, -142.09985687381246]
[50.494849035950466, -142.0998954913514]
[50.49527166580961, -142.10033816372945]
[50.49558030658339, -142.10049781115728]
[50.495719130912505, -142.10059530015178]
[50.49597818769565, -142.10077123706148]
[50.496655327154755, -142.10121006820444]
[50.49676402921034, -142.10136188775016]
[50.497005192153956, -142.10150836930458]
[50.49780823738717, -142.1017892346818]
[50.49836303148744, -142.1023784080406]
[50.49854837251552, -142.10240254740987]
[50.49886272138715, -142.10240950570065]
[50.49904260833933, -142.1028035378681]
[50.499301502074516, -142.10282087362907]
[50.49952464799574, -142.10288263872252]
[50.499630385444064, -142.10304223979892]
[50.499810332566724, -142.1032963849492]
[50.50001526804576, -142.10336335166423]
[50.5000553423029, -142.10340696850048]
[50.50048392761695, -142.10369017051798]
[50.500562765073056, -142.10370294600833]
[50.50074829260362, -142.10391108383175]
[50.50091455359248, -142.10397556361653]
[50.50125456320359, -142.10417681969824]
[50.50132086871704, -142.10429939418447]
[50.501681220005, -142.1043548316017]
[50.50218745924639, -142.10475283175404]
[50.5024355358445, -142.1048241862612]
[50.50248982715925, -142.10482845626922]
[50.502783223540064, -142.10509121499805]
[50.50320831049725, -142.1052495689262]
[50.50360598054267, -142.10562709074145]
[50.50409010462433, -142.1057342423838]
[50.504139125580274, -142.10583263628232]
[50.50472285438015, -142.10584230061355]
[50.50472375687886, -142.10630283175817]
[50.50500492114497, -142.1064401574411]
[50.50576944591055, -142.10648851552813]
[50.506080223164474, -142.10699560125926]
[50.50612073836368, -142.10702086355892]
[50.506362147940905, -142.10715984202477]
[50.50644287676576, -142.10719714834846]
[50.506617120264586, -142.10727621364768]
[50.506839821814296, -142.10746455055576]
[50.50704141781834, -142.10750979648944]
[50.50812177555329, -142.10781266646606]
[50.508148901703805, -142.1079897972114]
[50.50815974216786, -142.10815217704922]
[50.5084162681874, -142.1082408318926]
[50.50859932803631, -142.10833318353053]
[50.509121875482336, -142.10847603615287]
[50.50915386962792, -142.10848021765946]
[50.50923832095175, -142.10871144056273]
[50.509664752300495, -142.10872469759354]
[50.50967991291151, -142.10887235097698]
[50.50976079504441, -142.1089056377215]
[50.50996194753252, -142.10899389956856]
[50.51003380239345, -142.10904379337848]
[50.51042843785979, -142.1092586680914]
[50.51058074794939, -142.10937278306042]
[50.510800065218504, -142.10945555448103]
[50.511033908592196, -142.10948337762866]
[50.5112062975913, -142.10968486065838]
[50.51163048718035, -142.10989159226142]
[50.512126517645214, -142.11006145228575]
[50.51248696725702, -142.11007930921272]
[50.51262070185838, -142.11013976276695]
[50.5129896056955, -142.1105159072726]
[50.513579578532486, -142.11067849381658]
[50.51364330148496, -142.11080955309407]
[50.51373469447782, -142.11084936439107]
[50.51386243219167, -142.11088203100437]
[50.5143093787911, -142.11088718101388]
[50.51436066437719, -142.1111356428383]
[50.514682461520906, -142.1112362328983]
[50.5148629449184, -142.1112844128301]
[50.51503169979132, -142.1114230343714]
[50.51522005785234, -142.11143471791684]
[50.51527282883947, -142.11150356008295]
[50.51580937211487, -142.11165137036562]
[50.51617017089029, -142.11183595649234]
[50.516259118984806, -142.11190380727427]
[50.51652158610926, -142.11204180056515]
[50.51662574279539, -142.11207769750624]
[50.5167693820577, -142.11208032370305]
[50.517886222404584, -142.1123541061197]
[50.51815047005627, -142.11268045594258]
[50.51896898282596, -142.11296462478555]
[50.51938349552043, -142.1130937043362]
[50.51979279252525, -142.11329880374979]
[50.519982608145554, -142.11331222844018]
[50.52055924156119, -142.11358065258068]
[50.520638447194855, -142.11359975775463]
[50.5207752974687, -142.1136764517434]
[50.52092276532218, -142.1137352272681]
[50.52149991376446, -142.11380434022317]
[50.52161855852938, -142.1139658201642]
[50.52234107426179, -142.11425231577138]
[50.523030469043675, -142.1143439630378]
[50.523091353926354, -142.1144819150691]
[50.523358762022255, -142.11454221902548]
[50.52378733304762, -142.11455792436496]
[50.52388907052225, -142.1145734117432]
[50.52433714492744, -142.11475223625982]
[50.5249204489586, -142.1149158109299]
[50.52517517862584, -142.11517595498754]
[50.52561330545625, -142.11521707724492]
[50.52604374922535, -142.1152442916478]
[50.52651026057927, -142.11548017801005]
[50.52671380344252, -142.11553958795608]
[50.527396159595234, -142.1156402835112]
[50.52748712109708, -142.1157718730763]
[50.527849865871104, -142.1159258622021]
[50.52815118362223, -142.11600889180696]
[50.52917606627214, -142.1162409067046]
[50.52936108635788, -142.1163012892958]
[50.52965981809135, -142.11637930395116]
[50.530209487031016, -142.1165179197339]
[50.53063413562768, -142.1165997818036]
[50.531034024613604, -142.11671798811983]
[50.5311161378293, -142.11672810878568]
[50.531268987131625, -142.11675113123286]
[50.53178851052567, -142.1168675591161]
[50.5322207423527, -142.1169497206553]
[50.53287857469474, -142.1170975574989]
[50.53311183460768, -142.11714686160215]
[50.53381961375723, -142.1173055204516]
[50.53435081851991, -142.1173637919541]
[50.534562920597935, -142.11743567771225]
[50.53532668446049, -142.11751274493093]
[50.53539179406563, -142.1175978100357]
[50.536267570809585, -142.11769418691188]
[50.53745629218362, -142.117847143731]
[50.537535814712726, -142.1178945934053]
[50.538370212748745, -142.11794854435115]
[50.538772141695176, -142.117958890949]
[50.53901603511149, -142.11800139684632]
[50.53910565784801, -142.1180414883508]
[50.53928059845571, -142.118201238743]
[50.53966949837417, -142.11824338878787]
[50.540528151100574, -142.11827380587627]
[50.54066746859048, -142.1184050954284]
[50.54118199740418, -142.1184672415258]
[50.543053490240624, -142.11862696175058]
[50.54344090579886, -142.11878872223215]
[50.54435099964584, -142.11887571386345]
[50.544827472602144, -142.11896849260717]
[50.54605565584076, -142.11901356859553]
[50.547000489248006, -142.11912793684579]
[50.547362719877064, -142.11922117806643]
[50.547929030383585, -142.11922868272347]
[50.5495391017087, -142.11944117410937]
[50.55141132371261, -142.11960488606854]
[50.55224246931975, -142.1196733165992]
[50.552317436926344, -142.11968683713096]
[50.55255190017573, -142.11969759018584]
[50.55317330140656, -142.1198102362397]
[50.55489197469058, -142.11987640973848]
[50.55534865454234, -142.119966274591]
[50.55591634597484, -142.12011763990827]
[50.55630491298939, -142.12013999596422]
[50.558176901905085, -142.12018309736732]
[50.55868754240715, -142.12032464930462]
[50.561004719656566, -142.12036579010132]
[50.5614583279155, -142.1204995497856]
[50.5669986618432, -142.12075302811635]
[50.5711528255882, -142.12085885861458]
[50.575111965103886, -142.12089269308362]
[50.99257072206357, -142.12092671171294]
[51.15254298242016, -142.12356025650283]
[51.21822563296571, -142.1236103756395]
[112.2351215166985, -142.6088639136484]
[114.59201075772704, -142.84023794729313]
[117.0627399059432, -142.9997995626914]
[119.05966112440453, -143.29290862109926]
[119.06428610501112, -143.29390564272654]
[119.0682761266426, -143.29442632221168]
[119.07504663810899, -143.29586736485615]
[119.08079415755975, -143.2967356216809]
values
[50.43024153613898, -142.0223534398196]
[50.430241536138986, -142.02235343981965]
[50.43024153613901, -142.02235343981968]
[50.430241536139036, -142.0223534398197]
[50.43024153613905, -142.02235343981974]
[50.43024153613908, -142.02235343981977]
[50.43024153613909, -142.02235343981982]
[50.430241536139135, -142.02235343981988]
[50.43024153613916, -142.0223534398199]
[50.43024153614117, -142.0223534398237]
[50.430241536141466, -142.02235343982423]
[50.43024153614333, -142.0223534398277]
[50.43024153614374, -142.02235343982846]
[50.430241536143896, -142.02235343982875]
[50.43024153614763, -142.02235343983574]
[50.43024153614875, -142.02235343983781]
[50.4302415361509, -142.02235343984182]
[50.43024153615151, -142.0223534398429]
[50.43024153615215, -142.02235343984412]
[50.43024153615306, -142.0223534398458]
[50.43024153615578, -142.0223534398509]
[50.430241536156856, -142.02235343985288]
[50.43024153615717, -142.02235343985345]
[50.43024153615747, -142.02235343985407]
[50.43024153615776, -142.02235343985453]
[50.430241536160075, -142.02235343985888]
[50.430241536160864, -142.02235343986032]
[50.43024153616524, -142.02235343986848]
[50.4302415361671, -142.02235343987195]
[50.43024153616895, -142.0223534398754]
[50.43024153617101, -142.0223534398792]
[50.43024153617122, -142.02235343987965]
[50.43024153617179, -142.02235343988065]
[50.4302415361749, -142.02235343988644]
[50.43024153617645, -142.02235343988937]
[50.43024153618116, -142.02235343989807]
[50.43024153618583, -142.0223534399068]
[50.43024153618896, -142.02235343991262]
[50.43024153619234, -142.0223534399189]
[50.43024153620455, -142.02235343994164]
[50.430241536213934, -142.02235343995906]
[50.43024153621887, -142.02235343996827]
[50.430241536220166, -142.0223534399707]
[50.430241536220706, -142.02235343997168]
[50.430241536223285, -142.02235343997648]
[50.43024153622642, -142.02235343998228]
[50.43024153623263, -142.0223534399939]
[50.430241536238896, -142.0223534400055]
[50.43024153625138, -142.02235344002875]
[50.43024153625764, -142.02235344004035]
[50.4302415362701, -142.0223534400636]
[50.430241536279475, -142.022353440081]
[50.430241536280576, -142.022353440083]
[50.43024153628885, -142.02235344009844]
[50.43024153630553, -142.02235344012948]
[50.43024153631384, -142.02235344014488]
[50.43024153632632, -142.02235344016813]
[50.4302415363388, -142.02235344019135]
[50.4302415363472, -142.02235344020698]
[50.430241536363766, -142.02235344023782]
[50.43024153643866, -142.0223534403772]
[50.430241536492936, -142.02235344047816]
[50.43024153653856, -142.02235344056305]
[50.430241536540734, -142.02235344056706]
[50.43024153656782, -142.02235344061754]
[50.43024153657157, -142.0223534406244]
[50.43024153660453, -142.02235344068578]
[50.43024153663845, -142.02235344074887]
[50.43024153667048, -142.0223534408085]
[50.43024153667237, -142.02235344081197]
[50.43024153669701, -142.02235344085787]
[50.430241536738336, -142.02235344093472]
[50.43024153680337, -142.02235344105569]
[50.43024153680555, -142.02235344105978]
[50.43024153693624, -142.0223534413029]
[50.43024153693718, -142.02235344130463]
[50.43024153693812, -142.0223534413064]
[50.43024153693907, -142.02235344130813]
[50.430241537135544, -142.02235344167372]
[50.43024153720198, -142.0223534417973]
[50.43024153746774, -142.02235344229172]
[50.4302415374721, -142.02235344229987]
[50.43024153749583, -142.02235344234398]
[50.43024153773723, -142.0223534427931]
[50.430241537803816, -142.022353442917]
[50.430241537866365, -142.02235344303332]
[50.4302415380011, -142.02235344328403]
[50.430241538264966, -142.02235344377496]
[50.43024153826997, -142.02235344378425]
[50.43024153880272, -142.0223534447754]
[50.43024153898027, -142.02235344510578]
[50.43024153906907, -142.02235344527097]
[50.43024153932794, -142.02235344575257]
[50.430241539335455, -142.02235344576653]
[50.43024153933669, -142.02235344576886]
[50.43024153968561, -142.022353446418]
[50.43024153986319, -142.02235344674838]
[50.43024154004327, -142.0223534470834]
[50.43024154039091, -142.0223534477302]
[50.430241540400935, -142.02235344774883]
[50.43024154093367, -142.02235344873995]
[50.43024154251688, -142.02235345168546]
[50.43024154253189, -142.0223534517134]
[50.4302415432422, -142.02235345303492]
[50.43024154358736, -142.02235345367706]
[50.43024154464286, -142.02235345564074]
[50.430241545713315, -142.02235345763233]
[50.430241545728336, -142.02235345766024]
[50.43024154750413, -142.02235346096407]
[50.43024154751161, -142.02235346097802]
[50.43024154890476, -142.02235346356986]
[50.430241550345414, -142.02235346625017]
[50.430241553186676, -142.02235347153623]
[50.43024155598795, -142.0223534767479]
[50.43024155604297, -142.02235347685027]
[50.43024155654819, -142.0223534777902]
[50.43024155886924, -142.02235348210843]
[50.43024155889928, -142.02235348216428]
[50.43024156175054, -142.022353487469]
[50.430241565912425, -142.022353495212]
[50.43024156879373, -142.02235350057254]
[50.43024157023439, -142.02235350325282]
[50.43024157695739, -142.02235351576076]
[50.43024157807791, -142.0223535178454]
[50.43024157881824, -142.02235351922278]
[50.43024158159949, -142.0223535243972]
[50.43024158736209, -142.02235353511827]
[50.43024159204421, -142.02235354382915]
[50.4302415976067, -142.02235355417798]
[50.430241601448444, -142.0223535613254]
[50.43024160280906, -142.02235356385674]
[50.43024160336931, -142.02235356489908]
[50.43024160529019, -142.02235356847277]
[50.43024161297362, -142.02235358276755]
[50.43024162754021, -142.02235360986808]
[50.43024163410316, -142.02235362207819]
[50.430241635063595, -142.02235362386506]
[50.430241636024036, -142.02235362565187]
[50.430241636824405, -142.02235362714092]
[50.43024163794489, -142.0223536292256]
[50.430241638585194, -142.02235363041683]
[50.43024164370752, -142.0223536399467]
[50.4302416488298, -142.0223536494765]
[50.430241659074426, -142.02235366853623]
[50.430241666757894, -142.02235368283098]
[50.43024167059963, -142.0223536899784]
[50.430241674441355, -142.02235369712577]
[50.430241689808284, -142.02235372571533]
[50.43024169236943, -142.02235373048023]
[50.43024169749175, -142.0223537400101]
[50.43024170005289, -142.022353744775]
[50.43024170901695, -142.02235376145222]
[50.430241715419825, -142.02235377336453]
[50.43024172054212, -142.02235378289436]
[50.43024173334791, -142.02235380671897]
[50.4302417410314, -142.02235382101375]
[50.43024176152063, -142.02235385913312]
[50.43024178200989, -142.02235389725246]
[50.430241822988364, -142.02235397349114]
[50.43024185372224, -142.0223540306701]
[50.43024186396687, -142.02235404972976]
[50.43024190494535, -142.02235412596838]
[50.43024194592388, -142.02235420220694]
[50.43024196641316, -142.02235424032622]
[50.43024202788092, -142.02235435468398]
[50.43024206885945, -142.02235443092246]
[50.430242191795045, -142.02235465963767]
[50.43024225326285, -142.02235477399515]
[50.430242273752114, -142.0223548121143]
[50.43024231473067, -142.02235488835254]
[50.43024232361337, -142.02235493830818]
[50.43024235570921, -142.02235496459076]
[50.430242519623484, -142.02235526954334]
[50.43024268353783, -142.02235557449535]
[50.430242765495, -142.02235572697114]
[50.4302427886986, -142.02235577086185]
[50.43024284745223, -142.02235587944682]
[50.43024337129138, -142.02235682058017]
[50.43024341498001, -142.02235693637087]
[50.430243444356876, -142.02235699066298]
[50.43024350311057, -142.02235709924716]
[50.43024362333657, -142.0223572884055]
[50.43024376503041, -142.0223575698111]
[50.430244026631314, -142.02235814814946]
[50.43024469692298, -142.02235932165613]
[50.43024495168706, -142.02235976146503]
[50.430245198297854, -142.022360285301]
[50.43024535974113, -142.02236057218025]
[50.43024599393421, -142.02236169970132]
[50.4302462773252, -142.0223622624975]
[50.43024652801391, -142.02236274431226]
[50.43024702939233, -142.02236370793767]
[50.4302478577342, -142.02236520328762]
[50.430248107173995, -142.0223655760171]
[50.43024886049679, -142.02236713050502]
[50.43024937274229, -142.02236798207224]
[50.43024943815005, -142.0223681440265]
[50.430250004942174, -142.0223692695744]
[50.43025271128332, -142.02237405236002]
[50.43025354722572, -142.02237567849153]
[50.43025435387028, -142.02237739779105]
[50.43025481165547, -142.02237825337008]
[50.4302552694413, -142.02237910894473]
[50.430256185014805, -142.02238082008108]
[50.43026049965222, -142.0223884650173]
[50.430260762919964, -142.02238937550283]
[50.43026144961114, -142.0223906587787]
[50.43026189630962, -142.0223910702744]
[50.430266490018326, -142.0223994622422]
[50.43026717209234, -142.02240135236528]
[50.430268662253454, -142.02240382912916]
[50.430270834531655, -142.02240819590537]
[50.43027632826575, -142.02241846069555]
[50.43027895176154, -142.0224226316481]
[50.43028548468958, -142.02243556729255]
[50.430291445303205, -142.0224454720819]
[50.430292562918204, -142.02244732916301]
[50.43030013548852, -142.02246293424258]
[50.43030609607779, -142.02247283739925]
[50.430312056666324, -142.02248273995508]
[50.4303252179166, -142.02250762402815]
[50.430329439009554, -142.02251765483135]
[50.43034409173164, -142.02254500847008]
[50.430358745094736, -142.02257235767166]
[50.4303647055865, -142.0225822542975]
[50.43037066607752, -142.02259215032254]
[50.430394260731504, -142.02263433228362]
[50.43041736495755, -142.02268171010698]
[50.43043512382967, -142.02271268001311]
[50.43047064191987, -142.02277460240597]
[50.43047599507682, -142.02279099154873]
[50.4305112742305, -142.02285548594588]
[50.430546555849986, -142.0229199554631]
[50.430593286084026, -142.02300934145177]
[50.43069986105053, -142.02319470833743]
[50.43071061811527, -142.02322740738177]
[50.43078802976955, -142.02385088756463]
[50.43108843343222, -142.02389847314663]
[50.43110968482232, -142.0239687766068]
[50.431229721053995, -142.02415458543732]
[50.43131601839248, -142.02466604990923]
[50.43135946938, -142.02533284328263]
[50.43187819209468, -142.02593657654077]
[50.43187819209575, -142.02593657654273]
[50.43187819209793, -142.02593657654663]
[50.43187819210448, -142.0259365765584]
[50.43187819222018, -142.0259365767662]
[50.431878192619244, -142.02593657748295]
[50.431878856377374, -142.02593776960168]
[50.43188038863007, -142.02594058529073]
[50.431888497165716, -142.02595497966936]
[50.431961143426506, -142.02608186568418]
[50.43204410880452, -142.02622703532563]
[50.432210081701115, -142.02651701610947]
[50.43226855897211, -142.0265657192633]
[50.43226862125583, -142.0265658307104]
[50.43230308168239, -142.0273456994419]
[50.43248101401265, -142.02760021872749]
[50.43296768908194, -142.02885930601119]
[50.43301107927379, -142.0289268525604]
[50.43309785941386, -142.02906187186383]
[50.433271418719045, -142.02933161529106]
[50.43357818161409, -142.02943849089027]
[50.433613828424534, -142.03028923349734]
[50.433743959224884, -142.03048994789293]
[50.43391746582155, -142.03075722271896]
[50.43441499051149, -142.03190253357508]
[50.43458844407952, -142.03216733985937]
[50.43493652047883, -142.0326615470262]
[50.43512098166306, -142.03273715343397]
[50.43534148040192, -142.03285918720493]
[50.43545774867322, -142.03382391134647]
[50.43597793763291, -142.03460738287396]
[50.43609185174994, -142.0350708918949]
[50.43617852421286, -142.03520058062577]
[50.43635186816392, -142.03545966293797]
[50.43669855216619, -142.0359766469692]
[50.43704931903129, -142.03652478040908]
[50.43738450769372, -142.03694074218447]
[50.437854804258066, -142.03728287591176]
[50.43795103411769, -142.03737426517975]
[50.4380756505864, -142.03794291041402]
[50.43821453175347, -142.03866870876993]
[50.43971968616174, -142.0403997298806]
[50.43975221208632, -142.04051622995354]
[50.43975221349788, -142.04051623212777]
[50.43975221350545, -142.04051623213942]
[50.439752213507745, -142.04051623214295]
[50.43983129046251, -142.04058991869726]
[50.4398361733291, -142.040597436213]
[50.43998379535637, -142.04086754692912]
[50.43998382999975, -142.04086760012945]
[50.4401763932477, -142.04179448202842]
[50.440522631079865, -142.04228857221108]
[50.44102144528663, -142.0430813691281]
[50.441215091126836, -142.04327203075772]
[50.441490520961096, -142.04337545646493]
[50.441577126164965, -142.04349828847563]
[50.441935961247154, -142.04430833988772]
[50.44241561378074, -142.0446951107831]
[50.442546204637765, -142.04510295431587]
[50.44271619254645, -142.04525884999242]
[50.44288462909897, -142.04537535885754]
[50.44288463464619, -142.04537536696225]
[50.44288469982591, -142.04537546219223]
[50.44288477050952, -142.0453755654635]
[50.4428847958322, -142.04537560246084]
[50.44288480141732, -142.0453756106209]
[50.44288480430199, -142.0453756148355]
[50.44288480487825, -142.04537561567744]
[50.44288480587504, -142.04537561713377]
[50.442884806418064, -142.04537561792716]
[50.44288480658084, -142.04537561816497]
[50.4428848066097, -142.04537561820717]
[50.44289499829215, -142.04551557824502]
[50.4431321347097, -142.04608796515086]
[50.443380436942974, -142.0463575352544]
[50.443533739979515, -142.04651358064908]
[50.44362028877953, -142.04663345283666]
[50.4438239276039, -142.04704180809333]
[50.44413454455375, -142.04709145928317]
[50.44415996854781, -142.04712806789996]
[50.4441634586578, -142.04713309150682]
[50.444372334136055, -142.0475197567021]
[50.44444700146573, -142.04774115053087]
[50.44444700148483, -142.04774115055787]
[50.44444700149495, -142.0477411505722]
[50.444599779578525, -142.0479157419123]
[50.444683086443135, -142.04812016199057]
[50.44472226415553, -142.0482267879697]
[50.44486157786409, -142.04846076896882]
[50.44553122492623, -142.04880656547076]
[50.445551842290726, -142.04884387807152]
[50.44558948372246, -142.04944561107996]
[50.44587051584483, -142.0497221039046]
[50.445935450072625, -142.04991306450057]
[50.4464815870412, -142.05064894891643]
[50.446590388966214, -142.05078936218683]
[50.44665061782415, -142.05083614316644]
[50.4466607720855, -142.05084999604776]
[50.44666505502182, -142.0508558381644]
[50.44682744159093, -142.0511114668641]
[50.44720057418638, -142.0515950280326]
[50.44726031493009, -142.0516752502898]
[50.44738038590125, -142.05183630545088]
[50.44747713624821, -142.05197901651124]
[50.44774017623324, -142.05231742648903]
[50.44774017634656, -142.05231742664088]
[50.4477401764807, -142.05231742682062]
[50.447740176497746, -142.05231742684344]
[50.447740176540705, -142.05231742690103]
[50.44774017654191, -142.05231742690262]
[50.447740176543114, -142.05231742690424]
[50.44780888264732, -142.05240345498743]
[50.447808906798045, -142.05240348737166]
[50.447808937164, -142.05240352809008]
[50.44798014132326, -142.0526370867394]
[50.4479801523903, -142.05263710151874]
[50.44798016340801, -142.0526371162322]
[50.44810019011717, -142.0527966371931]
[50.4483347460294, -142.0528448669371]
[50.44854683865174, -142.0533897235105]
[50.44894127955246, -142.05390761394293]
[50.44950431588414, -142.0543777825399]
[50.44960804012753, -142.05459530093162]
[50.45000135700626, -142.05527642748163]
[50.4502094548199, -142.05542067967752]
[50.450585503456345, -142.0558593821966]
[50.450638223116975, -142.05609115823117]
[50.451123920616965, -142.05670798805266]
[50.451223627049245, -142.05685621671364]
[50.451476021699385, -142.05718189489457]
[50.45151862900263, -142.0572103719188]
[50.452327525826064, -142.05814789965058]
[50.45234025293988, -142.05823564354432]
[50.45257398691162, -142.0584901472776]
[50.453234900954094, -142.05928228233807]
[50.45332533257993, -142.05947383656488]
[50.453578973659404, -142.0598276854289]
[50.45366122621834, -142.0599330940643]
[50.4540124850359, -142.0603487130785]
[50.45446541369056, -142.06094131909467]
[50.45496775063077, -142.06135510943884]
[50.45508420140668, -142.06170522848495]
[50.45541622525464, -142.06202928608155]
[50.455424186754826, -142.06212209676795]
[50.455729153922164, -142.06214239542564]
[50.45605992719331, -142.06287015780254]
[50.45615622892103, -142.06292499555542]
[50.45669616506909, -142.0636314768809]
[50.456778352495846, -142.06372822059203]
[50.45725075148451, -142.06432488612614]
[50.45749020547898, -142.06458446012917]
[50.45756562061216, -142.0646860246837]
[50.45760720353944, -142.06471156904433]
[50.45761494138936, -142.06474834628392]
[50.458183179641296, -142.06540730381548]
[50.45838112089183, -142.0655350976455]
[50.45839651722753, -142.06563350050445]
[50.45847918505391, -142.06572812356407]
[50.458598382454795, -142.06590702116284]
[50.45882608245191, -142.0661849072075]
[50.458874414310884, -142.06623939526423]
[50.4589125012087, -142.06628657606095]
[50.45913828809119, -142.06656963296732]
[50.459409920813094, -142.06689061000645]
[50.45950727992313, -142.0669659920237]
[50.460448662874605, -142.06810699230556]
[50.46064461776319, -142.06833420670532]
[50.460719008503936, -142.0684006659238]
[50.460946947387804, -142.0685929303417]
[50.461064479623396, -142.06881716278343]
[50.46122544351266, -142.06900074043486]
[50.46142628636346, -142.06906597371724]
[50.46145079047507, -142.06922930824405]
[50.461705830851386, -142.06954817907388]
[50.46179200317182, -142.06956807227687]
[50.4617984267032, -142.06965250898375]
[50.46190895391116, -142.0697806647823]
[50.46209655626009, -142.06992618268728]
[50.46223406250617, -142.0701116196746]
[50.462279567961176, -142.07019604637833]
[50.462654270499684, -142.07063076614864]
[50.4630032957938, -142.0710120875217]
[50.46316433024023, -142.07105889733128]
[50.46317687251273, -142.07115313151195]
[50.4636013892497, -142.07161932738205]
[50.46401782258769, -142.0721253529039]
[50.464107664704954, -142.07224068311476]
[50.46437320515382, -142.0724559050443]
[50.464441015347745, -142.07249920728003]
[50.46446826875725, -142.0725561035311]
[50.46448329388176, -142.07258890053347]
[50.46464733856273, -142.0726639853771]
[50.46475919005367, -142.07287114530277]
[50.464861484874255, -142.07289246600146]
[50.46487675586546, -142.0730023051985]
[50.46497489393863, -142.07320598115936]
[50.46500285724785, -142.0732111793526]
[50.46530248342567, -142.0734580946227]
[50.465348447180155, -142.07358925449847]
[50.46595164320316, -142.07390391796835]
[50.466160664246715, -142.07448795616583]
[50.46636811592056, -142.07453622178096]
[50.46658842919243, -142.0748461549211]
[50.46679081365865, -142.07494462796282]
[50.46692787317518, -142.07511887053082]
[50.46705416265846, -142.07517239544632]
[50.46736499402326, -142.07579421435548]
[50.46770378316842, -142.07595934339372]
[50.46782041629266, -142.07622362414915]
[50.468098000470704, -142.07625093165217]
[50.46822106339082, -142.07637556263006]
[50.468293018859896, -142.0764316158472]
[50.46838982059235, -142.07687615617044]
[50.46864969296829, -142.0770412619571]
[50.468714610785355, -142.07719091851192]
[50.46905654573726, -142.07744045901234]
[50.46908018730589, -142.07756727718143]
[50.47050468252125, -142.07896694635988]
[50.47067609375644, -142.079139169159]
[50.47075198707395, -142.07920696171152]
[50.47089876816921, -142.07922265614977]
[50.47099482513477, -142.07924705272546]
[50.471005937763714, -142.0795511813335]
[50.471254345366056, -142.07984411560113]
[50.47152418899402, -142.08007655212435]
[50.47177842857099, -142.0801517306105]
[50.47208453507406, -142.08030250198908]
[50.47279133326037, -142.08078634147336]
[50.472812270529836, -142.0810891181655]
[50.47310164099356, -142.08111712746557]
[50.473114236313634, -142.08112850493237]
[50.473286641375296, -142.0818795578759]
[50.473391463903155, -142.08198192471446]
[50.47360116572716, -142.08218617068158]
[50.47402079643348, -142.08259271178724]
[50.474860965961675, -142.08339799077163]
[50.47508093366723, -142.08341001413177]
[50.475298989766976, -142.0838404326627]
[50.47542438409195, -142.083925108525]
[50.4755147522888, -142.08403920022164]
[50.4756102785194, -142.0840952987688]
[50.475860928246824, -142.08409676120553]
[50.4758737318045, -142.08418051568302]
[50.47587896620536, -142.08436156817595]
[50.4759434208416, -142.08438151462354]
[50.47635716875699, -142.0847702635341]
[50.47674183877753, -142.08512771346759]
[50.47674802863928, -142.08517389648097]
[50.476981142855564, -142.08528984354362]
[50.47700863553047, -142.0854561340208]
[50.47737634207728, -142.0858050780819]
[50.47785063444181, -142.0860907099312]
[50.47792883216468, -142.08629798459742]
[50.4786628828759, -142.0869553302454]
[50.47891778353218, -142.08702639545712]
[50.47927821523808, -142.08709156875193]
[50.47939535230881, -142.08766636800934]
[50.479694656425515, -142.0877106250659]
[50.4799273280383, -142.0880569107292]
[50.48007641691755, -142.0882704699524]
[50.48038979753979, -142.088389833683]
[50.48049593068927, -142.08863881151066]
[50.4808352736092, -142.0889364836099]
[50.48099626752034, -142.08907251311987]
[50.4811882388051, -142.0892085511593]
[50.48143968531052, -142.08949045030877]
[50.48157003459434, -142.08959695926262]
[50.481675573689614, -142.08966122301445]
[50.48170625440705, -142.08966402907356]
[50.48198941339011, -142.0899565343948]
[50.482179660345196, -142.09007347114732]
[50.48235531897842, -142.09024333753632]
[50.48286936932908, -142.09070071867657]
[50.48336791468475, -142.09108591551544]
[50.48390236894409, -142.0915929151101]
[50.484121673870526, -142.09169286579547]
[50.48438799414603, -142.09180535173235]
[50.48474236849454, -142.09228153042216]
[50.48494715887236, -142.09230417971875]
[50.48522939169608, -142.0926617803454]
[50.485412299607326, -142.09275212089153]
[50.48557467624882, -142.09294734872137]
[50.485898821352976, -142.0929971519199]
[50.48593605148169, -142.09327268290585]
[50.486736304183296, -142.09378440421233]
[50.48746836727095, -142.09436348968248]
[50.48751375488163, -142.09459095783077]
[50.487728155636454, -142.09471663351192]
[50.487808729220994, -142.09477639063098]
[50.48804277609978, -142.09499148987913]
[50.488488057446915, -142.09530098006252]
[50.48856882354606, -142.09535978551114]
[50.48865394297697, -142.09540634280856]
[50.48893328871587, -142.09560604576507]
[50.489387515247444, -142.09596167637127]
[50.4895248647189, -142.09617106682697]
[50.489557260796815, -142.0961934920182]
[50.48969430545266, -142.09629427039303]
[50.48984173283617, -142.096314654932]
[50.489954969175244, -142.0964723003633]
[50.490590093543645, -142.09683090592614]
[50.491589930399236, -142.09773798865749]
[50.49186711978995, -142.09790343552714]
[50.492117417426584, -142.0980320833776]
[50.49254307018476, -142.09829505969284]
[50.492598764604146, -142.09837076762582]
[50.49274690572532, -142.09852503471495]
[50.49282752973215, -142.09857874286448]
[50.49335976805834, -142.09899500927273]
[50.493520443471404, -142.09910097329902]
[50.4936187261476, -142.09922205557223]
[50.49365106079499, -142.099242335585]
[50.4936672392315, -142.09925246785124]
[50.49377922752903, -142.09928489741208]
[50.49394509564365, -142.0994141350017]
[50.494094627349234, -142.09953930118837]
[50.49433021815821, -142.09961197770795]
[50.494463856418065, -142.09963212456995]
[50.49451346718564, -142.0998250955049]
[50.494619052594075, -142.09985687381246]
[50.494849035950466, -142.0998954913514]
[50.49527166580961, -142.10033816372945]
[50.49558030658339, -142.10049781115728]
[50.495719130912505, -142.10059530015178]
[50.49597818769565, -142.10077123706148]
[50.4960060545404, -142.1008645613349]
[50.496655327154755, -142.10121006820444]
[50.49676402921034, -142.10136188775016]
[50.497005192153956, -142.10150836930458]
[50.497639691323705, -142.10200159390095]
[50.49767197033462, -142.10201976619373]
[50.497675777212685, -142.10202581188454]
[50.49774413653215, -142.10206814806736]
[50.497841133952164, -142.10212242932303]
[50.49786626651685, -142.10212836654233]
[50.49791743814439, -142.1021401525383]
[50.49836303148744, -142.1023784080406]
[50.49846863064886, -142.1025172999278]
[50.49904260833933, -142.1028035378681]
[50.499301502074516, -142.10282087362907]
[50.49952464799574, -142.10288263872252]
[50.499630385444064, -142.10304223979892]
[50.49973627851641, -142.10336259653363]
[50.49977045333317, -142.1033827426694]
[50.49998653047185, -142.1034831610744]
[50.50048392761695, -142.10369017051798]
[50.500562765073056, -142.10370294600833]
[50.50067492168509, -142.1039594321268]
[50.50091455359248, -142.10397556361653]
[50.50125456320359, -142.10417681969824]
[50.50132086871704, -142.10429939418447]
[50.501681220005, -142.1043548316017]
[50.50171212775144, -142.10459614189017]
[50.501821350864596, -142.10464591927442]
[50.50190597149327, -142.10465627350283]
[50.50205561341657, -142.10476976018208]
[50.5020811517007, -142.10477303407453]
[50.5024355358445, -142.1048241862612]
[50.50248982715925, -142.10482845626922]
[50.502783223540064, -142.10509121499805]
[50.50320831049725, -142.1052495689262]
[50.50360598054267, -142.10562709074145]
[50.503741954977656, -142.1058098711637]
[50.50386158596905, -142.10583254937652]
[50.50399525137752, -142.10594077588655]
[50.50443941857742, -142.1061426518055]
[50.50472375687886, -142.10630283175817]
[50.50500492114497, -142.1064401574411]
[50.50515809599621, -142.10655482499368]
[50.505308753919714, -142.10663302850077]
[50.50578574136654, -142.10697265162688]
[50.505787705471484, -142.10697588019224]
[50.505819864546126, -142.1069897817231]
[50.50599726866248, -142.10706587129806]
[50.50600974889096, -142.10706628635592]
[50.506362147940905, -142.10715984202477]
[50.50640482622331, -142.107223694513]
[50.506617120264586, -142.10727621364768]
[50.506839821814296, -142.10746455055576]
[50.50704141781834, -142.10750979648944]
[50.50781523211674, -142.10807644341327]
[50.508017991842095, -142.10816959490566]
[50.50829375801302, -142.1082944505382]
[50.50859932803631, -142.10833318353053]
[50.509121875482336, -142.10847603615287]
[50.50915386962792, -142.10848021765946]
[50.50923832095175, -142.10871144056273]
[50.509664752300495, -142.10872469759354]
[50.50967991291151, -142.10887235097698]
[50.50976079504441, -142.1089056377215]
[50.50985529776196, -142.10905240551944]
[50.50986061526487, -142.1091314521203]
[50.50996288745485, -142.1091766938653]
[50.510196873264604, -142.1092365842323]
[50.510333340177155, -142.10930047070778]
[50.51058074794939, -142.10937278306042]
[50.510800065218504, -142.10945555448103]
[50.51081154933988, -142.10954567639516]
[50.51084715915772, -142.10962008966874]
[50.51097350379647, -142.1096722487024]
[50.51107484144525, -142.10969108475894]
[50.511226585374544, -142.10977576266365]
[50.51126194647712, -142.10978864420957]
[50.51163048718035, -142.10989159226142]
[50.511773917096065, -142.10996844838974]
[50.511931866819005, -142.11014212926966]
[50.512480801294984, -142.11035075154425]
[50.51289226631931, -142.11059245965146]
[50.51322472975889, -142.1106197973022]
[50.51356842974656, -142.1108238480174]
[50.51373469447782, -142.11084936439107]
[50.51380747390108, -142.11093679086434]
[50.51382700838481, -142.11102279551838]
[50.513956815446505, -142.1110732275903]
[50.514285687196065, -142.11116053209108]
[50.51457420524781, -142.1112812522024]
[50.5148629449184, -142.1112844128301]
[50.51503169979132, -142.1114230343714]
[50.51505000071171, -142.11150030529592]
[50.515220989098225, -142.11151291660389]
[50.515279382782964, -142.11162051377872]
[50.51577084709926, -142.11180404742413]
[50.516001620964516, -142.1119607076828]
[50.516249261854085, -142.11201577228854]
[50.51645809404595, -142.1120937409737]
[50.516567577756476, -142.11210448353015]
[50.517074611444535, -142.11243253202653]
[50.51745818928805, -142.11252941207186]
[50.51750840377913, -142.1125963936088]
[50.517692022967466, -142.11267019507864]
[50.51776279364101, -142.11267526122066]
[50.51815047005627, -142.11268045594258]
[50.51846107810784, -142.11284174723488]
[50.51852224290528, -142.11291884056334]
[50.51880161097475, -142.11309269078748]
[50.51931743323365, -142.11321571615466]
[50.5193402006512, -142.11326514030185]
[50.51965515857917, -142.1134179203081]
[50.51988518241894, -142.11343672456607]
[50.52008134295467, -142.1135023096107]
[50.52055924156119, -142.11358065258068]
[50.52057928809207, -142.11366479755458]
[50.5207752974687, -142.1136764517434]
[50.52079237441953, -142.11369413248696]
[50.52092276532218, -142.1137352272681]
[50.52094812556987, -142.11387686229608]
[50.52137993212709, -142.1140135681474]
[50.52175355992439, -142.11415560047257]
[50.521992532296494, -142.1142348382351]
[50.52234107426179, -142.11425231577138]
[50.523030469043675, -142.1143439630378]
[50.523091353926354, -142.1144819150691]
[50.523358762022255, -142.11454221902548]
[50.52362198639007, -142.11479563742824]
[50.52365149721774, -142.1148071365056]
[50.52372459573162, -142.11482027660696]
[50.52441444775489, -142.1150460496955]
[50.52498921518891, -142.11511792833736]
[50.52508094917391, -142.11527503635736]
[50.525694403231824, -142.11531042961158]
[50.52578414488073, -142.11534910447824]
[50.52595637885247, -142.11552206514003]
[50.526318771966594, -142.11561115615163]
[50.52687368301572, -142.11566984057717]
[50.52700589418234, -142.11569237323806]
[50.527315200392316, -142.11571979740756]
[50.52740210083511, -142.11577702795694]
[50.527634691056036, -142.1158414204264]
[50.52775004630084, -142.1160294543637]
[50.52829142495405, -142.11615022928206]
[50.52873910643463, -142.11615037654497]
[50.528994944936926, -142.11630170156116]
[50.52954181827322, -142.11636440169428]
[50.52965981809135, -142.11637930395116]
[50.52994899586493, -142.11643039785443]
[50.52999021337685, -142.11650643616184]
[50.53016979659799, -142.11663300446608]
[50.53077688414065, -142.11676871161774]
[50.53094624648038, -142.1168375377562]
[50.53113992289319, -142.11684716678428]
[50.53121419742564, -142.1168596797083]
[50.531366682710996, -142.11692838151433]
[50.53191744915527, -142.1169880165372]
[50.53221468712353, -142.11710417943516]
[50.532807699225074, -142.11718577606956]
[50.533499314557545, -142.11721174852624]
[50.53381961375723, -142.1173055204516]
[50.534258959568646, -142.11742013543818]
[50.534562920597935, -142.11743567771225]
[50.53463953894268, -142.1174631097443]
[50.53532668446049, -142.11751274493093]
[50.53539179406563, -142.1175978100357]
[50.5358149225579, -142.11767613530205]
[50.53589086299143, -142.11768376627265]
[50.536267570809585, -142.11769418691188]
[50.53656016711797, -142.11779970515175]
[50.53667956727277, -142.11781738035478]
[50.53676560966554, -142.1178209238836]
[50.537431935496215, -142.11793517007038]
[50.53796861157423, -142.11798012338434]
[50.53800693238707, -142.11802414396576]
[50.53902110288386, -142.11810365004627]
[50.53928059845569, -142.11820123874298]
[50.53928059845571, -142.118201238743]
[50.53966949837417, -142.11824338878787]
[50.53989926578841, -142.11826364055432]
[50.540528151100574, -142.11827380587627]
[50.54066746859048, -142.1184050954284]
[50.54118199740418, -142.1184672415258]
[50.541398127702884, -142.11850088675354]
[50.54177495366994, -142.11857520282695]
[50.54215553175936, -142.11862137425885]
[50.543053490240624, -142.11862696175058]
[50.54309773461294, -142.11873225611274]
[50.54314219309457, -142.11874512855252]
[50.543334160421445, -142.11878057533193]
[50.54344090579886, -142.11878872223215]
[50.54435099964584, -142.11887571386345]
[50.54454185594874, -142.1190160434086]
[50.54567119009724, -142.1190799311024]
[50.54662357729124, -142.11916658449303]
[50.54680123375742, -142.1192423927575]
[50.54750211295761, -142.11930842731297]
[50.547634788021355, -142.1194287761847]
[50.5495391017087, -142.11944117410937]
[50.54990861331481, -142.11968809156855]
[50.54991980339699, -142.11977329996134]
[50.55076787070084, -142.1198601889619]
[50.55133287247508, -142.12007969688446]
[50.55352000041082, -142.12011883621665]
[50.55417970567597, -142.12013053738778]
[50.55484983325488, -142.12050041908262]
[50.557019686000984, -142.1206669617469]
[50.557749431726066, -142.12075967248015]
[50.56099075434942, -142.12080285977473]
[50.56283355970223, -142.12101716571766]
[50.56350051251319, -142.12104761983323]
[50.56389025441803, -142.12142741099905]
[50.56610050334115, -142.12166528953358]
[50.56611004503085, -142.1217227770116]
[50.56637682916199, -142.12182910857942]
[50.56914010134618, -142.1220091985122]
[50.571834473221, -142.12205330532723]
[50.57212960380565, -142.12280865785468]
[50.57429147056176, -142.1229430830728]
[50.57751122317179, -142.12308118824296]
[50.58092623657019, -142.12318529752383]
[50.58236616872354, -142.12324660942554]
[50.584805892114744, -142.12329074717675]
[50.58956872086639, -142.12353786330442]
[50.594002436372925, -142.12406995036142]
[50.59415520805534, -142.12444620814352]
[50.596638873383654, -142.12516356496587]
[50.6080293915356, -142.12530332433923]
[50.61106276796259, -142.12557256002145]
[50.61738828995168, -142.1268683659921]
[50.63238095550699, -142.12714224253162]
[50.66253967361907, -142.12844286845518]
[50.682925717265405, -142.12888821320234]
[112.2351215166985, -142.6088639136484]
[114.59201075772704, -142.84023794729313]
[117.0627399059432, -142.9997995626914]
[118.98282821466991, -143.28817636848936]
[118.98680210287002, -143.28905333333896]
[119.01675717333939, -143.29029055728918]
[119.03826901068055, -143.29082073893363]
[119.04128818327787, -143.291058873574]
[119.05508921314158, -143.29333451557653]
[119.058108810463, -143.29357155136174]
[119.06332712750384, -143.29440330736836]
[119.0682761266426, -143.29442632221168]
[119.07504663810899, -143.29586736485615]
[119.08079415755975, -143.2967356216809]
end_solutions
[1.5163805226636333, -0.9596720751532022, -0.9377902312958335]
[-1.0711247730429334, 0.22840925000909856, -1.2533084074767253]
[-1.0714381690860257, 0.2286878016823718, -1.2534437295539531]
[-1.0727257199044151, 0.2299852977338272, -1.254071032523595]
[-1.0736972398291975, 0.23075886715995042, -1.2544447813349682]
[-1.0740106358722896, 0.23103741883322365, -1.254580103412196]
[-1.0739893563533367, 0.23112587025089157, -1.2546241697316804]
[-1.0739489347806936, 0.23152857236358795, -1.2548224810034871]
[-1.0738984609314974, 0.23190490865231295, -1.2550089433761198]
[-1.0738559018935918, 0.23208181148764878, -1.255097076015089]
[-1.0737773975778495, 0.23258242646856045, -1.2553450493373233]
[-1.073695784897501, 0.23300350418732485, -1.2555547419964763]
[-1.073614959732779, 0.23342093254752946, -1.2557625681376288]
[-1.0735063178291202, 0.23398155853731317, -1.2560417435680549]
[-1.0733980707742892, 0.23453687966955877, -1.256318679065192]
[-1.073290084042638, 0.2350979447054675, -1.2565976057382398]
[-1.0731273836923587, 0.2359376672372898, -1.257015746711212]
[-1.0729656032013248, 0.23676965200586741, -1.2574304034055614]
[-1.0728728312583542, 0.237391039055383, -1.257723154278575]
[-1.0728840366013985, 0.2377737525791921, -1.2578566698729388]
[-1.0728925293717184, 0.2379631564686127, -1.2579207285796405]
[-1.0729048275184367, 0.23831431959094818, -1.2580418567230685]
[-1.0729144130924304, 0.23847217307889515, -1.2580935279788341]
[-1.0729144130924304, 0.23847217307889595, -1.2580935279788346]
[-1.0729144130924304, 0.23847217307889526, -1.2580935279788343]
[-1.0729144130924304, 0.23847217307889507, -1.2580935279788343]
[-1.0729144130924304, 0.23847217307889548, -1.2580935279788343]
[-1.0729144130924304, 0.23847217307889507, -1.2580935279788343]
[-1.0729144130924304, 0.2384721730788955, -1.2580935279788346]
[-1.0729144130924304, 0.23847217307889526, -1.2580935279788343]
[-1.0729144130924304, 0.23847217307889595, -1.2580935279788346]
end_values
[ 119.08079416 -143.29673562]
[  50.62775467 -142.12756242]
[  50.61738829 -142.12686837]
[  50.5721296  -142.12280866]
[  50.54151347 -142.11869717]
[  50.53221469 -142.11710418]
[  50.53094625 -142.11683754]
[  50.52508095 -142.11527504]
[  50.51965516 -142.11341792]
[  50.51707461 -142.11243253]
[  50.50986062 -142.10913145]
[  50.50374195 -142.10580987]
[  50.49767578 -142.10202581]
[  50.48952486 -142.09617107]
[  50.48143969 -142.08949045]
[  50.47328664 -142.08187956]
[  50.46106448 -142.06881716]
[  50.44894128 -142.05390761]
[  50.44024962 -142.04194667]
[  50.43618928 -142.03528347]
[  50.43441499 -142.03190253]
[  50.43135947 -142.02533284]
[  50.43024154 -142.02235344]
[  50.43024154 -142.02235344]
[  50.43024154 -142.02235344]
[  50.43024154 -142.02235344]
[  50.43024154 -142.02235344]
[  50.43024154 -142.02235344]
[  50.43024154 -142.02235344]
[  50.43024154 -142.02235344]
[  50.43024154 -142.02235344]
