values
[59688.89475123085, 7415211.249976506]
[78027.941883448, 5179083.350750376]
[78823.73636552783, 5163216.415874599]
[79191.39983453245, 5160713.410594806]
[79212.67489620457, 5160024.570255455]
[79213.45735848091, 5160021.363584641]
[79214.2459132303, 5160018.233134091]
[79214.39025515859, 5160017.672149695]
[79215.8579793778, 5160012.200866746]
[79218.02690608276, 5160004.9642519215]
[79218.6811863821, 5160002.9873147365]
[79219.35452815924, 5160001.050668784]
[79219.35452815927, 5160001.0506687835]
[79222.2793822078, 5159993.706939227]
[79225.6704010752, 5159987.0076362565]
[79276.92808243542, 5159956.593208849]
[79279.67952201153, 5159878.289080725]
[79287.01934084341, 5159853.973037198]
[79289.42750149456, 5159848.463348155]
[79290.07114957753, 5159846.450582324]
[79292.08483005558, 5159843.181344436]
[79298.11310167678, 5159833.3003044985]
[79306.74496373776, 5159821.306232548]
[79331.24558288853, 5159797.446273544]
[79342.85267564996, 5159777.837112985]
[79381.82988651044, 5159741.626247376]
[79429.93455031536, 5159723.923932263]
[79481.83529141615, 5159455.011984302]
[79641.12316396904, 5159315.711996649]
[79712.60369840387, 5159061.0504067335]
[79750.16017324752, 5158946.270258843]
[79805.83170238658, 5158874.115761397]
[79813.24136120484, 5158872.332408999]
[80165.63759334307, 5158467.593343172]
[80206.68238243736, 5158373.3119845735]
[80299.70799825668, 5158267.047063336]
[80947.93690362698, 5158250.132048173]
values
[59299.36617687026, 7549334.4533381]
[59444.527876170796, 7497788.07210213]
[59445.52099307067, 7497626.686805183]
[59452.039273372684, 7493040.349122305]
[59484.53891956554, 7472164.351196565]
[59486.65730754884, 7472007.296736214]
[59493.05302378688, 7467613.689129021]
[59559.016694581966, 7442391.531579979]
[59563.38201636719, 7442188.620633512]
[59646.25025275586, 7423995.7211113]
[59680.48522520589, 7417295.060053505]
[59688.89475123085, 7415211.249976506]
[76915.20465068224, 5184400.964388923]
[77256.17447675308, 5177820.641469507]
[77376.4814312141, 5175592.913286677]
[77379.88260785135, 5175545.665858224]
[77407.47252974167, 5175136.906603795]
[77529.80705762055, 5172651.0900017]
[77556.12149549059, 5172193.311346194]
[77737.87758642157, 5170323.461327355]
[77741.01623056979, 5170283.964757209]
[77771.9555900071, 5169904.608902418]
[77785.45067609429, 5169678.739418594]
[77871.86510910255, 5167891.540908107]
[77875.5331928688, 5167844.3680087]
[77913.4509520537, 5167517.5693243425]
[77963.88417778365, 5167173.717178943]
[78131.36777355918, 5166005.513963814]
[78147.06380410038, 5165821.35374354]
[78181.41114332959, 5165332.733925105]
[78225.95870825976, 5164866.371605556]
[78253.48350706686, 5164657.041166738]
[78295.9055641487, 5164381.214720131]
[78305.48701915097, 5164324.566663203]
[78346.50680451337, 5164083.6841653]
[78448.3429173736, 5163519.64262705]
[78575.56464383991, 5162923.085488817]
[78581.476882406, 5162898.199482508]
[78587.31735037616, 5162873.452542518]
[78613.78239457807, 5162754.269125564]
[78631.04915988255, 5162671.902205056]
[78637.42940174747, 5162639.658822102]
[78741.4316124739, 5161731.9115683455]
[78743.9154574008, 5161713.212223792]
[78751.72216730453, 5161663.203540711]
[78760.0923725927, 5161620.593575348]
[78770.02783336687, 5161578.5407622475]
[78804.4481859197, 5161442.236831253]
[78820.14071198128, 5161404.045060176]
[78826.871496962, 5161380.713368437]
[78860.22595171073, 5161286.306978778]
[78868.6867179658, 5161270.177144198]
[78912.06027486101, 5161162.844292827]
[79006.22862280645, 5160923.80478452]
[79041.42516696826, 5160811.600886045]
[79079.88623481947, 5160643.055514112]
[79088.12256398876, 5160602.103031212]
[79093.06924960489, 5160583.898612168]
[79095.33592149297, 5160566.178007269]
[79097.50611209442, 5160548.596758581]
[79099.6066693851, 5160531.154860834]
[79103.70119425435, 5160496.689092581]
[79105.67315182065, 5160483.414300158]
[79111.65217152039, 5160449.084254257]
[79119.26359782327, 5160399.238460165]
[79122.15910664057, 5160385.00210333]
[79136.37901088878, 5160301.287701823]
[79157.62634426443, 5160205.658192779]
[79163.16342955497, 5160182.947938941]
[79192.15914302004, 5160082.885111016]
[79201.7455026642, 5160055.3020462785]
[79212.67489620457, 5160024.570255455]
[79213.45735848091, 5160021.363584641]
[79214.2459132303, 5160018.233134091]
[79214.39025515859, 5160017.672149695]
[79215.8579793778, 5160012.200866746]
[79218.02690608276, 5160004.9642519215]
[79218.6811863821, 5160002.9873147365]
[79219.35452815924, 5160001.050668784]
[79219.35452815927, 5160001.0506687835]
[79222.2793822078, 5159993.706939227]
[79224.67813020134, 5159985.779770594]
[79241.42667173337, 5159938.336076754]
[79246.92595633036, 5159923.516435063]
[79254.83480891955, 5159905.870674342]
[79258.21964909663, 5159891.631653965]
[79264.78311951649, 5159876.298549479]
[79273.23359695461, 5159851.407137028]
[79275.04620068628, 5159845.666467118]
[79292.08483005558, 5159843.181344436]
[79292.08591476525, 5159800.440482206]
[79292.08591476527, 5159800.440482204]
[79308.08923226346, 5159756.85698085]
[79314.25837722838, 5159746.889856918]
[79320.69756799689, 5159716.71106888]
[79323.55115713373, 5159713.701761874]
[79328.35985051114, 5159712.205994688]
[79328.85640039423, 5159710.363321903]
[79333.64950740019, 5159696.2974901935]
[79349.50427032963, 5159654.93534006]
[79353.81724610056, 5159632.104746244]
[79370.931693125, 5159626.927986616]
[79429.79123967391, 5159502.247750901]
[79439.18154688776, 5159489.60543081]
[79481.83529141615, 5159455.011984302]
[79488.18594391306, 5159422.453099361]
[79490.73904168082, 5159383.356168149]
[79529.82094516489, 5159352.76539421]
[79537.49390355528, 5159344.115805733]
[79573.89447553539, 5159309.366720558]
[79578.73333860487, 5159275.693838133]
[79608.37704507189, 5159227.35695696]
[79625.3158928594, 5159200.5242143925]
[79641.7043338722, 5159173.932422369]
[79647.2328262074, 5159163.652596125]
[79666.43767213571, 5159156.460301318]
[79668.08002117644, 5159127.256425066]
[79682.82661293306, 5159101.327177431]
[79701.52522061089, 5159067.129642703]
[79709.06119372042, 5159052.378201856]
[79720.04931224413, 5159036.098243518]
[79720.04931224414, 5159036.098243517]
[79723.78304781676, 5159030.934318728]
[79726.8117276162, 5159011.890346003]
[79734.57660119722, 5158978.625025756]
[79737.55733883107, 5158970.430736357]
[79750.16017324752, 5158946.270258843]
[79751.51053817138, 5158944.621410453]
[79767.27123930784, 5158919.142805308]
[79782.17617007603, 5158912.28651148]
[79792.62792119363, 5158878.082289106]
[79794.66481649507, 5158833.872886621]
[79804.1628357215, 5158813.905124283]
[79828.05501164006, 5158770.043275238]
[79829.37075038145, 5158768.235665611]
[79837.03655424753, 5158755.017902458]
[79841.6427426357, 5158747.545401947]
[79855.90506232753, 5158725.288649175]
[79856.36875192203, 5158723.41935586]
[79861.94402655546, 5158718.291063721]
[79865.76480963886, 5158710.584775609]
[79866.38373543938, 5158708.115818786]
[79870.79392977292, 5158703.2730285805]
[79873.05059351215, 5158699.353619017]
[79879.09508711922, 5158692.543919009]
[79884.61439562566, 5158683.212715234]
[79887.18526583184, 5158677.865398519]
[79894.06364705304, 5158669.231934842]
[79896.83776060754, 5158667.116207169]
[79900.50163463477, 5158661.654597618]
[79908.88689999992, 5158648.090516212]
[79915.06855711238, 5158642.007964914]
[79922.99513556385, 5158631.156612257]
[79952.80855396597, 5158593.889897204]
[79963.9654428967, 5158581.031493676]
[80110.59697093531, 5158452.640998964]
[80164.82569156695, 5158390.584878615]
[80167.74008310832, 5158384.907347884]
[80184.4456024869, 5158367.046953675]
[80184.44560248691, 5158367.046953674]
[80185.47790940136, 5158365.695621426]
[80186.43509182204, 5158363.118877284]
[80189.59870089054, 5158360.228561686]
[80193.06578747013, 5158357.245382544]
[80193.33641627851, 5158355.570661057]
[80193.39473890349, 5158355.013627575]
[80195.70795583898, 5158352.526048984]
[80199.11196026222, 5158347.959993582]
[80200.16215188846, 5158346.684933889]
[80203.86227044568, 5158343.45864013]
[80212.87344698021, 5158331.900939405]
[80217.57355609149, 5158325.863026581]
[80235.92321161026, 5158302.201553873]
[80237.08942942646, 5158300.7506232]
[80238.62005436388, 5158298.659653549]
[80243.73588936281, 5158292.086684735]
[80250.35136987, 5158283.678980276]
[80259.06800871002, 5158272.096115166]
[80299.70799825668, 5158267.047063336]
[80317.03499971649, 5158188.214424913]
[80327.40999927776, 5158173.895881374]
[80340.0683504976, 5158156.507009562]
[80346.66486324773, 5158156.044212364]
[80348.1799854637, 5158142.280438466]
[80360.31075380243, 5158127.449379853]
[80360.67085369032, 5158125.046092073]
[80365.14066165796, 5158121.10520982]
[80365.4576345577, 5158118.701131804]
[80375.20472160507, 5158106.170335728]
[80378.36570998681, 5158101.967618111]
[80383.39860157974, 5158095.814066943]
[80386.57398875208, 5158090.923388194]
[80394.55918066014, 5158084.141250905]
[80400.86378209294, 5158077.247480414]
[80401.79102589875, 5158074.3674433045]
[80402.59184081866, 5158073.619713945]
[80403.66108718512, 5158071.46583543]
[80409.25694172051, 5158066.47469637]
[80410.78280096328, 5158064.936011932]
[80413.9302930984, 5158061.854519857]
[80413.96267159567, 5158058.292556248]
[80416.33372671559, 5158055.408278826]
[80426.4233419515, 5158047.414867185]
[80429.14852010534, 5158046.975372598]
[80430.23043913455, 5158045.226590894]
[80430.78086192923, 5158041.286039498]
[80431.8378502383, 5158039.635229423]
[80435.14564653771, 5158036.598143284]
[80435.72657609836, 5158036.563621017]
[80438.28714358732, 5158033.159239361]
[80444.91377443017, 5158026.939572235]
[80447.89606411991, 5158024.56746955]
[80448.4152545766, 5158024.181316591]
[80450.87166228039, 5158021.946420413]
[80451.48156399745, 5158021.204742822]
[80454.81445997667, 5158018.463017003]
[80481.79044687047, 5158007.687843087]
[80481.98643712753, 5157996.460371714]
[80483.93447180965, 5157994.988584332]
[80487.86947980663, 5157992.084854694]
[80491.85671347308, 5157989.234252862]
[80501.92774672367, 5157981.261761527]
[80508.16481161666, 5157977.155704476]
[80515.45925522527, 5157974.409611726]
[80518.15279849601, 5157969.355687311]
[80519.46422150878, 5157968.701336383]
[80520.78300949228, 5157968.063432669]
[80557.44977692074, 5157950.592391301]
[80559.7502528872, 5157942.952214025]
[80580.49704596255, 5157941.758773439]
[80603.64514354724, 5157915.956998669]
[80698.19546046233, 5157867.897495738]
[80719.28211674182, 5157856.021422521]
[80720.86548017222, 5157855.314497462]
[80741.2862193582, 5157844.7326518]
[80748.3073135633, 5157841.775750968]
[80754.2794604196, 5157838.309316184]
[80758.21636318788, 5157835.814334927]
[80763.14984005193, 5157834.719816386]
[80767.67905555762, 5157831.491414922]
[80786.8217522989, 5157822.792584375]
[80787.08096551929, 5157821.920172631]
[80808.87380541611, 5157811.857344491]
[80829.96195612304, 5157802.489236434]
[80829.98215963188, 5157801.5897324905]
[80860.22751225957, 5157787.185249135]
[80870.78642608604, 5157781.820391527]
[80876.36642443351, 5157777.585351163]
[80909.61548564736, 5157761.818805678]
[80935.08565443502, 5157748.530320423]
[80949.62474391203, 5157746.6340777585]
[80967.21508529011, 5157734.19765997]
[80972.29134325199, 5157732.032406367]
[80975.89874134545, 5157730.5191401625]
[80978.05578657622, 5157729.624517837]
[80982.35323941149, 5157727.865282327]
[80985.20587334727, 5157726.714687636]
[80989.46628574436, 5157725.02213906]
[80995.81503663385, 5157722.558338943]
[80996.51733957345, 5157722.29014061]
[81003.76136861753, 5157719.720705585]
[81007.66875677397, 5157718.15012404]
[81013.18354883153, 5157716.18681453]
[81020.81502451767, 5157713.768327705]
[81024.08898099339, 5157712.473592723]
[81024.97141194686, 5157712.331099239]
[81033.88521218562, 5157709.354365793]
[81038.63193222338, 5157707.829309339]
[81041.35322105185, 5157707.7754886905]
[81043.1703984406, 5157706.54282929]
[81044.01038246875, 5157706.153073339]
[81049.45063424738, 5157705.025487094]
[81051.90253378973, 5157703.857134019]
[81053.89739524986, 5157703.264032271]
[81054.12224150902, 5157703.200641147]
[81054.6158713327, 5157703.01399522]
[81057.75534800117, 5157702.283671603]
[81058.71084912654, 5157701.565529704]
[81060.49125134635, 5157701.359268694]
[81063.10460291234, 5157700.6284829825]
[81064.4060585946, 5157700.269758634]
[81072.78015646122, 5157698.046413539]
[81079.74972305459, 5157696.31182844]
[81080.46599661042, 5157696.069903802]
[81082.8824147948, 5157695.567837251]
[81084.24435950383, 5157695.141389957]
[81084.7514568826, 5157695.134779501]
[81089.069152459, 5157694.868583797]
[81092.99632942863, 5157693.61234227]
[81094.15550926901, 5157692.860960876]
[81097.20409046458, 5157692.2066756515]
[81099.02224896979, 5157691.827441392]
[81099.6264808113, 5157691.70325278]
[81100.22980542458, 5157691.580175575]
[81103.83082218572, 5157690.86505184]
[81106.80714259566, 5157690.299679007]
[81108.58238201604, 5157689.973792148]
[81109.17238743743, 5157689.867386001]
[81110.34980572086, 5157689.657907913]
[81110.93722519348, 5157689.554835971]
[81111.23061399713, 5157689.503716776]
[81111.37722835546, 5157689.478261374]
[81111.52378942432, 5157689.4528754335]
[81112.10950191352, 5157689.352026296]
[81112.6943662413, 5157689.252288561]
[81113.27838606582, 5157689.153662227]
[81114.44390723608, 5157688.959743763]
[81116.76498534168, 5157688.585243646]
[81117.92060783936, 5157688.404661991]
[81120.22219332597, 5157688.0568354735]
[81121.36822965927, 5157687.88959061]
[81121.94007541167, 5157687.807635277]
[81122.22570733765, 5157687.767074384]
[81122.51114613094, 5157687.726791344]
values
[59227.142406456034, 7601697.568920562]
[59299.36617687026, 7549334.4533381]
[59380.81261905072, 7523417.664200428]
[59381.23589278864, 7523376.274061339]
[59444.527876170796, 7497788.07210213]
[59444.775760082615, 7497747.709199266]
[59445.52099307067, 7497626.686805183]
[59452.039273372684, 7493040.349122305]
[59483.47431009109, 7472242.944735141]
[59484.53891956554, 7472164.351196565]
[59486.65730754884, 7472007.296736214]
[59493.05302378688, 7467613.689129021]
[59493.61472437942, 7467574.581638912]
[59559.016694581966, 7442391.531579979]
[59563.38201636719, 7442188.620633512]
[59646.25025275586, 7423995.7211113]
[59676.29440798766, 7417299.731320918]
[59680.48522520589, 7417295.060053505]
[59688.89475123085, 7415211.249976506]
[76915.20465068224, 5184400.964388923]
[77115.73914259084, 5181268.886543926]
[77116.59744229719, 5181255.26124962]
[77118.29549817843, 5181228.037534693]
[77236.81861392429, 5178362.3111073105]
[77237.30827921991, 5178349.564471207]
[77256.17447675308, 5177820.641469507]
[77277.01985428971, 5177311.186736859]
[77374.75258315729, 5175616.589264966]
[77376.4814312141, 5175592.913286677]
[77379.88260785135, 5175545.665858224]
[77407.47252974167, 5175136.906603795]
[77408.25324424704, 5175125.228761386]
[77529.80705762055, 5172651.0900017]
[77556.12149549059, 5172193.311346194]
[77736.23034996829, 5170343.261742244]
[77737.87758642157, 5170323.461327355]
[77741.01623056979, 5170283.964757209]
[77769.56900940395, 5169953.2671957705]
[77770.56494912987, 5169933.777819817]
[77771.9555900071, 5169904.608902418]
[77785.45067609429, 5169678.739418594]
[77871.86510910255, 5167891.540908107]
[77872.50948812212, 5167882.677191819]
[77873.17383197769, 5167873.822151489]
[77875.5331928688, 5167844.3680087]
[77913.4509520537, 5167517.5693243425]
[77963.88417778365, 5167173.717178943]
[78129.86931044853, 5166021.445756279]
[78130.62387861041, 5166013.475523833]
[78131.36777355918, 5166005.513963814]
[78134.23751812399, 5165973.754448577]
[78135.60978181698, 5165957.926726339]
[78147.06380410038, 5165821.35374354]
[78156.38177372575, 5165701.650452888]
[78156.86133849675, 5165693.844237534]
[78181.41114332959, 5165332.733925105]
[78225.95870825976, 5164866.371605556]
[78253.48350706686, 5164657.041166738]
[78295.9055641487, 5164381.214720131]
[78298.24949087886, 5164367.000635542]
[78305.48701915097, 5164324.566663203]
[78306.72287958286, 5164317.524710592]
[78346.50680451337, 5164083.6841653]
[78349.0492863509, 5164069.832998444]
[78448.3429173736, 5163519.64262705]
[78494.44932176279, 5163291.742837792]
[78569.58775944005, 5162948.110547259]
[78574.07617210344, 5162929.328717846]
[78575.56464383991, 5162923.085488817]
[78577.0490677553, 5162916.850950546]
[78578.52932389453, 5162910.625103258]
[78581.476882406, 5162898.199482508]
[78587.31735037615, 5162873.452542517]
[78590.20883682011, 5162861.131226812]
[78613.78239457807, 5162754.269125564]
[78631.04915988255, 5162671.902205056]
[78632.67071695617, 5162663.818174804]
[78635.06988169497, 5162651.721109584]
[78636.25458335839, 5162645.685618516]
[78637.42940174747, 5162639.658822102]
[78670.30811368395, 5162473.002736033]
[78712.31082031083, 5162002.291039299]
[78713.31601875997, 5161985.698021685]
[78714.39903229378, 5161969.183328927]
[78717.09457303249, 5161961.343049426]
[78741.4316124739, 5161731.9115683455]
[78743.9154574008, 5161713.212223792]
[78749.87548593672, 5161673.9430790655]
[78751.72216730453, 5161663.203540711]
[78752.68235826943, 5161657.8468280835]
[78755.71053979252, 5161641.828918147]
[78758.96008581866, 5161625.889353094]
[78760.0923725927, 5161620.593575348]
[78762.43038675723, 5161610.028136538]
[78764.86598493908, 5161599.497520796]
[78770.02783336687, 5161578.5407622475]
[78778.48677041993, 5161547.366819516]
[78804.4481859197, 5161442.236831253]
[78820.14071198128, 5161404.045060176]
[78826.871496962, 5161380.713368437]
[78847.95429201316, 5161324.440643822]
[78854.22332856311, 5161309.260441571]
[78860.22595171073, 5161286.306978778]
[78868.6867179658, 5161270.177144198]
[78912.06027486101, 5161162.844292827]
[79006.22862280645, 5160923.80478452]
[79011.92505908704, 5160904.340594548]
[79016.87089837283, 5160890.278659774]
[79020.19750608919, 5160879.733661501]
[79021.64013697112, 5160876.295112709]
[79028.20985654807, 5160854.872577742]
[79036.89174318292, 5160827.058650635]
[79038.92737602345, 5160821.144789005]
[79040.56556819654, 5160815.087684168]
[79041.42516696826, 5160811.600886045]
[79046.49735907318, 5160794.039928751]
[79049.1226660088, 5160784.096512531]
[79052.14817911602, 5160772.3714254]
[79079.88623481947, 5160643.055514112]
[79080.40104120625, 5160542.171433452]
[79083.01225923238, 5160504.370776467]
[79086.1348940048, 5160467.275569583]
[79098.56377630838, 5160459.233765025]
[79105.877527374, 5160374.468438187]
[79126.3415290785, 5160302.236627561]
[79131.22077735633, 5160278.163485412]
[79145.72434665303, 5160236.304535347]
[79151.41282345049, 5160212.3289789865]
[79156.14604527848, 5160200.8695801925]
[79157.57326270576, 5160188.666859131]
[79163.16342955497, 5160182.947938941]
[79164.18267579007, 5160165.318136061]
[79171.21617987042, 5160142.282767393]
[79174.16923148821, 5160138.480981167]
[79178.07198280212, 5160125.833771651]
[79180.13248474203, 5160115.378692344]
[79186.08824815968, 5160100.766530048]
[79187.40134647989, 5160098.3913788535]
[79192.15914302004, 5160082.885111016]
[79201.7455026642, 5160055.3020462785]
[79203.17337090168, 5160051.478016383]
[79212.67489620457, 5160024.570255455]
[79213.45735848091, 5160021.363584641]
[79214.2459132303, 5160018.233134091]
[79214.39025515859, 5160017.672149695]
[79215.8579793778, 5160012.200866746]
[79218.02690608276, 5160004.9642519215]
[79218.6811863821, 5160002.9873147365]
[79219.35452815924, 5160001.050668784]
[79219.35452815927, 5160001.0506687835]
[79222.2793822078, 5159993.706939227]
[79224.67813020134, 5159985.779770594]
[79228.52085930653, 5159976.132616567]
[79229.75012157322, 5159973.377285877]
[79232.29703659043, 5159964.943239696]
[79236.1133445201, 5159955.678791755]
[79241.42667173337, 5159938.336076754]
[79244.13060690013, 5159932.1129073175]
[79246.92595633036, 5159923.516435063]
[79252.32869857243, 5159913.350747203]
[79253.05259923504, 5159906.887206059]
[79254.83480891955, 5159905.870674342]
[79258.21964909663, 5159891.631653965]
[79261.3069730486, 5159882.392329312]
[79264.78311951649, 5159876.298549479]
[79271.02338094192, 5159854.98694387]
[79272.29749679778, 5159851.36612958]
[79274.71128576194, 5159847.283409859]
[79275.04620068628, 5159845.666467118]
[79278.27322990172, 5159834.426342346]
[79281.42650903529, 5159825.996100359]
[79284.51294357996, 5159817.483468014]
[79285.51088191921, 5159813.965477679]
[79290.32414015543, 5159800.220644039]
[79297.32595659162, 5159781.45738838]
[79300.00669547688, 5159773.342949379]
[79308.08923226346, 5159756.85698085]
[79309.76059997916, 5159746.657009314]
[79318.16520177067, 5159723.65822587]
[79320.69756799689, 5159716.71106888]
[79323.55115713373, 5159713.701761874]
[79328.35985051114, 5159712.205994688]
[79328.85640039423, 5159710.363321903]
[79329.57031992511, 5159693.294630112]
[79330.77686335798, 5159690.80187094]
[79333.36295968237, 5159683.804626823]
[79334.47017382336, 5159680.69368377]
[79334.63952796772, 5159680.191505448]
[79343.92491951735, 5159668.58351308]
[79344.94780161676, 5159653.868801091]
[79347.95301442014, 5159646.948290287]
[79348.01055642759, 5159646.34720065]
[79350.23477543352, 5159640.664296363]
[79352.60829901425, 5159635.146343526]
[79353.81724610056, 5159632.104746244]
[79360.92637425139, 5159614.841834044]
[79370.52081490794, 5159592.634266398]
[79371.3661120126, 5159590.516346061]
[79373.16580365018, 5159587.179844132]
[79381.55283111765, 5159568.132374553]
[79383.18314108488, 5159563.772068872]
[79390.93507349082, 5159548.702560135]
[79392.41012234603, 5159545.755283446]
[79395.182507859, 5159537.9844123665]
[79413.622387387, 5159500.153922088]
[79423.18495988548, 5159481.388224562]
[79445.13014472673, 5159439.454492391]
[79451.33221601737, 5159429.644841881]
[79456.46655484293, 5159422.595032762]
[79464.59045696496, 5159407.729902134]
[79479.07789929141, 5159388.339857847]
[79488.47986706017, 5159376.516015821]
[79499.99937051265, 5159351.487264572]
[79501.48055878995, 5159347.185438898]
[79508.27768438029, 5159332.878032059]
[79520.41022414458, 5159312.509365279]
[79573.89447553539, 5159309.366720558]
[79578.73333860487, 5159275.693838133]
[79608.37704507189, 5159227.35695696]
[79617.69621439431, 5159206.646632591]
[79625.3158928594, 5159200.5242143925]
[79629.7232435271, 5159184.129492707]
[79637.30724763696, 5159178.442141255]
[79641.7043338722, 5159173.932422369]
[79643.69636666741, 5159165.10188883]
[79647.2328262074, 5159163.652596125]
[79650.47424935827, 5159155.648512754]
[79655.31765758857, 5159150.246186819]
[79665.48782110595, 5159133.486371131]
[79666.73552849804, 5159128.931810757]
[79668.08002117644, 5159127.256425066]
[79670.88661798931, 5159122.14818475]
[79680.61902675826, 5159105.547546478]
[79681.915530613, 5159101.0673654685]
[79685.85428544936, 5159094.330686928]
[79687.69088809821, 5159088.417521977]
[79695.15683916648, 5159077.889224475]
[79699.36614468468, 5159074.889721644]
[79701.52522061089, 5159067.129642703]
[79702.43320036067, 5159062.347838485]
[79704.14077443977, 5159061.547446083]
[79706.4868350654, 5159055.890383298]
[79709.06119372042, 5159052.378201856]
[79715.813751171, 5159039.054865612]
[79716.05071291741, 5159033.804437114]
[79721.1733978624, 5159029.162943798]
[79723.96914794827, 5159019.848760224]
[79725.78446811842, 5159014.622789184]
[79726.8117276162, 5159011.890346003]
[79730.37387560809, 5159009.145903653]
[79730.65647337383, 5159007.20887463]
[79731.31834764034, 5159005.288377632]
[79734.57660119722, 5158978.625025756]
[79737.55733883107, 5158970.430736357]
[79750.16017324752, 5158946.270258843]
[79751.51053817138, 5158944.621410453]
[79767.27123930784, 5158919.142805308]
[79782.17617007603, 5158912.28651148]
[79782.34623016641, 5158867.399325714]
[79784.74742291193, 5158857.54847771]
[79789.65096139605, 5158848.2363919]
[79792.44482628598, 5158841.84649004]
[79794.66481649507, 5158833.872886621]
[79795.71670656318, 5158833.826347125]
[79797.81914064582, 5158827.981119326]
[79804.1628357215, 5158813.905124283]
[79810.52973134689, 5158802.534349948]
[79810.7251968564, 5158801.720311622]
[79811.09612876577, 5158800.821622071]
[79811.2048694814, 5158800.467920257]
[79814.29362824661, 5158794.692388296]
[79815.11880911118, 5158793.388842748]
[79816.9764797095, 5158789.807609765]
[79819.21689099177, 5158785.566647741]
[79828.05501164006, 5158770.043275238]
[79829.37075038145, 5158768.235665611]
[79834.99560208937, 5158758.161826846]
[79835.29491012056, 5158758.031712845]
[79837.03655424753, 5158755.017902458]
[79839.5547349053, 5158750.470617616]
[79841.6427426357, 5158747.545401947]
[79845.87724697875, 5158740.0729441345]
[79846.63341525116, 5158738.841777616]
[79849.45239555079, 5158734.27021224]
[79851.4537021185, 5158731.089636117]
[79855.90506232753, 5158725.288649175]
[79856.36875192203, 5158723.41935586]
[79857.1170211177, 5158722.147083598]
[79857.29850820157, 5158721.434130852]
[79861.94402655546, 5158718.291063721]
[79864.26423068174, 5158713.701390806]
[79864.58541270613, 5158710.556923728]
[79866.38373543938, 5158708.115818786]
[79870.79392977292, 5158703.2730285805]
[79873.05059351215, 5158699.353619017]
[79876.33594769456, 5158692.902698187]
[79879.09508711922, 5158692.543919009]
[79884.06850648043, 5158681.495210612]
[79887.18526583184, 5158677.865398519]
[79893.0976988164, 5158668.194404791]
[79895.58542767813, 5158666.048239568]
[79896.2551613638, 5158664.1126181595]
[79896.4493267925, 5158663.714580256]
[79898.82234162738, 5158661.280548573]
[79902.4415890728, 5158655.482454375]
[79906.58272508923, 5158648.727410072]
[79908.68515316468, 5158646.893045455]
[79908.80914655431, 5158646.131591128]
[79909.99982253184, 5158645.946058425]
[79910.19071020774, 5158644.899205694]
[79911.59804448816, 5158642.627763347]
[79913.1593408652, 5158640.900712965]
[79915.22982401098, 5158636.831935081]
[79916.74585226233, 5158635.776839572]
[79920.85442745271, 5158629.856548923]
[79926.20768719738, 5158625.005726006]
[79929.48576727582, 5158618.828896562]
[79932.776600625, 5158615.692970205]
[79936.00798412779, 5158609.630363984]
[79942.56791972664, 5158600.483045762]
[79948.62478811498, 5158594.648534223]
[79952.80855396597, 5158593.889897204]
[79955.44187728665, 5158585.422062919]
[79957.19627558728, 5158582.942015172]
[79959.0505860822, 5158578.756243089]
[79963.66939651483, 5158575.070453286]
[79963.76226374725, 5158574.705742196]
[79965.83063210011, 5158570.304429604]
[79967.50131063977, 5158568.893315888]
[79970.14705326094, 5158567.417453561]
[79971.90551311457, 5158562.562599147]
[79972.86680643116, 5158561.998648007]
[79981.09788596306, 5158556.814495236]
[79983.23653610682, 5158548.27856371]
[79985.34238914191, 5158547.821798704]
[79985.7649123191, 5158545.961104087]
[79987.89982301932, 5158542.9570519505]
[79989.35419662473, 5158540.63351966]
[79995.75366149786, 5158533.988746998]
[80005.43573337038, 5158521.293909732]
[80015.26005337993, 5158513.156328306]
[80021.27568286893, 5158503.676583467]
[80040.43921643394, 5158480.656008035]
[80043.20455766156, 5158476.055630008]
[80048.98392429891, 5158473.961452462]
[80057.88430149606, 5158459.207306993]
[80074.41295535259, 5158440.454251923]
[80079.39035442573, 5158435.097395852]
[80081.93632263636, 5158431.524911213]
[80094.47042625277, 5158417.351729306]
[80111.6458241935, 5158397.943914097]
[80116.25783588376, 5158392.596665692]
[80128.78508167337, 5158379.919856242]
[80128.89956848609, 5158378.7960611135]
[80131.17577581477, 5158378.24518804]
[80141.65635834196, 5158366.447958836]
[80177.6536179878, 5158328.268682591]
[80215.05494050944, 5158327.33956354]
[80217.57355609149, 5158325.863026581]
[80219.39954506536, 5158321.934305509]
[80221.82815263938, 5158319.513307623]
[80224.33960570517, 5158315.555832054]
[80225.6354241169, 5158313.62447404]
[80226.11441327777, 5158313.278493713]
[80226.26807241494, 5158313.0868044365]
[80227.69882711089, 5158311.539232114]
[80228.81019144307, 5158309.8151857555]
[80234.08573436463, 5158302.9645631965]
[80235.92321161026, 5158302.201553873]
[80235.94623013464, 5158300.641951688]
[80237.12033878484, 5158299.141149491]
[80238.22279013663, 5158298.129111886]
[80239.87327888509, 5158295.5747989705]
[80240.13814610401, 5158295.202792968]
[80241.35561832432, 5158294.064502755]
[80242.33107676796, 5158292.415968267]
[80243.73588936281, 5158292.086684735]
[80245.76105076846, 5158288.069437392]
[80248.11448174069, 5158284.856419765]
[80248.38279728277, 5158284.460463409]
[80250.35136987, 5158283.678980276]
[80251.13960865687, 5158281.217513273]
[80252.02907330319, 5158280.037172784]
[80254.97612920303, 5158276.223137249]
[80255.50751755107, 5158275.3192818975]
[80258.15793785373, 5158271.886849082]
[80261.63867979757, 5158267.875858179]
[80262.76367277208, 5158266.229190631]
[80264.6711438702, 5158263.438147296]
[80266.37317282744, 5158261.115995876]
[80267.71665381645, 5158259.622048853]
[80268.12638621689, 5158259.312447101]
[80269.22052485874, 5158257.364302208]
[80270.088312628, 5158256.404076943]
[80273.1390855838, 5158252.409442534]
[80274.34030343678, 5158250.607893373]
[80275.2791593821, 5158249.418790456]
[80276.12063207525, 5158248.460351388]
[80281.05828634051, 5158242.045333086]
[80283.03082153661, 5158239.531459258]
[80284.0173657735, 5158237.83690258]
[80286.86343484728, 5158234.169601351]
[80287.52752811025, 5158233.232342145]
[80287.63026632665, 5158233.061916608]
[80298.84987748577, 5158217.946500077]
[80301.65394875246, 5158214.113925311]
[80302.642615525, 5158212.299046833]
[80304.24312143298, 5158210.521849978]
[80306.04852354444, 5158208.04082257]
[80307.04384436825, 5158206.689458869]
[80309.7757456924, 5158203.099167771]
[80313.76812533001, 5158197.329840318]
[80315.54859344379, 5158194.487829156]
[80317.03499971649, 5158188.214424913]
[80325.41434734206, 5158180.80514127]
[80327.40999927776, 5158173.895881374]
[80330.3875501341, 5158173.610040439]
[80336.87573887059, 5158164.55299995]
[80340.0683504976, 5158156.507009562]
[80346.66486324773, 5158156.044212364]
[80348.1799854637, 5158142.280438466]
[80360.31075380243, 5158127.449379853]
[80360.67085369032, 5158125.046092073]
[80363.78075724219, 5158118.2034018375]
[80370.68562282012, 5158109.330830102]
[80374.30702769021, 5158103.845542822]
[80376.97536391357, 5158100.49784063]
[80383.39860157974, 5158095.814066943]
[80386.57398875208, 5158090.923388194]
[80391.65942559461, 5158087.215728834]
[80394.55918066014, 5158084.141250905]
[80394.6506987372, 5158083.883955769]
[80397.08645155208, 5158077.296562999]
[80398.43508515503, 5158074.112144791]
[80401.0613803646, 5158072.095842778]
[80403.66108718512, 5158071.46583543]
[80406.68958621424, 5158065.519507992]
[80407.58411656473, 5158064.992206417]
[80409.95781615387, 5158062.134789158]
[80410.84561346448, 5158061.677149735]
[80411.9970523406, 5158059.181536696]
[80413.96267159567, 5158058.292556248]
[80416.33372671559, 5158055.408278826]
[80417.88396887571, 5158055.02680594]
[80419.44485353168, 5158053.476416973]
[80422.77251905733, 5158047.229110748]
[80424.47362053936, 5158045.69139367]
[80424.88420078787, 5158045.505172768]
[80426.79036286476, 5158042.994199065]
[80428.52821742719, 5158041.256201715]
[80431.8378502383, 5158039.635229423]
[80433.81840757455, 5158036.066040232]
[80436.26055715178, 5158034.89877214]
[80438.1392867844, 5158033.7449066155]
[80438.28714358732, 5158033.159239361]
[80439.02858638139, 5158031.699117438]
[80441.57783466518, 5158030.017364636]
[80442.50402542122, 5158029.644672292]
[80444.78916032784, 5158026.54389765]
[80446.83211771846, 5158025.486042881]
[80447.69403568667, 5158022.682479236]
[80448.51079090896, 5158022.400355553]
[80450.71783858487, 5158020.246373885]
[80454.43811115737, 5158018.02443898]
[80457.8221151029, 5158013.568672422]
[80462.63029144771, 5158012.513418893]
[80462.72956765376, 5158009.73412364]
[80468.33098494017, 5158004.570217201]
[80473.73050136332, 5158000.114242513]
[80474.95275784264, 5157999.821750975]
[80478.89513019212, 5157998.299938177]
[80481.10527955665, 5157996.575076133]
[80481.98643712753, 5157996.460371714]
[80483.93447180965, 5157994.988584332]
[80484.8978134743, 5157992.612916404]
[80486.64277241706, 5157992.111609742]
[80487.1846645315, 5157991.643023581]
[80488.3912625546, 5157990.184198663]
[80488.65719385221, 5157989.651766463]
[80490.512286732, 5157986.91931265]
[80492.45669076248, 5157986.705521612]
[80497.98498782355, 5157983.353993516]
[80501.92774672367, 5157981.261761527]
[80503.78876020148, 5157979.0598434685]
[80503.91237710124, 5157977.955326204]
[80506.53204122825, 5157975.939681689]
[80508.4331298353, 5157975.809052949]
[80508.54892021579, 5157975.584501947]
[80509.28705534879, 5157974.459064926]
[80510.43079261661, 5157974.359576643]
[80513.29899752213, 5157971.576473548]
[80513.79915736565, 5157969.4539874755]
[80518.15279849601, 5157969.355687311]
[80519.42253900846, 5157967.913364453]
[80529.53111172086, 5157961.354792283]
[80534.39946963418, 5157958.140921594]
[80535.27970164672, 5157956.800878875]
[80538.43537698423, 5157952.478489398]
[80543.4107599773, 5157950.794169512]
[80547.51803376121, 5157947.825151821]
[80554.27582408984, 5157945.022796586]
[80554.27582408985, 5157945.022796584]
[80554.82943482642, 5157944.603100637]
[80556.6818480832, 5157942.944383402]
[80558.0712134177, 5157940.247276894]
[80562.67690067459, 5157939.638246884]
[80564.26087918843, 5157935.992779837]
[80568.12624727219, 5157934.22893788]
[80574.25948129411, 5157931.706758593]
[80578.32052470278, 5157928.275440446]
[80578.3205247028, 5157928.275440445]
[80580.05401870681, 5157927.26584243]
[80582.83704815432, 5157926.731598574]
[80591.19376255428, 5157922.971094947]
[80603.25553469667, 5157915.1063822815]
[80606.41573593032, 5157912.008691003]
[80606.89648772456, 5157911.8462183485]
[80609.73350068135, 5157911.265492578]
[80610.72004767063, 5157911.223188049]
[80617.87813475302, 5157905.825082512]
[80626.71116013378, 5157901.133439687]
[80628.51144498105, 5157900.189895855]
[80629.41228640458, 5157899.72051543]
[80630.86550248496, 5157899.45465101]
[80633.78474549325, 5157898.9420745075]
[80639.48808158432, 5157896.017389313]
[80642.19923492626, 5157892.584202738]
[80643.24739978132, 5157892.498705941]
[80645.65086208838, 5157892.021142521]
[80645.69668242753, 5157891.65304752]
[80648.80099666229, 5157891.117606328]
[80656.82843090605, 5157886.209437433]
[80665.70145077929, 5157880.887794706]
[80678.52138421616, 5157875.907466173]
[80679.6725825742, 5157873.695929389]
[80680.74154453255, 5157873.514955195]
[80681.85288370638, 5157873.513167054]
[80693.85699539473, 5157866.707576853]
[80706.91815755371, 5157860.247844089]
[80707.39180328084, 5157859.679452804]
[80709.00540342896, 5157859.600300651]
[80711.2265018228, 5157858.8476990275]
[80717.87427518339, 5157854.60338912]
[80729.15234540727, 5157849.192013211]
[80734.14326125642, 5157847.944103669]
[80734.98378992899, 5157847.127660855]
[80737.1272365575, 5157846.59287393]
[80741.2862193582, 5157844.7326518]
[80746.5958983656, 5157841.973646252]
[80748.16209466936, 5157840.481369594]
[80754.2794604196, 5157838.309316184]
[80757.50274901862, 5157836.435369673]
[80758.21636318788, 5157835.814334927]
[80760.95310672814, 5157833.823002888]
[80762.9623479632, 5157833.626315918]
[80763.49176789097, 5157833.168739648]
[80767.67905555762, 5157831.491414922]
[80772.23256153768, 5157828.82960672]
[80774.2101478031, 5157828.359947644]
[80774.33957001944, 5157828.277267464]
[80778.30526141857, 5157826.692300181]
[80778.9267980754, 5157825.757597521]
[80783.40202065659, 5157822.46174246]
[80787.08096551929, 5157821.920172631]
[80792.10079701223, 5157819.194364603]
[80793.85381161973, 5157817.413299141]
[80795.02670317417, 5157817.110627669]
[80797.1519793222, 5157816.550125668]
[80800.97326408607, 5157814.942316716]
[80804.05629004854, 5157812.962280285]
[80806.52515292508, 5157812.149670056]
[80808.87380541611, 5157811.857344491]
[80813.89283205372, 5157807.606625142]
[80817.20799290933, 5157805.949816793]
[80819.2625421575, 5157805.403705478]
[80822.94863151536, 5157803.773061551]
[80826.52602428207, 5157801.673484102]
[80827.89092192941, 5157801.621049377]
[80829.98215963188, 5157801.5897324905]
[80831.00852969581, 5157799.757294528]
[80831.57920664747, 5157799.101070134]
[80840.57532746607, 5157794.835580697]
[80841.33960535217, 5157794.500853343]
[80842.55824711193, 5157794.297520638]
[80846.12211909851, 5157792.599454248]
[80849.9993236598, 5157790.280435272]
[80851.46781750747, 5157789.879167027]
[80860.22751225957, 5157787.185249135]
[80860.91087925459, 5157784.843134479]
[80870.78642608604, 5157781.820391527]
[80871.92846135094, 5157779.521092631]
[80874.13362963578, 5157778.414265578]
[80876.36642443351, 5157777.585351163]
[80909.61548564736, 5157761.818805678]
[80935.08565443502, 5157748.530320423]
[80944.49607931348, 5157745.532161609]
[80949.72840644387, 5157741.554876102]
[80965.39480060666, 5157734.984163306]
[80965.55226729074, 5157734.799709643]
[80967.21508529011, 5157734.19765997]
[80967.48363483386, 5157733.882855428]
[80972.29134325199, 5157732.032406367]
[80975.89874134545, 5157730.5191401625]
[80976.25863392891, 5157730.369341785]
[80976.34905636715, 5157730.235790048]
[80978.05578657622, 5157729.624517837]
[80982.35323941149, 5157727.865282327]
[80985.20587334727, 5157726.714687636]
[80985.91748816395, 5157726.429817583]
[80987.69382076588, 5157725.722505048]
[80987.71458194379, 5157725.643249604]
[80989.46628574436, 5157725.02213906]
[80995.81503663385, 5157722.558338943]
[80996.51733957345, 5157722.29014061]
[81003.76136861753, 5157719.720705585]
[81004.81618181115, 5157719.327399747]
[81006.52482849073, 5157718.61469441]
[81007.66875677396, 5157718.150124041]
[81007.66875677397, 5157718.15012404]
[81013.18354883153, 5157716.18681453]
[81020.81502451767, 5157713.768327705]
[81023.5888850701, 5157712.805729674]
[81024.08898099339, 5157712.473592723]
[81024.97141194686, 5157712.331099239]
[81033.88521218562, 5157709.354365793]
[81038.63193222338, 5157707.829309339]
[81039.43373203573, 5157707.7356285155]
[81042.15377618249, 5157706.864803905]
[81043.1703984406, 5157706.54282929]
[81044.01038246875, 5157706.153073339]
[81044.67917286033, 5157705.948545259]
[81049.45063424738, 5157705.025487094]
[81051.90253378973, 5157703.857134019]
[81052.23554241993, 5157703.757589092]
[81053.89739524986, 5157703.264032271]
[81054.12224150902, 5157703.200641147]
[81054.6158713327, 5157703.01399522]
[81057.75534800117, 5157702.283671603]
[81058.71084912654, 5157701.565529704]
[81060.17896940515, 5157701.447520487]
[81060.49125134635, 5157701.359268694]
[81060.81867987926, 5157701.266947989]
[81062.77869448843, 5157700.718858705]
[81063.10460291234, 5157700.6284829825]
[81063.43029365722, 5157700.538385112]
[81064.4060585946, 5157700.269758634]
[81070.2253749531, 5157698.741548847]
[81072.78015646122, 5157698.046413539]
[81073.09927048825, 5157697.964651296]
[81077.94324089863, 5157696.707332175]
[81078.56415231965, 5157696.54916475]
[81079.74972305459, 5157696.31182844]
[81080.46599661042, 5157696.069903802]
[81081.09806839155, 5157695.912372973]
[81082.8824147948, 5157695.567837251]
[81083.19447200616, 5157695.494966324]
[81084.24435950383, 5157695.141389957]
[81084.7514568826, 5157695.134779501]
[81088.60983777141, 5157694.108692894]
[81090.46675375703, 5157693.682779555]
[81091.08386465459, 5157693.5430312585]
[81094.15550926901, 5157692.860960876]
[81096.01597177386, 5157692.458948868]
[81096.61046812362, 5157692.332282301]
[81097.20409046458, 5157692.2066756515]
[81099.02224896979, 5157691.827441392]
[81099.6264808113, 5157691.70325278]
[81100.22980542458, 5157691.580175575]
[81103.83082218572, 5157690.86505184]
[81105.64714804252, 5157690.517220829]
[81106.22756511936, 5157690.407919961]
[81106.80714259566, 5157690.299679007]
[81106.95537977168, 5157690.272139724]
[81108.58238201604, 5157689.973792148]
[81109.17238743743, 5157689.867386001]
[81110.34980572086, 5157689.657907913]
[81110.37736016382, 5157689.653051588]
[81110.93722519348, 5157689.554835971]
[81111.23061399713, 5157689.503716776]
[81111.37722835546, 5157689.478261374]
[81111.45051554749, 5157689.465559719]
[81111.48715414992, 5157689.459215407]
[81111.5237894243, 5157689.452875434]
[81111.52378942432, 5157689.4528754335]
[81111.54210581367, 5157689.449707075]
[81111.56042137141, 5157689.446539802]
[81111.59704999234, 5157689.440208512]
[81111.67029725884, 5157689.427558957]
[81112.09578399759, 5157689.354377232]
[81112.10950191352, 5157689.352026296]
[81112.66696961991, 5157689.256938941]
[81112.6943662413, 5157689.252288561]
[81113.23734969589, 5157689.160560568]
[81113.27838606582, 5157689.153662227]
[81113.57008045434, 5157689.104765835]
[81113.78871359225, 5157689.068275882]
[81113.8069277019, 5157689.065242108]
[81113.86156512499, 5157689.056147295]
[81114.44390723608, 5157688.959743763]
[81114.99817661094, 5157688.868893626]
[81115.60609628212, 5157688.770270904]
[81116.13162478415, 5157688.685879612]
[81116.76498534168, 5157688.585243646]
[81117.88454373981, 5157688.410237876]
[81117.92060783936, 5157688.404661991]
[81119.09996917838, 5157688.224451061]
[81119.93519220767, 5157688.099341314]
[81120.15046157697, 5157688.067435883]
[81120.22219332594, 5157688.0568354735]
[81120.25805457289, 5157688.051541779]
[81120.3656198183, 5157688.035686747]
[81121.34140528998, 5157687.893459536]
[81121.36822965927, 5157687.88959061]
[81121.39505231462, 5157687.885724128]
[81121.89989289675, 5157687.813361438]
[81121.94007541167, 5157687.807635277]
[81122.08291555555, 5157687.7873201]
[81122.22570733765, 5157687.767074384]
[81122.36845083655, 5157687.746898133]
[81122.4041291761, 5157687.741864922]
[81122.43980450425, 5157687.736836054]
[81122.45764103951, 5157687.734323249]
[81122.47547682216, 5157687.731811527]
[81122.51114613094, 5157687.726791344]
[81123.62430271196, 5157687.572098208]
[81124.73456048078, 5157687.421644717]
values
[59083.30905827843, 7681484.060931278]
[59160.940180997946, 7628048.201387827]
[59161.35603934184, 7628002.695105629]
[59227.142406456034, 7601697.568920562]
[59249.06519284199, 7596348.3729228405]
[59272.68095057865, 7583293.501574659]
[59279.488750395925, 7570417.217701082]
[59299.36617687025, 7549334.4533381]
[59299.652536820875, 7549292.01491464]
[59310.66235995713, 7544507.118762161]
[59313.480626891615, 7544169.652991642]
[59352.60934758519, 7531438.7001318205]
[59380.81261905072, 7523417.664200428]
[59381.23589278864, 7523376.274061339]
[59396.9467810839, 7518630.337585737]
[59398.005700024674, 7518506.850857636]
[59444.527876170796, 7497788.07210213]
[59444.775760082615, 7497747.709199266]
[59445.52099307067, 7497626.686805183]
[59452.039273372684, 7493040.349122305]
[59483.47431009109, 7472242.944735141]
[59484.53891956554, 7472164.351196565]
[59486.65730754884, 7472007.296736214]
[59493.05302378688, 7467613.689129021]
[59493.61472437942, 7467574.581638912]
[59494.175178788064, 7467535.4851993555]
[59559.016694581966, 7442391.531579979]
[59563.38201636719, 7442188.620633512]
[59646.25025275586, 7423995.7211113]
[59676.29440798766, 7417299.731320918]
[59680.48522520589, 7417295.060053505]
[59688.89475123085, 7415211.249976506]
[76791.47873347926, 5187564.00535082]
[76915.20465068224, 5184400.964388923]
[77114.00376990435, 5181296.1640055375]
[77115.73914259084, 5181268.886543926]
[77116.59744229719, 5181255.26124962]
[77118.29549817843, 5181228.037534693]
[77234.39180183334, 5178426.178716506]
[77235.35813433232, 5178400.604787345]
[77236.81861392429, 5178362.3111073105]
[77237.30827921991, 5178349.564471207]
[77242.77886538723, 5178209.9429816175]
[77256.17447675308, 5177820.641469507]
[77277.01985428971, 5177311.186736859]
[77374.75258315729, 5175616.589264966]
[77376.4814312141, 5175592.913286677]
[77379.88260785135, 5175545.665858224]
[77407.47252974167, 5175136.906603795]
[77408.25324424704, 5175125.228761386]
[77410.55000115845, 5175090.247492367]
[77441.54441427412, 5174594.991676525]
[77529.80705762055, 5172651.0900017]
[77556.12149549059, 5172193.311346194]
[77624.21306042174, 5171410.024737316]
[77736.23034996829, 5170343.261742244]
[77737.87758642157, 5170323.461327355]
[77741.01623056979, 5170283.964757209]
[77764.38513407652, 5170041.3993951725]
[77769.56900940395, 5169953.2671957705]
[77770.56494912987, 5169933.777819817]
[77771.9555900071, 5169904.608902418]
[77772.39208266795, 5169894.903301667]
[77773.22531191357, 5169875.51815669]
[77785.45067609429, 5169678.739418594]
[77868.93989271102, 5167935.989632748]
[77870.05101276738, 5167918.1841138005]
[77870.63595627729, 5167909.294368985]
[77871.86510910255, 5167891.540908107]
[77872.50948812212, 5167882.677191819]
[77873.17383197769, 5167873.822151489]
[77875.5331928688, 5167844.3680087]
[77877.58179047435, 5167820.874098694]
[77882.71476846034, 5167768.238354794]
[77888.56475176348, 5167715.914900281]
[77913.4509520537, 5167517.5693243425]
[77963.88417778365, 5167173.717178943]
[78129.10404063464, 5166029.424661124]
[78129.86931044853, 5166021.445756279]
[78130.62387861041, 5166013.475523833]
[78131.36777355918, 5166005.513963814]
[78134.23751812399, 5165973.754448577]
[78135.60978181698, 5165957.926726339]
[78136.94121481993, 5165942.133694771]
[78139.48523001082, 5165910.651705123]
[78141.2936552531, 5165887.131278839]
[78144.674914631, 5165840.324603021]
[78147.06380410038, 5165821.35374354]
[78156.38177372575, 5165701.650452888]
[78156.86133849675, 5165693.844237534]
[78158.26680281656, 5165670.4776287]
[78175.96236327126, 5165502.9487924585]
[78181.41114332959, 5165332.733925105]
[78225.95870825976, 5164866.371605556]
[78253.48350706686, 5164657.041166738]
[78289.0810762266, 5164424.065237535]
[78295.9055641487, 5164381.214720131]
[78298.24949087886, 5164367.000635542]
[78299.43438404838, 5164359.906610429]
[78303.04048326488, 5164338.676605766]
[78305.48701915097, 5164324.566663203]
[78306.72287958286, 5164317.524710592]
[78310.48006001675, 5164296.4509294955]
[78346.50680451337, 5164083.6841653]
[78349.0492863509, 5164069.832998444]
[78356.81457763855, 5164028.487838402]
[78448.3429173736, 5163519.64262705]
[78464.00621101442, 5163435.71041225]
[78472.16758918623, 5163396.714626034]
[78480.40460853402, 5163358.031566325]
[78494.44932176279, 5163291.742837792]
[78569.58775944004, 5162948.110547259]
[78571.08759490249, 5162941.84124729]
[78574.07617210344, 5162929.328717846]
[78575.56464383991, 5162923.085488817]
[78577.0490677553, 5162916.850950546]
[78578.52932389453, 5162910.625103258]
[78580.00529819664, 5162904.407947172]
[78581.476882406, 5162898.199482508]
[78582.9439739711, 5162891.99970949]
[78587.31735037615, 5162873.452542517]
[78590.20883682011, 5162861.131226812]
[78591.64712260278, 5162854.983608298]
[78613.78239457807, 5162754.269125564]
[78631.04915988255, 5162671.902205056]
[78632.67071695617, 5162663.818174804]
[78635.06988169497, 5162651.721109584]
[78636.25458335839, 5162645.685618516]
[78637.42940174747, 5162639.658822102]
[78670.30811368395, 5162473.002736033]
[78677.05815549492, 5162447.704699389]
[78681.75022406287, 5162412.043181826]
[78712.31082031083, 5162002.291039299]
[78713.31601875997, 5161985.698021685]
[78713.54845035056, 5161898.826103554]
[78741.4316124739, 5161731.9115683455]
[78743.9154574008, 5161713.212223792]
[78749.87548593672, 5161673.9430790655]
[78751.72216730453, 5161663.203540711]
[78752.68235826943, 5161657.8468280835]
[78755.71053979252, 5161641.828918147]
[78758.96008581866, 5161625.889353094]
[78760.0923725927, 5161620.593575348]
[78762.43038675723, 5161610.028136538]
[78764.86598493908, 5161599.497520796]
[78770.02783336687, 5161578.5407622475]
[78778.48677041993, 5161547.366819516]
[78804.4481859197, 5161442.236831253]
[78820.14071198128, 5161404.045060176]
[78826.871496962, 5161380.713368437]
[78847.95429201316, 5161324.440643822]
[78854.22332856311, 5161309.260441571]
[78860.22595171073, 5161286.306978778]
[78867.7867060645, 5161271.147333868]
[78868.6867179658, 5161270.177144198]
[78905.49256880979, 5161189.901431187]
[78912.06027486101, 5161162.844292827]
[79004.95190409374, 5160926.655071616]
[79006.22862280645, 5160923.80478452]
[79011.92505908704, 5160904.340594548]
[79014.97106433116, 5160898.717555237]
[79016.87089837283, 5160890.278659774]
[79020.19750608919, 5160879.733661501]
[79021.64013697112, 5160876.295112709]
[79024.27632896203, 5160871.093584634]
[79028.20985654807, 5160854.872577742]
[79032.84686770997, 5160843.783151363]
[79036.89174318292, 5160827.058650635]
[79038.92737602345, 5160821.144789005]
[79040.56556819654, 5160815.087684168]
[79041.42516696826, 5160811.600886045]
[79046.49735907318, 5160794.039928751]
[79049.1226660088, 5160784.096512531]
[79052.14817911602, 5160772.3714254]
[79059.07688631798, 5160629.1233751075]
[79077.59560547891, 5160514.277829746]
[79083.01225923238, 5160504.370776467]
[79086.1348940048, 5160467.275569583]
[79098.56377630838, 5160459.233765025]
[79105.877527374, 5160374.468438187]
[79106.99782318145, 5160363.83926884]
[79111.8674538786, 5160345.847770072]
[79126.3415290785, 5160302.236627561]
[79131.22077735633, 5160278.163485412]
[79136.66053137108, 5160254.403790126]
[79145.72434665303, 5160236.304535347]
[79151.41282345049, 5160212.3289789865]
[79156.14604527848, 5160200.8695801925]
[79157.57326270576, 5160188.666859131]
[79163.16342955497, 5160182.947938941]
[79164.18267579007, 5160165.318136061]
[79170.25755725875, 5160147.272355746]
[79171.21617987042, 5160142.282767393]
[79174.16923148821, 5160138.480981167]
[79178.07198280212, 5160125.833771651]
[79180.13248474203, 5160115.378692344]
[79181.34984145357, 5160111.452185548]
[79186.08824815968, 5160100.766530048]
[79187.40134647989, 5160098.3913788535]
[79192.15914302004, 5160082.885111016]
[79193.24238805691, 5160077.248016999]
[79201.7455026642, 5160055.3020462785]
[79203.17337090168, 5160051.478016383]
[79212.67489620457, 5160024.570255455]
[79213.45735848091, 5160021.363584641]
[79214.2459132303, 5160018.233134091]
[79214.39025515859, 5160017.672149695]
[79215.8579793778, 5160012.200866746]
[79217.4197093257, 5160007.4260268165]
[79218.02690608276, 5160004.9642519215]
[79218.6811863821, 5160002.9873147365]
[79219.35452815924, 5160001.050668784]
[79219.35452815927, 5160001.0506687835]
[79222.2793822078, 5159993.706939227]
[79223.2907944389, 5159990.665485448]
[79224.67813020134, 5159985.779770594]
[79228.52085930653, 5159976.132616567]
[79229.75012157322, 5159973.377285877]
[79232.29703659043, 5159964.943239696]
[79236.1133445201, 5159955.678791755]
[79241.42667173337, 5159938.336076754]
[79244.13060690013, 5159932.1129073175]
[79246.92595633036, 5159923.516435063]
[79247.4970536937, 5159922.133360776]
[79252.32869857243, 5159913.350747203]
[79252.99366066369, 5159905.703418333]
[79258.21964909663, 5159891.631653965]
[79261.3069730486, 5159882.392329312]
[79264.78311951649, 5159876.298549479]
[79265.13623492727, 5159871.960748006]
[79271.02338094192, 5159854.98694387]
[79272.29749679778, 5159851.36612958]
[79274.71128576194, 5159847.283409859]
[79275.04620068628, 5159845.666467118]
[79278.27322990172, 5159834.426342346]
[79281.42650903529, 5159825.996100359]
[79282.58369719825, 5159822.3639564365]
[79284.51294357996, 5159817.483468014]
[79285.51088191921, 5159813.965477679]
[79290.32414015543, 5159800.220644039]
[79297.32595659162, 5159781.45738838]
[79300.00669547688, 5159773.342949379]
[79308.08923226346, 5159756.85698085]
[79309.76059997916, 5159746.657009314]
[79311.38279537817, 5159741.60008098]
[79316.0512996038, 5159729.573419062]
[79317.63551213422, 5159724.897689904]
[79318.16520177067, 5159723.65822587]
[79320.69756799689, 5159716.71106888]
[79323.55115713373, 5159713.701761874]
[79323.95230496692, 5159708.283307113]
[79329.57031992511, 5159693.294630112]
[79330.77686335798, 5159690.80187094]
[79333.36295968237, 5159683.804626823]
[79334.47017382336, 5159680.69368377]
[79334.63952796772, 5159680.191505448]
[79335.73389907292, 5159677.028141069]
[79343.92491951735, 5159668.58351308]
[79344.94780161676, 5159653.868801091]
[79347.95301442014, 5159646.948290287]
[79348.01055642759, 5159646.34720065]
[79350.23477543352, 5159640.664296363]
[79352.60829901425, 5159635.146343526]
[79353.81724610056, 5159632.104746244]
[79354.56629144074, 5159629.734266185]
[79360.92637425139, 5159614.841834044]
[79370.52081490794, 5159592.634266398]
[79371.3661120126, 5159590.516346061]
[79373.16580365018, 5159587.179844132]
[79374.36561232108, 5159583.016029054]
[79381.55283111765, 5159568.132374553]
[79383.18314108488, 5159563.772068872]
[79388.92183756254, 5159550.202529671]
[79390.93507349082, 5159548.702560135]
[79392.41012234603, 5159545.755283446]
[79395.182507859, 5159537.9844123665]
[79395.3052998982, 5159536.8733942425]
[79401.58544798398, 5159522.781437955]
[79410.21696859859, 5159506.153702424]
[79413.622387387, 5159500.153922088]
[79417.47859000305, 5159491.306327344]
[79423.18495988548, 5159481.388224562]
[79438.90683430179, 5159450.677002602]
[79439.92326689676, 5159447.154263153]
[79440.88715513948, 5159446.314795245]
[79445.13014472673, 5159439.454492391]
[79451.33221601737, 5159429.644841881]
[79456.46655484293, 5159422.595032762]
[79461.27459415245, 5159405.43281374]
[79462.57713232012, 5159404.885247896]
[79465.44005140639, 5159401.898766393]
[79466.62553588237, 5159397.431248385]
[79479.07789929141, 5159388.339857847]
[79479.16652805803, 5159374.867597966]
[79479.86685093257, 5159373.721066559]
[79485.02795919508, 5159370.887579565]
[79490.9626967358, 5159358.058211066]
[79499.99937051265, 5159351.487264572]
[79501.48055878995, 5159347.185438898]
[79508.27768438029, 5159332.878032059]
[79509.21756913792, 5159330.345325213]
[79520.41022414458, 5159312.509365279]
[79562.40851992593, 5159244.045717659]
[79606.27715122444, 5159223.845373806]
[79614.64121823483, 5159210.016268276]
[79617.69621439431, 5159206.646632591]
[79625.3158928594, 5159200.5242143925]
[79629.7232435271, 5159184.129492707]
[79637.30724763696, 5159178.442141255]
[79641.69343140714, 5159170.9688630095]
[79643.03457815848, 5159168.651309982]
[79643.69636666741, 5159165.10188883]
[79647.2328262074, 5159163.652596125]
[79650.47424935827, 5159155.648512754]
[79652.35798511581, 5159155.514931196]
[79655.31765758857, 5159150.246186819]
[79658.45956396987, 5159141.545524351]
[79665.48782110595, 5159133.486371131]
[79666.43976366115, 5159130.275750821]
[79666.73552849804, 5159128.931810757]
[79668.08002117644, 5159127.256425066]
[79670.88661798931, 5159122.14818475]
[79673.34267197433, 5159114.699704146]
[79680.61902675826, 5159105.547546478]
[79681.915530613, 5159101.0673654685]
[79685.85428544936, 5159094.330686928]
[79687.69088809821, 5159088.417521977]
[79695.15683916648, 5159077.889224475]
[79696.70130118007, 5159073.651641923]
[79697.26858078342, 5159072.54881916]
[79701.52522061089, 5159067.129642703]
[79702.43320036067, 5159062.347838485]
[79704.14077443977, 5159061.547446083]
[79706.4868350654, 5159055.890383298]
[79709.06119372042, 5159052.378201856]
[79710.6942414663, 5159046.325016961]
[79711.79037613799, 5159044.145910561]
[79715.813751171, 5159039.054865612]
[79716.05071291741, 5159033.804437114]
[79718.26689074111, 5159033.243845598]
[79721.1733978624, 5159029.162943798]
[79723.96914794827, 5159019.848760224]
[79725.78446811842, 5159014.622789184]
[79726.8117276162, 5159011.890346003]
[79730.37387560809, 5159009.145903653]
[79730.65647337383, 5159007.20887463]
[79731.31834764034, 5159005.288377632]
[79734.57660119722, 5158978.625025756]
[79737.55733883107, 5158970.430736357]
[79750.16017324752, 5158946.270258843]
[79751.51053817138, 5158944.621410453]
[79767.27123930784, 5158919.142805308]
[79778.64267111452, 5158872.48175765]
[79782.34623016641, 5158867.399325714]
[79784.74742291193, 5158857.54847771]
[79789.65096139605, 5158848.2363919]
[79791.86149752306, 5158840.627305607]
[79794.66481649507, 5158833.872886621]
[79795.71670656318, 5158833.826347125]
[79797.81914064582, 5158827.981119326]
[79804.1628357215, 5158813.905124283]
[79810.52973134689, 5158802.534349948]
[79810.7251968564, 5158801.720311622]
[79811.09612876577, 5158800.821622071]
[79811.2048694814, 5158800.467920257]
[79813.11547985954, 5158796.8763632355]
[79814.29362824661, 5158794.692388296]
[79815.11880911118, 5158793.388842748]
[79816.9764797095, 5158789.807609765]
[79819.21689099177, 5158785.566647741]
[79828.05501164006, 5158770.043275238]
[79829.37075038145, 5158768.235665611]
[79834.99560208937, 5158758.161826846]
[79835.29491012056, 5158758.031712845]
[79837.03655424753, 5158755.017902458]
[79839.5547349053, 5158750.470617616]
[79841.6427426357, 5158747.545401947]
[79842.37680381002, 5158745.59838895]
[79842.98414907664, 5158744.625308035]
[79845.87724697875, 5158740.0729441345]
[79846.63341525116, 5158738.841777616]
[79849.45239555079, 5158734.27021224]
[79851.4537021185, 5158731.089636117]
[79855.90506232753, 5158725.288649175]
[79856.36875192203, 5158723.41935586]
[79857.1170211177, 5158722.147083598]
[79857.29850820157, 5158721.434130852]
[79858.55447966696, 5158719.514500879]
[79861.94402655546, 5158718.291063721]
[79864.26423068174, 5158713.701390806]
[79864.58541270613, 5158710.556923728]
[79866.38373543938, 5158708.115818786]
[79870.79392977292, 5158703.2730285805]
[79873.05059351215, 5158699.353619017]
[79876.33594769456, 5158692.902698187]
[79879.09508711922, 5158692.543919009]
[79884.06850648043, 5158681.495210612]
[79886.05116817351, 5158677.830624316]
[79886.6910552965, 5158676.995078267]
[79893.0976988164, 5158668.194404791]
[79895.58542767813, 5158666.048239568]
[79896.2551613638, 5158664.1126181595]
[79896.4493267925, 5158663.714580256]
[79898.82234162738, 5158661.280548573]
[79902.4415890728, 5158655.482454375]
[79903.6470615588, 5158652.720805673]
[79906.58272508923, 5158648.727410072]
[79908.68515316468, 5158646.893045455]
[79908.80914655431, 5158646.131591128]
[79909.99982253184, 5158645.946058425]
[79910.1860366386, 5158643.726445849]
[79911.59620282351, 5158641.514620655]
[79913.1593408652, 5158640.900712965]
[79913.80508347265, 5158638.738638836]
[79915.22982401098, 5158636.831935081]
[79916.74585226233, 5158635.776839572]
[79917.54146701228, 5158633.284757736]
[79918.55545916432, 5158632.067923538]
[79919.61094099814, 5158630.373433225]
[79920.85442745271, 5158629.856548923]
[79920.96658398802, 5158628.753707834]
[79923.2819301823, 5158625.718455652]
[79924.43385532168, 5158623.953314305]
[79929.48576727582, 5158618.828896562]
[79932.776600625, 5158615.692970205]
[79936.00798412779, 5158609.630363984]
[79942.56791972664, 5158600.483045762]
[79948.62478811498, 5158594.648534223]
[79950.06739251397, 5158589.779230265]
[79951.47325505839, 5158588.205424846]
[79955.44187728665, 5158585.422062919]
[79957.19627558728, 5158582.942015172]
[79959.0505860822, 5158578.756243089]
[79960.93146468622, 5158576.348902796]
[79963.66939651483, 5158575.070453286]
[79963.76226374725, 5158574.705742196]
[79965.83063210011, 5158570.304429604]
[79966.59232708874, 5158568.1753236065]
[79968.01573285283, 5158566.622321261]
[79969.44349655154, 5158565.0748898415]
[79971.90551311457, 5158562.562599147]
[79972.86680643116, 5158561.998648007]
[79978.29140829985, 5158554.2449975675]
[79983.23653610682, 5158548.27856371]
[79983.24923772558, 5158547.314054572]
[79983.60942178717, 5158546.932065455]
[79985.7649123191, 5158545.961104087]
[79986.11093753856, 5158543.772593577]
[79987.89982301932, 5158542.9570519505]
[79989.35419662473, 5158540.63351966]
[79995.75366149786, 5158533.988746998]
[80005.43573337038, 5158521.293909732]
[80015.26005337993, 5158513.156328306]
[80016.84150783521, 5158505.889228779]
[80019.03909580104, 5158503.674416632]
[80030.73069526511, 5158490.261031964]
[80034.46859906075, 5158484.590745262]
[80040.43921643394, 5158480.656008035]
[80041.06959356563, 5158477.2584425]
[80043.20455766156, 5158476.055630008]
[80048.98392429891, 5158473.961452462]
[80050.36570849369, 5158465.863103912]
[80054.7600390887, 5158462.588635782]
[80057.88430149606, 5158459.207306993]
[80059.27727828654, 5158455.949889045]
[80067.80103573979, 5158445.955102873]
[80071.7765432694, 5158442.588228549]
[80074.41295535259, 5158440.454251923]
[80075.66433289192, 5158438.169128255]
[80079.39035442573, 5158435.097395852]
[80081.93632263636, 5158431.524911213]
[80083.44956295572, 5158429.370396059]
[80084.91159388237, 5158426.160520823]
[80086.38692198541, 5158424.77844252]
[80087.6860495612, 5158424.448112058]
[80094.47042625277, 5158417.351729306]
[80099.05745007918, 5158411.930802506]
[80101.37750397203, 5158408.329154739]
[80102.11293432317, 5158406.625916303]
[80104.84443338471, 5158404.947676986]
[80106.03950244017, 5158403.367365775]
[80111.6458241935, 5158397.943914097]
[80116.25783588376, 5158392.596665692]
[80119.4091175062, 5158387.351274591]
[80128.78508167337, 5158379.919856242]
[80128.89956848609, 5158378.7960611135]
[80131.17577581477, 5158378.24518804]
[80135.04628422455, 5158372.566965823]
[80135.96386426166, 5158370.008340043]
[80138.97487236098, 5158368.363718378]
[80140.63801117493, 5158365.1863575]
[80152.50589487389, 5158352.92660058]
[80153.37457214131, 5158351.23783832]
[80177.6536179878, 5158328.268682591]
[80184.86135797913, 5158320.150896143]
[80188.52451366406, 5158314.67916568]
[80188.87582049202, 5158314.36872088]
[80190.73342943696, 5158314.10562895]
[80199.35807409041, 5158304.516055214]
[80204.72201666544, 5158298.127285737]
[80238.05249179564, 5158297.805203939]
[80239.87327888509, 5158295.5747989705]
[80240.13814610401, 5158295.202792968]
[80240.64303057629, 5158294.413911086]
[80241.13239436664, 5158293.878041583]
[80242.33107676796, 5158292.415968267]
[80243.73588936281, 5158292.086684735]
[80245.76105076846, 5158288.069437392]
[80248.11448174069, 5158284.856419765]
[80248.38279728277, 5158284.460463409]
[80250.35136987, 5158283.678980276]
[80251.13960865687, 5158281.217513273]
[80252.01751611642, 5158279.768755212]
[80254.97612920303, 5158276.223137249]
[80255.02622569284, 5158275.899690658]
[80255.50751755107, 5158275.3192818975]
[80258.15793785373, 5158271.886849082]
[80260.12333328366, 5158269.703591058]
[80261.63867979757, 5158267.875858179]
[80262.76367277208, 5158266.229190631]
[80264.56571633529, 5158263.557485648]
[80264.6711438702, 5158263.438147296]
[80265.68607889864, 5158261.991855637]
[80266.37317282744, 5158261.115995876]
[80267.71665381645, 5158259.622048853]
[80268.12638621689, 5158259.312447101]
[80268.61463914634, 5158258.180882714]
[80269.22052485874, 5158257.364302208]
[80270.088312628, 5158256.404076943]
[80272.44045622127, 5158253.30780755]
[80273.1390855838, 5158252.409442534]
[80274.34030343678, 5158250.607893373]
[80275.2791593821, 5158249.418790456]
[80276.12063207525, 5158248.460351388]
[80277.89309061722, 5158246.024573009]
[80278.54236037435, 5158245.083318154]
[80279.00970081348, 5158244.474451359]
[80281.05828634051, 5158242.045333086]
[80281.84928536536, 5158240.7215642845]
[80283.03082153661, 5158239.531459258]
[80284.0173657735, 5158237.83690258]
[80285.53424015347, 5158235.931808577]
[80286.60617199019, 5158234.711718223]
[80286.86343484728, 5158234.169601351]
[80287.52752811025, 5158233.232342145]
[80287.63026632665, 5158233.061916608]
[80290.83838237262, 5158228.7511286065]
[80294.06564808078, 5158224.707719265]
[80298.22462141927, 5158218.81526215]
[80298.84987748577, 5158217.946500077]
[80299.60557396033, 5158216.930296913]
[80301.65394875246, 5158214.113925311]
[80302.642615525, 5158212.299046833]
[80303.35984293139, 5158211.737108892]
[80304.24312143298, 5158210.521849978]
[80306.04852354444, 5158208.04082257]
[80307.04384436825, 5158206.689458869]
[80309.7757456924, 5158203.099167771]
[80310.47479078753, 5158201.958127958]
[80311.44901990375, 5158200.757573365]
[80311.80372439353, 5158200.102126614]
[80313.76812533001, 5158197.329840318]
[80315.42488046357, 5158194.9824845325]
[80315.54859344379, 5158194.487829156]
[80317.03499971649, 5158188.214424913]
[80321.27949561893, 5158186.70244267]
[80322.25925074816, 5158185.360382201]
[80323.53452184341, 5158183.5333435945]
[80325.41434734206, 5158180.80514127]
[80327.01382559643, 5158178.487250468]
[80327.40999927776, 5158173.895881374]
[80330.3875501341, 5158173.610040439]
[80333.56731866706, 5158169.022029351]
[80336.87573887059, 5158164.55299995]
[80338.12318783514, 5158162.25144459]
[80340.0683504976, 5158156.507009562]
[80344.40599384975, 5158152.943125208]
[80348.1799854637, 5158142.280438466]
[80360.31075380243, 5158127.449379853]
[80360.67085369032, 5158125.046092073]
[80363.78075724219, 5158118.2034018375]
[80370.68562282012, 5158109.330830102]
[80374.30702769021, 5158103.845542822]
[80376.97536391357, 5158100.49784063]
[80383.39860157974, 5158095.814066943]
[80386.57398875208, 5158090.923388194]
[80391.65942559461, 5158087.215728834]
[80394.55918066014, 5158084.141250905]
[80394.6506987372, 5158083.883955769]
[80397.08645155208, 5158077.296562999]
[80398.43508515503, 5158074.112144791]
[80401.0613803646, 5158072.095842778]
[80403.66108718512, 5158071.46583543]
[80406.68958621424, 5158065.519507992]
[80407.58411656473, 5158064.992206417]
[80409.95781615387, 5158062.134789158]
[80410.84561346448, 5158061.677149735]
[80410.96255219789, 5158059.39682155]
[80411.9970523406, 5158059.181536696]
[80413.96267159567, 5158058.292556248]
[80416.33372671559, 5158055.408278826]
[80417.88396887571, 5158055.02680594]
[80419.44485353168, 5158053.476416973]
[80422.77251905733, 5158047.229110748]
[80424.47362053936, 5158045.69139367]
[80424.88420078787, 5158045.505172768]
[80426.79036286476, 5158042.994199065]
[80428.52821742719, 5158041.256201715]
[80431.8378502383, 5158039.635229423]
[80433.81840757455, 5158036.066040232]
[80436.26055715178, 5158034.89877214]
[80438.1392867844, 5158033.7449066155]
[80438.18187560656, 5158032.2283604]
[80439.02858638139, 5158031.699117438]
[80441.57783466518, 5158030.017364636]
[80442.50402542122, 5158029.644672292]
[80442.7692968514, 5158027.282643621]
[80444.78916032784, 5158026.54389765]
[80446.83211771846, 5158025.486042881]
[80447.69403568667, 5158022.682479236]
[80448.51079090896, 5158022.400355553]
[80450.71783858487, 5158020.246373885]
[80454.43811115737, 5158018.02443898]
[80457.8221151029, 5158013.568672422]
[80462.63029144771, 5158012.513418893]
[80462.72956765376, 5158009.73412364]
[80468.33098494017, 5158004.570217201]
[80473.73050136332, 5158000.114242513]
[80474.95275784264, 5157999.821750975]
[80478.89513019212, 5157998.299938177]
[80481.10527955665, 5157996.575076133]
[80481.98643712753, 5157996.460371714]
[80483.93447180965, 5157994.988584332]
[80484.8978134743, 5157992.612916404]
[80486.64277241706, 5157992.111609742]
[80487.1846645315, 5157991.643023581]
[80488.3912625546, 5157990.184198663]
[80488.65719385221, 5157989.651766463]
[80490.512286732, 5157986.91931265]
[80492.45669076248, 5157986.705521612]
[80497.98498782355, 5157983.353993516]
[80501.92774672367, 5157981.261761527]
[80503.78876020148, 5157979.0598434685]
[80503.91237710124, 5157977.955326204]
[80506.53204122825, 5157975.939681689]
[80508.4331298353, 5157975.809052949]
[80508.54892021579, 5157975.584501947]
[80509.28705534879, 5157974.459064926]
[80510.43079261661, 5157974.359576643]
[80513.29899752213, 5157971.576473548]
[80513.79915736565, 5157969.4539874755]
[80518.15279849601, 5157969.355687311]
[80519.42253900846, 5157967.913364453]
[80519.8367580735, 5157965.164193267]
[80529.53111172086, 5157961.354792283]
[80534.39946963418, 5157958.140921594]
[80535.27970164672, 5157956.800878875]
[80538.43537698423, 5157952.478489398]
[80539.22543667865, 5157951.955897369]
[80543.4107599773, 5157950.794169512]
[80544.78800935496, 5157948.311145719]
[80547.51803376121, 5157947.825151821]
[80551.93787200369, 5157944.546743697]
[80556.6818480832, 5157942.944383402]
[80557.76515461627, 5157940.439246106]
[80558.0712134177, 5157940.247276894]
[80558.32637005349, 5157940.08735393]
[80562.67690067459, 5157939.638246884]
[80564.26087918843, 5157935.992779837]
[80565.90965159592, 5157934.978684714]
[80568.12624727219, 5157934.22893788]
[80574.25948129411, 5157931.706758593]
[80578.00605045115, 5157928.463283811]
[80578.32052470278, 5157928.275440446]
[80578.3205247028, 5157928.275440445]
[80578.5826733191, 5157928.118955681]
[80580.05401870681, 5157927.26584243]
[80582.83704815432, 5157926.731598574]
[80584.66517048828, 5157924.113648645]
[80590.4152046193, 5157920.366126235]
[80591.58333477192, 5157919.689280648]
[80592.75274183293, 5157919.013339252]
[80594.45592949467, 5157918.031765848]
[80597.86997673757, 5157916.074357989]
[80603.25553469667, 5157915.1063822815]
[80604.72673573387, 5157912.1824978925]
[80606.41573593032, 5157912.008691003]
[80606.89648772456, 5157911.8462183485]
[80609.73350068135, 5157911.265492578]
[80610.72004767063, 5157911.223188049]
[80611.69545866371, 5157908.650243171]
[80612.91275602521, 5157907.992370917]
[80615.47760187088, 5157906.548698036]
[80616.4940208519, 5157905.559659554]
[80617.23881684161, 5157905.206513691]
[80618.75516957103, 5157904.3713844]
[80619.86683686973, 5157903.932886564]
[80621.60070775512, 5157902.986863701]
[80625.07270191815, 5157901.100556704]
[80628.51144498105, 5157900.189895855]
[80629.41228640458, 5157899.72051543]
[80630.70641325027, 5157897.8606150355]
[80635.01321961916, 5157896.262536867]
[80639.48808158432, 5157896.017389313]
[80642.19923492626, 5157892.584202738]
[80643.24739978132, 5157892.498705941]
[80643.7985075021, 5157890.861073359]
[80645.4374973519, 5157889.993696124]
[80646.31177084208, 5157889.531782359]
[80646.63964692871, 5157889.358687984]
[80647.73809552634, 5157889.151667712]
[80649.04440925566, 5157888.091384046]
[80656.82843090605, 5157886.209437433]
[80664.78736274263, 5157879.885608556]
[80667.40940116426, 5157878.533042664]
[80673.95897471801, 5157875.1704569785]
[80674.83151534507, 5157874.7241445575]
[80675.15866697217, 5157874.556900682]
[80679.6725825742, 5157873.695929389]
[80680.74154453255, 5157873.514955195]
[80681.85288370638, 5157873.513167054]
[80689.36495604752, 5157867.977487565]
[80690.95133087212, 5157867.24108671]
[80693.52919868621, 5157865.24409043]
[80699.5834879705, 5157862.205260641]
[80702.6030068245, 5157860.694632433]
[80706.91815755371, 5157860.247844089]
[80707.39180328084, 5157859.679452804]
[80709.00540342896, 5157859.600300651]
[80711.2265018228, 5157858.8476990275]
[80717.87427518339, 5157854.60338912]
[80718.03047265955, 5157854.096598547]
[80721.02003560725, 5157851.543571296]
[80725.29407263878, 5157850.090112492]
[80726.11382516277, 5157849.029236861]
[80728.43738593977, 5157848.0903995205]
[80729.60288849277, 5157847.310617695]
[80729.91953792889, 5157847.154783054]
[80730.76349122539, 5157846.739552762]
[80734.61419306774, 5157846.152642615]
[80741.2862193582, 5157844.7326518]
[80746.5958983656, 5157841.973646252]
[80748.03674382804, 5157840.170743114]
[80750.11878369677, 5157839.342770596]
[80752.43079080564, 5157836.68599282]
[80752.87591164892, 5157835.910186506]
[80756.2713057933, 5157834.25468695]
[80756.8359173391, 5157833.979561405]
[80757.0924364603, 5157833.854579056]
[80760.95310672814, 5157833.823002888]
[80762.9623479632, 5157833.626315918]
[80763.49176789097, 5157833.168739648]
[80766.42434989815, 5157830.224322332]
[80772.23256153768, 5157828.82960672]
[80772.36889888864, 5157827.917270765]
[80773.80094922165, 5157827.090399739]
[80774.65953390242, 5157826.811746872]
[80774.90272016643, 5157826.5325396685]
[80778.4577070034, 5157823.474359153]
[80782.64127327297, 5157821.447850457]
[80792.10079701223, 5157819.194364603]
[80793.85381161973, 5157817.413299141]
[80795.02670317417, 5157817.110627669]
[80797.1519793222, 5157816.550125668]
[80799.59610340814, 5157814.316722288]
[80799.67114253795, 5157814.126036363]
[80800.12861384622, 5157814.0504033975]
[80801.9912690242, 5157812.965344777]
[80803.88719632832, 5157812.338499956]
[80805.07275463949, 5157811.424451561]
[80807.0318023009, 5157810.764378581]
[80807.62785730834, 5157809.380791984]
[80810.77748312283, 5157808.822515956]
[80813.89283205372, 5157807.606625142]
[80817.20799290933, 5157805.949816793]
[80819.2625421575, 5157805.403705478]
[80822.59407430295, 5157802.975081785]
[80823.62413760554, 5157802.466097056]
[80823.84500457934, 5157801.848443015]
[80825.76088047674, 5157801.161922347]
[80831.00852969581, 5157799.757294528]
[80831.57920664747, 5157799.101070134]
[80840.57532746607, 5157794.835580697]
[80841.33960535217, 5157794.500853343]
[80842.55824711193, 5157794.297520638]
[80843.18649870338, 5157792.4488229025]
[80844.87126971506, 5157792.283981547]
[80846.77873761901, 5157791.552709451]
[80846.99152141465, 5157790.566068338]
[80848.81285564735, 5157789.9886471275]
[80851.46781750747, 5157789.879167027]
[80851.82821734206, 5157789.099938978]
[80856.8598924767, 5157785.697518936]
[80860.91087925459, 5157784.843134479]
[80864.66915425163, 5157782.628291318]
[80865.72263396917, 5157781.81968531]
[80869.41307282272, 5157780.030234895]
[80871.92846135094, 5157779.521092631]
[80874.13362963578, 5157778.414265578]
[80876.36642443351, 5157777.585351163]
[80877.2546993927, 5157776.85585156]
[80887.60703977918, 5157771.937079139]
[80890.38419959077, 5157770.440183671]
[80891.20039242739, 5157770.240931109]
[80900.5434188333, 5157765.861111425]
[80906.69381072638, 5157762.6537869945]
[80909.58155905844, 5157760.842220195]
[80927.47690948768, 5157752.504528883]
[80927.92424352496, 5157752.289206386]
[80935.08565443502, 5157748.530320423]
[80944.49607931348, 5157745.532161609]
[80949.72840644387, 5157741.554876102]
[80965.39480060666, 5157734.984163306]
[80965.55226729074, 5157734.799709643]
[80967.21508529011, 5157734.19765997]
[80967.48363483386, 5157733.882855428]
[80968.8310420474, 5157733.25255218]
[80972.29134325199, 5157732.032406367]
[80975.89874134545, 5157730.5191401625]
[80976.25863392891, 5157730.369341785]
[80976.34905636715, 5157730.235790048]
[80978.05578657622, 5157729.624517837]
[80982.35323941149, 5157727.865282327]
[80985.20587334727, 5157726.714687636]
[80985.91748816395, 5157726.429817583]
[80987.69382076588, 5157725.722505048]
[80987.71458194379, 5157725.643249604]
[80988.33171825795, 5157725.37608376]
[80989.46628574436, 5157725.02213906]
[80995.81503663385, 5157722.558338943]
[80996.51733957345, 5157722.29014061]
[81003.76136861753, 5157719.720705585]
[81004.81618181115, 5157719.327399747]
[81006.52482849073, 5157718.61469441]
[81007.10147010491, 5157718.3758567935]
[81007.66875677396, 5157718.150124041]
[81007.66875677397, 5157718.15012404]
[81013.18354883153, 5157716.18681453]
[81015.28165068885, 5157715.531881914]
[81019.54135816073, 5157714.214903472]
[81019.7962862208, 5157714.12529021]
[81020.13603891582, 5157714.006037721]
[81020.81502451767, 5157713.768327705]
[81023.5888850701, 5157712.805729674]
[81024.08898099339, 5157712.473592723]
[81024.97141194686, 5157712.331099239]
[81025.7471519866, 5157711.956371898]
[81026.27567122008, 5157711.758966093]
[81033.8852121856, 5157709.354365793]
[81038.1425290157, 5157708.153743383]
[81038.26761160514, 5157708.113106758]
[81038.63193222338, 5157707.829309339]
[81039.43373203573, 5157707.7356285155]
[81042.15377618249, 5157706.864803905]
[81043.1703984406, 5157706.54282929]
[81044.01038246875, 5157706.153073339]
[81044.67917286033, 5157705.948545259]
[81049.45063424738, 5157705.025487094]
[81051.90253378973, 5157703.857134019]
[81052.23554241993, 5157703.757589092]
[81053.89739524986, 5157703.264032271]
[81054.12224150902, 5157703.200641147]
[81054.6158713327, 5157703.01399522]
[81056.49539982024, 5157702.658376116]
[81056.78018843553, 5157702.57341763]
[81057.75534800117, 5157702.283671603]
[81058.71084912654, 5157701.565529704]
[81059.85880443205, 5157701.538204212]
[81060.17896940515, 5157701.447520487]
[81060.49125134635, 5157701.359268694]
[81060.81867987926, 5157701.266947989]
[81062.77869448843, 5157700.718858705]
[81063.10460291234, 5157700.6284829825]
[81063.43029365722, 5157700.538385112]
[81064.4060585946, 5157700.269758634]
[81070.2253749531, 5157698.741548847]
[81072.78015646122, 5157698.046413539]
[81073.09927048825, 5157697.964651296]
[81077.3603240951, 5157696.856576762]
[81077.39920967015, 5157696.846598141]
[81077.4769703403, 5157696.826653319]
[81077.6324497586, 5157696.786813362]
[81077.94324089863, 5157696.707332175]
[81078.56415231965, 5157696.54916475]
[81079.74972305459, 5157696.31182844]
[81080.46599661042, 5157696.069903802]
[81081.09806839155, 5157695.912372973]
[81082.8824147948, 5157695.567837251]
[81083.19447200616, 5157695.494966324]
[81084.24435950383, 5157695.141389957]
[81084.7514568826, 5157695.134779501]
[81088.60983777141, 5157694.108692894]
[81090.46675375703, 5157693.682779555]
[81091.08386465459, 5157693.5430312585]
[81094.15550926901, 5157692.860960876]
[81096.01597177386, 5157692.458948868]
[81096.05315343074, 5157692.451001156]
[81096.16467788465, 5157692.427182859]
[81096.31332929715, 5157692.395483095]
[81096.61046812362, 5157692.332282301]
[81097.20409046458, 5157692.2066756515]
[81099.02224896979, 5157691.827441392]
[81099.6264808113, 5157691.70325278]
[81100.22980542458, 5157691.580175575]
[81103.83082218572, 5157690.86505184]
[81105.64714804252, 5157690.517220829]
[81105.68344875737, 5157690.510358472]
[81106.22756511936, 5157690.407919961]
[81106.80714259566, 5157690.299679007]
[81106.95537977168, 5157690.272139724]
[81108.58238201604, 5157689.973792148]
[81109.17238743743, 5157689.867386001]
[81110.34980572086, 5157689.657907913]
[81110.37736016382, 5157689.653051588]
[81110.93722519348, 5157689.554835971]
[81111.23061399713, 5157689.503716776]
[81111.37722835546, 5157689.478261374]
[81111.45051554749, 5157689.465559719]
[81111.48715414992, 5157689.459215407]
[81111.5237894243, 5157689.452875434]
[81111.52378942432, 5157689.4528754335]
[81111.54210581367, 5157689.449707075]
[81111.56042137141, 5157689.446539802]
[81111.59704999234, 5157689.440208512]
[81111.67029725884, 5157689.427558957]
[81112.09578399756, 5157689.354377231]
[81112.10950191352, 5157689.352026296]
[81112.38147771661, 5157689.305525596]
[81112.52424886855, 5157689.281199145]
[81112.59561554111, 5157689.269060764]
[81112.59561554113, 5157689.269060763]
[81112.63129415427, 5157689.262997782]
[81112.66696961991, 5157689.256938941]
[81112.6943662413, 5157689.252288561]
[81112.70264193903, 5157689.25088424]
[81112.73831111213, 5157689.244833679]
[81112.80964002438, 5157689.232744982]
[81112.95226013563, 5157689.208617264]
[81113.23734969589, 5157689.160560568]
[81113.27838606582, 5157689.153662227]
[81113.57008045434, 5157689.104765835]
[81113.78871359225, 5157689.068275882]
[81113.8069277019, 5157689.065242108]
[81113.86156512499, 5157689.056147295]
[81114.44390723608, 5157688.959743763]
[81114.47118405203, 5157688.955252117]
[81114.99817661094, 5157688.868893626]
[81115.56529423356, 5157688.776856662]
[81115.60609628212, 5157688.770270904]
[81115.84855765411, 5157688.731235648]
[81116.06087637748, 5157688.697193779]
[81116.13162478415, 5157688.685879612]
[81116.76498534168, 5157688.585243646]
[81117.88454373981, 5157688.410237876]
[81117.92060783936, 5157688.404661991]
[81119.09996917838, 5157688.224451061]
[81119.93519220767, 5157688.099341314]
[81120.15046157697, 5157688.067435883]
[81120.22219332594, 5157688.0568354735]
[81120.25805457289, 5157688.051541779]
[81120.3656198183, 5157688.035686747]
[81120.7821736108, 5157687.974617547]
[81121.27154211521, 5157687.903546324]
[81121.3064751565, 5157687.898500861]
[81121.34140528998, 5157687.893459536]
[81121.36822965927, 5157687.88959061]
[81121.37633251704, 5157687.888422353]
[81121.39505231462, 5157687.885724128]
[81121.48109676978, 5157687.873335645]
[81121.62074181625, 5157687.853277998]
[81121.89989289675, 5157687.813361438]
[81121.94007541167, 5157687.807635277]
[81122.08291555555, 5157687.7873201]
[81122.22570733765, 5157687.767074384]
[81122.36845083655, 5157687.746898133]
[81122.4041291761, 5157687.741864922]
[81122.43980450425, 5157687.736836054]
[81122.45764103951, 5157687.734323249]
[81122.47547682216, 5157687.731811527]
[81122.51114613094, 5157687.726791344]
[81123.06808920257, 5157687.64891482]
[81123.62430271196, 5157687.572098208]
[81124.17979149948, 5157687.496341506]
[81124.45726565577, 5157687.458860622]
[81124.59593544567, 5157687.440219547]
[81124.63059589699, 5157687.43556963]
[81124.66525355265, 5157687.430923851]
[81124.73456048078, 5157687.421644717]
end_solutions
[15.512924650541148, -13.069697755851774, 35.181098634640804, -4.849782586100343, -25.540064848695074, -33.477867984745416, -42.272522614562064, 14.23704285211627, 3.73998674932283, -16.752220712925837, 11.40790440848866, -9.132253892978502, -9.364451633171566, -2.095539594561087, 7.617573681149128, 8.076127000411816, 22.07317981766401, -7.498570070165156, 9.85748355732121, -3.6547659642987242]
[15.512924650541148, -13.069697755851774, 35.181098634640804, -4.849782586100343, -25.540064848695074, -33.477867984745416, -42.272522614562064, 14.23704285211627, 3.73998674932283, -16.752220712925837, 11.40790440848866, -9.132253892978502, -9.364451633171566, -2.095539594561087, 7.617573681149128, 8.076127000411816, 22.07317981766401, -7.498570070165156, 9.85748355732121, -3.6547659642987242]
[15.51290583785938, -13.069684474288245, 35.181078257237374, -4.8497735313953365, -25.540054057335965, -33.477879314511654, -42.272486402681224, 14.237065179559359, 3.7399756805269844, -16.752219543178384, 11.40793789765701, -9.132236896703454, -9.364459767988736, -2.095566769773306, 7.6175842468445785, 8.076141133887928, 22.073185118140465, -7.498573685551271, 9.857498902205705, -3.654752442655826]
[15.51290583785938, -13.069684474288245, 35.181078257237374, -4.8497735313953365, -25.540054057335965, -33.477879314511654, -42.272486402681224, 14.237065179559359, 3.7399756805269844, -16.752219543178384, 11.40793789765701, -9.132236896703454, -9.364459767988736, -2.095566769773306, 7.6175842468445785, 8.076141133887928, 22.073185118140465, -7.498573685551271, 9.857498902205705, -3.654752442655826]
[15.511089736812263, -13.068402325271517, 35.17911110421994, -4.848899426392876, -25.539012302692782, -33.478973044824784, -42.26899065255225, 14.239220581605483, 3.7389071432512235, -16.752106620438624, 11.41117080801289, -9.130596144295318, -9.365245070699125, -2.0981901560600624, 7.618604216820572, 8.077505523137834, 22.073696804935764, -7.498922700465274, 9.858980235975405, -3.6534471173370324]
[15.50646633214105, -13.065138248218899, 35.17410315355322, -4.846674142090594, -25.536360218277544, -33.48175744817435, -42.26009122071652, 14.24470777401925, 3.736186875984185, -16.75181914330549, 11.41940110602669, -9.126419139739266, -9.367244283366995, -2.104868736214963, 7.6212008421344475, 8.080978966227008, 22.074999450029967, -7.499811217756905, 9.862751394789125, -3.650124038378438]
[15.501534700491757, -13.06165656602944, 35.16876133950871, -4.844300505501493, -25.533531328234623, -33.48472747841389, -42.25059849342507, 14.250560779260601, 3.7332852575660107, -16.751512501030142, 11.428180090574743, -9.12196366821281, -9.36937677687939, -2.111992555046857, 7.623970575802581, 8.084683972188794, 22.07638893813045, -7.500758969534646, 9.866773964190426, -3.6465794208226043]
[15.490955539247143, -13.052362917986464, 35.161572016604346, -4.843012150947473, -25.52831607690303, -33.4882408879334, -42.23497488828338, 14.25914596833373, 3.7281939693597677, -16.756620026715204, 11.4373134054919, -9.113671893083943, -9.373934148075069, -2.1243203839391045, 7.628595967708338, 8.087481512006567, 22.076801104671922, -7.497670481230973, 9.873239196772506, -3.6465807310522584]
[15.480376378002527, -13.04306926994349, 35.15438269369998, -4.841723796393454, -25.523100825571444, -33.49175429745291, -42.21935128314169, 14.267731157406857, 3.7231026811535246, -16.761727552400266, 11.446446720409053, -9.105380117955075, -9.378491519270746, -2.1366482128313526, 7.633221359614096, 8.090279051824341, 22.0772132712134, -7.494581992927299, 9.879704429354586, -3.6465820412819125]
[15.47011104054733, -13.034453395063899, 35.14646585972723, -4.839635616308873, -25.517852294513403, -33.49579315794794, -42.203146782401575, 14.27693650872031, 3.717912746918377, -16.765413260276105, 11.457446148512211, -9.097055380144749, -9.382917484054222, -2.149261201995301, 7.637999535472492, 8.094128400911796, 22.0781791463545, -7.492713587500742, 9.88645464635973, -3.6449076383125285]
[15.405916863894145, -13.003466000292004, 35.090303980938586, -4.847479156803677, -25.491815821357182, -33.5297819707624, -42.14545054553814, 14.320274054060121, 3.7110669199701403, -16.804739636307872, 11.477333836983068, -9.067783832653369, -9.40499394539843, -2.2087018021607285, 7.64176769070211, 8.07391365892152, 22.068799384010507, -7.448855236988777, 9.925575875712651, -3.6539540427219364]
[15.384407042961536, -12.990164149032548, 35.07158494584005, -4.846362411197008, -25.481953980749346, -33.540482902423875, -42.118931100994956, 14.337628146524954, 3.7048921464891356, -16.814475163164317, 11.492898545949279, -9.054450910699686, -9.413200898501744, -2.231972910754058, 7.647012745800145, 8.074513305405493, 22.068372103915145, -7.439757446501792, 9.939559849479437, -3.652713837234379]
[15.373536488296669, -12.983441708073467, 35.062124788317135, -4.8457980343850355, -25.476970039796996, -33.54589090014527, -42.10552880106453, 14.346398494329764, 3.7017715620417464, -16.819395268134777, 11.500764581663386, -9.04771276734675, -9.417348498457182, -2.2437335785377837, 7.649663472570119, 8.074816352553306, 22.068156166662646, -7.435159638406219, 9.946627019017491, -3.652087066719162]
[15.362771064721404, -12.976784281050161, 35.05275612167936, -4.845239115762734, -25.472034299434128, -33.551246596147884, -42.09225611718759, 14.355084022523307, 3.698681157327891, -16.82426778988502, 11.508554543531128, -9.041039789790263, -9.421455986227365, -2.2553805067878177, 7.652288563684678, 8.07511646887764, 22.06794231777816, -7.4306062965398105, 9.953625840687671, -3.6514663578143436]
[15.3543322053248, -12.972002423692798, 35.04547814579416, -4.845457799052721, -25.46836170307674, -33.55551157967736, -42.08306110385196, 14.361375659340741, 3.6968836954594346, -16.828696998061968, 11.513119344908851, -9.036398159888323, -9.424545319026496, -2.263943538225785, 7.653716954516687, 8.074085496387383, 22.067306172048372, -7.426088072380149, 9.958933233018161, -3.6517508822223332]
[15.345893345928197, -12.967220566335435, 35.03820016990896, -4.845676482342706, -25.464689106719355, -33.559776563206825, -42.073866090516326, 14.367667296158173, 3.695086233590979, -16.833126206238916, 11.517684146286573, -9.031756529986383, -9.427634651825628, -2.272506569663753, 7.655145345348696, 8.073054523897127, 22.066670026318583, -7.4215698482204875, 9.964240625348651, -3.6520354066303233]
[15.251373874407172, -12.984396404571637, 34.879831335362525, -4.847344947820668, -25.424410656230926, -33.65886941776071, -42.020841442448805, 14.452490644181102, 3.7236620879360416, -16.867957809570996, 11.554954281386824, -9.010689644987249, -9.449545484039522, -2.3523752055194604, 7.609764596017696, 8.032927202207269, 22.051709851049374, -7.347021948783983, 10.04623021431349, -3.6264788994896104]
[15.218940466191789, -12.966618511629012, 34.850413270215654, -4.846744627186858, -25.409985906367588, -33.676287513643544, -41.983571646939936, 14.478159328239371, 3.716209298394999, -16.882680904574432, 11.576345383906645, -8.99235690721149, -9.46144189351013, -2.386492432491517, 7.615964046694165, 8.030915756525099, 22.05027791846843, -7.33173992552994, 10.067395949963114, -3.6245903575814875]
[15.202723762084098, -12.957729565157699, 34.83570423764222, -4.846444466869953, -25.40277353143592, -33.68499656158495, -41.9649367491855, 14.490993670268505, 3.712482903624478, -16.890042452076152, 11.587040935166556, -8.983190538323612, -9.467390098245435, -2.403551045977545, 7.619063772032399, 8.029910033684013, 22.04956195217796, -7.324098913902918, 10.077978817787926, -3.623646086627426]
[15.186507057976407, -12.948840618686386, 34.82099520506878, -4.8461443065530485, -25.395561156504254, -33.69370560952637, -41.94630185143106, 14.503828012297639, 3.7087565088539565, -16.897403999577868, 11.597736486426468, -8.974024169435733, -9.47333830298074, -2.4206096594635733, 7.622163497370632, 8.028904310842927, 22.048845985887493, -7.316457902275896, 10.08856168561274, -3.622701815673365]
[15.090907460369342, -12.990746644384139, 34.61854027448563, -4.832970507114991, -25.34985404676783, -33.81677415173574, -41.894283383907656, 14.60720860086864, 3.7498337894823783, -16.918301585005246, 11.654726586491012, -8.953741753255922, -9.49199286779681, -2.502982988706548, 7.5537219273569125, 8.003951487979405, 22.03852726421424, -7.2451398881179205, 10.187392394866862, -3.5725370464751975]
[15.082799108315497, -12.986302171148482, 34.611185758198914, -4.8328204269565385, -25.346247859301997, -33.82112867570645, -41.884965935030436, 14.613625771883207, 3.7479705920971176, -16.921982358756104, 11.66007436212097, -8.949158568811983, -9.494966970164462, -2.5115122954495623, 7.55527179002603, 8.003448626558862, 22.038169281069003, -7.241319382304409, 10.192683828779268, -3.572064910998167]
[15.064225546579634, -12.983366444886048, 34.58537355632498, -4.831175819820258, -25.337692988328705, -33.836809503755624, -41.86719051067604, 14.630889068432193, 3.7481552519417978, -16.927766258822736, 11.673381262247684, -8.94107114672451, -9.500567682728803, -2.530189118548355, 7.552819989026499, 8.001416880938939, 22.037275150706503, -7.231458399856537, 10.207727893920474, -3.5664580042976928]
[15.010905482269902, -12.976158870376995, 34.50907089213595, -4.824384520353259, -25.3127888405091, -33.88359153380539, -41.81331008790239, 14.68275264958285, 3.747993803050858, -16.94058969019543, 11.717614103564673, -8.917339933428174, -9.516649146655997, -2.5856650403509676, 7.546974319385193, 7.998158505256241, 22.036261134532992, -7.206366828269822, 10.25206340329181, -3.545497447944472]
[14.927948181022142, -13.058246664051056, 34.26284701319369, -4.790825392097933, -25.266637904689716, -34.03132840625933, -41.77436906703318, 14.801143423422964, 3.806707842121642, -16.93186244402333, 11.798877400238553, -8.905758572665317, -9.526209586652607, -2.659258695437475, 7.450274279922194, 7.99511652028818, 22.03456888746551, -7.150494241616198, 10.36376431050656, -3.458195358470218]
[14.922520321727752, -13.063075435502984, 34.249348425758264, -4.791721760879909, -25.26435177965783, -34.039370138780086, -41.77622024548371, 14.805832371145057, 3.812009386260279, -16.935499413523456, 11.796420009756375, -8.906512290900256, -9.526646870303857, -2.6615956767568743, 7.442333272360791, 7.99024313009636, 22.032316114900006, -7.142585034961089, 10.36955640100378, -3.458002430648315]
[14.786985226637034, -13.16602562973453, 33.88732479550487, -4.7409250052185055, -25.190563819128997, -34.25716914963766, -41.69189192324008, 14.990159036107375, 3.8860360012093684, -16.925883242314157, 11.93446678756487, -8.877075014124728, -9.547770971805395, -2.789203790235149, 7.316173145338572, 7.990356030689657, 22.03221809901426, -7.06224968667428, 10.53935440877153, -3.3272721165406236]
[14.665019779782288, -13.256903895336265, 33.559047633840024, -4.6878873276021595, -25.122491171179885, -34.45486382919336, -41.60293565487015, 15.162763331764456, 3.9468087558118636, -16.90717464735455, 12.078657041578808, -8.845753441761852, -9.567801864178804, -2.9109694504149255, 7.2098655372198595, 8.002652406762504, 22.037752014542278, -7.001687355025247, 10.694672190296227, -3.19702412198769]
[14.527675398260106, -13.361463680051788, 33.19252447444148, -4.637389361534748, -25.047941168973757, -34.675343417557855, -41.51922439211003, 15.348652979300805, 4.022602552140499, -16.89877079931196, 12.215884689226577, -8.81656740439797, -9.589071726897426, -3.0393565576663333, 7.0810584076771725, 8.00114084395853, 22.036903074468032, -6.918715604520068, 10.866400894896382, -3.066229498606031]
[14.178545846984559, -13.624790403697594, 32.25733236766313, -4.498791753890453, -24.856099650859534, -35.23817891145059, -41.28817676064431, 15.830586287192089, 4.207111512652567, -16.86336604958746, 12.592598239396931, -8.735629194984856, -9.644566574906955, -3.375399479566627, 6.763715427927657, 8.014328571132562, 22.04259640781506, -6.724182269892062, 11.306454343125571, -2.7161446547857393]
[11.31509079019392, -20.93738635772666, 13.53406917804114, 3.045937355969175, -21.510826625860595, -45.96190612670518, -34.51891251616841, 26.761195030367602, 6.383810257741304, -9.348336326220396, 28.145577896407975, -6.327257136476266, -9.719835730516449, -9.177055483770623, 1.633740196184454, 16.719264247847413, 25.491509981933525, -10.61042268130312, 19.719483104169175, 10.796190914606635]
end_values
[  81124.73456048 5157687.42164472]
[  81124.73456048 5157687.42164472]
[  81124.66525355 5157687.43092385]
[  81124.66525355 5157687.43092385]
[  81117.92060784 5157688.40466199]
[  81100.22980542 5157691.58017557]
[  81080.46599661 5157696.0699038 ]
[  81044.67917286 5157705.94854526]
[  81007.66875677 5157718.15012404]
[  80968.83104205 5157733.25255218]
[  80702.60300682 5157860.69463243]
[  80591.58333477 5157919.68928065]
[  80538.43537698 5157952.4784894 ]
[  80490.51228673 5157986.91931265]
[  80457.8221151  5158013.56867242]
[  80428.52821743 5158041.25620172]
[  80084.91159388 5158426.16052082]
[  79950.06739251 5158589.77923026]
[  79886.05116817 5158677.83062432]
[  79828.05501164 5158770.04327524]
[  79401.58544798 5159522.78143795]
[  79374.36561232 5159583.01602905]
[  79311.38279538 5159741.60008098]
[  79136.66053137 5160254.40379013]
[  78770.02783337 5161578.54076225]
[  78755.71053979 5161641.82891815]
[  78289.08107623 5164424.06523754]
[  77882.71476846 5167768.23835479]
[  77556.12149549 5172193.31134619]
[  76791.47873348 5187564.00535082]
[  59083.30905828 7681484.06093128]
