values
[299.57967198647935, 530.373715489355]
[299.84054788983525, 530.3506647960987]
[360.71039414071686, 530.279584745055]
[363.7066620951909, 529.0028208470857]
[381.7194944445424, 521.9243137349025]
values
[252.74624375226713, 511.836636480978]
[253.3150866678708, 510.38105763958004]
[253.73706594224754, 510.3237324351568]
[254.34471710395908, 510.2196839641356]
[264.7578509824534, 509.32572933781034]
[271.96974182822873, 508.9396828958983]
[273.2508932426556, 508.7001251164694]
[274.1071818877776, 508.1815491685404]
[274.53765675103926, 507.4165476957926]
[274.5378461097559, 507.4163952778508]
[276.48089144459044, 507.40870931851975]
[281.9948003883971, 505.81863224743927]
[283.5428599910454, 505.41182183078297]
[285.16184483887884, 505.0012834871675]
[288.61792069801953, 504.1690058077536]
[296.4314702577468, 502.45956656742794]
[373.8072505300757, 491.5984945700127]
[373.8077169923025, 491.5983426242499]
[388.2749591840068, 490.28772676749963]
[390.1687415251749, 490.28524982630586]
[390.1732342121198, 490.28360143430143]
[395.5205253510136, 489.2557845442992]
[395.56590464665635, 489.23797524988345]
[398.1703428753314, 488.6975164174494]
[398.1868179219082, 488.69079352892686]
[398.195054191551, 488.68743188372116]
[398.199172012875, 488.68575101088425]
[405.11392710683447, 487.2013020517345]
[405.42851345067885, 487.0552628311002]
[439.6987134291997, 481.59414833699054]
[443.1767186679537, 478.9369280955434]
[446.1138569676114, 478.30883177329144]
[446.5532893895618, 476.3789839854645]
[448.6997717251246, 474.0956188354279]
[450.51029732570237, 473.76996888404733]
[452.4437861668056, 473.4435676180432]
[452.73374177493446, 472.44720986977734]
[453.91098509083486, 471.78143228173985]
[455.1333919132261, 471.11278735074336]
[455.76185810913887, 470.7774050461758]
[456.4019992061225, 470.4413244898958]
[457.71778143900815, 469.7670938010897]
[458.393650122311, 469.42895636322294]
[459.0816486881484, 469.0901460621444]
[459.43022915496744, 468.92049060215254]
[459.78188053710585, 468.75066934855124]
[459.9588616634958, 468.6656968030103]
[460.13661509569124, 468.58068311401837]
[460.2704378928666, 468.51689590822366]
[460.3151423243296, 468.49562838355155]
[460.4046965735274, 468.4530856596758]
[460.42711544128935, 468.44244838101076]
[460.4439375508743, 468.43447000286847]
[460.4495464369225, 468.4318104636675]
[460.46076648358365, 468.4264912655532]
[460.4691835089873, 468.4225017622331]
[460.4776022406187, 468.4185121691505]
[460.48181224632077, 468.4165173389515]
[460.4860226786365, 468.4145224863174]
[460.48970715687426, 468.4127769718574]
[460.4902335375838, 468.4125276112467]
[460.4908915228301, 468.4122159099911]
[460.49128631897736, 468.41202888897396]
[460.49207592252833, 468.4116548463494]
[460.4923391270456, 468.41153016529927]
[460.49286554107925, 468.41128080293595]
[460.493655174624, 468.41090675873386]
[460.49444482317426, 468.41053271374324]
values
[252.37547107715753, 510.91544407137246]
[252.44817316573875, 510.6306638029623]
[252.44852745578876, 510.5951997404286]
[252.44929387315648, 510.55970044634466]
[252.4502411922044, 510.546515024344]
[252.45033885378683, 510.5382160049803]
[252.45139336190582, 510.50565987656034]
[252.45180213513345, 510.4922116061215]
[252.45290583223132, 510.48951283743395]
[252.45306217059843, 510.4790013225686]
[252.4532499367143, 510.4684867324113]
[252.4543883664772, 510.46578617367345]
[252.45445534011833, 510.45153778423764]
[252.45579117736236, 510.42459564914884]
[252.4565385945108, 510.40353157065954]
[252.45776795793938, 510.40082611362527]
[252.459573589386, 510.3865448505385]
[252.46052882852254, 510.36235192586605]
[252.46126290200425, 510.35685248206926]
[252.4617813742951, 510.3371040192475]
[252.46244246341544, 510.33574881440404]
[252.4630794874617, 510.3251923607081]
[252.46635539576025, 510.0873210816883]
[252.4968303465281, 510.0764606368606]
[252.49792993739482, 510.06965699952445]
[252.50118920967842, 510.03825957469405]
[252.50841105386183, 510.0280825301535]
[252.5131821584835, 510.00834303145473]
[252.5158300641326, 509.9604988585113]
[252.52385165804165, 509.9215567071317]
[252.53172959135773, 509.91134720414163]
[252.53522603730514, 509.9014182830755]
[252.5373701326061, 509.8844132710375]
[252.53952871873653, 509.86269731108086]
[252.5517165440812, 509.8247330041345]
[252.55839978961788, 509.7920475729977]
[252.56057781236598, 509.78509165705634]
[252.57051515766815, 509.760731397118]
[252.57481051422099, 509.7358691328975]
[252.58038655181525, 509.73509655619773]
[252.58366874296775, 509.70783043050847]
[252.5854324568986, 509.67206976689533]
[252.59454930485012, 509.6570399107826]
[252.6007255048296, 509.61783330436845]
[252.6098462640237, 509.5978148963295]
[252.61218503001194, 509.58460480741076]
[252.6170380394328, 509.57597546863974]
[252.6255198212469, 509.53918422797017]
[252.6335173297304, 509.52854666121846]
[252.64328905249786, 509.50064535556874]
[252.65448750515472, 509.49949464034967]
[252.65650831895235, 509.4707563532663]
[252.67976242948788, 509.4152282669886]
[252.68920684191156, 509.34530978988596]
[252.70082399770448, 509.3440859743274]
[252.71170784354237, 509.3104233346968]
[252.7238094638776, 509.30906274607605]
[252.74184569103227, 509.2096726848581]
[252.75361033853974, 509.18803594178144]
[252.75783394316622, 509.1591971137368]
[252.76605914981292, 509.1339342539692]
[252.78733073713573, 509.1276694374608]
[252.7995345469412, 509.0695385610005]
[252.8089932246922, 509.0482302181531]
[252.84122416043482, 508.95947984102304]
[252.85531124443418, 508.9419317299678]
[252.87797324708723, 508.93556604487515]
[252.91386548941438, 508.8437210999773]
[252.92543960328655, 508.7842300704466]
[252.93412576103412, 508.7569033145345]
[252.94186161844524, 508.74808403070665]
[252.94295580921698, 508.729557335963]
[252.95863219460028, 508.71190430481226]
[252.99128561361667, 508.66568765967247]
[253.03133259833558, 508.64802040400775]
[253.05035892572914, 508.5958279869999]
[253.05246886523582, 508.56835009761517]
[253.08625059329088, 508.5299417394633]
[253.09323211779216, 508.4704540826906]
[253.1087902286157, 508.4570650519739]
[253.12114187622188, 508.4388097780077]
[253.1514794607552, 508.40420368552304]
[253.15664017682025, 508.39279545803254]
[253.15786992042288, 508.3811771285225]
[253.16699654674173, 508.3209258260325]
[253.1877604691498, 508.3020064294453]
[253.19889272957312, 508.273027668032]
[253.22749364927844, 508.25529789746463]
[253.25251559527152, 508.2154295508436]
[253.26480454082363, 508.21177183988175]
[253.27100111200141, 508.19380945359444]
[253.30479101240093, 508.1788511024246]
[253.32316359894577, 508.1374792253182]
[253.33293766874002, 508.11850344974755]
[253.37138981475212, 508.03098899463964]
[253.3851674176071, 508.03082183435515]
[253.3930349671275, 508.0189545978783]
[253.4041045042345, 507.9988818819986]
[253.43132869080225, 507.9604037087929]
[253.4338800748573, 507.9017074240419]
[253.47021631893702, 507.8521289518005]
[253.5050255655607, 507.83538531057707]
[253.52769239566058, 507.8072925266732]
[253.53651382310102, 507.80167954638]
[253.549002378818, 507.7551434294588]
[253.5853302858733, 507.7205447791291]
[253.61474586403375, 507.68092314545993]
[253.62297125161035, 507.6658411159598]
[253.64866339481318, 507.64233031248784]
[253.6616018186982, 507.6262540107641]
[253.6781926435842, 507.58144812332864]
[253.71636624479544, 507.54405901933296]
[253.71858958475326, 507.5272446732765]
[253.7266324243044, 507.5266454374523]
[253.7432118222487, 507.5244023578855]
[253.74676964321787, 507.5226030842879]
[253.74758625737263, 507.50747657500733]
[253.76389687660827, 507.47266933055846]
[253.77030013007595, 507.45918714546235]
[253.78110755960594, 507.4537753658751]
[253.83489464325677, 507.40316582645835]
[253.85386093633167, 507.3527557248001]
[253.8727528310095, 507.3428945815913]
[253.8945884365248, 507.3217541292579]
[253.90394286574085, 507.2840190789617]
[253.91529867676618, 507.27858411977934]
[253.92768669617848, 507.2621983735978]
[253.94235473640845, 507.26133440985666]
[253.9539488306512, 507.26114963051566]
[253.97352386510866, 507.1975810271497]
[254.0287560871806, 507.16052597912403]
[254.04425151129198, 507.14380672650793]
[254.05457965907354, 507.14049193064056]
[254.0580498782856, 507.102648247806]
[254.06090303747868, 507.10239555320084]
[254.0655279998205, 507.0890451236361]
[254.08506392920117, 507.06997511300415]
[254.11826627156523, 507.0594725310465]
[254.12276496927598, 507.0458633188898]
[254.192158257983, 506.95953788438555]
[254.21094147591396, 506.9581739299117]
[254.2493312195575, 506.8939420818392]
[254.28250968859254, 506.85827195894933]
[254.29303421016857, 506.8486853816818]
[254.31829159668334, 506.8044662941119]
[254.39112226253846, 506.75457769739967]
[254.40062539012413, 506.7155902090874]
[254.4138850178719, 506.7100805412931]
[254.46799424425507, 506.6709739340537]
[254.5233187338028, 506.6322640552802]
[254.55312142201163, 506.5911507483687]
[254.5817762360558, 506.5703901481538]
[254.62131158786102, 506.49620692295287]
[254.7029808781002, 506.47582428900364]
[254.71407920682435, 506.41990454176005]
[254.78299565403015, 506.34710476033024]
[254.80279041018233, 506.31940531340035]
[254.88832663900294, 506.24339469287395]
[254.9418078486327, 506.21908266039554]
[254.95791023692817, 506.1870045727759]
[254.99686266761216, 506.13943541013305]
[255.0273770045823, 506.13080198742443]
[255.1017675766424, 506.059875644865]
[255.12945862006217, 506.0378108678925]
[255.20792417704604, 505.98043217033296]
[255.2510313170173, 505.9323747336092]
[255.2867304238558, 505.8880915261267]
[255.2955214634982, 505.8852894152087]
[255.37573840332965, 505.8437888017629]
[255.44226220244124, 505.76796016781304]
[255.50845911465663, 505.7077652643909]
[255.59496220356527, 505.68090793668955]
[255.64228979371202, 505.6029306856509]
[255.65987804598868, 505.5926143270834]
[255.70347049191201, 505.5555345194899]
[255.80397682872302, 505.54788943318704]
[255.83242226487016, 505.5302104368228]
[255.8429938112965, 505.4503399209714]
[255.87134765331277, 505.4411636015701]
[255.97176856619066, 505.4218605825886]
[256.02781831132273, 505.36637898728475]
[256.1430948385635, 505.25263352754314]
[256.2262277327044, 505.2186239616382]
[256.23629169573024, 505.2094045158942]
[256.3384174174888, 505.1087350396356]
[256.3923232730234, 505.0835048964807]
[256.5180609654837, 505.0450652385647]
[256.59549155608, 504.9178097360825]
[256.7322119313564, 504.84876309294623]
[256.8458443044992, 504.7496310531611]
[256.9294770558804, 504.7041783829095]
[257.0117164494177, 504.6849843232858]
[257.13244427453157, 504.6097027897217]
[257.1524107762845, 504.58639004551526]
[257.1795606884941, 504.54489789894046]
[257.27425632620333, 504.48669297597485]
[257.2907965287302, 504.4584522370759]
[257.39380424714665, 504.4234143623487]
[257.42506595422344, 504.41607628722056]
[257.73132361875315, 504.2222597829009]
[258.04544686089, 504.0686559994824]
[258.064341157267, 504.04744625565377]
[258.3362284811077, 503.8785521989861]
[258.4139257763664, 503.8538599564703]
[258.5063901759089, 503.7789767850627]
[258.62918276220853, 503.7256728405165]
[258.7771603017507, 503.71546164759934]
[258.8074347800094, 503.6042949986311]
[258.99045759141035, 503.5327664713543]
[259.0345161579124, 503.525496033339]
[259.24125386599826, 503.3945323928317]
[259.36424541069664, 503.3349015107576]
[259.67415515962705, 503.221313051234]
[259.9342037346201, 503.134542936774]
[260.1551266386813, 502.9703959806094]
[260.1770986520047, 502.9612249257925]
[260.6197810170915, 502.84258970338874]
[260.8754897031275, 502.73587821940316]
[261.3436173363666, 502.4310930947238]
[261.82426598620395, 502.2429012708051]
[261.84237792114163, 502.23864734386086]
[261.9964526659582, 502.18478313834487]
[262.0445195423684, 502.17401578493286]
[262.05602928113547, 502.1277497804293]
[262.2658487289834, 502.05044230748956]
[262.33445470109507, 502.0420838935212]
[262.42322077957454, 501.9997404664532]
[262.6215379389413, 501.9406599316551]
[262.7340435245175, 501.8712672562384]
[263.25867798578435, 501.6669472626735]
[263.7232792734083, 501.5143013718897]
[264.2829052337191, 501.3053111424772]
[264.4840114932339, 501.2847471038633]
[264.57182320676003, 501.202032649838]
[264.78815531007467, 501.113697053122]
[265.8611605031024, 500.7857884244613]
[266.47736884195467, 500.5546378104399]
[267.7465622827028, 500.16965623918975]
[268.29408280753836, 500.047299795658]
[268.7643310525618, 499.8792325835118]
[269.2306741310571, 499.72837665651434]
[269.2306741310579, 499.7283766565139]
[269.4485324257631, 499.68985070358167]
[269.6381032562537, 499.618258352946]
[269.76357668436816, 499.5912597984019]
[270.4392086581938, 499.3833559504616]
[270.6481153316997, 499.3405182535008]
[271.0043149896073, 499.25227961208157]
[271.3362371043643, 499.14995155076053]
[271.70253218478877, 499.06141888731986]
[272.024969164128, 498.99906177192815]
[272.376607582151, 498.88978306495335]
[272.37660758215253, 498.88978306495096]
[272.982583846686, 498.7506397784689]
[273.49286422240425, 498.7173728816964]
[273.492865224684, 498.71737208186437]
[273.5901421997398, 498.64916189154724]
[273.949179130394, 498.49914746884815]
[274.88557154322245, 498.33009837883503]
[275.13566045379224, 498.2598097958595]
[275.35288611943594, 498.17101671098624]
[275.5635536366714, 498.1260212586511]
[275.9474495281219, 498.0388901441553]
[275.94744952812306, 498.03889014415245]
[276.12554190102406, 498.03246660231423]
[276.61592365073915, 497.94582506549]
[276.6319564388664, 497.89772665060025]
[277.4161506171514, 497.73334957210795]
[277.7239075827029, 497.64259942259457]
[278.03266705645746, 497.610734551523]
[278.6484359275815, 497.44347904707365]
[279.2877174064829, 497.34524665624326]
[279.9728213285567, 497.17573924880764]
[279.9728213286854, 497.17573924872306]
[279.97282132868975, 497.17573924871897]
[281.5609751413412, 496.882783918727]
[281.56097514427745, 496.8827839169164]
[282.4411490253577, 496.69143422212153]
[282.8884748046907, 496.59554089563767]
[283.02895735503154, 496.5772126028469]
[283.02895735503415, 496.5772126028446]
[283.732760391091, 496.43627604595815]
[283.9702198844884, 496.41688049285585]
[283.9702246535396, 496.41687772431226]
[283.97022468707604, 496.4168777048459]
[284.42967976014063, 496.35173767449805]
[284.4781044844062, 496.3003799951041]
[284.4781044844128, 496.30037999509943]
[284.47810448441396, 496.3003799950985]
[285.22672834079196, 496.1826360634444]
[285.33193607893963, 496.1559253436816]
[285.5391954524528, 496.1067469522991]
[286.1801797792028, 496.0204962352732]
[287.84493899077626, 495.7115814540472]
[288.1813045209454, 495.7052865876544]
[288.1813071636391, 495.70528518803883]
[288.2418916152339, 495.6215415146395]
[289.32194205858286, 495.4851106391204]
[289.4826616823189, 495.4128702695906]
[289.48266168232516, 495.4128702695841]
[290.4245362881136, 495.23421821374336]
[291.12807000881645, 495.17077478724354]
[294.48867503795975, 494.5958673752989]
[295.1990732769249, 494.43387155112316]
[308.90638386510904, 493.30824811723653]
[373.8072505300757, 491.5984945700127]
[373.8077169923025, 491.5983426242499]
[373.80795022321803, 491.59826665125445]
[373.80824176168244, 491.59817168490315]
[378.6632416096211, 486.5596277621281]
[384.77381932697784, 485.4905606667611]
[388.880646787959, 485.15272568252976]
[388.88105515945193, 485.1525720186919]
[388.88108238417163, 485.15256177442757]
[388.8811096088925, 485.1525515301621]
[388.8811368336035, 485.1525412858947]
[388.88116405829925, 485.15253104162673]
[388.8813001817275, 485.1524798202713]
[388.88140908036644, 485.1524388431666]
[389.36508474074213, 485.0116233629566]
[389.36508474081177, 485.0116233629317]
[389.7702272217054, 484.95801115815505]
[389.7702272254412, 484.9580111567341]
[389.7702272257085, 484.9580111566356]
[389.77022722692226, 484.9580111561728]
[390.5018647968659, 484.8542262888128]
[390.5018647968769, 484.8542262888092]
[390.5018647968792, 484.8542262888078]
[390.5018647969228, 484.8542262887888]
[391.6199991107962, 484.7501528975092]
[391.62000242834296, 484.7501516116022]
[391.6200156985251, 484.7501464679747]
[392.12119505324637, 484.61873857879004]
[392.12119505337233, 484.61873857874093]
[393.25131998316357, 484.4749407792957]
[395.5810617409237, 484.1434484279731]
[395.58116341296227, 484.14340702291713]
[395.5812142489402, 484.143386320383]
[396.840422691453, 483.9288322568668]
[396.8404229847549, 483.9288321353008]
[396.8404238646596, 483.9288317706014]
[396.8404247445638, 483.92883140590243]
[397.3868672145646, 483.8281901996951]
[397.38686721480104, 483.8281901995947]
[397.3868672149162, 483.82819019954434]
[397.38686721498266, 483.8281901995191]
[397.3868672150084, 483.82819019950705]
[397.38686721504075, 483.8281901994943]
[397.3868672150468, 483.8281901994899]
[397.3868672150524, 483.828190199489]
[397.38686721505474, 483.8281901994876]
[397.38686721520315, 483.8281901994278]
[398.57357863404695, 483.65464594655793]
[398.5735787057128, 483.65464591608304]
[398.57357884903905, 483.65464585513314]
[398.5735789565389, 483.6546458094206]
[398.5735790102865, 483.65464578656406]
[398.57357903380444, 483.65464577656417]
[398.573579037161, 483.6546457751358]
[398.5735790438778, 483.6546457722792]
[398.57357905395685, 483.65464576799343]
[398.5735790564761, 483.6546457669218]
[398.57357905899806, 483.6546457658508]
[398.57357906152055, 483.65464576477916]
[398.57357906277355, 483.6546457642438]
[398.5735790640364, 483.654645763708]
[398.5735790909081, 483.65464575227975]
[398.573579117783, 483.65464574085195]
[398.5735791715334, 483.65464571799544]
[398.5735792790304, 483.65464567228287]
[399.2128678904538, 483.5415772935596]
[399.5302615956894, 483.48499548882944]
[400.26414416059436, 483.37972653466636]
[400.264156098948, 483.3797213194365]
[400.2641605758276, 483.37971936372537]
[400.2641650527162, 483.37971740801436]
[400.26417102188833, 483.3797148003986]
[400.2641792295033, 483.3797112149276]
[400.2641814679447, 483.37971023707223]
[400.26418258716797, 483.37970974814414]
[400.26418370639124, 483.37970925921707]
[400.2641889294139, 483.3797069775527]
[400.26419191399896, 483.37970567374555]
[403.67423765079616, 482.7915006622237]
[412.2561311054279, 481.5764869996344]
[412.2563184511435, 481.57638088651674]
[443.1767186679537, 478.9369280955434]
[446.1138569676114, 478.30883177329144]
[446.5532893895618, 476.3789839854645]
[448.6997717251246, 474.0956188354279]
[450.51029732570237, 473.76996888404733]
[452.4437861668056, 473.4435676180432]
[452.73374177493446, 472.44720986977734]
[453.91098509083486, 471.78143228173985]
[455.1333919132261, 471.11278735074336]
[455.76185810913887, 470.7774050461758]
[456.4019992061225, 470.4413244898958]
[457.71778143900815, 469.7670938010897]
[458.393650122311, 469.42895636322294]
[459.0816486881484, 469.0901460621444]
[459.43022915496744, 468.92049060215254]
[459.78188053710585, 468.75066934855124]
[459.9588616634958, 468.6656968030103]
[460.13661509569124, 468.58068311401837]
[460.2704378928666, 468.51689590822366]
[460.3151423243296, 468.49562838355155]
[460.4046965735274, 468.4530856596758]
[460.42711544128935, 468.44244838101076]
[460.4439375508743, 468.43447000286847]
[460.4495464369225, 468.4318104636675]
[460.46076648358365, 468.4264912655532]
[460.4691835089873, 468.4225017622331]
[460.4776022406187, 468.4185121691505]
[460.48181224632077, 468.4165173389515]
[460.4860226786365, 468.4145224863174]
[460.48970715687426, 468.4127769718574]
[460.4902335375838, 468.4125276112467]
[460.4908915228301, 468.4122159099911]
[460.49128631897736, 468.41202888897396]
[460.49207592252833, 468.4116548463494]
[460.4923391270456, 468.41153016529927]
[460.49286554107925, 468.41128080293595]
[460.4929642444499, 468.4112340474544]
[460.4931616518972, 468.4111405364521]
[460.49345776483005, 468.41100026985873]
[460.493655174624, 468.41090675873386]
[460.49370452722, 468.4108833809454]
[460.4938032325867, 468.41083662535857]
[460.49395129107575, 468.4107664919552]
[460.49404999702705, 468.4107197363372]
[460.4942474096335, 468.4106262250647]
[460.4943461162885, 468.4105794694102]
[460.49437079299355, 468.41056778049426]
[460.49439546970495, 468.4105560915783]
[460.49440780807305, 468.4105502471202]
[460.4944201464337, 468.410544402661]
[460.4944263156202, 468.4105414804317]
[460.49443556939497, 468.4105370970876]
[460.4944371116932, 468.4105363665303]
[460.49444019628737, 468.41053490541526]
[460.4944413530066, 468.4105343574978]
[460.4944425097297, 468.4105338095791]
[460.49444308809205, 468.41053353561995]
[460.49444366645173, 468.4105332616616]
[460.49444395563347, 468.4105331246816]
[460.4944441002216, 468.4105330561922]
[460.4944442448174, 468.4105329877025]
[460.4944443894055, 468.41053291921264]
[460.49444460628854, 468.41053281647794]
[460.49444470118306, 468.4105327715316]
[460.4944447147344, 468.41053276511104]
[460.4944447418455, 468.41053275226864]
[460.4944447689571, 468.41053273942646]
[460.4944447825118, 468.4105327330059]
[460.4944448028474, 468.4105327233748]
[460.49444481301254, 468.41053271855947]
[460.4944448180953, 468.4105327161508]
[460.49444482031976, 468.41053271509804]
[460.49444482063313, 468.41053271494695]
[460.4944448212698, 468.41053271464625]
[460.494444822699, 468.4105327139688]
[460.4944448229399, 468.41053271385647]
[460.49444482317426, 468.41053271374324]
[460.494444823497, 468.41053271359226]
[460.49444482357933, 468.4105327135552]
[460.4944448237379, 468.4105327134803]
[460.4944448238142, 468.4105327134424]
[460.4944448239756, 468.4105327133667]
[460.49444482420773, 468.41053271325393]
[460.4944448242758, 468.41053271322596]
[460.4944448243302, 468.41053271319754]
[460.4944448243735, 468.41053271317696]
[460.4944448243883, 468.4105327131697]
[460.49444482441083, 468.4105327131558]
[460.49444482443386, 468.41053271314854]
[460.4944448244481, 468.41053271314127]
[460.4944448244498, 468.41053271313774]
[460.49444482445745, 468.41053271313604]
[460.49444482445966, 468.4105327131351]
[460.4944448244646, 468.4105327131339]
[460.4944448244674, 468.4105327131326]
values
[252.37547107715753, 510.91544407137246]
[252.44817316573875, 510.6306638029623]
[252.44852745578876, 510.5951997404286]
[252.44872645428592, 510.58706949910334]
[252.44929387315648, 510.55970044634466]
[252.44950606503227, 510.55378185382233]
[252.4502411922044, 510.546515024344]
[252.45033885378683, 510.5382160049803]
[252.45139336190582, 510.50565987656034]
[252.45180213513345, 510.4922116061215]
[252.45250245028893, 510.4803511290006]
[252.45306217059814, 510.4790013225686]
[252.4532499367143, 510.4684867324113]
[252.4543883664772, 510.46578617367345]
[252.45445534011833, 510.45153778423764]
[252.4557381682477, 510.43730164495753]
[252.45579117736236, 510.42459564914884]
[252.4565385945108, 510.40353157065954]
[252.45776795793938, 510.40082611362527]
[252.459573589386, 510.3865448505385]
[252.46021019649467, 510.3617443780106]
[252.46047924388964, 510.35775517385196]
[252.46126290200425, 510.35685248206926]
[252.4617813742951, 510.3371040192475]
[252.46210146407034, 510.3341264726505]
[252.46242451265198, 510.3311486806999]
[252.4630794874617, 510.3251923607081]
[252.46635539576025, 510.0873210816883]
[252.4968303465281, 510.0764606368606]
[252.49792993739482, 510.06965699952445]
[252.5002840404963, 510.04276226663467]
[252.50118920967842, 510.03825957469405]
[252.50752013789509, 510.02795058216554]
[252.5095685113637, 509.99338899066265]
[252.5139697901992, 509.9687708841575]
[252.51447487799865, 509.9665150618807]
[252.5158300641326, 509.9604988585113]
[252.52305108942315, 509.9255939192599]
[252.52385165804165, 509.9215567071317]
[252.53172959135773, 509.91134720414163]
[252.53522603730514, 509.9014182830755]
[252.5369878263192, 509.8858966759824]
[252.5373701326061, 509.8844132710375]
[252.53952871873653, 509.86269731108086]
[252.5442548701891, 509.85274101677237]
[252.5517165440812, 509.8247330041345]
[252.55839978961788, 509.7920475729977]
[252.56057781236598, 509.78509165705634]
[252.56992509303186, 509.77423566040534]
[252.57017109199805, 509.7440400047295]
[252.57315068661464, 509.7386451871789]
[252.57481051422099, 509.7358691328975]
[252.58038655181525, 509.73509655619773]
[252.58127683532666, 509.70752461701795]
[252.5854324568986, 509.67206976689533]
[252.59411354753215, 509.64089348296204]
[252.6007255048296, 509.61783330436845]
[252.6030867437597, 509.60969111938437]
[252.60889839110823, 509.6031339831635]
[252.6098462640237, 509.5978148963295]
[252.61218503001194, 509.58460480741076]
[252.6170380394328, 509.57597546863974]
[252.62481355694234, 509.569333614069]
[252.6255198212469, 509.53918422797017]
[252.6335173297304, 509.52854666121846]
[252.63372811219958, 509.52071885920043]
[252.63772942256196, 509.4952389702863]
[252.64460571282387, 509.4764495052575]
[252.6560371434665, 509.4329573363019]
[252.66700958306288, 509.43153487107656]
[252.67068133753614, 509.39613685011557]
[252.67487688091367, 509.3766593072571]
[252.68920684191156, 509.34530978988596]
[252.69584435471944, 509.30808449010783]
[252.70787628397656, 509.27660463679376]
[252.72979118413082, 509.22110915291785]
[252.74184569103227, 509.2096726848581]
[252.7454877348361, 509.1986285353005]
[252.74792576732187, 509.18878303418217]
[252.75361033853974, 509.18803594178144]
[252.75783394316622, 509.1591971137368]
[252.76605914981292, 509.1339342539692]
[252.78733073713573, 509.1276694374608]
[252.78841100185545, 509.057098885654]
[252.803628421486, 509.0461539026878]
[252.8073454034865, 509.01991201723376]
[252.8146721700201, 509.00405588897775]
[252.8337730830319, 508.96810280975046]
[252.84122416043482, 508.95947984102304]
[252.84877114892623, 508.93227675818457]
[252.8616950390889, 508.8936759743433]
[252.88915647342284, 508.8602023897689]
[252.8974677933208, 508.83413663086026]
[252.89864946156263, 508.80445709769174]
[252.92543960328655, 508.7842300704466]
[252.93412576103412, 508.7569033145345]
[252.94186161844524, 508.74808403070665]
[252.94295580921698, 508.729557335963]
[252.95863219460028, 508.71190430481226]
[252.96479734562595, 508.7116420913005]
[252.99128561361667, 508.66568765967247]
[253.0242811503634, 508.6446068168508]
[253.03004215211013, 508.5985565746246]
[253.04891741369104, 508.5257742515382]
[253.0712465452166, 508.510065701583]
[253.07700973168204, 508.50191748416876]
[253.09323211779216, 508.4704540826906]
[253.1087902286157, 508.4570650519739]
[253.12114187622188, 508.4388097780077]
[253.1243054758004, 508.43253064135877]
[253.12760682288217, 508.43111615376233]
[253.1277884888614, 508.41920326797424]
[253.14471180388793, 508.4137237999578]
[253.14859420719068, 508.40208882309355]
[253.15499656944283, 508.3974013764848]
[253.15664017682025, 508.39279545803254]
[253.15786992042288, 508.3811771285225]
[253.15907593256125, 508.3728561701985]
[253.16699654674173, 508.3209258260325]
[253.17446644198708, 508.2941913482515]
[253.19889272957312, 508.273027668032]
[253.22122024857705, 508.2645600797829]
[253.22749364927844, 508.25529789746463]
[253.24679915112193, 508.2259481855623]
[253.25251559527152, 508.2154295508436]
[253.26480454082363, 508.21177183988175]
[253.27100111200141, 508.19380945359444]
[253.27126578569462, 508.1862296499694]
[253.27953120249478, 508.1640009728319]
[253.2945283916585, 508.13236080129604]
[253.29881747113424, 508.1178025286331]
[253.30744026402778, 508.11742595729777]
[253.3078078798525, 508.1131949223558]
[253.36912285721885, 508.0200922741119]
[253.37790285227848, 507.9818652383402]
[253.40742604096474, 507.96864887325773]
[253.40814374753842, 507.9643228929923]
[253.41411601333692, 507.93712394269426]
[253.4338800748573, 507.9017074240419]
[253.43750752934795, 507.8970343596184]
[253.4531495234577, 507.87806155049907]
[253.4606700837787, 507.8539843443484]
[253.47021631893702, 507.8521289518005]
[253.5050255655607, 507.83538531057707]
[253.5237623334735, 507.79339311560284]
[253.549002378818, 507.7551434294588]
[253.54927121136288, 507.7429901674552]
[253.56823815627416, 507.7163902419185]
[253.57775694760397, 507.68642842624104]
[253.58740382826068, 507.6860471724634]
[253.61474586403375, 507.68092314545993]
[253.62246011688075, 507.6399154884672]
[253.64757730837167, 507.60852748939783]
[253.6781926435842, 507.58144812332864]
[253.68094388403986, 507.5562011548899]
[253.71495794208133, 507.50380785221535]
[253.75854481717275, 507.4785719094235]
[253.76171242426807, 507.46863396414255]
[253.77030013007595, 507.45918714546235]
[253.78101003254045, 507.4193932983851]
[253.78724739678884, 507.4121910199258]
[253.7929148658402, 507.4084160985699]
[253.8167724989279, 507.37850965079485]
[253.8295063263782, 507.3721574889437]
[253.84698272179364, 507.35166680376096]
[253.8620478990396, 507.3203696744191]
[253.90352735583008, 507.276351276132]
[253.92768669617848, 507.2621983735978]
[253.9297474182936, 507.2259568593704]
[253.9711052190493, 507.1817400396832]
[253.98009439439005, 507.1803228262046]
[253.99458589120465, 507.1509997548004]
[254.00071165177388, 507.1472008542305]
[254.04425151129198, 507.14380672650793]
[254.04779308677394, 507.08148051545254]
[254.06695107153368, 507.06415204002394]
[254.08960287357536, 507.0531613626082]
[254.09450440936567, 507.04587398921433]
[254.11235316682863, 507.04309126257795]
[254.13505410085412, 506.9809378311328]
[254.14227417312773, 506.9736591047847]
[254.1678933479542, 506.95073778140045]
[254.20606484527818, 506.9165042727409]
[254.2253523371164, 506.90512595921916]
[254.23567118603106, 506.8770403024614]
[254.26485546749322, 506.87523107644733]
[254.28250968859254, 506.85827195894933]
[254.29303421016857, 506.8486853816818]
[254.30994587738343, 506.81816183781245]
[254.3116436988197, 506.8104644415206]
[254.3158501121659, 506.7777728165489]
[254.33144862305238, 506.7765263078993]
[254.34060958522906, 506.75265577056257]
[254.380461166807, 506.71845702016253]
[254.40062539012413, 506.7155902090874]
[254.40939010444754, 506.6850672882691]
[254.41518484786206, 506.6807037139429]
[254.44602288206602, 506.66970335109716]
[254.44822055845452, 506.66626787404994]
[254.4625871129948, 506.6360834509521]
[254.4937164116276, 506.60967684666923]
[254.5179620606688, 506.58845224668596]
[254.55369619213496, 506.53854252727183]
[254.57193711766834, 506.51258850894976]
[254.62131158786102, 506.49620692295287]
[254.62777092520798, 506.46382051208604]
[254.65324587718862, 506.4367210822488]
[254.68565986073583, 506.4284798826533]
[254.68620343922439, 506.41019086889867]
[254.73617662672555, 506.38003627830005]
[254.76868002025952, 506.3304983542172]
[254.80279041018233, 506.31940531340035]
[254.83902013544517, 506.26446346958016]
[254.8497754811295, 506.24612039252725]
[254.88832663900294, 506.24339469287395]
[254.90320035743932, 506.1916989272654]
[254.95791023692817, 506.1870045727759]
[254.99686266761216, 506.13943541013305]
[255.0124755006896, 506.1391455833525]
[255.0211981336783, 506.13058326749535]
[255.03472996024362, 506.09151614006225]
[255.0559168261696, 506.0652919751824]
[255.07724325838493, 506.039052059229]
[255.12945862006217, 506.0378108678925]
[255.13508452183908, 506.03707866802586]
[255.13927012398, 505.9879313221186]
[255.20792417704604, 505.98043217033296]
[255.24069778916498, 505.9178785910177]
[255.2867304238558, 505.8880915261267]
[255.2955214634982, 505.8852894152087]
[255.37573840332965, 505.8437888017629]
[255.4022442211239, 505.77652007780694]
[255.42594172951908, 505.76920787029223]
[255.42967579656946, 505.7600382974696]
[255.44412719551292, 505.73801345411164]
[255.4511527213465, 505.7282079455373]
[255.50845911465663, 505.7077652643909]
[255.5113206199462, 505.67853305409426]
[255.5525698436383, 505.639778699942]
[255.56081775202722, 505.62876885636524]
[255.6369774097687, 505.61531128527326]
[255.64228979371202, 505.6029306856509]
[255.65987804598868, 505.5926143270834]
[255.6711955130414, 505.56297242141716]
[255.69230413026483, 505.5344857553657]
[255.76233222303352, 505.488595292323]
[255.81333697316717, 505.44295167993084]
[255.8484752616951, 505.4144493632808]
[255.87439533596879, 505.38782046065216]
[255.99877522084944, 505.3028160158658]
[256.10031493035024, 505.2819536993102]
[256.1430948385635, 505.25263352754314]
[256.15141774800645, 505.19880101708657]
[256.3384174174888, 505.1087350396356]
[256.39077835841965, 505.0522447279461]
[256.4242018240633, 505.00814830200466]
[256.546463096353, 504.93256977570945]
[256.59549155608, 504.9178097360825]
[256.6226240663027, 504.8977729871441]
[256.70373035264197, 504.82380019097434]
[256.746969152597, 504.82074220983554]
[256.82340155134546, 504.72698645297976]
[256.89785437524193, 504.6985453470078]
[256.92142995598067, 504.6812199867651]
[257.02285512894105, 504.6135973817777]
[257.1028651511708, 504.54671133766624]
[257.1795606884941, 504.54489789894046]
[257.27425632620333, 504.48669297597485]
[257.2756039142163, 504.44078417368667]
[257.35515529097586, 504.404954692969]
[257.37464323459767, 504.3882239520833]
[257.3947975963633, 504.36573316387455]
[257.4409518248354, 504.3365517133691]
[257.52786311687106, 504.3257185893307]
[257.57514147105695, 504.2593940056488]
[257.70439637482144, 504.19537519694006]
[257.7400418872936, 504.1829840375426]
[257.8855856955915, 504.1069281808592]
[257.98833652006783, 504.0380194266528]
[258.3362284811077, 503.8785521989861]
[258.4139257763664, 503.8538599564703]
[258.5063901759089, 503.7789767850627]
[258.62918276220853, 503.7256728405165]
[258.7771603017507, 503.71546164759934]
[258.8074347800094, 503.6042949986311]
[258.99045759141035, 503.5327664713543]
[259.0345161579124, 503.525496033339]
[259.09269105978257, 503.4553625448631]
[259.24125386599826, 503.3945323928317]
[259.3426858437773, 503.3207977608507]
[259.3897066286778, 503.31980065894606]
[259.4606106040387, 503.26112593932544]
[259.5178854865521, 503.2523772407826]
[259.58516200036246, 503.2073984556739]
[259.833806432249, 503.0937359946354]
[260.0894078435573, 502.97135932368633]
[260.1503826857284, 502.94545951717816]
[260.2960419014526, 502.8779385787684]
[260.48826244851034, 502.80889921309483]
[260.6344408693258, 502.7294330305333]
[260.9835503812144, 502.5804845375567]
[261.3436173363666, 502.4310930947238]
[261.52153081803027, 502.3345952777904]
[261.82426598620395, 502.2429012708051]
[261.84237792114163, 502.23864734386086]
[261.8779593403818, 502.2009562351569]
[261.9964526659582, 502.18478313834487]
[262.0445195423684, 502.17401578493286]
[262.05602928113547, 502.1277497804293]
[262.2658487289834, 502.05044230748956]
[262.33445470109507, 502.0420838935212]
[262.35577539850533, 502.0057174714]
[262.42322077957454, 501.9997404664532]
[262.6215379389413, 501.9406599316551]
[262.7340435245175, 501.8712672562384]
[263.25867798578435, 501.6669472626735]
[263.7232792734083, 501.5143013718897]
[264.2829052337191, 501.3053111424772]
[264.3207643209251, 501.29227252926864]
[264.3259082605318, 501.28060879983695]
[264.3838365015627, 501.2791363898151]
[264.55287545059576, 501.2171088010473]
[264.57182320676003, 501.202032649838]
[264.781790816254, 501.1391054700323]
[264.7871799873462, 501.12740813881965]
[264.78815531007467, 501.113697053122]
[264.7891338162045, 501.09998244624035]
[265.5255032817204, 500.8576272015283]
[265.8452533073586, 500.7946928269421]
[265.8611605031024, 500.7857884244613]
[265.95981754888277, 500.74888886920894]
[266.4758262656139, 500.5684919206619]
[266.47736884195467, 500.5546378104399]
[266.9904896573847, 500.4389860934225]
[267.08499311232345, 500.3502708093331]
[267.29199839089904, 500.2819786769161]
[267.7465622827028, 500.16965623918975]
[268.29408280753836, 500.047299795658]
[268.45821183872454, 499.937147874781]
[268.7643310525618, 499.8792325835118]
[269.2306741310562, 499.7283766565139]
[269.4485324257631, 499.68985070358167]
[269.6381032562537, 499.618258352946]
[269.76357668436816, 499.5912597984019]
[270.37649086098116, 499.4332567112365]
[270.4392086581938, 499.3833559504616]
[270.6481153316997, 499.3405182535008]
[271.0043149896073, 499.25227961208157]
[271.3362371043643, 499.14995155076053]
[271.70253218478877, 499.06141888731986]
[271.86389573052037, 499.0154536033077]
[272.024969164128, 498.99906177192815]
[272.376607582151, 498.88978306495335]
[272.37660758215253, 498.88978306495096]
[272.9030458094374, 498.7495349358429]
[273.49286422240425, 498.7173728816964]
[273.492865224684, 498.71737208186437]
[273.5901421997398, 498.64916189154724]
[273.6788730772625, 498.590308819327]
[273.949179130394, 498.49914746884815]
[274.79364210913866, 498.3080336119169]
[275.13566045379224, 498.2598097958595]
[275.35288611943594, 498.17101671098624]
[275.5635536366714, 498.1260212586511]
[275.9474495281219, 498.0388901441553]
[275.94744952812306, 498.03889014415245]
[276.12554190102406, 498.03246660231423]
[276.61592365073915, 497.94582506549]
[276.6319564388664, 497.89772665060025]
[276.63195643886843, 497.8977266505983]
[277.4161506171514, 497.73334957210795]
[277.7239075827029, 497.64259942259457]
[278.03266705645746, 497.610734551523]
[278.2161645051681, 497.53723682400425]
[278.6484359275815, 497.44347904707365]
[279.2877174064829, 497.34524665624326]
[279.31532943177524, 497.319714954059]
[279.9728213285567, 497.17573924880764]
[279.9728213286854, 497.17573924872306]
[279.9728213286878, 497.17573924871897]
[281.5609751413412, 496.882783918727]
[281.56097514427745, 496.8827839169164]
[282.4411490253577, 496.69143422212153]
[282.8884748046907, 496.59554089563767]
[283.02895735503154, 496.5772126028469]
[283.02895735503205, 496.5772126028446]
[283.732760391091, 496.43627604595815]
[283.9702198844884, 496.41688049285585]
[283.9702246535396, 496.41687772431226]
[283.97022468707604, 496.4168777048459]
[284.42967976014063, 496.35173767449805]
[284.4781044844062, 496.3003799951041]
[284.47810448440765, 496.300379995099]
[284.47810448441396, 496.3003799950985]
[285.22672834079196, 496.1826360634444]
[285.33193607893963, 496.1559253436816]
[285.5391954524528, 496.1067469522991]
[286.1801797792028, 496.0204962352732]
[287.84493899077626, 495.7115814540472]
[288.1813045209454, 495.7052865876544]
[288.1813071636391, 495.70528518803883]
[288.2418916152339, 495.6215415146395]
[289.32194205858286, 495.4851106391204]
[289.4826616823189, 495.4128702695906]
[289.48266168231976, 495.4128702695841]
[290.4245362881136, 495.23421821374336]
[291.12807000881645, 495.17077478724354]
[294.48867503795975, 494.5958673752989]
[295.1990732769249, 494.43387155112316]
[308.90638386510904, 493.30824811723653]
[316.046100942357, 492.4389806279354]
[331.899979188999, 490.78689803573286]
[378.6632416096211, 486.5596277621281]
[382.6595877967384, 485.61900011800935]
[384.77381932697784, 485.4905606667611]
[388.880646787959, 485.15272568252976]
[388.88105515945193, 485.1525720186919]
[388.88108238417163, 485.15256177442757]
[388.8811096088925, 485.1525515301621]
[388.8811368336035, 485.1525412858947]
[388.88116405829925, 485.15253104162673]
[388.8813001817275, 485.1524798202713]
[388.88140908036644, 485.1524388431666]
[389.36508474074213, 485.0116233629566]
[389.36508474081177, 485.0116233629317]
[389.7702272217054, 484.95801115815505]
[389.7702272254412, 484.9580111567341]
[389.7702272257085, 484.9580111566356]
[389.77022722692226, 484.9580111561728]
[390.5018647968659, 484.8542262888128]
[390.5018647968769, 484.8542262888092]
[390.5018647968792, 484.8542262888078]
[390.5018647969228, 484.8542262887888]
[391.6199991107962, 484.7501528975092]
[391.62000242834296, 484.7501516116022]
[391.6200156985251, 484.7501464679747]
[392.12119505324637, 484.61873857879004]
[392.12119505337233, 484.61873857874093]
[393.25131998316357, 484.4749407792957]
[395.5810617409237, 484.1434484279731]
[395.58116341296227, 484.14340702291713]
[395.5812142489402, 484.143386320383]
[396.840422691453, 483.9288322568668]
[396.8404229847549, 483.9288321353008]
[396.8404238646596, 483.9288317706014]
[396.8404247445638, 483.92883140590243]
[397.3868672145646, 483.8281901996951]
[397.38686721480104, 483.8281901995947]
[397.3868672149162, 483.82819019954434]
[397.38686721498266, 483.8281901995191]
[397.3868672150084, 483.82819019950705]
[397.38686721504075, 483.8281901994943]
[397.3868672150468, 483.8281901994899]
[397.38686721505195, 483.8281901994876]
[397.38686721520315, 483.8281901994278]
[398.57357863404695, 483.65464594655793]
[398.5735787057128, 483.65464591608304]
[398.57357884903905, 483.65464585513314]
[398.5735789565389, 483.6546458094206]
[398.5735790102865, 483.65464578656406]
[398.57357903380444, 483.65464577656417]
[398.573579037161, 483.6546457751358]
[398.5735790438778, 483.6546457722792]
[398.57357905395685, 483.65464576799343]
[398.5735790564761, 483.6546457669218]
[398.57357905899806, 483.6546457658508]
[398.57357906152055, 483.65464576477916]
[398.57357906277355, 483.6546457642438]
[398.5735790640364, 483.654645763708]
[398.5735790909081, 483.65464575227975]
[398.573579117783, 483.65464574085195]
[398.5735791715334, 483.65464571799544]
[398.5735792790304, 483.65464567228287]
[399.2128678904538, 483.5415772935596]
[399.5302615956894, 483.48499548882944]
[400.26414416059436, 483.37972653466636]
[400.264156098948, 483.3797213194365]
[400.2641605758276, 483.37971936372537]
[400.2641650527162, 483.37971740801436]
[400.26417102188833, 483.3797148003986]
[400.2641792295033, 483.3797112149276]
[400.2641814679447, 483.37971023707223]
[400.26418258716797, 483.37970974814414]
[400.26418370639124, 483.37970925921707]
[400.2641889294139, 483.3797069775527]
[400.26419191399896, 483.37970567374555]
[403.67423765079616, 482.7915006622237]
[403.6742376508057, 482.79150066221644]
[409.5962362619204, 482.0046629423192]
[412.2561311054279, 481.5764869996344]
[412.2563184511435, 481.57638088651674]
[419.01547689679825, 480.1493489782507]
[431.22947045440947, 476.3474285433159]
[434.82024994286513, 474.89173937185694]
[436.05738789308873, 474.40302207452135]
[438.71793028548996, 473.4204699846913]
[441.7611799856351, 472.4312242065439]
[444.3857796861217, 471.6849925136314]
[447.3679696349659, 470.93515316063406]
[449.58030884018063, 470.4332902378229]
[449.5803088401908, 470.43329023782246]
[457.71778143900815, 469.7670938010897]
[458.393650122311, 469.42895636322294]
[459.0816486881484, 469.0901460621444]
[459.43022915496744, 468.92049060215254]
[459.78188053710585, 468.75066934855124]
[459.9588616634958, 468.6656968030103]
[460.13661509569124, 468.58068311401837]
[460.2704378928666, 468.51689590822366]
[460.3151423243296, 468.49562838355155]
[460.4046965735274, 468.4530856596758]
[460.42711544128935, 468.44244838101076]
[460.4439375508743, 468.43447000286847]
[460.4495464369225, 468.4318104636675]
[460.46076648358365, 468.4264912655532]
[460.4691835089873, 468.4225017622331]
[460.4776022406187, 468.4185121691505]
[460.48181224632077, 468.4165173389515]
[460.4860226786365, 468.4145224863174]
[460.48970715687426, 468.4127769718574]
[460.4902335375838, 468.4125276112467]
[460.4908915228301, 468.4122159099911]
[460.49128631897736, 468.41202888897396]
[460.49207592252833, 468.4116548463494]
[460.4923391270456, 468.41153016529927]
[460.49286554107925, 468.41128080293595]
[460.4929642444499, 468.4112340474544]
[460.4931616518972, 468.4111405364521]
[460.49345776483005, 468.41100026985873]
[460.493655174624, 468.41090675873386]
[460.49370452722, 468.4108833809454]
[460.4938032325867, 468.41083662535857]
[460.49395129107575, 468.4107664919552]
[460.49404999702705, 468.4107197363372]
[460.4942474096335, 468.4106262250647]
[460.4943461162885, 468.4105794694102]
[460.49437079299355, 468.41056778049426]
[460.49439546970495, 468.4105560915783]
[460.49440780807305, 468.4105502471202]
[460.4944201464337, 468.410544402661]
[460.4944263156202, 468.4105414804317]
[460.49443556939497, 468.4105370970876]
[460.4944371116932, 468.4105363665303]
[460.49444019628737, 468.41053490541526]
[460.4944413530066, 468.4105343574978]
[460.4944425097297, 468.4105338095791]
[460.49444308809205, 468.41053353561995]
[460.49444366645173, 468.4105332616616]
[460.49444395563347, 468.4105331246816]
[460.4944441002216, 468.4105330561922]
[460.4944442448174, 468.4105329877025]
[460.4944443894055, 468.41053291921264]
[460.49444460628854, 468.41053281647794]
[460.49444470118306, 468.4105327715316]
[460.4944447147344, 468.41053276511104]
[460.4944447418455, 468.41053275226864]
[460.4944447689571, 468.41053273942646]
[460.4944447825118, 468.4105327330059]
[460.4944448028474, 468.4105327233748]
[460.49444481301254, 468.41053271855947]
[460.4944448180953, 468.4105327161508]
[460.49444482031976, 468.41053271509804]
[460.49444482063313, 468.41053271494695]
[460.4944448212698, 468.41053271464625]
[460.494444822699, 468.4105327139688]
[460.4944448229399, 468.41053271385647]
[460.49444482317426, 468.41053271374324]
[460.494444823497, 468.41053271359226]
[460.49444482357933, 468.4105327135552]
[460.4944448237379, 468.4105327134803]
[460.4944448238142, 468.4105327134424]
[460.4944448239756, 468.4105327133667]
[460.49444482420773, 468.41053271325393]
[460.4944448242758, 468.41053271322596]
[460.4944448243302, 468.41053271319754]
[460.4944448243735, 468.41053271317696]
[460.4944448243883, 468.4105327131697]
[460.49444482441083, 468.4105327131558]
[460.49444482443386, 468.41053271314854]
[460.4944448244481, 468.41053271314127]
[460.4944448244498, 468.41053271313774]
[460.49444482445745, 468.41053271313604]
[460.49444482445966, 468.4105327131351]
[460.4944448244646, 468.4105327131339]
[460.4944448244674, 468.4105327131326]
[475.11400838774483, 466.3643184543939]
[493.6211668043453, 464.2960654394576]
[504.26726699714, 463.25413070466357]
[521.7798432013302, 461.6819946233725]
[527.9784737926717, 461.15558211187783]
[540.8259018868787, 460.0993511418751]
[547.4404217118189, 459.5695814796321]
[550.787468762139, 459.3042938512094]
[560.9594425892597, 458.5068568930517]
[567.8256939567027, 457.9739516313749]
[602.4522433658781, 455.29500094943967]
[609.3070715134278, 454.75650386296957]
[629.436369835891, 453.13606152805244]
[648.6546168382442, 451.50873936080166]
end_solutions
[11.20356790294861, 8.501024885500984, -10.757384084666509]
[11.175041003083063, 8.481911300913012, -10.74303391221886]
[11.175041003083063, 8.481911300913012, -10.74303391221886]
[11.40325620200744, 8.634819977616786, -10.857835291800054]
[11.479327934982228, 8.685789536518042, -10.89610241832712]
[12.087901798780557, 9.0935460077281, -11.202239430543642]
[12.127401839452904, 9.119816438861706, -11.22275286949013]
[12.166901880125252, 9.146086869995312, -11.243266308436617]
[12.188433184605717, 9.160407004457921, -11.25446242056914]
[12.23665967711066, 9.19244097118693, -11.27930918235601]
[12.247011927892814, 9.199325523484351, -11.284692435224155]
[12.277158990129728, 9.219324309369798, -11.300090809717823]
[12.288271884638696, 9.226704930491955, -11.305792702228603]
[12.307306052366641, 9.239323095255244, -11.31548918421149]
[12.326340220094586, 9.251941260018532, -11.325185666194379]
[12.340362792846005, 9.261229612392915, -11.332305655724976]
[12.355294992614704, 9.271116669194747, -11.339879633804012]
[12.370227192383403, 9.281003725996577, -11.347453611883047]
[12.380956985472247, 9.288071925932627, -11.35280616262442]
[12.394588207324556, 9.297020665169082, -11.359517643396938]
[12.41058913399679, 9.307500179415863, -11.367320325889391]
[12.418589597332907, 9.312739936539252, -11.371221667135618]
[12.426590060669024, 9.317979693662643, -11.375123008381845]
[12.430590292337083, 9.320599572224337, -11.377073679004958]
[12.441668960633457, 9.327819341310331, -11.382341248924545]
[12.449625078596528, 9.333002801074173, -11.386118240098789]
[12.449625078596528, 9.333002801074173, -11.386118240098789]
[12.457581196559598, 9.338186260838016, -11.38989523127303]
[12.462211132455309, 9.341196018546654, -11.392071859981712]
[12.46738100238838, 9.344553362091284, -11.394496094862022]
[12.46973882636701, 9.346083712197604, -11.395596440719798]
end_values
[629.43636984 453.13606153]
[648.65461684 451.50873936]
[648.65461684 451.50873936]
[493.6211668  464.29606544]
[460.49444482 468.41053271]
[279.97282133 497.17573925]
[272.90304581 498.74953494]
[267.29199839 500.28197868]
[264.78913382 501.09998245]
[260.220018   502.88554078]
[259.4606106  503.26112594]
[257.44095182 504.33655171]
[256.82340155 504.72698645]
[255.87439534 505.38782046]
[255.07724326 506.03905206]
[254.57193712 506.51258851]
[254.10775421 507.01113186]
[253.71495794 507.50380785]
[253.46067008 507.85398434]
[253.17446644 508.29419135]
[252.89864946 508.8044571 ]
[252.788411   509.05709889]
[252.69584435 509.30808449]
[252.65603714 509.43295734]
[252.55462714 509.77597876]
[252.50301921 510.02034621]
[252.50301921 510.02034621]
[252.46938009 510.26309617]
[252.45653859 510.40353157]
[252.44929387 510.55970045]
[252.44817317 510.6306638 ]
