values
[874.9103007376002, 835929.3930258102]
[876.6471012498316, 793906.6713141436]
[876.9289492966429, 792837.3636617198]
[879.6199444610068, 774071.6507222606]
[883.3476947217807, 742178.1115785122]
[890.8178184981541, 666272.0108857009]
[907.1010676137648, 638392.562301512]
[944.6000590909423, 622844.0171725197]
[959.1091324999052, 615339.7500790437]
[966.9235474252957, 612348.6086109119]
[975.5856113745698, 605929.6896655689]
[1025.2559054137887, 599246.2766012438]
[1039.2381744209126, 591560.929387403]
[1050.4440333899524, 591307.0487307851]
[1062.0544414068236, 591215.4092718301]
values
[874.8335439312775, 889834.7545075184]
[874.8340671994604, 889799.7621963371]
[874.8414217250549, 889309.7769230715]
[874.8504244220178, 888714.5647996558]
[874.8638075374342, 887838.8056408669]
[874.8698858116945, 887444.5444062854]
[874.871919609642, 887313.1010225668]
[874.8850271617891, 886471.5962544411]
[874.9027494108201, 885348.8912823306]
[874.9103007376002, 835929.3930258102]
[876.6471012498316, 793906.6713141436]
[876.9289492966429, 792837.3636617198]
[879.6199444610068, 774071.6507222606]
[883.3476947217807, 742178.1115785122]
[888.6412174045321, 715573.683274613]
[890.8178184981541, 666272.0108857009]
[907.1010676137648, 638392.562301512]
[919.5907682257932, 619948.664408929]
[929.8552820127707, 615012.8167232432]
[931.2570609875726, 594982.4462366293]
[933.3167264703364, 584481.8521467033]
[933.5956474024248, 584208.4624906544]
[934.9194625836926, 583104.9783433849]
[935.0073862658646, 583039.2715706282]
[935.2721042904581, 582845.8027743112]
[935.7462214381677, 582514.8018986224]
[936.1617841342098, 581460.9503823125]
[937.4420797666435, 581013.7603060663]
[937.7249995160585, 580428.1800207938]
[948.7564492261286, 580416.9582330529]
[996.9168382939757, 578927.5622151799]
[998.4946085659387, 578133.7500599412]
[1014.5289697311664, 578082.1085893103]
[1024.5048523805826, 576687.4503819621]
[1028.2454380441604, 575910.1772280743]
[1033.2779470831274, 574152.5728455991]
[1038.961091027122, 567897.8934585971]
[1051.161208528849, 565080.161614972]
[1058.9737756290322, 563809.9155458076]
[1068.2758012408544, 559994.5503311303]
[1073.9132490886923, 559087.8872262988]
[1080.1361207054713, 558763.0283256967]
[1080.5707175336488, 557420.949948732]
[1082.3907610441179, 556622.4717430708]
[1084.6985414286924, 555893.6811097433]
[1086.0076395936023, 553947.4062375654]
[1087.1280656540816, 552587.9309409859]
[1092.6871556502826, 552510.6840770659]
[1093.2438259466264, 552202.1059615196]
[1093.7790304114963, 551806.2377637193]
[1095.4962856963648, 550891.7190059704]
[1098.4314440168887, 550239.1013655561]
[1099.5835483890532, 549875.8249238294]
[1099.6456697608342, 549821.6059807265]
[1100.7642649394509, 549374.9046920597]
[1103.3176823195863, 548729.4395859676]
[1103.5277165037214, 548701.1994715363]
[1103.902875324011, 548525.3983478115]
[1105.1073362139673, 548286.1660193319]
[1105.4696444782585, 548080.312041824]
[1106.6378113948797, 547898.2374671074]
[1106.6463377044424, 547846.16110334]
[1106.9552639018998, 547842.3886308558]
[1107.1857460805875, 547721.1171749993]
[1107.9223602819973, 547633.9562399097]
[1108.2403214759702, 547524.362817308]
[1108.7712430785593, 547406.0396115691]
[1108.9202087130545, 547382.4832937964]
[1109.1279296432506, 547362.4304821056]
[1109.188039685809, 547346.9585518383]
[1109.2996737257024, 547336.6574823043]
[1109.4241877026789, 547299.729521494]
[1109.619753651293, 547280.1524682802]
[1109.743194855019, 547279.0014324452]
[1110.013742521483, 547244.6106343044]
[1110.0169192628828, 547203.5225219285]
[1110.252057324024, 547144.8409008149]
[1110.7633593191904, 547083.6641686646]
[1110.8376151593911, 547074.0173531532]
[1110.9232158638883, 547046.1167080438]
[1110.9517386719804, 547036.5196654585]
[1110.9621724296162, 547034.2187015694]
[1111.1844008940416, 547011.0655489955]
[1111.2592064441096, 547003.4477101812]
[1111.3084192694319, 546975.0056124231]
[1111.3591593257158, 546962.7365460418]
[1111.6026018405673, 546960.6284598933]
[1111.6065648132794, 546942.9081957842]
[1111.6723119102046, 546903.0497848477]
[1111.9953167733474, 546897.9714960128]
[1112.0229283550343, 546891.435082988]
[1112.1426388239324, 546885.7057190994]
[1112.305993125443, 546866.0793100903]
[1112.362556094911, 546857.8542866093]
[1112.5779867185088, 546831.2981638649]
[1112.6074965938492, 546817.9846828692]
[1112.6359035992823, 546784.7042203546]
[1113.097245784831, 546777.2089414401]
[1113.1248733216612, 546749.9028796515]
[1113.3711516523108, 546738.6128957045]
[1113.5400888810925, 546725.8409968225]
[1113.784176939881, 546707.8745192547]
[1113.9354072027163, 546696.637880693]
[1114.430090232103, 546657.5281697878]
[1114.4398379072918, 546656.0846767924]
[1114.5087199914096, 546654.0444637778]
[1114.7595653570243, 546635.823836861]
[1114.9950100441513, 546622.3921253015]
[1115.108300677269, 546616.9549488156]
[1115.345257618173, 546608.922821899]
[1115.4280900188446, 546601.3601523002]
[1115.616666004812, 546596.3805913359]
[1115.6506228792512, 546594.9384328312]
[1115.7073741915356, 546590.7423241738]
[1115.7398175531682, 546588.2536402986]
[1115.8885128072272, 546585.6253280018]
[1115.8996759530387, 546582.972993407]
[1115.9231934269396, 546577.5541533197]
[1116.024925132642, 546577.4581814064]
[1116.2028665085231, 546574.4421973549]
[1116.3311989198, 546571.9622225133]
[1116.3721206173686, 546570.939203244]
[1116.378941859331, 546570.7726150332]
[1116.392585165286, 546570.4427944319]
[1116.399407229278, 546570.2795620617]
[1116.4335216593868, 546569.4801799697]
[1116.4528776473544, 546568.5267954216]
[1116.4812933699534, 546568.4080303056]
[1116.4881189960734, 546568.2593410368]
[1116.5222512368234, 546567.5326764822]
[1116.5290785070029, 546567.390699999]
[1116.5427338693914, 546567.1101035359]
[1116.5546832105765, 546566.8682528562]
[1116.5973662793403, 546566.0324724554]
[1116.6520162259203, 546565.0264524776]
[1116.660556864193, 546564.8757309193]
[1116.6793477754468, 546564.550298026]
[1116.6998493146953, 546564.2049319164]
[1116.8126518618983, 546562.4854504651]
[1116.82291033805, 546562.3442422339]
[1116.8297496646633, 546562.2515023778]
[1116.8417191455728, 546562.091900663]
[1116.8707913785506, 546561.7185662506]
[1116.8819085403052, 546561.5811632246]
[1116.8844741419252, 546561.5498745436]
[1116.9186858455341, 546561.1477318605]
[1116.95290439939, 546560.7735705546]
[1116.956326631539, 546560.7376934239]
[1116.9802841746518, 546560.4943885277]
[1116.9819955561736, 546560.4775342757]
[1116.9871298034923, 546560.4273912583]
[1117.0213620578409, 546560.109194559]
[1117.0384807538576, 546559.960589854]
[1117.0898471172777, 546559.5567510662]
values
[874.8304509457265, 890041.9477607106]
[874.8306056533236, 890031.5696248068]
[874.8311559200417, 889994.6689468345]
[874.8331302120666, 889862.4333413693]
[874.833311193125, 889850.323920189]
[874.8335439312775, 889834.7545075184]
[874.8340671994604, 889799.7621963371]
[874.8380249478571, 889535.6595247239]
[874.8408287519603, 889349.1571106479]
[874.8409850686231, 889338.7737702224]
[874.8414217250549, 889309.7769230715]
[874.8504244220178, 888714.5647996558]
[874.8565429261473, 888312.8584474904]
[874.8567016482233, 888302.4675713098]
[874.8568603944095, 888292.0766210774]
[874.8638075374342, 887838.8056408669]
[874.8641528617868, 887816.3488929208]
[874.8643127357298, 887805.9545118693]
[874.865450312426, 887732.0368199894]
[874.8667790261674, 887645.7948840776]
[874.8669214867787, 887636.5543816551]
[874.8670283447386, 887629.6239674235]
[874.8671084952407, 887624.4261357036]
[874.8671886517704, 887619.2282859536]
[874.8673489829123, 887608.8325323664]
[874.8688703576947, 887510.2618094336]
[874.8698858116945, 887444.5444062854]
[874.871919609642, 887313.1010225668]
[874.8850271617891, 886471.5962544411]
[874.9027494108201, 885348.8912823306]
[874.9103007376002, 835929.3930258102]
[876.6471012498316, 793906.6713141436]
[876.9289492966429, 792837.3636617198]
[879.6199444610068, 774071.6507222606]
[883.3476947217807, 742178.1115785122]
[888.6412174045321, 715573.683274613]
[890.8178184981541, 666272.0108857009]
[907.1010676137648, 638392.562301512]
[919.5907682257932, 619948.664408929]
[929.8552820127707, 615012.8167232432]
[931.2570609875726, 594982.4462366293]
[933.3167264703364, 584481.8521467033]
[933.5956474024248, 584208.4624906544]
[934.9194625836926, 583104.9783433849]
[935.0073862658646, 583039.2715706282]
[935.2721042904581, 582845.8027743112]
[935.7462214381677, 582514.8018986224]
[936.1617841342098, 581460.9503823125]
[937.4420797666435, 581013.7603060663]
[937.7249995160585, 580428.1800207938]
[948.7564492261286, 580416.9582330529]
[996.9168382939757, 578927.5622151799]
[998.4946085659387, 578133.7500599412]
[1014.5289697311664, 578082.1085893103]
[1024.5048523805826, 576687.4503819621]
[1028.2454380441604, 575910.1772280743]
[1033.2779470831274, 574152.5728455991]
[1038.961091027122, 567897.8934585971]
[1051.161208528849, 565080.161614972]
[1058.9737756290322, 563809.9155458076]
[1068.2758012408544, 559994.5503311303]
[1073.9132490886923, 559087.8872262988]
[1080.1361207054713, 558763.0283256967]
[1080.5707175336488, 557420.949948732]
[1082.3907610441179, 556622.4717430708]
[1084.6985414286924, 555893.6811097433]
[1086.0076395936023, 553947.4062375654]
[1087.1280656540816, 552587.9309409859]
[1092.6871556502826, 552510.6840770659]
[1093.2438259466264, 552202.1059615196]
[1093.7790304114963, 551806.2377637193]
[1095.0228758590324, 551625.291496643]
[1095.2124062901862, 551530.147107879]
[1095.4962856963648, 550891.7190059704]
[1096.9224039191204, 550791.6045137477]
[1097.461338276778, 550566.4925049979]
[1097.9144916315558, 550480.026522454]
[1098.0018411381589, 550346.2454830969]
[1098.272680757746, 550237.9754038156]
[1098.9998104238102, 550119.6223433767]
[1099.0593412839396, 550056.8261530307]
[1099.3776306945954, 549993.0554187568]
[1099.4532650240285, 549967.972582386]
[1099.5835483890532, 549875.8249238294]
[1099.6456697608342, 549821.6059807265]
[1100.5243685327123, 549802.3056288718]
[1100.7642649394509, 549374.9046920597]
[1101.7427501450752, 549221.1361524861]
[1102.1633942205453, 549099.1728853941]
[1103.0673960099803, 548913.1829975833]
[1103.3176823195863, 548729.4395859676]
[1103.5277165037214, 548701.1994715363]
[1103.902875324011, 548525.3983478115]
[1104.4633427909885, 548462.7876407225]
[1104.5213315670985, 548448.4435950298]
[1104.6373486491611, 548419.9022736198]
[1104.6953769551137, 548405.705096545]
[1104.7534184376805, 548391.5569740157]
[1104.8114730968618, 548377.4579549087]
[1104.869540932657, 548363.4080879138]
[1104.927621945067, 548349.4074215459]
[1105.1073362139673, 548286.1660193319]
[1105.4696444782585, 548080.312041824]
[1106.2306991427922, 548001.5791713141]
[1106.4091112694991, 547957.3512427767]
[1106.4104294685703, 547954.296841522]
[1106.4804352407232, 547952.4304830853]
[1106.6378113948797, 547898.2374671074]
[1106.6463377044424, 547846.16110334]
[1106.9552639018998, 547842.3886308558]
[1107.1404637235073, 547781.7270070484]
[1107.1857460805875, 547721.1171749993]
[1107.543911033421, 547692.020337247]
[1107.6345600395662, 547670.7535167913]
[1107.6636086912454, 547666.1292995089]
[1107.8891611918864, 547615.7583010524]
[1108.2318841027395, 547551.1161797282]
[1108.2403214759702, 547524.362817308]
[1108.4506434745817, 547485.6297794748]
[1108.5676786137751, 547471.8267287608]
[1108.735891640732, 547432.9053861724]
[1108.7712430785593, 547406.0396115691]
[1108.9202087130545, 547382.4832937964]
[1109.0215734950057, 547381.8942083963]
[1109.1279296432506, 547362.4304821056]
[1109.1408163694286, 547357.9434905082]
[1109.188039685809, 547346.9585518383]
[1109.2996737257024, 547336.6574823043]
[1109.4241877026789, 547299.729521494]
[1109.5060531080278, 547279.0147015996]
[1109.6773352848738, 547247.4033216364]
[1109.699187232754, 547242.8552244082]
[1109.892558860641, 547207.625402692]
[1109.9299784151526, 547205.3421417301]
[1109.98933373827, 547190.3597681095]
[1110.1138982656623, 547177.9314510082]
[1110.252057324024, 547144.8409008149]
[1110.2800146258978, 547139.9630312583]
[1110.432308583108, 547111.2924641534]
[1110.5287384011963, 547097.018486484]
[1110.616142870092, 547080.5729229316]
[1110.7081431059933, 547065.5400154229]
[1110.7362031698685, 547064.3288749147]
[1110.8001987368345, 547050.7252931556]
[1110.8894551567832, 547045.3042868037]
[1110.9517386719804, 547036.5196654585]
[1110.9621724296162, 547034.2187015694]
[1111.1584556837756, 546996.2215514975]
[1111.2545071071931, 546992.3072123165]
[1111.3084192694319, 546975.0056124231]
[1111.3555204745371, 546970.6741547836]
[1111.3591593257158, 546962.7365460418]
[1111.4248358790337, 546960.6509242239]
[1111.4568140269794, 546956.9360497891]
[1111.4887963835383, 546953.2384859157]
[1111.5013898298175, 546949.3215510834]
[1111.6065648132794, 546942.9081957842]
[1111.6723119102046, 546903.0497848477]
[1111.9504830063102, 546892.3375953181]
[1112.0229283550343, 546891.435082988]
[1112.0437824769208, 546877.6394157711]
[1112.2302722833228, 546853.4571062364]
[1112.3147538908916, 546844.8908235467]
[1112.330814560517, 546843.3278603972]
[1112.5779867185088, 546831.2981638649]
[1112.6008175268412, 546810.1762759214]
[1112.6345608946888, 546806.1207387511]
[1112.6359035992823, 546784.7042203546]
[1112.9828886827142, 546769.2209297658]
[1113.0525419537391, 546762.5617547448]
[1113.1075488530835, 546756.4886978732]
[1113.1248733216612, 546749.9028796515]
[1113.2513411534906, 546744.5417229899]
[1113.3528025910646, 546733.8451125147]
[1113.4291547561406, 546726.6169808059]
[1113.474366473407, 546725.7897528444]
[1113.539937509098, 546717.4488527827]
[1113.552130906543, 546715.8583931557]
[1113.5819756009687, 546712.6264565253]
[1113.6584442807216, 546705.8641971962]
[1113.7368437373116, 546701.7707209357]
[1113.7857398260203, 546695.4564227125]
[1113.8053935060263, 546695.3582242216]
[1114.1208145588157, 546670.5700634936]
[1114.1375392629425, 546669.0298805262]
[1114.1945393449237, 546664.9080149274]
[1114.2556237051042, 546659.3140237873]
[1114.2627666830654, 546659.276330717]
[1114.3089535965346, 546656.30291474]
[1114.3780643602781, 546652.7715806647]
[1114.4360061696198, 546648.343344473]
[1114.4607723864383, 546646.5296390044]
[1114.5351454652132, 546642.2715398535]
[1114.5745342803066, 546640.0889559301]
[1114.6489422378352, 546637.3428676294]
[1114.7006966771219, 546632.0071107958]
[1114.7184825287375, 546630.6108527789]
[1114.7242272893084, 546630.2809821566]
[1114.7483971520016, 546628.2657019089]
[1114.7978785481014, 546627.4977441739]
[1114.918897388228, 546619.8812447131]
[1115.0264582290488, 546613.9620786809]
[1115.100597967808, 546609.9796733899]
[1115.1455124342824, 546607.4181147816]
[1115.201082936434, 546605.620385174]
[1115.222049211574, 546603.3828369894]
[1115.2542309532926, 546602.1848772515]
[1115.325277553011, 546599.6833592107]
[1115.3482438646452, 546598.8912036812]
[1115.432393377472, 546595.8308449648]
[1115.4679158279155, 546593.2181776228]
[1115.580749922599, 546590.8062772322]
[1115.6204979386275, 546588.7116439269]
[1115.6597267677384, 546587.3237267003]
[1115.6747047303213, 546586.0635875114]
[1115.6869793923302, 546585.7026556254]
[1115.6926949661656, 546585.2216128628]
[1115.719594841538, 546584.9605502337]
[1115.743633719401, 546583.468397336]
[1115.762594863663, 546582.6673119806]
[1115.8906087880257, 546579.4874990257]
[1115.9199184875424, 546578.6660132373]
[1115.9231934269396, 546577.5541533197]
[1115.9990009385638, 546576.1246335612]
[1116.0118339089884, 546575.9919813271]
[1116.0310441087731, 546575.4024820017]
[1116.0857783353545, 546574.095647626]
[1116.1159803331875, 546573.2078713444]
[1116.1359955114185, 546573.0265207794]
[1116.1372075913523, 546572.6903660322]
[1116.149016574299, 546572.2694532869]
[1116.1828482152055, 546571.6725047403]
[1116.1862918001834, 546571.4506536059]
[1116.2013115093298, 546570.6203718919]
[1116.215142596624, 546570.4454878208]
[1116.251919196909, 546570.2607769273]
[1116.291440586999, 546569.4608392719]
[1116.3311915294844, 546568.3613346661]
[1116.3739805226012, 546567.6622159411]
[1116.3848901699291, 546567.6157110095]
[1116.4024284170523, 546567.0340971246]
[1116.4121530717168, 546566.8818236089]
[1116.4540088246822, 546566.2460464108]
[1116.490038244271, 546566.1938462708]
[1116.4976330932996, 546565.5201520965]
[1116.4999069109388, 546565.4270069865]
[1116.5173297253946, 546565.3204064087]
[1116.5257075372483, 546565.1344515623]
[1116.5685538664466, 546564.5740091266]
[1116.57651621801, 546564.4241870049]
[1116.594091485597, 546563.9913856975]
[1116.621379492657, 546563.7589886371]
[1116.6368026822515, 546563.4713622337]
[1116.651572908325, 546563.469235857]
[1116.6900407869796, 546563.023974628]
[1116.6994804945093, 546563.0117737268]
[1116.709354339292, 546562.7971149667]
[1116.7114565948034, 546562.6241919497]
[1116.7337705743635, 546562.6060816258]
[1116.7390444044343, 546562.4465546218]
[1116.7488362429476, 546562.3048214208]
[1116.7602064844928, 546562.083382545]
[1116.776232558244, 546561.9238971898]
[1116.790435170471, 546561.8540908514]
[1116.825956392328, 546561.7601309891]
[1116.8262335631057, 546561.5466485723]
[1116.8394288673314, 546561.4919442554]
[1116.8573087587338, 546561.4471883397]
[1116.862787489436, 546561.3502657538]
[1116.8709729910681, 546561.3423521258]
[1116.8763922115834, 546561.2536133811]
[1116.8783574792737, 546561.2357148407]
[1116.880954688176, 546560.9458972786]
[1116.91403443953, 546560.9273942986]
[1116.9140375366007, 546560.8167295264]
[1116.9288860130544, 546560.762997345]
[1116.9316431584502, 546560.7533581081]
[1116.9401785215123, 546560.731320125]
[1116.945046491337, 546560.6689536116]
[1116.954312172527, 546560.6391429104]
[1116.9550580534194, 546560.5955143134]
[1116.9558780591524, 546560.5695699797]
[1116.9574084695541, 546560.5443678761]
[1116.9616810730763, 546560.5139309079]
[1116.9669563686139, 546560.4825537873]
[1116.9702926116533, 546560.4459277827]
[1116.9772691536136, 546560.3931429187]
[1116.9821188298693, 546560.3551797775]
[1116.9849458040476, 546560.3401065564]
[1116.988760807955, 546560.3239651921]
[1116.9890809808455, 546560.3141254267]
[1116.9944921979436, 546560.3097448803]
[1116.9947417324704, 546560.2769918893]
[1116.99631089708, 546560.2654526299]
[1116.9977088085686, 546560.242125619]
[1117.001051746543, 546560.2263219779]
[1117.0023660034012, 546560.2234841076]
[1117.0039940566915, 546560.2228149908]
[1117.004705388094, 546560.1932947276]
[1117.0055043409852, 546560.1878111262]
[1117.0093771596494, 546560.1741642653]
[1117.0094472857809, 546560.174161453]
[1117.0097057919945, 546560.1723858223]
[1117.011195156657, 546560.1573378312]
[1117.0126359631238, 546560.1383541187]
[1117.0133002354464, 546560.1349716986]
[1117.0140146932429, 546560.1290078616]
[1117.0140774355739, 546560.1272718485]
[1117.014252846509, 546560.1270226402]
[1117.0149092491088, 546560.1248945084]
[1117.0159612566467, 546560.1221824631]
[1117.0160828096373, 546560.1150749242]
[1117.0163209658185, 546560.1131015907]
[1117.0164400440344, 546560.1121154333]
[1117.0169084429817, 546560.1110900331]
[1117.0170103445794, 546560.1084842929]
[1117.017652986365, 546560.1020530246]
[1117.0179911513173, 546560.1017471842]
[1117.0183891105876, 546560.0992842802]
[1117.0185081902607, 546560.098304066]
[1117.0186272700175, 546560.0973241943]
[1117.019661353407, 546560.090460385]
[1117.0197678879108, 546560.0901303706]
[1117.0208145244585, 546560.082648922]
[1117.0213315720866, 546560.0792411962]
[1117.0214500355498, 546560.0713219956]
[1117.0230018073573, 546560.068089616]
[1117.0236586375286, 546560.0620915156]
[1117.0244672934236, 546560.0559432787]
[1117.0251423036073, 546560.0517096521]
[1117.026235788946, 546560.0463021339]
[1117.0266798640196, 546560.0386131188]
[1117.0268817259496, 546560.0376091559]
[1117.0272156347196, 546560.0331202646]
[1117.0290869707148, 546560.0322457672]
[1117.0292176255311, 546560.0278236013]
[1117.0297830604122, 546560.0202433403]
[1117.0305761662803, 546560.0146164643]
[1117.0310897154868, 546560.0094381795]
[1117.0312691470162, 546560.0037774951]
[1117.032594362474, 546559.9993386167]
[1117.0329814316003, 546559.9957242289]
[1117.0343733736872, 546559.9863234485]
[1117.0347255556085, 546559.979967974]
[1117.035103227328, 546559.9799380819]
[1117.0367404626754, 546559.9652265162]
[1117.0377310688004, 546559.9623083377]
[1117.0380021922288, 546559.9565962253]
[1117.0384277152311, 546559.9529025693]
[1117.0392713478068, 546559.9467662898]
[1117.0405245798006, 546559.9433161686]
[1117.041088830526, 546559.9385649243]
[1117.041120507474, 546559.9377179232]
[1117.0411422123907, 546559.9309962085]
[1117.042569748609, 546559.9238089018]
[1117.042894445349, 546559.9234120072]
[1117.0433458520313, 546559.919635938]
[1117.0438606147343, 546559.9141745886]
[1117.0440684027467, 546559.9058187346]
[1117.0455534054427, 546559.9000782808]
[1117.0456409484689, 546559.8975084467]
[1117.0462625963942, 546559.8930981669]
[1117.04648098307, 546559.8929639169]
[1117.046957148352, 546559.8896024742]
[1117.0470742202972, 546559.8830050076]
[1117.047937826057, 546559.87566475]
[1117.0491793676379, 546559.8653581052]
[1117.0501170951402, 546559.8635785406]
[1117.0503051890507, 546559.862037011]
[1117.0505530522987, 546559.8596438441]
[1117.050880924553, 546559.8529371336]
[1117.0517441143045, 546559.8502722564]
[1117.0518290330533, 546559.8456361863]
[1117.0523366164543, 546559.8454423075]
[1117.0528444770725, 546559.8413090205]
[1117.0531795725879, 546559.8349852498]
[1117.0540294910415, 546559.8316886233]
[1117.0542008444045, 546559.8285879554]
[1117.0546314060407, 546559.8268149088]
[1117.055494754582, 546559.8167219032]
[1117.055891264471, 546559.8134668386]
[1117.0567076639431, 546559.8093236879]
[1117.0572744893007, 546559.8025162026]
[1117.0580581787908, 546559.7988700204]
[1117.058065081936, 546559.7961121324]
[1117.0597255073815, 546559.7834529615]
[1117.0599756651272, 546559.7816094928]
[1117.060236404263, 546559.7794211633]
[1117.0607259146186, 546559.7779555182]
[1117.0607733894606, 546559.775330941]
[1117.0612064796865, 546559.7719659864]
[1117.0616852551793, 546559.7703454358]
[1117.0618545511306, 546559.7690047584]
[1117.0623547051187, 546559.7648662571]
[1117.062828834781, 546559.7595461156]
[1117.0640707446428, 546559.7498053774]
[1117.0642271327015, 546559.7487019983]
[1117.0649294425243, 546559.7445918011]
[1117.0650967991928, 546559.7431471181]
[1117.0654662379752, 546559.7405666059]
[1117.066191727783, 546559.7336852233]
[1117.0668206401872, 546559.7299825519]
[1117.067018797281, 546559.7282282842]
[1117.0670327773819, 546559.7271913673]
[1117.067384977605, 546559.7255854484]
[1117.0674689736525, 546559.7238638571]
[1117.0675303536732, 546559.7234465263]
[1117.0681691891753, 546559.7192783555]
[1117.0682716193105, 546559.7185353576]
[1117.0683651778436, 546559.7178752916]
[1117.0684423028836, 546559.7165963593]
[1117.0684802761725, 546559.7162535223]
[1117.0691908698427, 546559.7115657876]
[1117.0692190870602, 546559.7113473478]
[1117.0694766075967, 546559.7086455094]
[1117.0697537369724, 546559.7066338318]
[1117.0698680843434, 546559.7063284765]
[1117.0700819629483, 546559.7045719572]
[1117.0704309294022, 546559.701395952]
[1117.070771041178, 546559.6993624193]
[1117.0708672702217, 546559.6981982638]
[1117.0709714191387, 546559.6974149887]
[1117.0711231120656, 546559.6963091145]
[1117.0711367164245, 546559.6962549507]
[1117.0711954914218, 546559.6959335859]
[1117.0713078856202, 546559.6951845917]
[1117.0713139377194, 546559.6949940326]
[1117.0713617076535, 546559.6944923862]
[1117.0714228836737, 546559.6939349785]
[1117.0717596109564, 546559.6916434906]
[1117.0717698803292, 546559.6914393512]
[1117.0718389216158, 546559.6910968021]
[1117.0719693340675, 546559.6899234494]
[1117.0720690499709, 546559.6893827978]
[1117.0721378236735, 546559.6887742188]
[1117.072141206473, 546559.6887466303]
[1117.072264956963, 546559.6876807649]
[1117.0722785614137, 546559.6876269759]
[1117.072340803984, 546559.6871301028]
[1117.0724928779732, 546559.6861067677]
[1117.0725950130518, 546559.6852980624]
[1117.0726200986146, 546559.6850689802]
[1117.072689840264, 546559.6846241476]
[1117.0726951074507, 546559.6844953783]
[1117.0727335254628, 546559.6842372428]
[1117.0727615505168, 546559.6838635522]
[1117.0729177122337, 546559.6827739632]
[1117.0730919442688, 546559.6815467458]
[1117.073124742914, 546559.6812162369]
[1117.0731413255273, 546559.6811690857]
[1117.0731919874083, 546559.6807208036]
[1117.0732592319296, 546559.6802254777]
[1117.0732923945013, 546559.6799879015]
[1117.0733388507047, 546559.6796590252]
[1117.0733459051794, 546559.6796051117]
[1117.0733538414638, 546559.6795444611]
[1117.0733670686054, 546559.6794433781]
[1117.073369181904, 546559.6793149275]
[1117.073400043835, 546559.6791385219]
[1117.0734068094835, 546559.6790835517]
[1117.0735108830183, 546559.6783154211]
[1117.0735773802958, 546559.6778367354]
[1117.0735928119811, 546559.6777188879]
[1117.0737400744222, 546559.6765945818]
[1117.073767084018, 546559.6763622346]
[1117.0738183155845, 546559.6759887971]
[1117.0738614337592, 546559.6756684288]
[1117.073864409875, 546559.6756457211]
[1117.0740354302643, 546559.674308112]
[1117.0740442169558, 546559.6742741847]
[1117.074107791275, 546559.6737807877]
[1117.0741183719315, 546559.673708768]
[1117.0741376615995, 546559.6735617092]
[1117.0741499092617, 546559.6734402655]
[1117.0741645706903, 546559.6733565788]
[1117.0741830066204, 546559.673210785]
[1117.0742020339935, 546559.6730710197]
[1117.074250643985, 546559.6727005468]
[1117.0742576799335, 546559.6726268805]
[1117.074263102859, 546559.672584174]
[1117.0742685257849, 546559.6725414662]
[1117.0742838656356, 546559.6724342904]
[1117.0743029142013, 546559.6722891452]
[1117.0743129221123, 546559.6722259885]
[1117.074314134607, 546559.6722167509]
[1117.074314451509, 546559.6722143369]
[1117.0743342622861, 546559.672049172]
[1117.0743829161406, 546559.671692745]
[1117.0744296562348, 546559.6713296366]
[1117.074463817392, 546559.6710685616]
[1117.074467901055, 546559.6710454514]
[1117.074495788461, 546559.6708330835]
[1117.0745214603605, 546559.6706235642]
[1117.0745507434747, 546559.6704146444]
[1117.0745593415684, 546559.6703465509]
[1117.0745680973305, 546559.6702825233]
[1117.074580806749, 546559.6701828912]
[1117.0745821029104, 546559.6701741442]
[1117.074624375848, 546559.6698470849]
[1117.0746467993968, 546559.6696834252]
[1117.07465585179, 546559.6696145267]
[1117.0746977242825, 546559.6692958538]
[1117.0747294696735, 546559.669054283]
[1117.0747331071666, 546559.6690266036]
[1117.074737075341, 546559.6689964082]
[1117.0747644116557, 546559.6687884124]
[1117.0747690411936, 546559.6687531894]
[1117.0748006488138, 546559.6685127185]
[1117.0748180718733, 546559.6683753028]
[1117.0748602541328, 546559.6680593081]
[1117.0748788772767, 546559.6679123975]
[1117.0748908421685, 546559.6678266617]
[1117.0749155330554, 546559.6676388842]
[1117.0749768193798, 546559.6671728563]
[1117.0750101355607, 546559.6669195541]
[1117.0750323739085, 546559.6667504909]
[1117.0750482466342, 546559.6666298285]
[1117.0750783513176, 546559.6663966049]
[1117.0750978351334, 546559.6662529021]
[1117.0751075492544, 546559.6661741984]
[1117.075141278473, 546559.6659227329]
[1117.0751448057476, 546559.6658959285]
[1117.0751520807516, 546559.6658406438]
[1117.0751600171197, 546559.6657803343]
[1117.0751723270878, 546559.665685038]
[1117.0752069843068, 546559.665423457]
[1117.0752717876785, 546559.6649311392]
[1117.0752778255912, 546559.6648817641]
[1117.0753080525005, 546559.664655676]
[1117.0753134398665, 546559.6646147558]
[1117.0753352786792, 546559.6644488892]
[1117.0753987697033, 546559.6639667343]
[1117.0754259562834, 546559.6637603081]
[1117.075435806145, 546559.6636855236]
[1117.0755344322442, 546559.6629368286]
[1117.075562085591, 546559.6627269472]
[1117.075726545031, 546559.6614791232]
[1117.0757500375273, 546559.6613009284]
[1117.0757512835373, 546559.6612897227]
[1117.0757727618773, 546559.6611285735]
[1117.075809128853, 546559.6608518929]
[1117.075827022995, 546559.6607170741]
[1117.075835960056, 546559.6606493049]
[1117.075888806532, 546559.6602486114]
[1117.0759312778284, 546559.6599266329]
[1117.0760036992542, 546559.6593776996]
[1117.0760757250096, 546559.6588318917]
[1117.0761409967486, 546559.6583373711]
[1117.076192023695, 546559.6579508437]
[1117.0762700100258, 546559.657360223]
[1117.0762725590494, 546559.6573409202]
[1117.076282882596, 546559.6572627475]
[1117.076293502381, 546559.6571823343]
[1117.0762998267169, 546559.6571344465]
[1117.076301755708, 546559.6571198415]
[1117.0763823772297, 546559.6565094765]
[1117.0764633433469, 546559.6558962207]
[1117.0764642250779, 546559.6558899868]
[1117.0764871112049, 546559.6557167947]
[1117.0766286235967, 546559.6546461701]
[1117.076640376688, 546559.6545572713]
[1117.076703771746, 546559.6540778237]
[1117.0767250320373, 546559.6539170573]
[1117.076789550153, 546559.6534283694]
[1117.0768073655277, 546559.6532945654]
[1117.0768738748168, 546559.652791833]
[1117.0768814116868, 546559.6527348697]
[1117.0768844980832, 546559.6527115429]
[1117.0768885222828, 546559.6526811295]
[1117.076912372105, 546559.652500887]
[1117.0769162921047, 546559.6524712634]
[1117.0769695496872, 546559.6520688285]
[1117.0770271440904, 546559.6516337004]
[1117.0770329839424, 546559.6515895836]
[1117.0770652246113, 546559.6513460433]
[1117.0770759994537, 546559.6512646559]
[1117.0771027987776, 546559.6510622455]
[1117.0771184994633, 546559.650943667]
[1117.077135272726, 546559.6508169957]
[1117.0771403729523, 546559.6507784796]
[1117.0772047464752, 546559.6502924027]
[1117.077283525536, 546559.6496976851]
[1117.0774022763405, 546559.648801494]
[1117.0774350631632, 546559.6485538989]
[1117.0774446041985, 546559.6484821349]
[1117.0774587134865, 546559.6483756902]
[1117.077467484536, 546559.6483095228]
[1117.077501826739, 546559.6480504648]
[1117.077513166532, 546559.6479649289]
[1117.0775927517834, 546559.6473647141]
[1117.077656243645, 546559.646885978]
[1117.0776632982975, 546559.6468327928]
[1117.0777993763684, 546559.6458070984]
[1117.0779062430781, 546559.6450018971]
[1117.0779384299806, 546559.6447594345]
[1117.0780503780306, 546559.6439163252]
[1117.0780927714975, 546559.6435971282]
[1117.0781077420052, 546559.643484419]
[1117.0781351649746, 546559.6432779733]
[1117.0781351923704, 546559.6432777663]
[1117.078265094959, 546559.642300076]
[1117.0782922288174, 546559.6420959085]
[1117.0783334916316, 546559.6417854627]
[1117.0784745852993, 546559.6407242338]
[1117.0786170677175, 546559.6396530403]
[1117.0786589956679, 546559.6393379164]
[1117.0786721166296, 546559.6392393089]
[1117.0787102353, 546559.6389528622]
[1117.0787407863475, 546559.6387233092]
[1117.0787426635884, 546559.6387092046]
[1117.0787462891103, 546559.6386819655]
[1117.0787486391869, 546559.6386643079]
[1117.0787744097295, 546559.6384706962]
[1117.0788288683602, 546559.6380616066]
[1117.0788414293797, 546559.6379672579]
[1117.078872654733, 546559.6377327372]
[1117.0788767028903, 546559.6377023351]
[1117.0788807262757, 546559.6376721173]
[1117.078884550731, 546559.6376433953]
[1117.0789260858173, 546559.6373314889]
[1117.0789341325903, 546559.6372710661]
[1117.0789437225806, 546559.637199059]
[1117.0789684140523, 546559.6370136687]
[1117.0789860025302, 546559.636881619]
[1117.0790081430223, 546559.6367154042]
[1117.0790107422972, 546559.6366958919]
[1117.0790263035406, 546559.6365790773]
[1117.0791014339045, 546559.6360151717]
[1117.0791122782666, 546559.6359337884]
[1117.0791518365231, 546559.6356369412]
[1117.0791528304494, 546559.6356294843]
[1117.0791700681634, 546559.6355001433]
[1117.0791820670784, 546559.6354101151]
[1117.0792044885363, 546559.635241896]
[1117.0792274129212, 546559.6350699157]
[1117.0792546259445, 546559.634865779]
[1117.0793236841769, 546559.6343478196]
[1117.079338522239, 546559.6342365473]
[1117.0793460828659, 546559.6341798495]
[1117.0793513803328, 546559.6341401229]
[1117.0793574154272, 546559.6340948684]
[1117.0793689508296, 546559.6340083694]
[1117.0793743047375, 546559.6339682237]
[1117.0794555860725, 546559.6333588342]
[1117.0794660260694, 546559.6332805734]
[1117.0794671546364, 546559.6332721143]
[1117.0794796226955, 546559.6331786547]
[1117.079480754277, 546559.6331701733]
[1117.0795151972102, 546559.6329120126]
[1117.0795227054548, 546559.6328557398]
[1117.079529632963, 546559.6328038209]
[1117.0795334132806, 546559.6327754887]
[1117.0795539557048, 546559.6326215392]
[1117.0795625192109, 546559.6325573662]
[1117.079570764945, 546559.6324955751]
[1117.0795834319433, 546559.6324006547]
[1117.079668088748, 546559.6317663842]
[1117.0796879956417, 546559.6316172625]
[1117.079692019046, 546559.6315871244]
[1117.0797086747418, 546559.6314623652]
[1117.0797131832567, 546559.6314285959]
[1117.0797514882802, 546559.6311417021]
[1117.0798179984974, 546559.6306436437]
[1117.0798573093964, 546559.6303493165]
[1117.0798603269527, 546559.6303267236]
[1117.079880233869, 546559.6301776926]
[1117.0798840790146, 546559.6301489077]
[1117.0799011466397, 546559.630021142]
[1117.079902152492, 546559.6300136109]
[1117.0799419663365, 546559.6297155981]
[1117.0800266233186, 546559.6290820529]
[1117.0800286350245, 546559.6290669992]
[1117.0801122861958, 546559.6284411527]
[1117.0801132920496, 546559.6284336287]
[1117.080195937408, 546559.627815474]
[1117.0802181075355, 546559.6276496759]
[1117.0802382659567, 546559.6274989356]
[1117.080280594516, 546559.6271824391]
[1117.080333630961, 546559.6267859417]
[1117.0803440873738, 546559.6267077788]
[1117.0803652516652, 546559.6265495773]
[1117.0803759595435, 546559.6264695429]
[1117.0804080831833, 546559.6262294523]
[1117.0805559818687, 546559.6251243848]
[1117.0807038806815, 546559.6240198386]
[1117.0808308667351, 546559.6230718935]
[1117.0808520310866, 546559.6229139393]
[1117.0808731954407, 546559.6227559965]
[1117.0809578528833, 546559.6221243299]
[1117.0810001816199, 546559.6218085615]
[1117.0812118254617, 546559.6202303615]
[1117.0815927850358, 546559.6173922919]
[1117.0817197717488, 546559.6164470388]
[1117.081942124456, 546559.6147928367]
[1117.0821430614724, 546559.6132989734]
[1117.0822277195425, 546559.6126698717]
[1117.0823970358088, 546559.6114121852]
[1117.082622791091, 546559.6097363309]
[1117.0827356688435, 546559.6088988616]
[1117.0833282782658, 546559.6045071292]
[1117.0835822543604, 546559.6026275241]
[1117.083688077844, 546559.6018448068]
[1117.0837939013936, 546559.6010623607]
[1117.084428844063, 546559.5963732837]
[1117.0846828217896, 546559.5945003458]
[1117.084936799893, 546559.5926289482]
[1117.0850637890865, 546559.5916938245]
[1117.0856987364646, 546559.587023986]
[1117.0857833962932, 546559.5864020672]
[1117.087137959239, 546559.5764746253]
[1117.0878152447303, 546559.5715273208]
[1117.0898471172777, 546559.5567510662]
values
[874.8274880557539, 890241.0028624685]
[874.8303736009693, 890047.1367990419]
[874.8304171066536, 890044.2179674082]
[874.8304509457265, 890041.9477607106]
[874.8306056533236, 890031.5696248068]
[874.8311559200417, 889994.6689468345]
[874.8331302120666, 889862.4333413693]
[874.833311193125, 889850.323920189]
[874.8333887664817, 889845.1341355685]
[874.8335439312775, 889834.7545075184]
[874.8340671994604, 889799.7621963371]
[874.8348841036375, 889745.1684952122]
[874.8380249478571, 889535.6595247239]
[874.8407506026701, 889354.3487519799]
[874.8408287519603, 889349.1571106479]
[874.8409850686231, 889338.7737702224]
[874.8414217250549, 889309.7769230715]
[874.8504244220178, 888714.5647996558]
[874.8564635741504, 888318.0538578009]
[874.8565429261473, 888312.8584474904]
[874.8567016482233, 888302.4675713098]
[874.8568603944095, 888292.0766210774]
[874.8638075374342, 887838.8056408669]
[874.8640729338564, 887821.5460561975]
[874.8641178925757, 887818.6226540903]
[874.8641528617868, 887816.3488929208]
[874.8643127357298, 887805.9545118693]
[874.865450312426, 887732.0368199894]
[874.8667790261674, 887645.7948840776]
[874.8669214867787, 887636.5543816551]
[874.8670283447385, 887629.6239674235]
[874.8670483817991, 887628.3245111861]
[874.8671084952407, 887624.4261357036]
[874.8671886517704, 887619.2282859536]
[874.8673489829123, 887608.8325323664]
[874.8688703576947, 887510.2618094336]
[874.8698858116945, 887444.5444062854]
[874.871919609642, 887313.1010225668]
[874.8850271617891, 886471.5962544411]
[874.9027494108201, 885348.8912823306]
[874.9103007376002, 835929.3930258102]
[876.6471012498316, 793906.6713141436]
[876.9289492966429, 792837.3636617198]
[879.6199444610068, 774071.6507222606]
[883.3476947217807, 742178.1115785122]
[888.6412174045321, 715573.683274613]
[890.8178184981541, 666272.0108857009]
[907.1010676137648, 638392.562301512]
[919.5907682257932, 619948.664408929]
[929.8552820127707, 615012.8167232432]
[931.2570609875726, 594982.4462366293]
[933.3167264703364, 584481.8521467033]
[933.5956474024248, 584208.4624906544]
[934.9194625836926, 583104.9783433849]
[935.0073862658646, 583039.2715706282]
[935.2721042904581, 582845.8027743112]
[935.7462214381677, 582514.8018986224]
[936.1617841342098, 581460.9503823125]
[937.4420797666435, 581013.7603060663]
[937.7249995160585, 580428.1800207938]
[948.7564492261286, 580416.9582330529]
[996.9168382939757, 578927.5622151799]
[998.4946085659387, 578133.7500599412]
[1014.5289697311664, 578082.1085893103]
[1024.5048523805826, 576687.4503819621]
[1028.2454380441604, 575910.1772280743]
[1033.2779470831274, 574152.5728455991]
[1038.961091027122, 567897.8934585971]
[1051.161208528849, 565080.161614972]
[1058.9737756290322, 563809.9155458076]
[1068.2758012408544, 559994.5503311303]
[1073.9132490886923, 559087.8872262988]
[1080.1361207054713, 558763.0283256967]
[1080.5707175336488, 557420.949948732]
[1082.3907610441179, 556622.4717430708]
[1084.6985414286924, 555893.6811097433]
[1086.0076395936023, 553947.4062375654]
[1087.1280656540816, 552587.9309409859]
[1092.6871556502826, 552510.6840770659]
[1093.2438259466264, 552202.1059615196]
[1093.7790304114963, 551806.2377637193]
[1095.0228758590324, 551625.291496643]
[1095.2124062901862, 551530.147107879]
[1095.4962856963648, 550891.7190059704]
[1096.9224039191204, 550791.6045137477]
[1097.461338276778, 550566.4925049979]
[1097.9144916315558, 550480.026522454]
[1098.0018411381589, 550346.2454830969]
[1098.272680757746, 550237.9754038156]
[1098.9998104238102, 550119.6223433767]
[1099.0593412839396, 550056.8261530307]
[1099.3776306945954, 549993.0554187568]
[1099.4532650240285, 549967.972582386]
[1099.5835483890532, 549875.8249238294]
[1099.6456697608342, 549821.6059807265]
[1100.5243685327123, 549802.3056288718]
[1100.7642649394509, 549374.9046920597]
[1101.7427501450752, 549221.1361524861]
[1102.1633942205453, 549099.1728853941]
[1103.0673960099803, 548913.1829975833]
[1103.3176823195863, 548729.4395859676]
[1103.5277165037214, 548701.1994715363]
[1103.902875324011, 548525.3983478115]
[1104.4633427909885, 548462.7876407225]
[1104.5213315670985, 548448.4435950298]
[1104.6373486491611, 548419.9022736198]
[1104.6953769551137, 548405.705096545]
[1104.7534184376805, 548391.5569740157]
[1104.8114730968618, 548377.4579549087]
[1104.869540932657, 548363.4080879138]
[1104.927621945067, 548349.4074215459]
[1105.1073362139673, 548286.1660193319]
[1105.4696444782585, 548080.312041824]
[1106.2306991427922, 548001.5791713141]
[1106.4091112694991, 547957.3512427767]
[1106.4104294685703, 547954.296841522]
[1106.4804352407232, 547952.4304830853]
[1106.6378113948797, 547898.2374671074]
[1106.6463377044424, 547846.16110334]
[1106.9552639018998, 547842.3886308558]
[1107.1404637235073, 547781.7270070484]
[1107.1857460805875, 547721.1171749993]
[1107.543911033421, 547692.020337247]
[1107.6345600395662, 547670.7535167913]
[1107.6636086912454, 547666.1292995089]
[1107.8891611918864, 547615.7583010524]
[1108.2318841027395, 547551.1161797282]
[1108.2403214759702, 547524.362817308]
[1108.4506434745817, 547485.6297794748]
[1108.5676786137751, 547471.8267287608]
[1108.735891640732, 547432.9053861724]
[1108.7712430785593, 547406.0396115691]
[1108.9202087130545, 547382.4832937964]
[1109.0215734950057, 547381.8942083963]
[1109.1279296432506, 547362.4304821056]
[1109.1408163694286, 547357.9434905082]
[1109.188039685809, 547346.9585518383]
[1109.2996737257024, 547336.6574823043]
[1109.4241877026789, 547299.729521494]
[1109.5060531080278, 547279.0147015996]
[1109.6773352848738, 547247.4033216364]
[1109.699187232754, 547242.8552244082]
[1109.892558860641, 547207.625402692]
[1109.9299784151526, 547205.3421417301]
[1109.98933373827, 547190.3597681095]
[1110.1138982656623, 547177.9314510082]
[1110.252057324024, 547144.8409008149]
[1110.2800146258978, 547139.9630312583]
[1110.432308583108, 547111.2924641534]
[1110.5287384011963, 547097.018486484]
[1110.616142870092, 547080.5729229316]
[1110.7081431059933, 547065.5400154229]
[1110.7362031698685, 547064.3288749147]
[1110.8001987368345, 547050.7252931556]
[1110.8894551567832, 547045.3042868037]
[1110.9517386719804, 547036.5196654585]
[1110.9621724296162, 547034.2187015694]
[1111.1584556837756, 546996.2215514975]
[1111.2545071071931, 546992.3072123165]
[1111.3084192694319, 546975.0056124231]
[1111.3555204745371, 546970.6741547836]
[1111.3591593257158, 546962.7365460418]
[1111.4248358790337, 546960.6509242239]
[1111.4568140269794, 546956.9360497891]
[1111.4887963835383, 546953.2384859157]
[1111.5013898298175, 546949.3215510834]
[1111.6065648132794, 546942.9081957842]
[1111.6723119102046, 546903.0497848477]
[1111.9504830063102, 546892.3375953181]
[1112.0229283550343, 546891.435082988]
[1112.0437824769208, 546877.6394157711]
[1112.2302722833228, 546853.4571062364]
[1112.3147538908916, 546844.8908235467]
[1112.330814560517, 546843.3278603972]
[1112.5779867185088, 546831.2981638649]
[1112.6008175268412, 546810.1762759214]
[1112.6345608946888, 546806.1207387511]
[1112.6359035992823, 546784.7042203546]
[1112.9828886827142, 546769.2209297658]
[1113.0525419537391, 546762.5617547448]
[1113.1075488530835, 546756.4886978732]
[1113.1248733216612, 546749.9028796515]
[1113.2513411534906, 546744.5417229899]
[1113.3528025910646, 546733.8451125147]
[1113.4291547561406, 546726.6169808059]
[1113.474366473407, 546725.7897528444]
[1113.539937509098, 546717.4488527827]
[1113.552130906543, 546715.8583931557]
[1113.5819756009687, 546712.6264565253]
[1113.6584442807216, 546705.8641971962]
[1113.7368437373116, 546701.7707209357]
[1113.7857398260203, 546695.4564227125]
[1113.8053935060263, 546695.3582242216]
[1114.1208145588157, 546670.5700634936]
[1114.1375392629425, 546669.0298805262]
[1114.1945393449237, 546664.9080149274]
[1114.2556237051042, 546659.3140237873]
[1114.2627666830654, 546659.276330717]
[1114.3089535965346, 546656.30291474]
[1114.3780643602781, 546652.7715806647]
[1114.4360061696198, 546648.343344473]
[1114.4607723864383, 546646.5296390044]
[1114.5351454652132, 546642.2715398535]
[1114.5745342803066, 546640.0889559301]
[1114.6489422378352, 546637.3428676294]
[1114.7006966771219, 546632.0071107958]
[1114.7184825287375, 546630.6108527789]
[1114.7242272893084, 546630.2809821566]
[1114.7483971520016, 546628.2657019089]
[1114.7978785481014, 546627.4977441739]
[1114.918897388228, 546619.8812447131]
[1115.0264582290488, 546613.9620786809]
[1115.100597967808, 546609.9796733899]
[1115.1455124342824, 546607.4181147816]
[1115.201082936434, 546605.620385174]
[1115.222049211574, 546603.3828369894]
[1115.2542309532926, 546602.1848772515]
[1115.325277553011, 546599.6833592107]
[1115.3482438646452, 546598.8912036812]
[1115.432393377472, 546595.8308449648]
[1115.4679158279155, 546593.2181776228]
[1115.580749922599, 546590.8062772322]
[1115.6204979386275, 546588.7116439269]
[1115.6597267677384, 546587.3237267003]
[1115.6747047303213, 546586.0635875114]
[1115.6869793923302, 546585.7026556254]
[1115.6926949661656, 546585.2216128628]
[1115.719594841538, 546584.9605502337]
[1115.743633719401, 546583.468397336]
[1115.762594863663, 546582.6673119806]
[1115.8906087880257, 546579.4874990257]
[1115.9199184875424, 546578.6660132373]
[1115.9231934269396, 546577.5541533197]
[1115.9990009385638, 546576.1246335612]
[1116.0118339089884, 546575.9919813271]
[1116.0310441087731, 546575.4024820017]
[1116.0857783353545, 546574.095647626]
[1116.1159803331875, 546573.2078713444]
[1116.1359955114185, 546573.0265207794]
[1116.1372075913523, 546572.6903660322]
[1116.149016574299, 546572.2694532869]
[1116.1828482152055, 546571.6725047403]
[1116.1862918001834, 546571.4506536059]
[1116.2013115093298, 546570.6203718919]
[1116.215142596624, 546570.4454878208]
[1116.251919196909, 546570.2607769273]
[1116.291440586999, 546569.4608392719]
[1116.3311915294844, 546568.3613346661]
[1116.3739805226012, 546567.6622159411]
[1116.3848901699291, 546567.6157110095]
[1116.4024284170523, 546567.0340971246]
[1116.4121530717168, 546566.8818236089]
[1116.4540088246822, 546566.2460464108]
[1116.490038244271, 546566.1938462708]
[1116.4976330932996, 546565.5201520965]
[1116.4999069109388, 546565.4270069865]
[1116.5173297253946, 546565.3204064087]
[1116.5257075372483, 546565.1344515623]
[1116.5685538664466, 546564.5740091266]
[1116.57651621801, 546564.4241870049]
[1116.594091485597, 546563.9913856975]
[1116.621379492657, 546563.7589886371]
[1116.6368026822515, 546563.4713622337]
[1116.651572908325, 546563.469235857]
[1116.6900407869796, 546563.023974628]
[1116.6994804945093, 546563.0117737268]
[1116.709354339292, 546562.7971149667]
[1116.7114565948034, 546562.6241919497]
[1116.7337705743635, 546562.6060816258]
[1116.7390444044343, 546562.4465546218]
[1116.7488362429476, 546562.3048214208]
[1116.7602064844928, 546562.083382545]
[1116.776232558244, 546561.9238971898]
[1116.790435170471, 546561.8540908514]
[1116.825956392328, 546561.7601309891]
[1116.8262335631057, 546561.5466485723]
[1116.8394288673314, 546561.4919442554]
[1116.8573087587338, 546561.4471883397]
[1116.862787489436, 546561.3502657538]
[1116.8709729910681, 546561.3423521258]
[1116.8763922115834, 546561.2536133811]
[1116.8783574792737, 546561.2357148407]
[1116.880954688176, 546560.9458972786]
[1116.91403443953, 546560.9273942986]
[1116.9140375366007, 546560.8167295264]
[1116.9288860130544, 546560.762997345]
[1116.9316431584502, 546560.7533581081]
[1116.9401785215123, 546560.731320125]
[1116.945046491337, 546560.6689536116]
[1116.954312172527, 546560.6391429104]
[1116.9550580534194, 546560.5955143134]
[1116.9558780591524, 546560.5695699797]
[1116.9574084695541, 546560.5443678761]
[1116.9616810730763, 546560.5139309079]
[1116.9669563686139, 546560.4825537873]
[1116.9702926116533, 546560.4459277827]
[1116.9772691536136, 546560.3931429187]
[1116.9821188298693, 546560.3551797775]
[1116.9849458040476, 546560.3401065564]
[1116.988760807955, 546560.3239651921]
[1116.9890809808455, 546560.3141254267]
[1116.9944921979436, 546560.3097448803]
[1116.9947417324704, 546560.2769918893]
[1116.99631089708, 546560.2654526299]
[1116.9977088085686, 546560.242125619]
[1117.001051746543, 546560.2263219779]
[1117.0023660034012, 546560.2234841076]
[1117.0039940566915, 546560.2228149908]
[1117.004705388094, 546560.1932947276]
[1117.0055043409852, 546560.1878111262]
[1117.0093771596494, 546560.1741642653]
[1117.0094472857809, 546560.174161453]
[1117.0097057919945, 546560.1723858223]
[1117.011195156657, 546560.1573378312]
[1117.0126359631238, 546560.1383541187]
[1117.0133002354464, 546560.1349716986]
[1117.0140146932429, 546560.1290078616]
[1117.0140774355739, 546560.1272718485]
[1117.014252846509, 546560.1270226402]
[1117.0149092491088, 546560.1248945084]
[1117.0159612566467, 546560.1221824631]
[1117.0160828096373, 546560.1150749242]
[1117.0163209658185, 546560.1131015907]
[1117.0164400440344, 546560.1121154333]
[1117.0169084429817, 546560.1110900331]
[1117.0170103445794, 546560.1084842929]
[1117.017652986365, 546560.1020530246]
[1117.0179911513173, 546560.1017471842]
[1117.0183891105876, 546560.0992842802]
[1117.0185081902607, 546560.098304066]
[1117.0186272700175, 546560.0973241943]
[1117.019661353407, 546560.090460385]
[1117.0197678879108, 546560.0901303706]
[1117.0208145244585, 546560.082648922]
[1117.0213315720866, 546560.0792411962]
[1117.0214500355498, 546560.0713219956]
[1117.0230018073573, 546560.068089616]
[1117.0236586375286, 546560.0620915156]
[1117.0244672934236, 546560.0559432787]
[1117.0251423036073, 546560.0517096521]
[1117.026235788946, 546560.0463021339]
[1117.0266798640196, 546560.0386131188]
[1117.0268817259496, 546560.0376091559]
[1117.0272156347196, 546560.0331202646]
[1117.0290869707148, 546560.0322457672]
[1117.0292176255311, 546560.0278236013]
[1117.0297830604122, 546560.0202433403]
[1117.0305761662803, 546560.0146164643]
[1117.0310897154868, 546560.0094381795]
[1117.0312691470162, 546560.0037774951]
[1117.032594362474, 546559.9993386167]
[1117.0329814316003, 546559.9957242289]
[1117.0343733736872, 546559.9863234485]
[1117.0347255556085, 546559.979967974]
[1117.035103227328, 546559.9799380819]
[1117.0367404626754, 546559.9652265162]
[1117.0377310688004, 546559.9623083377]
[1117.0380021922288, 546559.9565962253]
[1117.0384277152311, 546559.9529025693]
[1117.0392713478068, 546559.9467662898]
[1117.0405245798006, 546559.9433161686]
[1117.041088830526, 546559.9385649243]
[1117.041120507474, 546559.9377179232]
[1117.0411422123907, 546559.9309962085]
[1117.042569748609, 546559.9238089018]
[1117.042894445349, 546559.9234120072]
[1117.0433458520313, 546559.919635938]
[1117.0438606147343, 546559.9141745886]
[1117.0440684027467, 546559.9058187346]
[1117.0455534054427, 546559.9000782808]
[1117.0456409484689, 546559.8975084467]
[1117.0462625963942, 546559.8930981669]
[1117.04648098307, 546559.8929639169]
[1117.046957148352, 546559.8896024742]
[1117.0470742202972, 546559.8830050076]
[1117.047937826057, 546559.87566475]
[1117.0491793676379, 546559.8653581052]
[1117.0501170951402, 546559.8635785406]
[1117.0501782256385, 546559.8630774504]
[1117.0502522876177, 546559.8624704815]
[1117.0503051890507, 546559.862037011]
[1117.0503580905001, 546559.8616036089]
[1117.0504109919661, 546559.8611702712]
[1117.0505167949468, 546559.8603037997]
[1117.0505530522987, 546559.8596438441]
[1117.0506437586105, 546559.8592643876]
[1117.050880924553, 546559.8529371336]
[1117.0517441143045, 546559.8502722564]
[1117.0518290330533, 546559.8456361863]
[1117.0523366164543, 546559.8454423075]
[1117.0528444770725, 546559.8413090205]
[1117.0531795725879, 546559.8349852498]
[1117.0540294910415, 546559.8316886233]
[1117.0542008444045, 546559.8285879554]
[1117.0546314060407, 546559.8268149088]
[1117.055494754582, 546559.8167219032]
[1117.055891264471, 546559.8134668386]
[1117.0567076639431, 546559.8093236879]
[1117.0572744893007, 546559.8025162026]
[1117.0580581787908, 546559.7988700204]
[1117.058065081936, 546559.7961121324]
[1117.0597255073815, 546559.7834529615]
[1117.0599756651272, 546559.7816094928]
[1117.060236404263, 546559.7794211633]
[1117.0607259146186, 546559.7779555182]
[1117.0607733894606, 546559.775330941]
[1117.0612064796865, 546559.7719659864]
[1117.0616852551793, 546559.7703454358]
[1117.0618545511306, 546559.7690047584]
[1117.0623547051187, 546559.7648662571]
[1117.062828834781, 546559.7595461156]
[1117.0640707446428, 546559.7498053774]
[1117.0642271327015, 546559.7487019983]
[1117.0649294425243, 546559.7445918011]
[1117.0650967991928, 546559.7431471181]
[1117.0654662379752, 546559.7405666059]
[1117.066191727783, 546559.7336852233]
[1117.0668206401872, 546559.7299825519]
[1117.067018797281, 546559.7282282842]
[1117.0670327773819, 546559.7271913673]
[1117.067384977605, 546559.7255854484]
[1117.0674689736525, 546559.7238638571]
[1117.0675303536732, 546559.7234465263]
[1117.0681691891753, 546559.7192783555]
[1117.0682716193105, 546559.7185353576]
[1117.0683651778436, 546559.7178752916]
[1117.0684423028836, 546559.7165963593]
[1117.0684802761725, 546559.7162535223]
[1117.0691908698427, 546559.7115657876]
[1117.0692190870602, 546559.7113473478]
[1117.0694766075967, 546559.7086455094]
[1117.0697537369724, 546559.7066338318]
[1117.0698680843434, 546559.7063284765]
[1117.0700819629483, 546559.7045719572]
[1117.0704309294022, 546559.701395952]
[1117.070771041178, 546559.6993624193]
[1117.0708672702217, 546559.6981982638]
[1117.0709714191387, 546559.6974149887]
[1117.0711231120656, 546559.6963091145]
[1117.0711367164245, 546559.6962549507]
[1117.0711954914218, 546559.6959335859]
[1117.0713078856202, 546559.6951845917]
[1117.0713139377194, 546559.6949940326]
[1117.0713617076535, 546559.6944923862]
[1117.0714228836737, 546559.6939349785]
[1117.0717596109564, 546559.6916434906]
[1117.0717698803292, 546559.6914393512]
[1117.0718389216158, 546559.6910968021]
[1117.0719693340675, 546559.6899234494]
[1117.0720690499709, 546559.6893827978]
[1117.0721378236735, 546559.6887742188]
[1117.072141206473, 546559.6887466303]
[1117.072264956963, 546559.6876807649]
[1117.0722785614137, 546559.6876269759]
[1117.072340803984, 546559.6871301028]
[1117.0724928779732, 546559.6861067677]
[1117.0725950130518, 546559.6852980624]
[1117.0726200986146, 546559.6850689802]
[1117.072689840264, 546559.6846241476]
[1117.0726951074507, 546559.6844953783]
[1117.0727335254628, 546559.6842372428]
[1117.0727615505168, 546559.6838635522]
[1117.0729177122337, 546559.6827739632]
[1117.0730919442688, 546559.6815467458]
[1117.073124742914, 546559.6812162369]
[1117.0731413255273, 546559.6811690857]
[1117.0731919874083, 546559.6807208036]
[1117.0732592319296, 546559.6802254777]
[1117.0732923945013, 546559.6799879015]
[1117.0733388507047, 546559.6796590252]
[1117.0733459051794, 546559.6796051117]
[1117.0733538414638, 546559.6795444611]
[1117.0733670686054, 546559.6794433781]
[1117.073369181904, 546559.6793149275]
[1117.073400043835, 546559.6791385219]
[1117.0734068094835, 546559.6790835517]
[1117.073509591229, 546559.678347284]
[1117.0735108830183, 546559.6783154211]
[1117.0735773802958, 546559.6778367354]
[1117.0735928119811, 546559.6777188879]
[1117.0737400744222, 546559.6765945818]
[1117.073767084018, 546559.6763622346]
[1117.0737990663977, 546559.6761371432]
[1117.0738183155845, 546559.6759887971]
[1117.0738614337592, 546559.6756684288]
[1117.073864409875, 546559.6756457211]
[1117.073902850822, 546559.6753452915]
[1117.0740354302643, 546559.674308112]
[1117.0740442169558, 546559.6742741847]
[1117.074107791275, 546559.6737807877]
[1117.0741183719315, 546559.673708768]
[1117.0741376615995, 546559.6735617092]
[1117.0741499092617, 546559.6734402655]
[1117.0741645706903, 546559.6733565788]
[1117.0741830066204, 546559.673210785]
[1117.0742020339935, 546559.6730710197]
[1117.074250643985, 546559.6727005468]
[1117.0742576799335, 546559.6726268805]
[1117.074263102859, 546559.672584174]
[1117.0742685257849, 546559.6725414662]
[1117.0742838656356, 546559.6724342904]
[1117.0743029142013, 546559.6722891452]
[1117.0743129221123, 546559.6722259885]
[1117.074314134607, 546559.6722167509]
[1117.074314451509, 546559.6722143369]
[1117.0743342622861, 546559.672049172]
[1117.0743829161406, 546559.671692745]
[1117.0744296562348, 546559.6713296366]
[1117.074463817392, 546559.6710685616]
[1117.074467901055, 546559.6710454514]
[1117.074495788461, 546559.6708330835]
[1117.0745214603605, 546559.6706235642]
[1117.0745507434747, 546559.6704146444]
[1117.0745593415684, 546559.6703465509]
[1117.0745680973305, 546559.6702825233]
[1117.074580806749, 546559.6701828912]
[1117.0745821029104, 546559.6701741442]
[1117.074624375848, 546559.6698470849]
[1117.0746467993968, 546559.6696834252]
[1117.07465585179, 546559.6696145267]
[1117.0746977242825, 546559.6692958538]
[1117.0747294696735, 546559.669054283]
[1117.0747331071666, 546559.6690266036]
[1117.074737075341, 546559.6689964082]
[1117.0747644116557, 546559.6687884124]
[1117.0747690411936, 546559.6687531894]
[1117.074784796833, 546559.6686281158]
[1117.0748006488138, 546559.6685127185]
[1117.0748180718733, 546559.6683753028]
[1117.0748602541328, 546559.6680593081]
[1117.0748788772767, 546559.6679123975]
[1117.0748908421685, 546559.6678266617]
[1117.0749009693454, 546559.6677474632]
[1117.0749155330554, 546559.6676388842]
[1117.0749590388068, 546559.6673039598]
[1117.0749768193798, 546559.6671728563]
[1117.0750101355607, 546559.6669195541]
[1117.0750323739085, 546559.6667504909]
[1117.0750482466342, 546559.6666298285]
[1117.0750783513176, 546559.6663966049]
[1117.0750978351334, 546559.6662529021]
[1117.0751075492544, 546559.6661741984]
[1117.075141278473, 546559.6659227329]
[1117.0751448057476, 546559.6658959285]
[1117.0751520807516, 546559.6658406438]
[1117.0751600171197, 546559.6657803343]
[1117.0751723270878, 546559.665685038]
[1117.0752069843068, 546559.665423457]
[1117.0752283525298, 546559.6652585563]
[1117.0752717876785, 546559.6649311392]
[1117.0752750877286, 546559.6649039951]
[1117.0752778255912, 546559.6648817641]
[1117.0753080525005, 546559.664655676]
[1117.0753090004046, 546559.6646463196]
[1117.0753134398665, 546559.6646147558]
[1117.0753352786792, 546559.6644488892]
[1117.0753987697033, 546559.6639667343]
[1117.0754259562834, 546559.6637603081]
[1117.075435806145, 546559.6636855236]
[1117.0755344322442, 546559.6629368286]
[1117.075562085591, 546559.6627269472]
[1117.0756257936314, 546559.6622402859]
[1117.075726545031, 546559.6614791232]
[1117.0757500375273, 546559.6613009284]
[1117.0757512835373, 546559.6612897227]
[1117.0757662145313, 546559.6611773489]
[1117.0757727618773, 546559.6611285735]
[1117.075809128853, 546559.6608518929]
[1117.075827022995, 546559.6607170741]
[1117.075835960056, 546559.6606493049]
[1117.075888806532, 546559.6602486114]
[1117.0759312778284, 546559.6599266329]
[1117.0760036992542, 546559.6593776996]
[1117.0760757250096, 546559.6588318917]
[1117.0761409967486, 546559.6583373711]
[1117.076192023695, 546559.6579508437]
[1117.0762268899036, 546559.6576856148]
[1117.0762700100258, 546559.657360223]
[1117.0762725590494, 546559.6573409202]
[1117.076282882596, 546559.6572627475]
[1117.076293502381, 546559.6571823343]
[1117.0762998267169, 546559.6571344465]
[1117.076301755708, 546559.6571198415]
[1117.0763121688217, 546559.6570395345]
[1117.0763823772297, 546559.6565094765]
[1117.0764622068673, 546559.655904294]
[1117.0764633433469, 546559.6558962207]
[1117.0764642250779, 546559.6558899868]
[1117.0764871112049, 546559.6557167947]
[1117.0765304260074, 546559.6553873299]
[1117.0766286235967, 546559.6546461701]
[1117.076640376688, 546559.6545572713]
[1117.0766485286535, 546559.6544952843]
[1117.076703771746, 546559.6540778237]
[1117.0767250320373, 546559.6539170573]
[1117.076789550153, 546559.6534283694]
[1117.0768073655277, 546559.6532945654]
[1117.0768738748168, 546559.652791833]
[1117.0768814116868, 546559.6527348697]
[1117.0768844980832, 546559.6527115429]
[1117.0768885222828, 546559.6526811295]
[1117.076912372105, 546559.652500887]
[1117.0769162921047, 546559.6524712634]
[1117.0769695496872, 546559.6520688285]
[1117.0770271440904, 546559.6516337004]
[1117.0770329839424, 546559.6515895836]
[1117.0770652246113, 546559.6513460433]
[1117.0770759994537, 546559.6512646559]
[1117.0771027987776, 546559.6510622455]
[1117.0771184994633, 546559.650943667]
[1117.0771233553376, 546559.6509063377]
[1117.077135272726, 546559.6508169957]
[1117.0771403729523, 546559.6507784796]
[1117.0771774211394, 546559.6504985562]
[1117.0772047464752, 546559.6502924027]
[1117.077283525536, 546559.6496976851]
[1117.077349256197, 546559.649200738]
[1117.0773958667755, 546559.6488492072]
[1117.0774022763405, 546559.648801494]
[1117.0774350631632, 546559.6485538989]
[1117.0774446041985, 546559.6484821349]
[1117.0774587134865, 546559.6483756902]
[1117.077467484536, 546559.6483095228]
[1117.077501826739, 546559.6480504648]
[1117.077513166532, 546559.6479649289]
[1117.0775927517834, 546559.6473647141]
[1117.077638100309, 546559.6470223329]
[1117.077656243645, 546559.646885978]
[1117.0776632982975, 546559.6468327928]
[1117.0777993763684, 546559.6458070984]
[1117.0778915801338, 546559.6451119201]
[1117.0779062430781, 546559.6450018971]
[1117.0779384299806, 546559.6447594345]
[1117.0779608581092, 546559.644590388]
[1117.0780503780306, 546559.6439163252]
[1117.078090058916, 546559.6436172096]
[1117.0780927714975, 546559.6435971282]
[1117.0781077420052, 546559.643484419]
[1117.0781351649746, 546559.6432779733]
[1117.0781351923704, 546559.6432777663]
[1117.0781897809852, 546559.6428666192]
[1117.078265094959, 546559.642300076]
[1117.0782922288174, 546559.6420959085]
[1117.0783334916316, 546559.6417854627]
[1117.0783863498546, 546559.641387604]
[1117.0784318971362, 546559.6410452605]
[1117.0784745852993, 546559.6407242338]
[1117.0785770365655, 546559.6399539466]
[1117.0786170677175, 546559.6396530403]
[1117.0786589956679, 546559.6393379164]
[1117.0786721166296, 546559.6392393089]
[1117.0787101421079, 546559.6389533851]
[1117.0787102353, 546559.6389528622]
[1117.0787168253046, 546559.6389033446]
[1117.0787187154542, 546559.6388891422]
[1117.0787407863475, 546559.6387233092]
[1117.0787426635884, 546559.6387092046]
[1117.0787433535893, 546559.6387039658]
[1117.0787462891103, 546559.6386819655]
[1117.0787486391869, 546559.6386643079]
[1117.0787722909383, 546559.6384866136]
[1117.0787744097295, 546559.6384706962]
[1117.078775703827, 546559.6384609749]
[1117.0788288683602, 546559.6380616066]
[1117.0788414293797, 546559.6379672579]
[1117.0788582880498, 546559.6378405126]
[1117.0788587605875, 546559.6378369636]
[1117.078872654733, 546559.6377327372]
[1117.0788767028903, 546559.6377023351]
[1117.0788807262757, 546559.6376721173]
[1117.078880954571, 546559.6376704023]
[1117.078884550731, 546559.6376433953]
[1117.0789049179684, 546559.6374903221]
[1117.078922292972, 546559.6373599678]
[1117.0789260858173, 546559.6373314889]
[1117.0789341325903, 546559.6372710661]
[1117.0789379472594, 546559.6372424237]
[1117.0789437225806, 546559.637199059]
[1117.0789478765655, 546559.6371678656]
[1117.0789544278805, 546559.6371185632]
[1117.0789684140523, 546559.6370136687]
[1117.0789860025302, 546559.636881619]
[1117.0790038441896, 546559.6367476725]
[1117.0790081430223, 546559.6367154042]
[1117.0790107422972, 546559.6366958919]
[1117.0790263035406, 546559.6365790773]
[1117.0790393786117, 546559.6364809016]
[1117.0790534917696, 546559.636374991]
[1117.0790635429817, 546559.6362995342]
[1117.0790690907115, 546559.6362578215]
[1117.0790870174615, 546559.6361233634]
[1117.0790942576352, 546559.6360689593]
[1117.0791002539906, 546559.636023955]
[1117.0791014339045, 546559.6360151717]
[1117.0791014965248, 546559.6360146195]
[1117.0791033430212, 546559.6360008448]
[1117.07910364453, 546559.6359985819]
[1117.0791122782666, 546559.6359337884]
[1117.0791165263558, 546559.6359019087]
[1117.0791201067614, 546559.6358750401]
[1117.0791207482648, 546559.6358702235]
[1117.0791346026704, 546559.6357662333]
[1117.0791355838146, 546559.6357588994]
[1117.0791518365231, 546559.6356369412]
[1117.0791528304494, 546559.6356294843]
[1117.0791700681634, 546559.6355001433]
[1117.079180117684, 546559.6354247284]
[1117.0791820670784, 546559.6354101151]
[1117.0791853967148, 546559.6353851333]
[1117.0791891770248, 546559.6353567691]
[1117.0791921998784, 546559.6353340824]
[1117.0791987140014, 546559.6352851657]
[1117.0792044885363, 546559.635241896]
[1117.079206926317, 546559.6352236038]
[1117.0792274129212, 546559.6350699157]
[1117.0792546259445, 546559.634865779]
[1117.079263525683, 546559.6347989882]
[1117.0792647682185, 546559.6347896568]
[1117.0792797899335, 546559.6346769993]
[1117.0793039543375, 546559.6344957687]
[1117.0793049186036, 546559.634488555]
[1117.079313097025, 546559.634427193]
[1117.0793236841769, 546559.6343478196]
[1117.079330227546, 546559.6342987368]
[1117.079337261434, 546559.6342459819]
[1117.079338522239, 546559.6342365473]
[1117.0793460828659, 546559.6341798495]
[1117.0793513803328, 546559.6341401229]
[1117.0793574154272, 546559.6340948684]
[1117.0793584901458, 546559.6340868091]
[1117.079361425846, 546559.634064785]
[1117.0793689466398, 546559.6340084003]
[1117.0793689508296, 546559.6340083694]
[1117.0793743047375, 546559.6339682237]
[1117.0793759669627, 546559.6339557447]
[1117.0793780403346, 546559.6339402117]
[1117.0794021227248, 546559.633759645]
[1117.0794187762817, 546559.6336347866]
[1117.079423541619, 546559.6335990591]
[1117.0794280400678, 546559.6335653302]
[1117.0794378578896, 546559.6334917338]
[1117.0794555860725, 546559.6333588342]
[1117.0794660260694, 546559.6332805734]
[1117.0794671546364, 546559.6332721143]
[1117.0794796226955, 546559.6331786547]
[1117.079480754277, 546559.6331701733]
[1117.0794862030393, 546559.633129316]
[1117.0794891433206, 546559.6331072821]
[1117.0794946543156, 546559.6330659803]
[1117.079513956798, 546559.632921309]
[1117.0795151972102, 546559.6329120126]
[1117.0795227054548, 546559.6328557398]
[1117.0795253907356, 546559.6328356124]
[1117.0795277428042, 546559.6328179855]
[1117.079529632963, 546559.6328038209]
[1117.0795334132806, 546559.6327754887]
[1117.0795373598653, 546559.6327459111]
[1117.0795524676385, 546559.6326326791]
[1117.0795539557048, 546559.6326215392]
[1117.079561268589, 546559.6325667381]
[1117.0795625192109, 546559.6325573662]
[1117.079570764945, 546559.6324955751]
[1117.0795834319433, 546559.6324006547]
[1117.079585372961, 546559.6323861085]
[1117.0795880897876, 546559.6323657505]
[1117.079610973957, 546559.6321942845]
[1117.0796244458934, 546559.6320933469]
[1117.079624972819, 546559.6320893985]
[1117.0796269385185, 546559.6320746634]
[1117.0796319633996, 546559.632037021]
[1117.0796337355114, 546559.6320237453]
[1117.0796351447743, 546559.6320131798]
[1117.079665644113, 546559.6317846945]
[1117.0796672688634, 546559.6317725272]
[1117.079668088748, 546559.6317663842]
[1117.0796733019818, 546559.6317273285]
[1117.0796800909284, 546559.6316764747]
[1117.0796849969138, 546559.6316397226]
[1117.0796879956417, 546559.6316172625]
[1117.079692019046, 546559.6315871244]
[1117.0797086747418, 546559.6314623652]
[1117.0797125559757, 546559.6314332923]
[1117.0797131832567, 546559.6314285959]
[1117.079728968496, 546559.6313103585]
[1117.0797483213037, 546559.6311654161]
[1117.079748342292, 546559.6311652622]
[1117.0797514882802, 546559.6311417021]
[1117.0797676741136, 546559.6310204833]
[1117.0798014947268, 546559.6307672203]
[1117.0798090127282, 546559.6307109251]
[1117.0798179984974, 546559.6306436437]
[1117.0798227922692, 546559.6306077483]
[1117.0798503513533, 546559.6304014061]
[1117.0798573093964, 546559.6303493165]
[1117.0798603269527, 546559.6303267236]
[1117.0798700289474, 546559.6302540888]
[1117.079880233869, 546559.6301776926]
[1117.0798840790146, 546559.6301489077]
[1117.0799011466397, 546559.630021142]
[1117.079902152492, 546559.6300136109]
[1117.0799024974756, 546559.6300110293]
[1117.0799330286331, 546559.6297824937]
[1117.0799419663365, 546559.6297155981]
[1117.0799663358519, 546559.6295332074]
[1117.080011143882, 546559.6291978805]
[1117.0800266233186, 546559.6290820529]
[1117.0800286350245, 546559.6290669992]
[1117.080044068153, 546559.6289515224]
[1117.0801122861958, 546559.6284411527]
[1117.0801132920496, 546559.6284336287]
[1117.0801520809302, 546559.6281434824]
[1117.080195937408, 546559.627815474]
[1117.0802022830699, 546559.6277680167]
[1117.0802181075355, 546559.6276496759]
[1117.0802382659567, 546559.6274989356]
[1117.0802771621516, 546559.6272081014]
[1117.080280594516, 546559.6271824391]
[1117.0802826203353, 546559.6271672946]
[1117.0802871280966, 546559.6271335923]
[1117.0803249716928, 546559.6268506722]
[1117.080333630961, 546559.6267859417]
[1117.0803440873738, 546559.6267077788]
[1117.0803652516652, 546559.6265495773]
[1117.0803759595435, 546559.6264695429]
[1117.0803765455253, 546559.6264651624]
[1117.080380361102, 546559.6264366444]
[1117.0804080831833, 546559.6262294523]
[1117.080437955081, 546559.6260062127]
[1117.0805559818687, 546559.6251243848]
[1117.0805929565597, 546559.624848199]
[1117.080593715295, 546559.6248425312]
[1117.0806221137186, 546559.6246304301]
[1117.0807038806815, 546559.6240198386]
[1117.0807039740139, 546559.6240191412]
[1117.080773849711, 546559.6234974749]
[1117.0807938919927, 546559.6233478682]
[1117.0808308667351, 546559.6230718935]
[1117.0808520310866, 546559.6229139393]
[1117.0808565997295, 546559.622879843]
[1117.0808731954407, 546559.6227559965]
[1117.0809042950152, 546559.6225239289]
[1117.080937100443, 546559.6222791572]
[1117.0809578528833, 546559.6221243299]
[1117.0810001017458, 546559.6218091584]
[1117.0810001816199, 546559.6218085615]
[1117.0810356110187, 546559.6215442956]
[1117.0810553349606, 546559.621397188]
[1117.0810614602458, 546559.6213515057]
[1117.081080113826, 546559.6212123919]
[1117.0811087433556, 546559.6209988974]
[1117.081147106915, 546559.6207128463]
[1117.0811583002392, 546559.6206293916]
[1117.081159040209, 546559.6206238733]
[1117.08118470858, 546559.6204325092]
[1117.0811969678202, 546559.6203411182]
[1117.0812118254617, 546559.6202303615]
[1117.0812490517596, 546559.6199528801]
[1117.081337082464, 546559.6192968396]
[1117.081372278822, 546559.6190345935]
[1117.0814033277015, 546559.618803275]
[1117.0814367916294, 546559.6185539914]
[1117.081474922866, 546559.61826997]
[1117.0814942459785, 546559.6181260548]
[1117.0815493817274, 546559.6177154626]
[1117.08155898332, 546559.6176439683]
[1117.0815927850358, 546559.6173922919]
[1117.0815981390133, 546559.6173524312]
[1117.0816007531357, 546559.6173329691]
[1117.0816020635675, 546559.6173232129]
[1117.0816200869754, 546559.6171890316]
[1117.081649250537, 546559.6169719308]
[1117.0816553151994, 546559.6169267867]
[1117.0817014315867, 546559.6165835334]
[1117.0817197717488, 546559.6164470388]
[1117.0817251257304, 546559.6164071935]
[1117.081737428579, 546559.6163156361]
[1117.081742240498, 546559.6162798275]
[1117.0817611801074, 546559.6161388896]
[1117.081771906443, 546559.6160590731]
[1117.0817840009156, 546559.6159690813]
[1117.0818163346248, 546559.6157285097]
[1117.081843382685, 546559.6155272832]
[1117.0818535824797, 546559.6154514056]
[1117.0818670450808, 546559.6153512592]
[1117.0819048036221, 546559.6150704036]
[1117.0819076989314, 546559.61504887]
[1117.0819357942719, 546559.6148399139]
[1117.081942124456, 546559.6147928367]
[1117.0819577287816, 546559.6146767911]
[1117.081968487004, 546559.6145967889]
[1117.081974084011, 546559.6145551698]
[1117.0819908377566, 546559.6144305881]
[1117.0819995359911, 546559.614365912]
[1117.0820432071755, 546559.6140412163]
[1117.0820652007815, 546559.6138777119]
[1117.082067218641, 546559.6138627114]
[1117.0820901501997, 546559.6136922477]
[1117.0821341788733, 546559.6133649886]
[1117.0821430614724, 546559.6132989734]
[1117.0821653742214, 546559.6131331486]
[1117.0821982725492, 546559.6128886747]
[1117.0822277195425, 546559.6126698717]
[1117.0822659552773, 546559.6123857956]
[1117.082291213123, 546559.6121981592]
[1117.0823591761718, 546559.6116933484]
[1117.0823970093377, 546559.6114123809]
[1117.0823970358088, 546559.6114121852]
[1117.082402326945, 546559.6113728934]
[1117.0824347351568, 546559.6111322452]
[1117.0824369814518, 546559.611115566]
[1117.082485662359, 546559.6107541363]
[1117.0824949218518, 546559.6106853957]
[1117.08261013505, 546559.6098302491]
[1117.082622791091, 546559.6097363309]
[1117.0826231205733, 546559.6097338863]
[1117.0826540424287, 546559.6095044394]
[1117.0826606369033, 546559.6094555088]
[1117.0826627258755, 546559.6094400107]
[1117.0826885229153, 546559.6092486131]
[1117.0826936888175, 546559.6092102871]
[1117.0827034259232, 546559.6091380493]
[1117.0827356688435, 546559.6088988616]
[1117.0828181776776, 546559.6082868988]
[1117.0828811754313, 546559.6078197571]
[1117.082889450713, 546559.6077584034]
[1117.0829304735767, 546559.6074542685]
[1117.0829578971366, 546559.6072509787]
[1117.0829655031696, 546559.6071945997]
[1117.0830663658128, 546559.6064470845]
[1117.0831247432593, 546559.6060145478]
[1117.0831387066887, 546559.6059110999]
[1117.0832226544917, 546559.6052892761]
[1117.083246827705, 546559.6051102484]
[1117.0832540572228, 546559.6050567095]
[1117.083257924289, 546559.6050280713]
[1117.0833125740505, 546559.6046234028]
[1117.0833282782658, 546559.6045071292]
[1117.0833814250138, 546559.604113676]
[1117.0833862109166, 546559.6040782505]
[1117.083401031796, 546559.6039685421]
[1117.08344143434, 546559.6036695018]
[1117.0834721318668, 546559.6034423179]
[1117.0834853597898, 546559.6033444302]
[1117.083496316972, 546559.6032633489]
[1117.0835066514283, 546559.6031868773]
[1117.0835370826348, 546559.6029617131]
[1117.083538616949, 546559.6029503621]
[1117.0835822543604, 546559.6026275241]
[1117.0835878665193, 546559.6025860057]
[1117.083625219352, 546559.6023097024]
[1117.083688077844, 546559.6018448068]
[1117.0837168692838, 546559.6016318994]
[1117.0837284423947, 546559.6015463243]
[1117.0837356984334, 546559.6014926735]
[1117.08375378868, 546559.6013589172]
[1117.0837937328652, 546559.6010636061]
[1117.0837939013936, 546559.6010623607]
[1117.0838254233256, 546559.6008293427]
[1117.0838808751719, 546559.6004194857]
[1117.0838872747117, 546559.6003721891]
[1117.0839355251321, 546559.6000156292]
[1117.083936597939, 546559.6000077012]
[1117.0839570646908, 546559.599856473]
[1117.0839875275528, 546559.5996314025]
[1117.0840260520338, 546559.5993468009]
[1117.0840267134322, 546559.5993419145]
[1117.0840295450434, 546559.5993209988]
[1117.0840468912481, 546559.5991928654]
[1117.0840789639046, 546559.59895597]
[1117.084110380336, 546559.5987239457]
[1117.08414311957, 546559.5984821777]
[1117.0841483280851, 546559.5984437163]
[1117.0842013226688, 546559.598052431]
[1117.0842134953787, 546559.5979625621]
[1117.0842656721493, 546559.5975773948]
[1117.0842727537715, 546559.5975251222]
[1117.084283997559, 546559.5974421316]
[1117.084308469334, 546559.5972615147]
[1117.084329676524, 546559.5971050059]
[1117.0843474919016, 546559.5969735348]
[1117.0843607198929, 546559.5968759224]
[1117.0843982238407, 546559.5965991943]
[1117.084428844063, 546559.5963732837]
[1117.0844544733081, 546559.5961842132]
[1117.0844634125422, 546559.5961182708]
[1117.0844884821427, 546559.5959333489]
[1117.084522804203, 546559.595680202]
[1117.0845584784804, 546559.5954171129]
[1117.0845913004755, 546559.595175085]
[1117.084638160898, 546559.5948295826]
[1117.0846392265403, 546559.5948217274]
[1117.0846597140999, 546559.5946706893]
[1117.0846828217896, 546559.5945003458]
[1117.0846967112075, 546559.5943979629]
[1117.08477692839, 546559.5938067565]
[1117.0848028491025, 546559.5936157517]
[1117.084818319801, 546559.5935017578]
[1117.0848502447675, 546559.5932665439]
[1117.084856369836, 546559.5932214166]
[1117.084870510829, 546559.5931172391]
[1117.0848865772848, 546559.592998883]
[1117.084891514533, 546559.5929625125]
[1117.0848956310901, 546559.5929321885]
[1117.08489728114, 546559.5929200352]
[1117.0849262019633, 546559.5927070061]
[1117.0849349971877, 546559.5926422253]
[1117.084936799893, 546559.5926289482]
[1117.0849533239589, 546559.5925072458]
[1117.0849857436338, 546559.5922684914]
[1117.084991452451, 546559.5922264503]
[1117.0850130722436, 546559.5920672481]
[1117.0850341365945, 546559.5919121454]
[1117.0850346899715, 546559.5919080711]
[1117.0850519232938, 546559.5917811872]
[1117.085058370833, 546559.591733716]
[1117.0850637890865, 546559.5916938245]
[1117.0850864831552, 546559.5915267516]
[1117.085088569528, 546559.5915113919]
[1117.085110448548, 546559.5913503321]
[1117.0851189786517, 546559.5912875417]
[1117.085160519199, 546559.5909817838]
[1117.085177384036, 546559.590857662]
[1117.0852166064606, 546559.5905690211]
[1117.0852360844704, 546559.5904256944]
[1117.0852533142436, 546559.5902989181]
[1117.0852540456954, 546559.5902935355]
[1117.085270146726, 546559.5901750731]
[1117.0852704526146, 546559.5901728213]
[1117.0852817819368, 546559.5900894701]
[1117.08530284487, 546559.5899345143]
[1117.0853069644722, 546559.5899042086]
[1117.0853194320825, 546559.5898124932]
[1117.0853208175683, 546559.5898022995]
[1117.085333080344, 546559.5897120951]
[1117.085334499603, 546559.5897016568]
[1117.0853503866033, 546559.5895847977]
[1117.0853568660823, 546559.589537139]
[1117.0853735480644, 546559.5894144416]
[1117.085396533179, 546559.589245395]
[1117.085397371553, 546559.5892392297]
[1117.085406104094, 546559.5891750078]
[1117.0854112049497, 546559.5891374967]
[1117.085441614131, 546559.5889138784]
[1117.0854465553143, 546559.5888775471]
[1117.085446652216, 546559.5888768343]
[1117.0854480415314, 546559.5888666182]
[1117.0854530494857, 546559.5888297934]
[1117.085460930536, 546559.5887718446]
[1117.0854806167688, 546559.588627102]
[1117.0854808705906, 546559.5886252361]
[1117.0854907561904, 546559.5885525551]
[1117.0854929484176, 546559.5885364378]
[1117.0854976904634, 546559.588501574]
[1117.0855098887205, 546559.5884118966]
[1117.0855165203404, 546559.5883631422]
[1117.0855257286366, 546559.5882954499]
[1117.085538734662, 546559.5881998404]
[1117.085547109494, 546559.58813828]
[1117.0855537668144, 546559.5880893437]
[1117.0855647720887, 546559.5880084498]
[1117.0855777695194, 546559.5879129173]
[1117.085579792785, 546559.5878980453]
[1117.0856236349823, 546559.5875758306]
[1117.085636719391, 546559.5874796775]
[1117.08564097853, 546559.5874483795]
[1117.085644700785, 546559.5874210256]
[1117.0856608814797, 546559.5873021286]
[1117.085678907764, 546559.5871696749]
[1117.085685236002, 546559.5871231778]
[1117.085695222752, 546559.5870498022]
[1117.0856987364646, 546559.587023986]
[1117.0857379278327, 546559.5867360621]
[1117.0857410663737, 546559.586713005]
[1117.0857494698528, 546559.5866512739]
[1117.085762231332, 546559.5865575318]
[1117.085767996212, 546559.5865151846]
[1117.085769324829, 546559.5865054256]
[1117.0857771656129, 546559.5864478333]
[1117.0857780724018, 546559.5864411731]
[1117.0857833962932, 546559.5864020672]
[1117.0857937414416, 546559.5863260834]
[1117.0858483793536, 546559.5859248128]
[1117.0858772625518, 546559.5857127188]
[1117.0858912021242, 546559.585610364]
[1117.0859062719487, 546559.5854997163]
[1117.0859243608404, 546559.5853669104]
[1117.08593093934, 546559.585318613]
[1117.085939681894, 546559.5852544289]
[1117.0859482758083, 546559.5851913393]
[1117.0859763522485, 546559.5849852359]
[1117.085981562636, 546559.5849469898]
[1117.0859824196823, 546559.5849406985]
[1117.0859850887884, 546559.5849211079]
[1117.0859854533105, 546559.5849184311]
[1117.0859960627004, 546559.5848405577]
[1117.0860014534167, 546559.5848009891]
[1117.0860111795062, 546559.5847296026]
[1117.086029381423, 546559.5845960111]
[1117.086040281307, 546559.5845160158]
[1117.0860478241782, 546559.5844606612]
[1117.0860872283874, 546559.5841715002]
[1117.0861050134636, 546559.5840410019]
[1117.0861054974475, 546559.5840374503]
[1117.0861114535232, 546559.5839937486]
[1117.086115128492, 546559.5839667849]
[1117.0861168043584, 546559.5839544891]
[1117.0861259619144, 546559.5838872999]
[1117.0861288025224, 546559.5838664582]
[1117.0861429950182, 546559.5837623338]
[1117.086143555955, 546559.5837582174]
[1117.0861444232514, 546559.583751855]
[1117.0861643660387, 546559.583605551]
[1117.086164987722, 546559.5836009902]
[1117.08616615358, 546559.5835924374]
[1117.086195172472, 546559.5833795663]
[1117.0861964045762, 546559.5833705285]
[1117.0861992965752, 546559.5833493151]
[1117.0862011513923, 546559.583335711]
[1117.0862015462621, 546559.5833328147]
[1117.0862072045325, 546559.5832913105]
[1117.0862266844583, 546559.583148431]
[1117.0862432284525, 546559.583027092]
[1117.0862455653373, 546559.583009953]
[1117.0862472692352, 546559.5829974558]
[1117.0862532102706, 546559.5829538857]
[1117.0862549216772, 546559.5829413339]
[1117.086262614408, 546559.5828849184]
[1117.086273813355, 546559.5828027902]
[1117.0862753196059, 546559.5827917454]
[1117.0862786188898, 546559.5827675506]
[1117.0862788462487, 546559.5827658831]
[1117.086288457319, 546559.5826954035]
[1117.086304634341, 546559.5825767805]
[1117.0863238477655, 546559.5824359012]
[1117.086338067958, 546559.5823316383]
[1117.0863417315961, 546559.5823047766]
[1117.0863417822998, 546559.5823044049]
[1117.0863426648489, 546559.5822979347]
[1117.0863566600876, 546559.5821953282]
[1117.0863629741375, 546559.5821490381]
[1117.0863760162633, 546559.5820534258]
[1117.0863765979507, 546559.5820491613]
[1117.0863776590115, 546559.5820413816]
[1117.0863942824753, 546559.5819195213]
[1117.0863975817617, 546559.5818953362]
[1117.0864082450194, 546559.5818171721]
[1117.0864085079033, 546559.5818152459]
[1117.086410946843, 546559.5817973674]
[1117.0864205579212, 546559.5817269188]
[1117.0864222075645, 546559.5817148269]
[1117.0864286282845, 546559.5816677638]
[1117.0864307620825, 546559.5816521244]
[1117.0864329377137, 546559.581636179]
[1117.0864343350086, 546559.5816259364]
[1117.0864634110308, 546559.5814128333]
[1117.0864717485006, 546559.5813517298]
[1117.0864806586349, 546559.5812864318]
[1117.0864818414739, 546559.5812777644]
[1117.0864884864018, 546559.5812290687]
[1117.0865025990565, 546559.5811256488]
[1117.0865046184472, 546559.5811108523]
[1117.0865072257725, 546559.5810917453]
[1117.086525519421, 546559.580957698]
[1117.0865444912424, 546559.5808186904]
[1117.08655823643, 546559.580717982]
[1117.086563814462, 546559.580677115]
[1117.0865686321963, 546559.5806418194]
[1117.0865689052994, 546559.5806398179]
[1117.086574624608, 546559.5805979165]
[1117.0865896446362, 546559.5804878796]
[1117.0865932583617, 546559.5804614065]
[1117.0866012347365, 546559.5804029742]
[1117.0866019102787, 546559.5803980262]
[1117.086603912589, 546559.5803833583]
[1117.0866284243887, 546559.5802038051]
[1117.0866405794122, 546559.5801147721]
[1117.0866405860897, 546559.5801147245]
[1117.0866429678463, 546559.580097278]
[1117.0866436705694, 546559.5800921315]
[1117.0866452128096, 546559.580080835]
[1117.0866515026626, 546559.5800347655]
[1117.086658483945, 546559.5799836335]
[1117.086673822358, 546559.5798712946]
[1117.086706248706, 546559.5796338248]
[1117.0867095621468, 546559.5796095601]
[1117.0867153513911, 546559.5795671653]
[1117.0867441393016, 546559.579356367]
[1117.0867716313328, 546559.5791550762]
[1117.086778573234, 546559.5791042531]
[1117.086780886596, 546559.5790873152]
[1117.0867839477603, 546559.579064904]
[1117.0867889351857, 546559.5790283908]
[1117.0867913869233, 546559.5790104411]
[1117.086799317498, 546559.578952382]
[1117.0868180573666, 546559.5788151969]
[1117.0868278483113, 546559.5787435238]
[1117.0868665882992, 546559.5784599608]
[1117.0868701347804, 546559.5784340034]
[1117.086871960199, 546559.5784206424]
[1117.0868947606514, 546559.5782537708]
[1117.0869156553792, 546559.5781008584]
[1117.0869165604895, 546559.578094236]
[1117.086929047743, 546559.5780028547]
[1117.0869380430381, 546559.5779370312]
[1117.086947548496, 546559.5778674769]
[1117.0869500444692, 546559.5778492127]
[1117.086967827514, 546559.5777190946]
[1117.0869686382846, 546559.5777131625]
[1117.0869757858336, 546559.5776608663]
[1117.0869912140638, 546559.5775479878]
[1117.0869947484225, 546559.5775221284]
[1117.0870071264094, 546559.5774315717]
[1117.0870150621113, 546559.5773735167]
[1117.087031102864, 546559.5772561711]
[1117.087031909291, 546559.5772502727]
[1117.0870634229914, 546559.5770197537]
[1117.0870913581794, 546559.5768154326]
[1117.0871054443442, 546559.5767124096]
[1117.0871094690046, 546559.5766829761]
[1117.0871116814412, 546559.5766667959]
[1117.0871194997292, 546559.5766096186]
[1117.0871220853924, 546559.5765907101]
[1117.087126639109, 546559.5765574076]
[1117.0871310376838, 546559.5765252415]
[1117.087137959239, 546559.5764746253]
[1117.0871450659583, 546559.5764226575]
[1117.0871574887424, 546559.5763318171]
[1117.0871962634715, 546559.5760483043]
[1117.087201470144, 546559.5760102384]
[1117.0872103964293, 546559.5759449766]
[1117.087217579904, 546559.5758924595]
[1117.0872411893356, 546559.5757198628]
[1117.087249176322, 546559.5756614766]
[1117.0872516182912, 546559.5756436246]
[1117.0872593157903, 546559.5755873574]
[1117.0872636522718, 546559.5755556581]
[1117.087274336177, 546559.5754775638]
[1117.0872748837412, 546559.575473562]
[1117.0872755484277, 546559.5754687035]
[1117.087278354758, 546559.5754481903]
[1117.0872853200208, 546559.5753972791]
[1117.087291367423, 546559.5753530785]
[1117.08730097247, 546559.5752828758]
[1117.0873050922746, 546559.5752527657]
[1117.0873095865072, 546559.575219919]
[1117.0873099971132, 546559.5752169165]
[1117.0873119663788, 546559.5752025256]
[1117.0873251760008, 546559.5751059838]
[1117.0873330462032, 546559.5750484684]
[1117.0873426077537, 546559.5749785927]
[1117.0873503377504, 546559.5749221032]
[1117.0873521940875, 546559.5749085381]
[1117.0873549044477, 546559.5748887322]
[1117.0873642367997, 546559.574820538]
[1117.0873658661142, 546559.5748086321]
[1117.087368375955, 546559.5747902924]
[1117.0873919409842, 546559.5746181038]
[1117.0873996071382, 546559.5745620909]
[1117.0874091812839, 546559.5744921397]
[1117.08742521066, 546559.5743750291]
[1117.087426754817, 546559.5743637464]
[1117.087427466613, 546559.5743585455]
[1117.087429556916, 546559.5743432753]
[1117.0874299968561, 546559.5743400605]
[1117.0874300879514, 546559.5743393966]
[1117.0874318402657, 546559.5743265932]
[1117.08743201396, 546559.5743253242]
[1117.087433310481, 546559.5743158531]
[1117.0874379037305, 546559.5742822962]
[1117.087441359759, 546559.5742570488]
[1117.0874572822986, 546559.5741407305]
[1117.0874574582576, 546559.5741394446]
[1117.087479297354, 546559.5739799141]
[1117.0874809092202, 546559.5739681395]
[1117.0874823933427, 546559.5739572985]
[1117.087486380272, 546559.5739281768]
[1117.08749049078, 546559.5738981521]
[1117.087495879343, 546559.5738587931]
[1117.0874962041214, 546559.5738564212]
[1117.0874977668227, 546559.5738450072]
[1117.0875042094167, 546559.5737979511]
[1117.0875060403457, 546559.5737845775]
[1117.087506396244, 546559.5737819792]
[1117.0875085830712, 546559.5737660058]
[1117.087510717796, 546559.5737504141]
[1117.0875130625154, 546559.5737332889]
[1117.0875141461488, 546559.573725375]
[1117.0875232795524, 546559.573658668]
[1117.0875305254765, 546559.5736057482]
[1117.0875344879455, 546559.5735768081]
[1117.087537821082, 546559.5735524666]
[1117.0875414450293, 546559.5735260004]
[1117.0875415463615, 546559.5735252596]
[1117.087544767659, 546559.5735017343]
[1117.0875461130638, 546559.5734919097]
[1117.0875559133779, 546559.5734203398]
[1117.0875560949057, 546559.5734190135]
[1117.0875613554026, 546559.5733805981]
[1117.0875650580745, 546559.5733535588]
[1117.0875662855424, 546559.5733445951]
[1117.0875670590976, 546559.5733389468]
[1117.087571163756, 546559.5733089738]
[1117.087585325911, 546559.573205558]
[1117.0875896501923, 546559.5731739817]
[1117.0875944593186, 546559.5731388679]
[1117.0875959785776, 546559.573127774]
[1117.0876035927263, 546559.5730721777]
[1117.0876038242627, 546559.5730704863]
[1117.0876206895787, 546559.5729473472]
[1117.0876290632564, 546559.5728862116]
[1117.087632166544, 546559.5728635542]
[1117.0876360426882, 546559.5728352556]
[1117.0876369775438, 546559.5728284306]
[1117.0876381857518, 546559.572819608]
[1117.0876391953338, 546559.5728122378]
[1117.0876419324654, 546559.5727922557]
[1117.0876422211418, 546559.5727901479]
[1117.0876642226317, 546559.5726295285]
[1117.087671896692, 546559.5725735072]
[1117.0876721263874, 546559.5725718299]
[1117.0876877476953, 546559.5724577983]
[1117.0876958049528, 546559.5723989857]
[1117.0876975002543, 546559.5723866116]
[1117.0876986633414, 546559.5723781204]
[1117.0876998243805, 546559.5723696458]
[1117.087700261347, 546559.5723664577]
[1117.0877094186953, 546559.572299615]
[1117.0877115824792, 546559.572283822]
[1117.087715812802, 546559.5722529446]
[1117.0877240961331, 546559.572192487]
[1117.087728347421, 546559.5721614585]
[1117.0877408401109, 546559.5720702814]
[1117.087743324496, 546559.57205215]
[1117.0877458595687, 546559.5720336481]
[1117.087747257197, 546559.5720234474]
[1117.0877499544058, 546559.5720037632]
[1117.0877623317049, 546559.5719134343]
[1117.0877623716888, 546559.5719131422]
[1117.0877714105764, 546559.5718471801]
[1117.0877865905582, 546559.5717364054]
[1117.0877936791085, 546559.5716846808]
[1117.0878033392983, 546559.5716141901]
[1117.0878120008465, 546559.57155099]
[1117.0878144737435, 546559.5715329453]
[1117.0878152447303, 546559.5715273208]
[1117.0878156708923, 546559.5715242107]
[1117.0878314358126, 546559.571409184]
[1117.0878400793072, 546559.5713461209]
[1117.087864251885, 546559.5711697686]
[1117.0878645283938, 546559.5711677502]
[1117.0878701179656, 546559.5711269727]
[1117.0878895557241, 546559.570985175]
[1117.08789847232, 546559.5709201314]
[1117.0879145830586, 546559.5708026139]
[1117.087925695821, 546559.5707215591]
[1117.0879312825195, 546559.570680811]
[1117.0879480924054, 546559.570558207]
[1117.0879501730194, 546559.5705430318]
[1117.0879594953994, 546559.5704750431]
[1117.0879670706531, 546559.5704197948]
[1117.087986401204, 546559.5702788245]
[1117.088044100874, 546559.5698580947]
[1117.0880491785965, 546559.5698210729]
[1117.0880496875764, 546559.5698173605]
[1117.0880561055722, 546559.5697705683]
[1117.088061000674, 546559.56973488]
[1117.0880672623816, 546559.5696892285]
[1117.0880692274802, 546559.5696749031]
[1117.088118896711, 546559.5693128208]
[1117.0881303289243, 546559.5692294906]
[1117.0881625060088, 546559.5689949642]
[1117.0882210536283, 546559.5685682967]
[1117.0882334173361, 546559.5684782071]
[1117.0882438408394, 546559.5684022569]
[1117.08827213211, 546559.5681961285]
[1117.0882976713563, 546559.5680100687]
[1117.088310440981, 546559.5679170437]
[1117.0883168257938, 546559.567870534]
[1117.0883200182002, 546559.567847277]
[1117.0883216144034, 546559.5678356492]
[1117.0883232106066, 546559.567824023]
[1117.0883290601068, 546559.567781413]
[1117.088337303912, 546559.5677213647]
[1117.0884247029308, 546559.5670848383]
[1117.0884684024568, 546559.5667666435]
[1117.088512101994, 546559.5664484934]
[1117.0885132991477, 546559.5664397785]
[1117.0885136981988, 546559.5664368741]
[1117.0886081439714, 546559.5657494323]
[1117.0886089420742, 546559.5657436232]
[1117.0887033878994, 546559.5650563966]
[1117.088704186003, 546559.5650505904]
[1117.088778264651, 546559.564511714]
[1117.0887990309327, 546559.5643606746]
[1117.0888311779904, 546559.5641268821]
[1117.0888946740192, 546559.563665172]
[1117.089085162247, 546559.5622806201]
[1117.0898471172777, 546559.5567510662]
end_solutions
[6.8312826682178045, -3.1340494068165645, -0.6552709501031811, -5.988421352381366, -4.073858874201658, -0.7352742953874098, -14.969036622828998, 7.4877908290732815, 0.8162576692148805, 4.2156720192066075]
[6.831282595940188, -3.1340492296907874, -0.6552709059762505, -5.988421336777236, -4.073858802952864, -0.7352743362588456, -14.969036663020997, 7.487790734285088, 0.8162576876688105, 4.215671811793847]
[6.83128305922185, -3.1340503650232234, -0.655271188818966, -5.988421436795848, -4.073859259640026, -0.7352740742830474, -14.969036405400225, 7.487791341853979, 0.8162575693836821, 4.215673141258377]
[6.831286586996114, -3.1340590102964567, -0.6552733425956752, -5.988422198412614, -4.073862737198823, -0.7352720794027069, -14.969034443682325, 7.4877959683394995, 0.816256668671942, 4.2156832647990825]
[6.831287050277776, -3.134060145628893, -0.6552736254383907, -5.988422298431226, -4.073863193885985, -0.7352718174269086, -14.969034186061553, 7.4877965759083915, 0.8162565503868137, 4.215684594263614]
[6.831287050277776, -3.134060145628893, -0.6552736254383907, -5.988422298431226, -4.073863193885985, -0.7352718174269086, -14.969034186061553, 7.4877965759083915, 0.8162565503868137, 4.215684594263614]
[6.8312888141649095, -3.1340644682655094, -0.6552747023267453, -5.988422679239609, -4.0738649326653835, -0.7352708199867384, -14.969033205202601, 7.4877988891511515, 0.8162561000309436, 4.215689656033966]
[6.8312888141649095, -3.1340644682655094, -0.6552747023267453, -5.988422679239609, -4.0738649326653835, -0.7352708199867384, -14.969033205202601, 7.4877988891511515, 0.8162561000309436, 4.215689656033966]
[6.831291665417483, -3.1340714556336664, -0.6552764430734387, -5.988423294801038, -4.073867743332315, -0.7352692076648384, -14.969031619683573, 7.487802628414993, 0.816255372048801, 4.215697838182063]
[6.831291665417483, -3.1340714556336664, -0.6552764430734387, -5.988423294801038, -4.073867743332315, -0.7352692076648384, -14.969031619683573, 7.487802628414993, 0.816255372048801, 4.215697838182063]
[6.831293670220125, -3.134076368665315, -0.6552776670455274, -5.988423727621051, -4.073869719597955, -0.7352680739921386, -14.96903050485679, 7.48780525760544, 0.816254860182355, 4.215703591299927]
[6.831294269575553, -3.134077837464341, -0.6552780329639948, -5.9884238570168415, -4.073870310421964, -0.7352677350695598, -14.969030171568381, 7.4878060436277245, 0.8162547071548576, 4.215705311250971]
[6.831297433022912, -3.134085589906743, -0.6552799643118463, -5.988424539978498, -4.0738734288398, -0.7352659462082335, -14.969028412444683, 7.487810192318177, 0.8162538994631058, 4.215714389294442]
[6.831297433022912, -3.134085589906743, -0.6552799643118463, -5.988424539978498, -4.0738734288398, -0.7352659462082335, -14.969028412444683, 7.487810192318177, 0.8162538994631058, 4.215714389294442]
[6.831297185970772, -3.1340849844730876, -0.6552798134815752, -5.988424486642019, -4.073873185304279, -0.735266085910897, -14.969028549824959, 7.487809868322628, 0.8162539625404875, 4.215713680336831]
[6.831300066049019, -3.1340920424823384, -0.6552815718269192, -5.988425108426669, -4.073876024386571, -0.7352644572886986, -14.969026948276607, 7.487813645389787, 0.8162532271985705, 4.215721945205044]
[6.831300066049019, -3.1340920424823384, -0.6552815718269192, -5.988425108426669, -4.073876024386571, -0.7352644572886986, -14.969026948276607, 7.487813645389787, 0.8162532271985705, 4.215721945205044]
[6.8313035883333875, -3.1341006743018527, -0.655283722251935, -5.9884258688582115, -4.073879496533615, -0.7352624655127784, -14.969024989611519, 7.487818264675601, 0.8162523278885125, 4.215732052991559]
[6.831304919994788, -3.134103937712661, -0.6552845352578403, -5.988426156352698, -4.073880809239721, -0.735261712486947, -14.969024249103818, 7.487820011077646, 0.816251987888567, 4.215735874417587]
[6.831305067408161, -3.1341042989684538, -0.6552846252566513, -5.988426188178005, -4.073880954554765, -0.7352616291278606, -14.969024167130474, 7.487820204402327, 0.8162519502509673, 4.215736297445018]
[6.831305067408161, -3.1341042989684538, -0.6552846252566513, -5.988426188178005, -4.073880954554765, -0.7352616291278606, -14.969024167130474, 7.487820204402327, 0.8162519502509673, 4.215736297445018]
[6.831306251656189, -3.134107201123469, -0.6552853482637454, -5.988426443847186, -4.073882121945827, -0.7352609594611157, -14.969023508596116, 7.48782175747969, 0.8162516478886216, 4.215739695843615]
[6.831306251656189, -3.134107201123469, -0.6552853482637454, -5.988426443847186, -4.073882121945827, -0.7352609594611157, -14.969023508596116, 7.48782175747969, 0.8162516478886216, 4.215739695843615]
[6.83130861027016, -3.1341129812161537, -0.6552867882447229, -5.9884269530520875, -4.073884446986531, -0.7352596257157324, -14.969022197022614, 7.487824850674594, 0.8162510456870256, 4.215746464282505]
[6.83130861027016, -3.1341129812161537, -0.6552867882447229, -5.9884269530520875, -4.073884446986531, -0.7352596257157324, -14.969022197022614, 7.487824850674594, 0.8162510456870256, 4.215746464282505]
[6.831306251656189, -3.134107201123469, -0.6552853482637454, -5.988426443847186, -4.073882121945827, -0.7352609594611157, -14.969023508596116, 7.48782175747969, 0.8162516478886216, 4.215739695843615]
[6.831318044726041, -3.134136101586891, -0.6552925481686324, -5.988428989871693, -4.073893747149345, -0.7352542907341995, -14.969016950728605, 7.4878372234542105, 0.8162486368806414, 4.215773538038065]
[6.830363883459609, -3.131797804338986, -0.6547100136418721, -5.988222994486447, -4.072953167719994, -0.7357938483726909, -14.969547538883308, 7.486585892458869, 0.8164922534472894, 4.213035412043657]
[6.827959968571038, -3.1259066958168864, -0.6532423755483454, -5.987704009498281, -4.070583470925921, -0.7371532104491458, -14.97088430323296, 7.483433287845739, 0.8171060212790693, 4.2061369745611294]
[6.81958186114891, -3.1053750454376536, -0.6481273734894808, -5.985895246633171, -4.062324620168342, -0.7418908496876454, -14.975543185031448, 7.472445852211523, 0.819245120650411, 4.1820945883068426]
[-3.8249098787782554, -2.4136318196626254, 2.2153176556648866, -5.30586981883615, -2.1660335570980287, 0.8288513197758676, -11.140813930748504, 10.162687610108128, 1.2860778451770907, -5.372457648058032]
end_values
[  1117.08699002 546559.57755671]
[  1117.08698418 546559.57759942]
[  1117.0870216  546559.57732569]
[  1117.08730651 546559.57524241]
[  1117.08734393 546559.57496897]
[  1117.08734393 546559.57496897]
[  1117.08748638 546559.57392818]
[  1117.08748638 546559.57392818]
[  1117.08771665 546559.57224681]
[  1117.08771665 546559.57224681]
[  1117.08787857 546559.57106535]
[  1117.08792697 546559.57071226]
[  1117.08818246 546559.56884955]
[  1117.08818246 546559.56884955]
[  1117.08816251 546559.56899497]
[  1117.08839511 546559.56730036]
[  1117.08839511 546559.56730036]
[  1117.08867958 546559.56522963]
[  1117.08878713 546559.56444726]
[  1117.08879903 546559.56436067]
[  1117.08879903 546559.56436067]
[  1117.08889467 546559.56366517]
[  1117.08889467 546559.56366517]
[  1117.08908516 546559.56228062]
[  1117.08908516 546559.56228062]
[  1117.08889467 546559.56366517]
[  1117.08984712 546559.55675107]
[  1117.01280335 546560.18612034]
[  1116.81885296 546562.39979017]
[  1116.14461885 546577.14067111]
[8.74827488e+02 8.90241003e+05]
