values
[31.371528547249284, 989.7441950529715]
[31.37236449417689, 987.6796566939731]
[31.37746224800031, 987.5629629000571]
[31.385269429167007, 987.4480274257396]
[31.39939579757658, 987.3127883040939]
[31.41176255695925, 987.2168877524116]
[31.416024395607995, 987.1806575042957]
[31.416446639059522, 987.1544902574368]
[31.417297046904082, 987.1381357651395]
[31.41810884215169, 987.1283230834189]
[31.418803109228868, 987.1217813012958]
[31.428268518050743, 987.075988953906]
[31.449879268393026, 986.9502956577771]
[31.454004883008068, 986.9065875364631]
[31.476986917545478, 986.8146384739532]
[31.47831355525732, 986.808104256321]
[31.47975583432362, 986.8015700432414]
[31.545593047265083, 986.5135229439567]
[31.546719843459076, 986.5069962908154]
[31.595252429357775, 986.3807243392085]
[31.637305712363915, 986.2510528935562]
[31.7450161615689, 986.0010914795387]
[31.74592082753281, 985.9567152626611]
[31.88275669031047, 985.6145108308173]
[32.0938081942322, 985.466261826755]
[32.106385986817436, 985.1503527309663]
[32.12468936161672, 985.0822704822267]
[32.150997492898185, 985.0306623702772]
[32.1908921992194, 984.9798360481017]
[32.28614522420627, 984.9534970664242]
[32.76010576055868, 984.2654014781608]
[32.852740716293624, 984.0920616610648]
[33.28083160317684, 984.0803655585314]
[33.48659681658822, 983.8521249750725]
[33.61956700533483, 983.6131900359388]
[33.79738539791802, 983.5098988267591]
[34.060131104724526, 983.1678343506959]
[58.263677776970304, 979.3398096204285]
values
[31.37088111864974, 989.787737822564]
[31.371528547249284, 989.7441950529715]
[31.37236449417689, 987.6796566939731]
[31.37397688507678, 987.6360929842223]
[31.375170167414115, 987.5927349574079]
[31.37746224800031, 987.5629629000571]
[31.3778551657091, 987.5585957770568]
[31.378079375714655, 987.5578802473274]
[31.37839999715526, 987.5495826135297]
[31.380123898624618, 987.5066359525879]
[31.385269429167007, 987.4480274257396]
[31.389096461907823, 987.4006640550789]
[31.389440547167258, 987.3964975549817]
[31.391815585632497, 987.3710127023669]
[31.39424590979062, 987.3394058976671]
[31.394261450597863, 987.3369061381841]
[31.396494288585732, 987.3123071092729]
[31.40092867396518, 987.2837966546123]
[31.401434326363557, 987.2791529722422]
[31.402975823907024, 987.270520410823]
[31.408648851030982, 987.2375348891655]
[31.41176255695925, 987.2168877524116]
[31.41179993632383, 987.2046875955235]
[31.412183467190484, 987.1961224890252]
[31.41391143265944, 987.1549157718214]
[31.416446639059522, 987.1544902574368]
[31.417297046904082, 987.1381357651395]
[31.417803281475514, 987.1224057089258]
[31.418803109228868, 987.1217813012958]
[31.42302045749779, 987.0985011382653]
[31.424065794933956, 987.09426667113]
[31.428268518050743, 987.075988953906]
[31.44850531720905, 986.9845752281699]
[31.449879268393026, 986.9502956577771]
[31.450263837926496, 986.9369317515469]
[31.45158597495514, 986.9136375056321]
[31.453217106498467, 986.8970536122082]
[31.461855098821022, 986.8540947494404]
[31.46646625759589, 986.8384630864325]
[31.467708051903976, 986.8343500055113]
[31.47029609614868, 986.8261288538229]
[31.473003890051547, 986.8179143823397]
[31.47592004683122, 986.8114029887219]
[31.477051993876024, 986.8114010797968]
[31.47831355525732, 986.808104256321]
[31.47975583432362, 986.8015700432414]
[31.506715889869557, 986.7169613773527]
[31.51003749134084, 986.7025019260457]
[31.512068607808068, 986.6903650480449]
[31.516352274649435, 986.6594052922911]
[31.517259112908786, 986.6517969527897]
[31.519483326179124, 986.6334856829135]
[31.520833786073194, 986.621449987294]
[31.522370436614004, 986.6112331243748]
[31.522419372021602, 986.6078284276233]
[31.525535483627856, 986.6023127164948]
[31.52719372068719, 986.5801761545495]
[31.53025177842453, 986.5651505814795]
[31.54459650163328, 986.5132977769379]
[31.546719843459076, 986.5069962908154]
[31.566963182477007, 986.448218090561]
[31.576713423506686, 986.4227007013385]
[31.595252429357775, 986.3807243392085]
[31.611142754571105, 986.3145884290836]
[31.61631001244484, 986.3024681940672]
[31.623919684016446, 986.2775659765272]
[31.628363821903964, 986.2632425675672]
[31.637305712363915, 986.2510528935562]
[31.640269712565765, 986.228090073574]
[31.645384826509503, 986.2138896989507]
[31.660365308705806, 986.1582954061208]
[31.670896381923395, 986.1338609586103]
[31.675387679704937, 986.1277646801352]
[31.677332390251465, 986.122817184795]
[31.678915609207667, 986.120864846114]
[31.68037020504323, 986.1139624187035]
[31.681910470890728, 986.1095360218088]
[31.693148480960012, 986.0853205957162]
[31.69481632641492, 986.0827630013022]
[31.735552324961933, 985.9837165910309]
[31.74592082753281, 985.9567152626611]
[31.750087553311246, 985.940854817222]
[31.751022508945873, 985.9364877132675]
[31.755079844032874, 985.9261951619119]
[31.76274537344223, 985.8918475565868]
[31.766905124798843, 985.8740417212684]
[31.774665219815645, 985.8454481037642]
[31.77550123634053, 985.841113789771]
[31.79490930932819, 985.7724103585138]
[31.79637043609188, 985.7687063212959]
[31.798114363919968, 985.762935249269]
[31.79940437238688, 985.761307408459]
[31.801502161012387, 985.7534689247808]
[31.804300377102447, 985.7448498967981]
[31.807244631840295, 985.7362334985513]
[31.81034125815718, 985.7276197300407]
[31.88275669031047, 985.6145108308173]
[31.999446276169344, 985.5170356309422]
[32.06250405388301, 985.3801110164814]
[32.0633792042024, 985.3658435911718]
[32.06501290880829, 985.3616484045582]
[32.066603900395314, 985.3574538753786]
[32.074917012777576, 985.3528521405045]
[32.07617805036694, 985.3464268957708]
[32.106385986817436, 985.1503527309663]
[32.115980373794166, 985.1083677093666]
[32.12468936161672, 985.0822704822267]
[32.136244286149086, 985.0563687025302]
[32.139621666044405, 985.0499237962691]
[32.1432038528407, 985.0434911054732]
[32.14443453040579, 985.039055675177]
[32.148957174884906, 985.0304123386352]
[32.15022050223757, 985.0267963329018]
[32.152262679378694, 985.0227112003447]
[32.15377225541111, 985.0217777868497]
[32.15652131900188, 985.0145429075327]
[32.161016429216694, 985.0063772444566]
[32.16575251825591, 984.9982142111168]
[32.1752369548562, 984.9981277830498]
[32.1908921992194, 984.9798360481017]
[32.28614522420627, 984.9534970664242]
[32.53092091226591, 984.6982225575592]
[32.535389504128695, 984.6942487939268]
[32.54424289303434, 984.686303238964]
[32.54862459064925, 984.6823314476337]
[32.55729037140782, 984.674389837275]
[32.561571465037254, 984.6704200182467]
[32.565816071426255, 984.6664508566523]
[32.64782413149861, 984.5723053191423]
[32.66293573952594, 984.5524907127403]
[32.66576344546666, 984.548529763762]
[32.66852587994975, 984.5445694722177]
[32.66852587994977, 984.5445694722176]
[32.6699512987284, 984.5423571403521]
[32.67601580739588, 984.5326569929175]
[32.67948265732628, 984.5264521408951]
[32.68099087172786, 984.5247390868919]
[32.68429558495912, 984.5185324407788]
[32.76010576055868, 984.2654014781608]
[32.76113068759388, 984.2565062452679]
[32.76228167937325, 984.2526546929122]
[32.7629041954828, 984.2504531851305]
[32.76728907509295, 984.2372550578293]
[32.76800255332274, 984.235053811816]
[32.77761076185916, 984.2112284435343]
[32.80158041861978, 984.1619682669]
[32.80447323069007, 984.1570593559842]
[32.804574738235495, 984.1568900837722]
[32.8080965596005, 984.1511348514983]
[32.80873240789921, 984.150119226899]
[32.81023297647159, 984.1477494415636]
[32.81088336651902, 984.1467338215898]
[32.81499179916566, 984.1404708624143]
[32.815218706210835, 984.1401323255837]
[32.81838951350567, 984.1354774597991]
[32.81879990909811, 984.1348850244266]
[32.82033785701149, 984.1326845543203]
[32.822260342183085, 984.1299762923627]
[32.823111770267005, 984.1287914308592]
[32.82483362245371, 984.1264217135184]
[32.82595396561117, 984.1248983277889]
[32.82721118910085, 984.12320568064]
[32.827337631406714, 984.1230364161372]
[32.82899333641722, 984.1208359811073]
[32.83205232284362, 984.1169959285377]
[32.83237174540467, 984.1164351305904]
[32.83651776604053, 984.1111879967215]
[32.836925856641564, 984.1106802115387]
[32.83733516426332, 984.1101724267029]
[32.83788280335563, 984.1094953807947]
[32.83829495620193, 984.1089875967683]
[32.841495485331734, 984.1050945974243]
[32.84333647853983, 984.1028942155104]
[32.84621420432729, 984.0995090252861]
[32.848261552790106, 984.0971394013029]
[32.851233674128935, 984.0937542372897]
[32.85213621642039, 984.0927386910922]
[32.852740716293624, 984.0920616610648]
[32.853651680378455, 984.0910461171802]
[32.855181214083615, 984.0893535471226]
[32.859381549882954, 984.084783627221]
[32.860963488853095, 984.0830910714254]
[32.86144084816285, 984.0825833054384]
[32.86792867711704, 984.0758131254272]
[32.874646867302594, 984.0690430070891]
[32.877053012859264, 984.066673480241]
[32.881067920195505, 984.0627807025346]
[32.88159729490253, 984.062272950424]
[32.89620085310026, 984.0487330221131]
[32.906395105788945, 984.0397629554614]
[32.90708293246885, 984.0391705963805]
[32.90777257225924, 984.0385782377717]
[32.90975296390204, 984.0368857872058]
[32.911748161495005, 984.0351933404945]
[32.91214897794676, 984.0348548516148]
[32.91987703513589, 984.0284235921947]
[32.920289697626146, 984.0280851063986]
[32.92403029989963, 984.0250387411722]
[32.9248680548343, 984.024361772818]
[32.926129123989035, 984.0233463214429]
[32.928242732965444, 984.0216539055681]
[32.938155472621325, 984.0138688421908]
[32.93947142633674, 984.0128534051547]
[32.94256256676503, 984.0104840574669]
[32.95475454207017, 984.0013452157266]
[32.95914544635386, 983.9981297240679]
[32.95984353695556, 983.9976220161307]
[32.96007652366238, 983.9974527802286]
[32.9622971182545, 983.9958450410821]
[32.97820491496482, 983.9845909644616]
[32.99537440810491, 983.9729139824452]
[32.99868368842309, 983.9707139918855]
[33.024059905811285, 983.9558759781214]
[33.0471836971659, 983.9406684814784]
[33.0674414896557, 983.9278268385704]
[33.069339854185166, 983.9266440668686]
[33.07671222077459, 983.9220819651393]
[33.105256836128085, 983.9048476121989]
[33.24106074658506, 983.8407056776465]
[33.302123730916136, 983.8043242890291]
[33.61956700533483, 983.6131900359388]
[33.70811430932844, 983.5422464844161]
[33.71951518672462, 983.5321602809064]
[33.72101314601069, 983.5308154642562]
[33.732083701673844, 983.5207294180128]
[33.75094981431236, 983.502911075441]
[33.76260555932266, 983.4914806686199]
[33.7689737342463, 983.4850931659685]
[33.77393021538489, 983.4800504400339]
[33.77507790464141, 983.4788738089742]
[33.778825812568826, 983.4750077487904]
[33.790967510276076, 983.4622330862355]
[33.81117895751056, 983.4505915711864]
[33.82034628194484, 983.4391969161161]
[33.83979959028164, 983.4143974006065]
[33.84855672742257, 983.403003311695]
[33.85262161679204, 983.3917171465157]
[33.88593751278575, 983.3816057022686]
[33.98030161510093, 983.2533353129382]
[34.060131104724526, 983.1678343506959]
[34.08324213611002, 983.1464606889659]
[34.161311407668734, 983.0823434929692]
[34.19036964976172, 983.0609723573682]
[34.21900558236955, 983.0409374913016]
[34.21998321952153, 983.0402696719921]
[34.23984632744376, 983.0269134153144]
[34.25307184392824, 983.0182319807626]
[34.27389520506607, 983.0048761311272]
[34.274951352031174, 983.004208345121]
[34.452200325831804, 982.9132753180183]
[34.82822173978171, 982.7122590177265]
[34.839030406074556, 982.7066030875187]
[35.114288180043104, 982.5676166215327]
[35.16676501321917, 982.5368208666972]
[35.177926875304145, 982.5301892322842]
[35.61406341142766, 982.2880149726886]
[36.001156459881, 982.1206308717161]
[36.07303484992111, 982.0902005848192]
[36.27869320078288, 982.0088762895836]
[36.28083217215671, 982.0084296794552]
[36.308631190158025, 981.9976825887134]
[36.3107770965432, 981.9972365475919]
[36.32908962737965, 981.9901104803679]
[36.37502426873232, 981.9733204441097]
[36.40606428658782, 981.9621273093984]
[36.47468531862452, 981.9377663970226]
[36.50666184091069, 981.92657382847]
[36.60981692418127, 981.8910221459284]
[36.7148088720012, 981.8554722617735]
[36.8488454511795, 981.8333470583686]
[36.942251880636576, 981.7992161506119]
[36.95108053562779, 981.797914531815]
[37.01463986359038, 981.7701668746353]
[37.04398646796448, 981.7637781927089]
[37.05247176941283, 981.7624838036479]
[37.142054782950424, 981.7286683643407]
[37.144072942290116, 981.7283420331925]
[37.14811280155906, 981.7276948204764]
[37.19388993287919, 981.7119653202614]
[37.3107640626556, 981.6824346252223]
[37.34516251295441, 981.6506677210011]
[37.400485659000516, 981.6470671301037]
[37.56673323919033, 981.5763375350264]
[37.89121384213988, 981.4142449455056]
[38.01297098410149, 981.3231460605938]
[38.01448442367015, 981.322768277133]
[38.01599915165873, 981.3223977597795]
[38.050335165928914, 981.3025193634332]
[38.11985127151088, 981.242991334531]
[38.12811146406694, 981.2399691481436]
[38.13233717817268, 981.2391874646369]
[38.13375411640915, 981.2389414356826]
[38.135175307847845, 981.2387026728358]
[38.23060126308141, 981.1632255287992]
[38.309250410872, 981.1180034054396]
[38.36246824271912, 981.0828922394878]
[38.36337607108701, 981.0828331251112]
[38.53651349575371, 981.0273954281813]
[38.61329905273662, 980.9923497931957]
[38.668996490199376, 980.9689870356423]
[38.69826334206387, 980.9573059565968]
[38.791968003780724, 980.9222639183845]
[38.85952505072066, 980.8989035586801]
[38.89487278102695, 980.887223678559]
[38.93128246469525, 980.8755439982586]
[39.003767899027814, 980.8520402781123]
[39.08771813960096, 980.8288272752646]
[41.1197404119401, 980.4621409851044]
[41.508058617185206, 980.4045119961861]
[41.744814769859666, 980.3664650242604]
[42.21855937947939, 980.3005083954425]
[42.42163719517829, 980.2641247110021]
[42.63332172004655, 980.2313356879182]
[43.13736736056114, 980.1270459255716]
[43.31080201857426, 980.0958250445025]
[43.40939509586908, 980.061637500586]
[43.72299577751156, 979.9352643627377]
[43.80805547076586, 979.8605611107846]
[43.83228448751775, 979.8482668208233]
[43.894134994543904, 979.7611793698368]
[43.944274810111864, 979.7005693710722]
[44.03056897035974, 979.6149635342322]
[44.66473872336537, 979.391066650748]
[44.78907561502605, 979.3568091859922]
[44.94771244384529, 979.3365621803625]
[45.13398792378633, 979.3008575620867]
[45.286360367798096, 979.2826456101711]
[45.37972833268628, 979.2692583270286]
[46.53965698751366, 979.1267247316093]
[47.12703245285213, 979.0721269989534]
[47.508298316705115, 979.0407083861046]
[47.7584137541032, 979.0183563912359]
[48.344337409614326, 978.971492093101]
[49.66262639102342, 978.8751453975655]
[51.78491279018091, 978.7020207496421]
[52.06756691591834, 978.6765606800194]
[52.61920908944123, 978.6269858171673]
[52.83015298352356, 978.6011994855646]
[53.630367253676, 978.5060080553983]
[54.54922379077909, 978.3220599724958]
[54.99060511208228, 978.165853398297]
[55.660382085799924, 977.997295609719]
[55.964468394550764, 977.9828749308996]
[56.57081915303098, 977.9147094091882]
[56.97247492632996, 977.8526256827446]
[57.343403268184666, 977.8488954882534]
[57.72466823843013, 977.8038627448091]
[61.84052942143264, 977.5958706766122]
[62.575264833136366, 977.5700705550647]
[63.02794255574017, 977.557740025043]
[68.1315812595737, 977.3826189915321]
[70.05844324072383, 977.310264564088]
[70.57634745679427, 977.2940894875937]
[71.06359171449492, 977.272974908174]
[71.74649035606392, 977.2659304180623]
[71.9674887622388, 977.2446053317741]
[74.84830613891135, 977.1470372909836]
[75.1217682557289, 977.138117211258]
[75.16783921308851, 977.1366626820956]
[83.97890333098779, 977.0691718376834]
values
[31.37088111864974, 989.787737822564]
[31.371528547249284, 989.7441950529715]
[31.37236449417689, 987.6796566939731]
[31.37397688507678, 987.6360929842223]
[31.375170167414115, 987.5927349574079]
[31.37586736542156, 987.5830405326672]
[31.37746224800031, 987.5629629000571]
[31.3778551657091, 987.5585957770568]
[31.378079375714655, 987.5578802473274]
[31.37839999715526, 987.5495826135297]
[31.380123898624618, 987.5066359525879]
[31.38096665902985, 987.4970351024245]
[31.385074044122668, 987.4484360843958]
[31.385269429167007, 987.4480274257396]
[31.388491646793902, 987.4059855498482]
[31.389096461907823, 987.4006640550789]
[31.389440547167258, 987.3964975549817]
[31.391815585632497, 987.3710127023669]
[31.392386457361553, 987.3637406982368]
[31.39306356467449, 987.3542994906591]
[31.39424590979062, 987.3394058976671]
[31.394261450597863, 987.3369061381841]
[31.394882061249284, 987.328936013294]
[31.395521207710914, 987.3217015295619]
[31.396494288585732, 987.3123071092729]
[31.40003797928822, 987.2870650071575]
[31.40092867396518, 987.2837966546123]
[31.401281149292824, 987.2798680438234]
[31.401434326363557, 987.2791529722422]
[31.402975823907024, 987.270520410823]
[31.404083023744157, 987.2647831249498]
[31.408648851030982, 987.2375348891655]
[31.410398610610187, 987.223240082669]
[31.41176255695925, 987.2168877524116]
[31.41179993632383, 987.2046875955235]
[31.412183467190484, 987.1961224890252]
[31.41267540399276, 987.1819027233246]
[31.41391143265944, 987.1549157718214]
[31.415196181100438, 987.1407710469165]
[31.417297046904082, 987.1381357651395]
[31.417803281475514, 987.1224057089258]
[31.418803109228868, 987.1217813012958]
[31.42302045749779, 987.0985011382653]
[31.424065794933956, 987.09426667113]
[31.428268518050743, 987.075988953906]
[31.44843376473116, 986.9860226359732]
[31.44850531720905, 986.9845752281699]
[31.449762610965013, 986.9548629441109]
[31.449879268393026, 986.9502956577771]
[31.450138660938823, 986.9419084332989]
[31.450263837926496, 986.9369317515469]
[31.450338651380953, 986.9356674314286]
[31.4508360234984, 986.9238260034467]
[31.45102091789029, 986.921939472652]
[31.451422343677773, 986.9148912301948]
[31.45158597495514, 986.9136375056321]
[31.453217106498467, 986.8970536122082]
[31.457994438060506, 986.869760969452]
[31.460065681848185, 986.8608922642084]
[31.46079098277594, 986.8573811558057]
[31.461855098821022, 986.8540947494404]
[31.461997984569823, 986.8537888951652]
[31.46378972750984, 986.8473040790917]
[31.46646625759589, 986.8384630864325]
[31.467251835839996, 986.8361026939142]
[31.467708051903976, 986.8343500055113]
[31.46898559402449, 986.8302385946414]
[31.469337440382162, 986.8296327366123]
[31.47029609614868, 986.8261288538229]
[31.47169187828951, 986.8228659804284]
[31.473003890051547, 986.8179143823397]
[31.475146243676402, 986.8126054015703]
[31.47592004683122, 986.8114029887219]
[31.477051993876024, 986.8114010797968]
[31.47831355525732, 986.808104256321]
[31.479172683498874, 986.8026067783927]
[31.47975583432362, 986.8015700432414]
[31.481739581997886, 986.7958673998861]
[31.483113241871468, 986.7909219027671]
[31.5038684951451, 986.7291388262363]
[31.506715889869557, 986.7169613773527]
[31.50774935533599, 986.7134912831294]
[31.51003749134084, 986.7025019260457]
[31.512068607808068, 986.6903650480449]
[31.512419293813497, 986.6892245424661]
[31.514467092301363, 986.6748066724874]
[31.516352274649435, 986.6594052922911]
[31.516656951893584, 986.657554616663]
[31.517259112908786, 986.6517969527897]
[31.518800986464107, 986.6386148954475]
[31.519078696962104, 986.6363277447817]
[31.519483326179124, 986.6334856829135]
[31.520833786073194, 986.621449987294]
[31.522370436614004, 986.6112331243748]
[31.522419372021602, 986.6078284276233]
[31.522849436320637, 986.606328340052]
[31.524959747794245, 986.5929658687958]
[31.526415949694762, 986.5844367319219]
[31.52719372068719, 986.5801761545495]
[31.529014081769386, 986.5702106909704]
[31.529460559375906, 986.5691320926616]
[31.53025177842453, 986.5651505814795]
[31.531315597991192, 986.5606338818254]
[31.54459650163328, 986.5132977769379]
[31.546719843459076, 986.5069962908154]
[31.552693805397574, 986.4897645221469]
[31.566963182477007, 986.448218090561]
[31.569538938512512, 986.4427764282184]
[31.576713423506686, 986.4227007013385]
[31.57758084608137, 986.4204958275163]
[31.586126631892526, 986.3972928228249]
[31.589771118172138, 986.3880295362139]
[31.58989485633152, 986.3856112655402]
[31.595252429357775, 986.3807243392085]
[31.611142754571105, 986.3145884290836]
[31.61631001244484, 986.3024681940672]
[31.623919684016446, 986.2775659765272]
[31.62781707813252, 986.265155934273]
[31.628363821903964, 986.2632425675672]
[31.631822559700094, 986.2527732696961]
[31.632561194182358, 986.2506366081674]
[31.640269712565765, 986.228090073574]
[31.645384826509503, 986.2138896989507]
[31.660365308705806, 986.1582954061208]
[31.662204128244156, 986.154069881319]
[31.670896381923395, 986.1338609586103]
[31.671865681565748, 986.131758019013]
[31.675387679704937, 986.1277646801352]
[31.677332390251465, 986.122817184795]
[31.678915609207667, 986.120864846114]
[31.68037020504323, 986.1139624187035]
[31.681910470890728, 986.1095360218088]
[31.692140179301262, 986.0874038897064]
[31.693148480960012, 986.0853205957162]
[31.69481632641492, 986.0827630013022]
[31.732728489646504, 985.9915004841617]
[31.735552324961933, 985.9837165910309]
[31.74592082753281, 985.9567152626611]
[31.747483058182393, 985.9482538661925]
[31.750087553311246, 985.940854817222]
[31.751022508945873, 985.9364877132675]
[31.755079844032874, 985.9261951619119]
[31.76274537344223, 985.8918475565868]
[31.763547769123974, 985.8874962724946]
[31.764607551842687, 985.8834944786821]
[31.765436811564022, 985.8798549522037]
[31.766491434215624, 985.8758595852978]
[31.766905124798843, 985.8740417212684]
[31.774665219815645, 985.8454481037642]
[31.77550123634053, 985.841113789771]
[31.79490930932819, 985.7724103585138]
[31.79637043609188, 985.7687063212959]
[31.798114363919968, 985.762935249269]
[31.79940437238688, 985.761307408459]
[31.801502161012387, 985.7534689247808]
[31.804300377102447, 985.7448498967981]
[31.807244631840295, 985.7362334985513]
[31.81034125815718, 985.7276197300407]
[31.814041282106537, 985.7198660715243]
[31.88275669031047, 985.6145108308173]
[31.999446276169344, 985.5170356309422]
[32.02584274033443, 985.4966708556157]
[32.030171867230415, 985.4872427936187]
[32.0327195922137, 985.4537999664726]
[32.04621881445541, 985.4442653403963]
[32.05670732895709, 985.3732091498425]
[32.06052141587854, 985.3658593966755]
[32.062916710584275, 985.3605417866708]
[32.06411729257063, 985.358520089037]
[32.064992123731635, 985.3563179016048]
[32.06560270424704, 985.3552579497522]
[32.06749609906357, 985.3511912269271]
[32.06836201228355, 985.3492599589625]
[32.07039315017962, 985.3469704287033]
[32.07201023538461, 985.3422542182485]
[32.07246436042731, 985.3396154931655]
[32.07517731012562, 985.3308754611936]
[32.106385986817436, 985.1503527309663]
[32.115980373794166, 985.1083677093666]
[32.117307015756786, 985.102298744538]
[32.12468936161672, 985.0822704822267]
[32.134549558819906, 985.0454055388441]
[32.13509043658435, 985.0444423377064]
[32.13650059472663, 985.0413729842674]
[32.137035522723714, 985.0404573547139]
[32.1399404694473, 985.0344166909213]
[32.14299339667078, 985.0283818576138]
[32.14358964518903, 985.0274708431037]
[32.14524776767551, 985.0243656336072]
[32.14619655112495, 985.0223528547913]
[32.14745183623133, 985.0205354408147]
[32.149203756811204, 985.0174343974732]
[32.15046795275288, 985.0150599750373]
[32.151530242747484, 985.0136104840543]
[32.15269622018151, 985.0114182847706]
[32.155265942402615, 985.0074183913342]
[32.158226311085535, 985.0024050478763]
[32.15975564310666, 985.0005122124122]
[32.16369992990569, 984.9945148203146]
[32.16508704344547, 984.992898286944]
[32.16770059827689, 984.9892761768638]
[32.17037776874222, 984.9856572331903]
[32.17345134050223, 984.9840831408346]
[32.174564172201336, 984.9798563488172]
[32.17524150979184, 984.9791423831798]
[32.17935932344114, 984.9767987603906]
[32.180655601022096, 984.9722800995904]
[32.18172357623997, 984.971213122566]
[32.18488265646053, 984.9704878446757]
[32.18847114313682, 984.9652439782044]
[32.18902414261632, 984.9630412536704]
[32.19062983053128, 984.9583461050813]
[32.20018304440412, 984.9454820883807]
[32.52286035347038, 984.677736533794]
[32.541300501416345, 984.663889358128]
[32.547033386255194, 984.6589960943567]
[32.548900670307724, 984.6576848588325]
[32.560943636980824, 984.648298506296]
[32.56279192859546, 984.6465044866164]
[32.57968262728049, 984.6327505957745]
[32.58140810715775, 984.6314562659993]
[32.583128485192425, 984.6301636463119]
[32.59576300743531, 984.6190473674433]
[32.59742042467779, 984.6172456265638]
[32.60551885159977, 984.6073095301806]
[32.6109719089602, 984.6053948016225]
[32.613076484737185, 984.6002795454716]
[32.61649541949965, 984.5970119643309]
[32.617676098757904, 984.5969172148932]
[32.6215608671427, 984.5929240453071]
[32.62253443200245, 984.5909795054133]
[32.6254227246282, 984.5890578269172]
[32.62814637395135, 984.5881736551565]
[32.630804940477944, 984.5835164705445]
[32.63318290689947, 984.5806043994843]
[32.63374028682448, 984.5803985348546]
[32.63504759693575, 984.579557322239]
[32.635130563963074, 984.5781085505431]
[32.63529462050989, 984.577948429052]
[32.63594980115726, 984.5773082102886]
[32.63765161821376, 984.5754900526784]
[32.64125547962018, 984.57461437416]
[32.645635953359715, 984.5684210584794]
[32.647098329987294, 984.5658822874744]
[32.64718703959486, 984.5649591348048]
[32.64886794896496, 984.564268652415]
[32.65328355332027, 984.5590150594578]
[32.6539944012871, 984.5577420462475]
[32.65552684300651, 984.5570529282469]
[32.6571719606462, 984.5543211187263]
[32.65860424105405, 984.5530773013685]
[32.65897236845998, 984.5515502149997]
[32.66115183709851, 984.5496435522372]
[32.66217897867593, 984.5480049935911]
[32.665556315075, 984.5454066760857]
[32.667813426204106, 984.5397338596263]
[32.66979594389131, 984.5377215607666]
[32.670455586262236, 984.5370151989127]
[32.67343004743725, 984.5366169320813]
[32.67523960887776, 984.529610173857]
[32.67654149667031, 984.528379473378]
[32.67748461228981, 984.5275291583472]
[32.678120682076454, 984.5260456754227]
[32.68099087172786, 984.5247390868919]
[32.682187551581315, 984.5219405076175]
[32.68429558495912, 984.5185324407788]
[32.74688540725627, 984.3154895579244]
[32.751336103686135, 984.2904075855473]
[32.753711186773415, 984.2788837191562]
[32.7579252060062, 984.2733354055267]
[32.76010576055868, 984.2654014781608]
[32.760793929296256, 984.2618225159625]
[32.76113068759388, 984.2565062452679]
[32.76228167937325, 984.2526546929122]
[32.7629041954828, 984.2504531851305]
[32.76566750141286, 984.2445535158071]
[32.76728907509295, 984.2372550578293]
[32.76800255332274, 984.235053811816]
[32.7708120267195, 984.2346768814525]
[32.77203121295699, 984.2252533431488]
[32.77761076185916, 984.2112284435343]
[32.7786514929066, 984.2079851922315]
[32.793460251115164, 984.1672748422548]
[32.80102910894769, 984.1548880135878]
[32.80195815072932, 984.1534318115899]
[32.8080965596005, 984.1511348514983]
[32.80873240789921, 984.150119226899]
[32.81023297647159, 984.1477494415636]
[32.81088336651902, 984.1467338215898]
[32.81499179916566, 984.1404708624143]
[32.81508978274219, 984.1343804490713]
[32.81952737291854, 984.1284241164853]
[32.821216167910535, 984.1262436127172]
[32.82595396561117, 984.1248983277889]
[32.82721118910085, 984.12320568064]
[32.827337631406714, 984.1230364161372]
[32.8276464179647, 984.1181235963412]
[32.82828754920438, 984.1175900011598]
[32.82976934863487, 984.1159931946906]
[32.833574706816655, 984.1117276415282]
[32.83586203636397, 984.1084148645377]
[32.83830049098324, 984.1054306973188]
[32.841495485331734, 984.1050945974243]
[32.84333647853983, 984.1028942155104]
[32.844579388227565, 984.0987695732838]
[32.848261552790106, 984.0971394013029]
[32.851233674128935, 984.0937542372897]
[32.85213621642039, 984.0927386910922]
[32.852740716293624, 984.0920616610648]
[32.85344585888654, 984.0888872596224]
[32.85385501305111, 984.0884941072196]
[32.85775089349616, 984.0844712431499]
[32.860963488853095, 984.0830910714254]
[32.86144084816285, 984.0825833054384]
[32.861724048396894, 984.0804525840747]
[32.86215445587231, 984.0800643262126]
[32.86792867711704, 984.0758131254272]
[32.874646867302594, 984.0690430070891]
[32.87643128235372, 984.0667190356949]
[32.877053012859264, 984.066673480241]
[32.87838674760133, 984.0644199977193]
[32.87844415584899, 984.0642316077559]
[32.881067920195505, 984.0627807025346]
[32.88159729490253, 984.062272950424]
[32.88932981629718, 984.0549952082938]
[32.892158444291034, 984.0522743714098]
[32.89222453453541, 984.0518611672132]
[32.89620085310026, 984.0487330221131]
[32.90249943807355, 984.0431478735533]
[32.906395105788945, 984.0397629554614]
[32.90708293246885, 984.0391705963805]
[32.90777257225924, 984.0385782377717]
[32.90975296390204, 984.0368857872058]
[32.911748161495005, 984.0351933404945]
[32.91214897794676, 984.0348548516148]
[32.91987703513589, 984.0284235921947]
[32.920289697626146, 984.0280851063986]
[32.92319491176978, 984.0257157101433]
[32.92403029989963, 984.0250387411722]
[32.9248680548343, 984.024361772818]
[32.926129123989035, 984.0233463214429]
[32.928242732965444, 984.0216539055681]
[32.93560062616352, 984.0167259181267]
[32.938155472621325, 984.0138688421908]
[32.93947142633674, 984.0128534051547]
[32.94256256676503, 984.0104840574669]
[32.95075676450236, 984.0043068650912]
[32.95475454207017, 984.0013452157266]
[32.95682790665147, 983.9998220863642]
[32.9576373944016, 983.999229759122]
[32.95914544635386, 983.9981297240679]
[32.95984353695556, 983.9976220161307]
[32.96007652366238, 983.9974527802286]
[32.961477485046025, 983.9964373656262]
[32.9622971182545, 983.9958450410821]
[32.97820491496482, 983.9845909644616]
[32.97979370771816, 983.9834909510798]
[32.99537440810491, 983.9729139824452]
[32.99868368842309, 983.9707139918855]
[33.004078664176774, 983.9671601747423]
[33.024059905811285, 983.9558759781214]
[33.02692790589141, 983.9533282034251]
[33.04365427837227, 983.9429495860708]
[33.0471836971659, 983.9406684814784]
[33.056439226826186, 983.9351852463628]
[33.0674414896557, 983.9278268385704]
[33.069339854185166, 983.9266440668686]
[33.07671222077459, 983.9220819651393]
[33.07966361059034, 983.9213109535405]
[33.08700734561679, 983.9171338647369]
[33.105256836128085, 983.9048476121989]
[33.10725447610635, 983.9036648771925]
[33.19301608439705, 983.8655314588966]
[33.211923685697144, 983.8540720933217]
[33.23209088034019, 983.8456790381006]
[33.24106074658506, 983.8407056776465]
[33.25391774712409, 983.8291317373021]
[33.302123730916136, 983.8043242890291]
[33.54042451389382, 983.6614297164062]
[33.54966845422433, 983.6556991742526]
[33.55857642590277, 983.6499557141941]
[33.56507807287906, 983.6459538486062]
[33.567564112209084, 983.6442266745252]
[33.57154324611666, 983.6417018079956]
[33.578995361886776, 983.6367731104496]
[33.579307349230895, 983.636549723178]
[33.585251071731406, 983.6327687288635]
[33.58800577779239, 983.6308220667706]
[33.59391819141739, 983.6268611894259]
[33.60510210164887, 983.6193668876325]
[33.61956700533483, 983.6131900359388]
[33.63862990157068, 983.5956777655059]
[33.64329105581664, 983.5922967638495]
[33.65524713539633, 983.5834075553761]
[33.695986747490416, 983.5519462928438]
[33.702731344303935, 983.5462287961604]
[33.70811430932844, 983.5422464844161]
[33.71592623605983, 983.5347939364702]
[33.71813838816662, 983.533182523297]
[33.71951518672462, 983.5321602809064]
[33.72101314601069, 983.5308154642562]
[33.7244573644094, 983.5277055852011]
[33.732083701673844, 983.5207294180128]
[33.735077828735605, 983.5179557796231]
[33.7401991431241, 983.5131649743945]
[33.74998681473232, 983.5071144299096]
[33.75094981431236, 983.502911075441]
[33.752165441291595, 983.5017344076858]
[33.76260555932266, 983.4914806686199]
[33.76378632734522, 983.4903040192124]
[33.76806019907977, 983.486927872146]
[33.7689737342463, 983.4850931659685]
[33.77393021538489, 983.4800504400339]
[33.77507790464141, 983.4788738089742]
[33.778825812568826, 983.4750077487904]
[33.780855139342584, 983.4740635332514]
[33.78947320057339, 983.4725942681679]
[33.790967510276076, 983.4622330862355]
[33.79772326378787, 983.4603821379673]
[33.802226827455364, 983.4502451303875]
[33.80746494142203, 983.44897650607]
[33.8122599291365, 983.4432737569597]
[33.82034628194484, 983.4391969161161]
[33.82336644467603, 983.4265934757419]
[33.83419360504875, 983.414540451203]
[33.83979959028164, 983.4143974006065]
[33.84855672742257, 983.403003311695]
[33.85262161679204, 983.3917171465157]
[33.85388578884551, 983.3912568023553]
[33.8583615689611, 983.3855537950917]
[33.88593751278575, 983.3816057022686]
[33.98030161510093, 983.2533353129382]
[34.05941684524714, 983.1590541975049]
[34.08324213611002, 983.1464606889659]
[34.08561306919067, 983.136563512193]
[34.11334293102602, 983.1142597155265]
[34.13665351575001, 983.0965512380179]
[34.15885060205615, 983.0847876494529]
[34.161311407668734, 983.0823434929692]
[34.19036964976172, 983.0609723573682]
[34.21900558236955, 983.0409374913016]
[34.21998321952153, 983.0402696719921]
[34.23984632744376, 983.0269134153144]
[34.25307184392824, 983.0182319807626]
[34.27389520506607, 983.0048761311272]
[34.274951352031174, 983.004208345121]
[34.29312076261126, 982.9928560773772]
[34.452200325831804, 982.9132753180183]
[34.496596679916, 982.8897178325875]
[34.547046158553805, 982.8634303345198]
[34.557343422946644, 982.8577758231393]
[34.82822173978171, 982.7122590177265]
[34.83866432141793, 982.7070701407323]
[34.839030406074556, 982.7066030875187]
[35.11272188900406, 982.576062901753]
[35.114288180043104, 982.5676166215327]
[35.1496817571204, 982.5576288560163]
[35.16676501321917, 982.5368208666972]
[35.177926875304145, 982.5301892322842]
[35.19811693385267, 982.5281165656686]
[35.541033302098754, 982.3236340779002]
[35.61406341142766, 982.2880149726886]
[36.001156459881, 982.1206308717161]
[36.07303484992111, 982.0902005848192]
[36.27869320078288, 982.0088762895836]
[36.28083217215671, 982.0084296794552]
[36.308631190158025, 981.9976825887134]
[36.3107770965432, 981.9972365475919]
[36.32588581396442, 981.9916400484985]
[36.32908962737965, 981.9901104803679]
[36.37502426873232, 981.9733204441097]
[36.40606428658782, 981.9621273093984]
[36.47468531862452, 981.9377663970226]
[36.50666184091069, 981.92657382847]
[36.508821564341886, 981.9261314022167]
[36.522746783745944, 981.9209776110318]
[36.55659432439626, 981.9045291694765]
[36.566702529574194, 981.9033025017044]
[36.606047838800926, 981.8877263373421]
[36.615997675125094, 981.8865071172609]
[36.62624149458925, 981.8854262115697]
[36.63677865021977, 981.8844836202686]
[36.66567574294571, 981.8809976269476]
[36.7148088720012, 981.8554722617735]
[36.811098127520495, 981.8407320495505]
[36.844186887423625, 981.8246618523807]
[36.88778328256366, 981.8246266532711]
[36.914207536706606, 981.8052766150823]
[36.942251880636576, 981.7992161506119]
[36.94555904526288, 981.7987246375752]
[36.95108053562779, 981.797914531815]
[36.956256925374, 981.7892598143557]
[36.97796159039283, 981.7890899428523]
[37.01463986359038, 981.7701668746353]
[37.04398646796448, 981.7637781927089]
[37.048226077853826, 981.7631273651247]
[37.05247176941283, 981.7624838036479]
[37.06652619339614, 981.7539959320791]
[37.07681418043386, 981.7539800741789]
[37.112823811493634, 981.7423022263796]
[37.142054782950424, 981.7286683643407]
[37.144072942290116, 981.7283420331925]
[37.14609228601431, 981.7280175185709]
[37.14811280155906, 981.7276948204764]
[37.17395075422967, 981.718870205551]
[37.19388993287919, 981.7119653202614]
[37.3107640626556, 981.6824346252223]
[37.34516251295441, 981.6506677210011]
[37.400485659000516, 981.6470671301037]
[37.4410598258165, 981.6261547924811]
[37.487631456108346, 981.6114477360185]
[37.510641722045484, 981.5901055286644]
[37.56673323919033, 981.5763375350264]
[37.89121384213988, 981.4142449455056]
[38.01297098410149, 981.3231460605938]
[38.01448442367015, 981.322768277133]
[38.01599915165873, 981.3223977597795]
[38.050335165928914, 981.3025193634332]
[38.05467880883261, 981.2998025820607]
[38.07399817079504, 981.2814833299441]
[38.096068736558465, 981.2646918477488]
[38.113570300021685, 981.2551942589633]
[38.11801334347203, 981.2479349044908]
[38.11985127151088, 981.242991334531]
[38.12811146406694, 981.2399691481436]
[38.13233717817268, 981.2391874646369]
[38.13375411640915, 981.2389414356826]
[38.135175307847845, 981.2387026728358]
[38.154721367609326, 981.2200834189208]
[38.166045180817605, 981.215713259491]
[38.17923869470441, 981.1978921825514]
[38.20869148644008, 981.1806023224347]
[38.21163582216215, 981.1801938531207]
[38.23060126308141, 981.1632255287992]
[38.236537653426026, 981.1609875741582]
[38.239574391979076, 981.1606142338164]
[38.309250410872, 981.1180034054396]
[38.36246824271912, 981.0828922394878]
[38.36337607108701, 981.0828331251112]
[38.53651349575371, 981.0273954281813]
[38.61329905273662, 980.9923497931957]
[38.668996490199376, 980.9689870356423]
[38.69826334206387, 980.9573059565968]
[38.78071831910965, 980.9156300011035]
[38.85952505072066, 980.8989035586801]
[38.89487278102695, 980.887223678559]
[38.93128246469525, 980.8755439982586]
[39.003767899027814, 980.8520402781123]
[39.08771813960096, 980.8288272752646]
[39.12391480587031, 980.8169284580445]
[39.25572818037777, 980.781888191077]
[41.10165646612937, 980.465196088837]
[41.1197404119401, 980.4621409851044]
[41.204525064212675, 980.450070039158]
[41.40984423713297, 980.4199215566115]
[41.508058617185206, 980.4045119961861]
[41.61334262660702, 980.3899112298134]
[41.744814769859666, 980.3664650242604]
[41.86954373873072, 980.3519097842641]
[41.984257861665206, 980.3342011840575]
[42.10157206813222, 980.3171508427168]
[42.21855937947939, 980.3005083954425]
[42.42163719517829, 980.2641247110021]
[42.63332172004655, 980.2313356879182]
[42.814352554466424, 980.1959214063132]
[42.90901159923506, 980.1893867444994]
[43.04290829314506, 980.1542732107948]
[43.13736736056114, 980.1270459255716]
[43.168939882182485, 980.1256710585833]
[43.27659862367247, 980.0937252423236]
[43.35212754766723, 980.0783078176717]
[43.40939509586908, 980.061637500586]
[43.72299577751156, 979.9352643627377]
[43.80805547076586, 979.8605611107846]
[43.83228448751775, 979.8482668208233]
[43.894134994543904, 979.7611793698368]
[43.944274810111864, 979.7005693710722]
[44.03056897035974, 979.6149635342322]
[44.49876646082251, 979.4193829867949]
[44.60515849617849, 979.3943189332385]
[44.643148217110614, 979.3859949499972]
[44.72297824130891, 979.3693930354307]
[44.78907561502605, 979.3568091859922]
[44.85246962933824, 979.3446052933712]
[44.86958630612514, 979.3431636473701]
[44.89825715322003, 979.3363734139622]
[44.99379240189144, 979.3199557070602]
[45.13398792378633, 979.3008575620867]
[45.1737190033032, 979.2913724698794]
[45.286360367798096, 979.2826456101711]
[45.37972833268628, 979.2692583270286]
[46.53965698751366, 979.1267247316093]
[47.12703245285213, 979.0721269989534]
[47.508298316705115, 979.0407083861046]
[47.7584137541032, 979.0183563912359]
[48.344337409614326, 978.971492093101]
[49.66262639102342, 978.8751453975655]
[50.65526679942103, 978.7751016750889]
[50.92911258489836, 978.7535757201877]
[51.19668971358635, 978.732187921035]
[51.45706144416509, 978.7109382776308]
[51.78491279018091, 978.7020207496421]
[52.06756691591834, 978.6765606800194]
[52.462094840801555, 978.6359770309018]
[52.61920908944123, 978.6269858171673]
[52.83015298352356, 978.6011994855646]
[53.05656166776396, 978.5792258341097]
[53.398608803951696, 978.5359927745923]
[53.456259251633, 978.531685537275]
[53.47688386138564, 978.5261238485891]
[53.48965217396312, 978.5244823855408]
[53.55231043808861, 978.516289461523]
[53.630367253676, 978.5060080553983]
[53.69472389950643, 978.4967243042023]
[53.7132625257191, 978.4954214366527]
[53.79223120181399, 978.484896657854]
[53.84697427571746, 978.4740729008435]
[53.93688352541921, 978.4610353677957]
[53.965987200052744, 978.4548070809777]
[54.00338471315867, 978.4484158422998]
[54.07488315111279, 978.4356794168604]
[54.5416216973465, 978.326248941885]
[54.54922379077909, 978.3220599724958]
[54.75371413349441, 978.2511647373477]
[54.99060511208228, 978.165853398297]
[55.54859507221811, 978.0171702416483]
[55.660382085799924, 977.997295609719]
[55.91701822366457, 977.9600010018552]
[56.034731521185634, 977.9432292900572]
[56.062911161050906, 977.9426179714195]
[56.10057977368669, 977.9368273217887]
[56.109667023104265, 977.9343960340259]
[56.21984297710813, 977.9234578114048]
[56.244921622689645, 977.9193626827015]
[56.38888054844534, 977.9044674871257]
[56.57020812067644, 977.885646998582]
[56.5945461098418, 977.8848221352998]
[56.666610693840525, 977.87832826474]
[56.7311110585525, 977.8726685143483]
[56.81602154646069, 977.8654223936935]
[56.97247492632996, 977.8526256827446]
[57.11513392974565, 977.8415181060567]
[57.30640903495035, 977.8273597411393]
[57.50643884536754, 977.8133395319702]
[57.62711851316955, 977.8052248777137]
[57.72466823843013, 977.8038627448091]
[57.96924022537464, 977.7834363630743]
[58.12277184036515, 977.7726844723218]
[60.73294882563535, 977.641374117534]
[61.65904763608373, 977.6024499452708]
[61.76082912066457, 977.5985222252941]
[61.84052942143264, 977.5958706766122]
[62.06805271884015, 977.5868311691967]
[62.575264833136366, 977.5700705550647]
[62.631782034831545, 977.5663664218594]
[62.9445672653015, 977.5550668889146]
[62.9546081277976, 977.552640458547]
[63.22346805036557, 977.545138842234]
[63.3162399755592, 977.5414485022914]
[63.4517736722169, 977.5350192783877]
[63.83923910782043, 977.5219628145753]
[63.94947563741003, 977.5177444470146]
[64.06150093480167, 977.5160096627775]
[64.24858379076468, 977.511322722176]
[64.26321541740009, 977.5070124783751]
[64.34014706242664, 977.5065182564871]
[64.43161657074019, 977.5017204685419]
[64.61788915577822, 977.4971360102942]
[64.80178198397309, 977.4901063427542]
[64.82994875709232, 977.48830662636]
[64.98504532583911, 977.4831191341481]
[65.16848890245834, 977.4774364642726]
[65.25946070553846, 977.4739822070975]
[65.53194582567023, 977.4649544401443]
[65.80221826339056, 977.4560358332888]
[66.15753089398608, 977.4425972700124]
[66.59715022690989, 977.4299349733074]
[66.74318267485125, 977.4251504353617]
[66.76789896267468, 977.4207914138029]
[66.93885754701259, 977.4142888179556]
[67.27774634940052, 977.4040446367584]
[67.40533647904418, 977.4038905853105]
[67.60848142864123, 977.3913542220872]
[68.1315812595737, 977.3826189915321]
[69.36842451360398, 977.3316465541503]
[69.44835003069473, 977.3289173883842]
[69.68443879536896, 977.3208219949179]
[70.05844324072383, 977.310264564088]
[70.32167699920286, 977.3034873559996]
[70.57634745679427, 977.2940894875937]
[70.8233612359881, 977.2834472800162]
[71.06359171449492, 977.272974908174]
[71.29840025359684, 977.2655723422221]
[71.52603919579622, 977.2554572063372]
[71.54329550345027, 977.253852987692]
[71.63769428486737, 977.2504633267955]
[71.96558368349628, 977.2386909219139]
[72.12532979500139, 977.2329684596193]
[72.1773876129449, 977.2291028577217]
[72.48797269985013, 977.2180394113198]
[72.79036657527412, 977.2074126053078]
[74.84830613891135, 977.1470372909836]
[74.97212964812881, 977.1341622337146]
[75.14086808596046, 977.1301840971339]
[75.37032710519897, 977.1300071326469]
[76.60919527861635, 977.1034823513133]
[83.97890333098779, 977.0691718376834]
values
[31.37088111864974, 989.787737822564]
[31.37096887650279, 989.7779545865639]
[31.371528547249284, 989.7441950529715]
[31.37236449417689, 987.6796566939731]
[31.37397688507678, 987.6360929842223]
[31.375170167414115, 987.5927349574079]
[31.37586736542156, 987.5830405326672]
[31.37746224800031, 987.5629629000571]
[31.3778551657091, 987.5585957770568]
[31.378079375714655, 987.5578802473274]
[31.37839999715526, 987.5495826135297]
[31.380123898624618, 987.5066359525879]
[31.38096665902985, 987.4970351024245]
[31.385074044122668, 987.4484360843958]
[31.385269429167007, 987.4480274257396]
[31.388491646793902, 987.4059855498482]
[31.389096461907823, 987.4006640550789]
[31.389440547167258, 987.3964975549817]
[31.391815585632497, 987.3710127023669]
[31.392386457361553, 987.3637406982368]
[31.39306356467449, 987.3542994906591]
[31.39424590979062, 987.3394058976671]
[31.394261450597863, 987.3369061381841]
[31.394882061249284, 987.328936013294]
[31.395521207710914, 987.3217015295619]
[31.396494288585732, 987.3123071092729]
[31.40003797928822, 987.2870650071575]
[31.40092867396518, 987.2837966546123]
[31.401281149292824, 987.2798680438234]
[31.401434326363557, 987.2791529722422]
[31.402975823907024, 987.270520410823]
[31.404083023744157, 987.2647831249498]
[31.408648851030982, 987.2375348891655]
[31.410398610610187, 987.223240082669]
[31.41176255695925, 987.2168877524116]
[31.41179993632383, 987.2046875955235]
[31.412183467190484, 987.1961224890252]
[31.41267540399276, 987.1819027233246]
[31.41391143265944, 987.1549157718214]
[31.415196181100438, 987.1407710469165]
[31.417297046904082, 987.1381357651395]
[31.417803281475514, 987.1224057089258]
[31.418803109228868, 987.1217813012958]
[31.42302045749779, 987.0985011382653]
[31.424065794933956, 987.09426667113]
[31.428268518050743, 987.075988953906]
[31.447647130411873, 986.9950403409634]
[31.44843376473116, 986.9860226359732]
[31.44850531720905, 986.9845752281699]
[31.449617753224338, 986.96080010115]
[31.449762610965013, 986.9548629441109]
[31.449879268393026, 986.9502956577771]
[31.450138660938823, 986.9419084332989]
[31.450263837926496, 986.9369317515469]
[31.450338651380953, 986.9356674314286]
[31.4508360234984, 986.9238260034467]
[31.45102091789029, 986.921939472652]
[31.451422343677773, 986.9148912301948]
[31.45158597495514, 986.9136375056321]
[31.453217106498467, 986.8970536122082]
[31.457994438060506, 986.869760969452]
[31.460065681848185, 986.8608922642084]
[31.46079098277594, 986.8573811558057]
[31.461855098821022, 986.8540947494404]
[31.461997984569823, 986.8537888951652]
[31.46378972750984, 986.8473040790917]
[31.464517676238497, 986.8449404731202]
[31.4645176762385, 986.8449404731201]
[31.46646625759589, 986.8384630864325]
[31.467251835839996, 986.8361026939142]
[31.467708051903976, 986.8343500055113]
[31.46898559402449, 986.8302385946414]
[31.469337440382162, 986.8296327366123]
[31.470172189149256, 986.8272755575473]
[31.47029609614868, 986.8261288538229]
[31.471447241353243, 986.8237416081803]
[31.47169187828951, 986.8228659804284]
[31.473003890051547, 986.8179143823397]
[31.47457353976027, 986.8149299348323]
[31.475146243676402, 986.8126054015703]
[31.47592004683122, 986.8114029887219]
[31.477051993876024, 986.8114010797968]
[31.47831355525732, 986.808104256321]
[31.479172683498874, 986.8026067783927]
[31.47975583432362, 986.8015700432414]
[31.481739581997886, 986.7958673998861]
[31.483113241871468, 986.7909219027671]
[31.5038684951451, 986.7291388262363]
[31.506715889869557, 986.7169613773527]
[31.50774935533599, 986.7134912831294]
[31.51003749134084, 986.7025019260457]
[31.512068607808068, 986.6903650480449]
[31.512419293813497, 986.6892245424661]
[31.514467092301363, 986.6748066724874]
[31.516352274649435, 986.6594052922911]
[31.516656951893584, 986.657554616663]
[31.517259112908786, 986.6517969527897]
[31.518078117259762, 986.6455089166506]
[31.518800986464107, 986.6386148954475]
[31.519078696962104, 986.6363277447817]
[31.519483326179124, 986.6334856829135]
[31.520833786073194, 986.621449987294]
[31.522370436614004, 986.6112331243748]
[31.522419372021602, 986.6078284276233]
[31.522849436320637, 986.606328340052]
[31.524959747794245, 986.5929658687958]
[31.526415949694762, 986.5844367319219]
[31.527071030189813, 986.5810377475909]
[31.52719372068719, 986.5801761545495]
[31.528720282708793, 986.5725240737358]
[31.529014081769386, 986.5702106909704]
[31.529460559375906, 986.5691320926616]
[31.53025177842453, 986.5651505814795]
[31.531315597991192, 986.5606338818254]
[31.537398824543978, 986.5369208968308]
[31.54459650163328, 986.5132977769379]
[31.546719843459076, 986.5069962908154]
[31.552693805397574, 986.4897645221469]
[31.566963182477007, 986.448218090561]
[31.569538938512512, 986.4427764282184]
[31.5726654129913, 986.4344378599677]
[31.576713423506686, 986.4227007013385]
[31.57758084608137, 986.4204958275163]
[31.58141319682629, 986.4111887655399]
[31.581904521188125, 986.4088830920329]
[31.586126631892526, 986.3972928228249]
[31.589771118172138, 986.3880295362139]
[31.58989485633152, 986.3856112655402]
[31.595252429357775, 986.3807243392085]
[31.611142754571105, 986.3145884290836]
[31.61631001244484, 986.3024681940672]
[31.618360850160492, 986.2959992726594]
[31.620783666114647, 986.2878512730322]
[31.623919684016446, 986.2775659765272]
[31.62426845703462, 986.2764923705149]
[31.62531887568402, 986.2732730078625]
[31.62781707813252, 986.265155934273]
[31.628363821903964, 986.2632425675672]
[31.631822559700094, 986.2527732696961]
[31.632561194182358, 986.2506366081674]
[31.640269712565765, 986.228090073574]
[31.645384826509503, 986.2138896989507]
[31.660365308705806, 986.1582954061208]
[31.662204128244156, 986.154069881319]
[31.669609815135562, 986.1369648685734]
[31.670896381923395, 986.1338609586103]
[31.671865681565748, 986.131758019013]
[31.675387679704937, 986.1277646801352]
[31.677332390251465, 986.122817184795]
[31.678915609207667, 986.120864846114]
[31.679583394510658, 986.1147228399134]
[31.68037020504323, 986.1139624187035]
[31.681910470890728, 986.1095360218088]
[31.692140179301262, 986.0874038897064]
[31.693148480960012, 986.0853205957162]
[31.69481632641492, 986.0827630013022]
[31.730839959071233, 985.9965838983502]
[31.732728489646504, 985.9915004841617]
[31.735552324961933, 985.9837165910309]
[31.738782581881026, 985.9748956253587]
[31.74592082753281, 985.9567152626611]
[31.747483058182393, 985.9482538661925]
[31.750087553311246, 985.940854817222]
[31.751022508945873, 985.9364877132675]
[31.755079844032874, 985.9261951619119]
[31.76274537344223, 985.8918475565868]
[31.763547769123974, 985.8874962724946]
[31.764607551842687, 985.8834944786821]
[31.765436811564022, 985.8798549522037]
[31.766491434215624, 985.8758595852978]
[31.766905124798843, 985.8740417212684]
[31.768734792658627, 985.8672260740865]
[31.769967081488193, 985.8622592016757]
[31.774665219815645, 985.8454481037642]
[31.77550123634053, 985.841113789771]
[31.79490930932819, 985.7724103585138]
[31.79637043609188, 985.7687063212959]
[31.798114363919968, 985.762935249269]
[31.79940437238688, 985.761307408459]
[31.801502161012387, 985.7534689247808]
[31.804300377102447, 985.7448498967981]
[31.805866733712193, 985.7373731945208]
[31.807244631840295, 985.7362334985513]
[31.81034125815718, 985.7276197300407]
[31.814041282106537, 985.7198660715243]
[31.815091440733756, 985.7178841260748]
[31.88275669031047, 985.6145108308173]
[31.985379126224235, 985.5126727116693]
[31.99338688726401, 985.5033947018766]
[32.00878527173225, 985.4848922638331]
[32.02318137273706, 985.4664612678455]
[32.0327195922137, 985.4537999664726]
[32.04187221877403, 985.3978413226403]
[32.04478609570557, 985.3932097486779]
[32.050359110337226, 985.3839599961386]
[32.05558663332642, 985.3747281041134]
[32.05670732895709, 985.3732091498425]
[32.057683228496444, 985.3708463349934]
[32.05806942347406, 985.3701188557935]
[32.060464562774, 985.3655140726021]
[32.061202708022556, 985.3640608582]
[32.06277205840788, 985.3609137545392]
[32.062916710584275, 985.3605417866708]
[32.06411729257063, 985.358520089037]
[32.064992123731635, 985.3563179016048]
[32.06560270424704, 985.3552579497522]
[32.06749609906357, 985.3511912269271]
[32.06836201228355, 985.3492599589625]
[32.07039315017962, 985.3469704287033]
[32.07201023538461, 985.3422542182485]
[32.07246436042731, 985.3396154931655]
[32.07517731012562, 985.3308754611936]
[32.106385986817436, 985.1503527309663]
[32.11473228848311, 985.1095762623729]
[32.115980373794166, 985.1083677093666]
[32.117307015756786, 985.102298744538]
[32.12468936161672, 985.0822704822267]
[32.130120953959356, 985.0545062206736]
[32.13243066862914, 985.0504938194227]
[32.13397411827975, 985.0457780405891]
[32.134549558819906, 985.0454055388441]
[32.13509043658435, 985.0444423377064]
[32.13650059472663, 985.0413729842674]
[32.137035522723714, 985.0404573547139]
[32.13814863029658, 985.0370677210186]
[32.1399404694473, 985.0344166909213]
[32.14187752790718, 985.0301146255313]
[32.14192011307774, 985.0297465680947]
[32.1426537738493, 985.0283752619621]
[32.14290020258566, 985.0279182588681]
[32.14358964518903, 985.0274708431037]
[32.14436392523148, 985.0256852949201]
[32.144905536520234, 985.02426401522]
[32.145416325066556, 985.023350949059]
[32.14593091138253, 985.0224380807985]
[32.14619655112495, 985.0223528547913]
[32.14745183623133, 985.0205354408147]
[32.14749753207064, 985.0197006634195]
[32.14909859640303, 985.0169650271445]
[32.15013936057232, 985.015513291671]
[32.15018519907345, 985.0151422591299]
[32.15046795275288, 985.0150599750373]
[32.151530242747484, 985.0136104840543]
[32.15268658565928, 985.0110439253909]
[32.153537845897475, 985.0096787046966]
[32.155265942402615, 985.0074183913342]
[32.158226311085535, 985.0024050478763]
[32.15975564310666, 985.0005122124122]
[32.16369992990569, 984.9945148203146]
[32.16412077842106, 984.9937840308758]
[32.16508704344547, 984.992898286944]
[32.16770059827689, 984.9892761768638]
[32.17037776874222, 984.9856572331903]
[32.17345134050223, 984.9840831408346]
[32.174564172201336, 984.9798563488172]
[32.17524150979184, 984.9791423831798]
[32.17935932344114, 984.9767987603906]
[32.180655601022096, 984.9722800995904]
[32.18172357623997, 984.971213122566]
[32.18488265646053, 984.9704878446757]
[32.18847114313682, 984.9652439782044]
[32.18902414261632, 984.9630412536704]
[32.19062983053128, 984.9583461050813]
[32.20018304440412, 984.9454820883807]
[32.50587972998029, 984.6903042876986]
[32.52286035347038, 984.677736533794]
[32.541300501416345, 984.663889358128]
[32.547033386255194, 984.6589960943567]
[32.548900670307724, 984.6576848588325]
[32.560943636980824, 984.648298506296]
[32.56279192859546, 984.6465044866164]
[32.57968262728049, 984.6327505957745]
[32.58140810715775, 984.6314562659993]
[32.583128485192425, 984.6301636463119]
[32.59576300743531, 984.6190473674433]
[32.59742042467779, 984.6172456265638]
[32.60551885159977, 984.6073095301806]
[32.606864999498725, 984.6060137076188]
[32.60825698085141, 984.6047251228931]
[32.613076484737185, 984.6002795454716]
[32.61554674327305, 984.5978601912395]
[32.61649541949965, 984.5970119643309]
[32.617676098757904, 984.5969172148932]
[32.6215608671427, 984.5929240453071]
[32.62253443200245, 984.5909795054133]
[32.62291179195186, 984.5904915048092]
[32.62420674844654, 984.5892072928096]
[32.6254227246282, 984.5890578269172]
[32.62814637395135, 984.5881736551565]
[32.630804940477944, 984.5835164705445]
[32.630973321042994, 984.5823656823621]
[32.63318290689947, 984.5806043994843]
[32.63374028682448, 984.5803985348546]
[32.63504759693575, 984.579557322239]
[32.635130563963074, 984.5781085505431]
[32.63529462050989, 984.577948429052]
[32.63594980115726, 984.5773082102886]
[32.63629608942184, 984.5768161999313]
[32.63765161821376, 984.5754900526784]
[32.63982789278846, 984.5730795041321]
[32.64378999633109, 984.5687204583498]
[32.645635953359715, 984.5684210584794]
[32.647098329987294, 984.5658822874744]
[32.64718703959486, 984.5649591348048]
[32.647508273562735, 984.564463851382]
[32.64886794896496, 984.564268652415]
[32.65328355332027, 984.5590150594578]
[32.65331865954984, 984.5576611414191]
[32.65448183298626, 984.5563926640897]
[32.6571719606462, 984.5543211187263]
[32.65860424105405, 984.5530773013685]
[32.65897236845998, 984.5515502149997]
[32.66115183709851, 984.5496435522372]
[32.66217897867593, 984.5480049935911]
[32.66438262390119, 984.544098626591]
[32.667813426204106, 984.5397338596263]
[32.66979594389131, 984.5377215607666]
[32.670455586262236, 984.5370151989127]
[32.67343004743725, 984.5366169320813]
[32.673497279910904, 984.5318383458541]
[32.67523960887776, 984.529610173857]
[32.67654149667031, 984.528379473378]
[32.67748461228981, 984.5275291583472]
[32.678120682076454, 984.5260456754227]
[32.68099087172786, 984.5247390868919]
[32.682187551581315, 984.5219405076175]
[32.68429558495912, 984.5185324407788]
[32.74688540725627, 984.3154895579244]
[32.74968008643913, 984.3052839209753]
[32.751336103686135, 984.2904075855473]
[32.753711186773415, 984.2788837191562]
[32.7579252060062, 984.2733354055267]
[32.76010576055868, 984.2654014781608]
[32.760793929296256, 984.2618225159625]
[32.76113068759388, 984.2565062452679]
[32.76228167937325, 984.2526546929122]
[32.7629041954828, 984.2504531851305]
[32.76566750141286, 984.2445535158071]
[32.76728907509295, 984.2372550578293]
[32.76800255332274, 984.235053811816]
[32.7708120267195, 984.2346768814525]
[32.77203121295699, 984.2252533431488]
[32.77761076185916, 984.2112284435343]
[32.7786514929066, 984.2079851922315]
[32.78546314822788, 984.2010319708504]
[32.793460251115164, 984.1672748422548]
[32.80102910894769, 984.1548880135878]
[32.80195815072932, 984.1534318115899]
[32.8080965596005, 984.1511348514983]
[32.80873240789921, 984.150119226899]
[32.81023297647159, 984.1477494415636]
[32.81088336651902, 984.1467338215898]
[32.81499179916566, 984.1404708624143]
[32.81508978274219, 984.1343804490713]
[32.8186945711107, 984.1295169335013]
[32.81952737291854, 984.1284241164853]
[32.821216167910535, 984.1262436127172]
[32.82595396561117, 984.1248983277889]
[32.82721118910085, 984.12320568064]
[32.827337631406714, 984.1230364161372]
[32.8276464179647, 984.1181235963412]
[32.82828754920438, 984.1175900011598]
[32.82976934863487, 984.1159931946906]
[32.833574706816655, 984.1117276415282]
[32.83586203636397, 984.1084148645377]
[32.8366967784626, 984.1073230722503]
[32.83830049098324, 984.1054306973188]
[32.841495485331734, 984.1050945974243]
[32.84333647853983, 984.1028942155104]
[32.844579388227565, 984.0987695732838]
[32.848261552790106, 984.0971394013029]
[32.851233674128935, 984.0937542372897]
[32.85213621642039, 984.0927386910922]
[32.852740716293624, 984.0920616610648]
[32.85344585888654, 984.0888872596224]
[32.85385501305111, 984.0884941072196]
[32.85775089349616, 984.0844712431499]
[32.860963488853095, 984.0830910714254]
[32.86144084816285, 984.0825833054384]
[32.861724048396894, 984.0804525840747]
[32.86215445587231, 984.0800643262126]
[32.86792867711704, 984.0758131254272]
[32.874646867302594, 984.0690430070891]
[32.87643128235372, 984.0667190356949]
[32.877053012859264, 984.066673480241]
[32.87838674760133, 984.0644199977193]
[32.87844415584899, 984.0642316077559]
[32.881067920195505, 984.0627807025346]
[32.88159729490253, 984.062272950424]
[32.88932981629718, 984.0549952082938]
[32.892158444291034, 984.0522743714098]
[32.89222453453541, 984.0518611672132]
[32.89620085310026, 984.0487330221131]
[32.90249943807355, 984.0431478735533]
[32.906395105788945, 984.0397629554614]
[32.90708293246885, 984.0391705963805]
[32.90777257225924, 984.0385782377717]
[32.90975296390204, 984.0368857872058]
[32.911748161495005, 984.0351933404945]
[32.91214897794676, 984.0348548516148]
[32.91987703513589, 984.0284235921947]
[32.920289697626146, 984.0280851063986]
[32.92319491176978, 984.0257157101433]
[32.92403029989963, 984.0250387411722]
[32.9248680548343, 984.024361772818]
[32.926129123989035, 984.0233463214429]
[32.928242732965444, 984.0216539055681]
[32.93560062616352, 984.0167259181267]
[32.938155472621325, 984.0138688421908]
[32.93947142633674, 984.0128534051547]
[32.94256256676503, 984.0104840574669]
[32.95075676450236, 984.0043068650912]
[32.95475454207017, 984.0013452157266]
[32.95682790665147, 983.9998220863642]
[32.9576373944016, 983.999229759122]
[32.95914544635386, 983.9981297240679]
[32.95984353695556, 983.9976220161307]
[32.96007652366238, 983.9974527802286]
[32.961477485046025, 983.9964373656262]
[32.9622971182545, 983.9958450410821]
[32.97820491496482, 983.9845909644616]
[32.97979370771816, 983.9834909510798]
[32.99537440810491, 983.9729139824452]
[32.99868368842309, 983.9707139918855]
[33.004078664176774, 983.9671601747423]
[33.024059905811285, 983.9558759781214]
[33.02692790589141, 983.9533282034251]
[33.04365427837227, 983.9429495860708]
[33.0471836971659, 983.9406684814784]
[33.056439226826186, 983.9351852463628]
[33.0674414896557, 983.9278268385704]
[33.069339854185166, 983.9266440668686]
[33.07671222077459, 983.9220819651393]
[33.07966361059034, 983.9213109535405]
[33.08700734561679, 983.9171338647369]
[33.105256836128085, 983.9048476121989]
[33.10725447610635, 983.9036648771925]
[33.19301608439705, 983.8655314588966]
[33.211923685697144, 983.8540720933217]
[33.23209088034019, 983.8456790381006]
[33.24106074658506, 983.8407056776465]
[33.25391774712409, 983.8291317373021]
[33.27100257815528, 983.8239818270064]
[33.290525298280926, 983.8131461735607]
[33.302123730916136, 983.8043242890291]
[33.54042451389382, 983.6614297164062]
[33.54966845422433, 983.6556991742526]
[33.55857642590277, 983.6499557141941]
[33.56507807287906, 983.6459538486062]
[33.567564112209084, 983.6442266745252]
[33.57154324611666, 983.6417018079956]
[33.578995361886776, 983.6367731104496]
[33.579307349230895, 983.636549723178]
[33.585251071731406, 983.6327687288635]
[33.58800577779239, 983.6308220667706]
[33.59391819141739, 983.6268611894259]
[33.60510210164887, 983.6193668876325]
[33.61956700533483, 983.6131900359388]
[33.63862990157068, 983.5956777655059]
[33.640001215928045, 983.5946824402888]
[33.64329105581664, 983.5922967638495]
[33.65524713539633, 983.5834075553761]
[33.67254636885476, 983.5701848815905]
[33.695986747490416, 983.5519462928438]
[33.702731344303935, 983.5462287961604]
[33.70811430932844, 983.5422464844161]
[33.71167083734208, 983.5388986367186]
[33.71592623605983, 983.5347939364702]
[33.71813838816662, 983.533182523297]
[33.71951518672462, 983.5321602809064]
[33.72101314601069, 983.5308154642562]
[33.7244573644094, 983.5277055852011]
[33.730790062848776, 983.5217504301302]
[33.732083701673844, 983.5207294180128]
[33.735077828735605, 983.5179557796231]
[33.7401991431241, 983.5131649743945]
[33.74998681473232, 983.5071144299096]
[33.75094981431236, 983.502911075441]
[33.752165441291595, 983.5017344076858]
[33.76260555932266, 983.4914806686199]
[33.76378632734522, 983.4903040192124]
[33.76806019907977, 983.486927872146]
[33.7689737342463, 983.4850931659685]
[33.77393021538489, 983.4800504400339]
[33.77507790464141, 983.4788738089742]
[33.778825812568826, 983.4750077487904]
[33.780855139342584, 983.4740635332514]
[33.78947320057339, 983.4725942681679]
[33.790967510276076, 983.4622330862355]
[33.79772326378787, 983.4603821379673]
[33.802226827455364, 983.4502451303875]
[33.803661950526234, 983.4494286798852]
[33.80746494142203, 983.44897650607]
[33.8122599291365, 983.4432737569597]
[33.81739721724114, 983.4411734496904]
[33.82034628194484, 983.4391969161161]
[33.82336644467603, 983.4265934757419]
[33.83293767856563, 983.415176141023]
[33.83419360504875, 983.414540451203]
[33.83979959028164, 983.4143974006065]
[33.84855672742257, 983.403003311695]
[33.85262161679204, 983.3917171465157]
[33.85388578884551, 983.3912568023553]
[33.8583615689611, 983.3855537950917]
[33.88501426263909, 983.3513366872448]
[33.98030161510093, 983.2533353129382]
[34.05941684524714, 983.1590541975049]
[34.08324213611002, 983.1464606889659]
[34.08561306919067, 983.136563512193]
[34.11334293102602, 983.1142597155265]
[34.13665351575001, 983.0965512380179]
[34.15885060205615, 983.0847876494529]
[34.161311407668734, 983.0823434929692]
[34.19036964976172, 983.0609723573682]
[34.21900558236955, 983.0409374913016]
[34.21998321952153, 983.0402696719921]
[34.23984632744376, 983.0269134153144]
[34.25307184392824, 983.0182319807626]
[34.27389520506607, 983.0048761311272]
[34.274951352031174, 983.004208345121]
[34.29312076261126, 982.9928560773772]
[34.452200325831804, 982.9132753180183]
[34.456355268411244, 982.906331370929]
[34.496596679916, 982.8897178325875]
[34.547046158553805, 982.8634303345198]
[34.557343422946644, 982.8577758231393]
[34.82822173978171, 982.7122590177265]
[34.83866432141793, 982.7070701407323]
[34.839030406074556, 982.7066030875187]
[34.95107576467454, 982.650288540929]
[35.11017310255479, 982.5722222271087]
[35.114288180043104, 982.5676166215327]
[35.1496817571204, 982.5576288560163]
[35.16676501321917, 982.5368208666972]
[35.177926875304145, 982.5301892322842]
[35.19811693385267, 982.5281165656686]
[35.44190454469487, 982.3768867507162]
[35.541033302098754, 982.3236340779002]
[35.61406341142766, 982.2880149726886]
[36.001156459881, 982.1206308717161]
[36.07303484992111, 982.0902005848192]
[36.27869320078288, 982.0088762895836]
[36.28083217215671, 982.0084296794552]
[36.28572630106678, 981.9974524359212]
[36.3107770965432, 981.9972365475919]
[36.32588581396442, 981.9916400484985]
[36.32908962737965, 981.9901104803679]
[36.36521634636502, 981.9700236019747]
[36.40606428658782, 981.9621273093984]
[36.41241181125437, 981.9532145712639]
[36.448828218850075, 981.9410514043261]
[36.47468531862452, 981.9377663970226]
[36.4832382721482, 981.9305413714967]
[36.504012519094935, 981.9228354363673]
[36.51092362027322, 981.9214531134983]
[36.522746783745944, 981.9209776110318]
[36.53182790269401, 981.9137404044893]
[36.55659432439626, 981.9045291694765]
[36.566702529574194, 981.9033025017044]
[36.59252230563633, 981.8940641240225]
[36.606047838800926, 981.8877263373421]
[36.615997675125094, 981.8865071172609]
[36.62624149458925, 981.8854262115697]
[36.63677865021977, 981.8844836202686]
[36.66567574294571, 981.8809976269476]
[36.67709843746065, 981.8804864267975]
[36.7148088720012, 981.8554722617735]
[36.78781174356193, 981.8424146797989]
[36.811098127520495, 981.8407320495505]
[36.844186887423625, 981.8246618523807]
[36.85526056105269, 981.8243695243875]
[36.87231465957149, 981.8157983907731]
[36.914207536706606, 981.8052766150823]
[36.942251880636576, 981.7992161506119]
[36.94555904526288, 981.7987246375752]
[36.95108053562779, 981.797914531815]
[36.956256925374, 981.7892598143557]
[36.966983160933175, 981.789105721409]
[36.97796159039283, 981.7890899428523]
[37.01463986359038, 981.7701668746353]
[37.04398646796448, 981.7637781927089]
[37.048226077853826, 981.7631273651247]
[37.05247176941283, 981.7624838036479]
[37.06652619339614, 981.7539959320791]
[37.07681418043386, 981.7539800741789]
[37.112823811493634, 981.7423022263796]
[37.142054782950424, 981.7286683643407]
[37.144072942290116, 981.7283420331925]
[37.14609228601431, 981.7280175185709]
[37.14811280155906, 981.7276948204764]
[37.17395075422967, 981.718870205551]
[37.19388993287919, 981.7119653202614]
[37.3107640626556, 981.6824346252223]
[37.34516251295441, 981.6506677210011]
[37.37943129124588, 981.6426900826572]
[37.4410598258165, 981.6261547924811]
[37.487631456108346, 981.6114477360185]
[37.510641722045484, 981.5901055286644]
[37.56673323919033, 981.5763375350264]
[37.89121384213988, 981.4142449455056]
[38.01297098410149, 981.3231460605938]
[38.01448442367015, 981.322768277133]
[38.01599915165873, 981.3223977597795]
[38.050335165928914, 981.3025193634332]
[38.05467880883261, 981.2998025820607]
[38.07399817079504, 981.2814833299441]
[38.096068736558465, 981.2646918477488]
[38.113570300021685, 981.2551942589633]
[38.11801334347203, 981.2479349044908]
[38.11985127151088, 981.242991334531]
[38.12811146406694, 981.2399691481436]
[38.13233717817268, 981.2391874646369]
[38.13375411640915, 981.2389414356826]
[38.135175307847845, 981.2387026728358]
[38.154721367609326, 981.2200834189208]
[38.166045180817605, 981.215713259491]
[38.17923869470441, 981.1978921825514]
[38.199880531198716, 981.1812499971635]
[38.20869148644008, 981.1806023224347]
[38.21163582216215, 981.1801938531207]
[38.23060126308141, 981.1632255287992]
[38.236537653426026, 981.1609875741582]
[38.239574391979076, 981.1606142338164]
[38.309250410872, 981.1180034054396]
[38.36246824271912, 981.0828922394878]
[38.36337607108701, 981.0828331251112]
[38.53651349575371, 981.0273954281813]
[38.54871664450654, 980.998584627853]
[38.61329905273662, 980.9923497931957]
[38.63872493240656, 980.9636849521867]
[38.657208325038134, 980.956992064761]
[38.68374381574676, 980.9476320962218]
[38.78071831910965, 980.9156300011035]
[38.85952505072066, 980.8989035586801]
[38.89487278102695, 980.887223678559]
[38.93128246469525, 980.8755439982586]
[39.003767899027814, 980.8520402781123]
[39.08771813960096, 980.8288272752646]
[39.12391480587031, 980.8169284580445]
[39.25572818037777, 980.781888191077]
[41.10165646612937, 980.465196088837]
[41.1197404119401, 980.4621409851044]
[41.204525064212675, 980.450070039158]
[41.331298643303725, 980.4315105056454]
[41.40984423713297, 980.4199215566115]
[41.508058617185206, 980.4045119961861]
[41.5356726399339, 980.4014484113743]
[41.61334262660702, 980.3899112298134]
[41.744814769859666, 980.3664650242604]
[41.85303198253331, 980.354132643139]
[41.86954373873072, 980.3519097842641]
[41.984257861665206, 980.3342011840575]
[42.10157206813222, 980.3171508427168]
[42.21855937947939, 980.3005083954425]
[42.42163719517829, 980.2641247110021]
[42.63332172004655, 980.2313356879182]
[42.814352554466424, 980.1959214063132]
[42.90901159923506, 980.1893867444994]
[42.94056581985117, 980.1758154896634]
[43.04290829314506, 980.1542732107948]
[43.1074274723775, 980.1399548652205]
[43.13736736056114, 980.1270459255716]
[43.168939882182485, 980.1256710585833]
[43.27659862367247, 980.0937252423236]
[43.35212754766723, 980.0783078176717]
[43.40939509586908, 980.061637500586]
[43.72299577751156, 979.9352643627377]
[43.80805547076586, 979.8605611107846]
[43.83228448751775, 979.8482668208233]
[43.894134994543904, 979.7611793698368]
[43.944274810111864, 979.7005693710722]
[44.03056897035974, 979.6149635342322]
[44.27425252728054, 979.4847712418594]
[44.38864283453588, 979.448798996126]
[44.49876646082251, 979.4193829867949]
[44.541726834559064, 979.4089228413853]
[44.60515849617849, 979.3943189332385]
[44.643148217110614, 979.3859949499972]
[44.72297824130891, 979.3693930354307]
[44.78907561502605, 979.3568091859922]
[44.85246962933824, 979.3446052933712]
[44.86958630612514, 979.3431636473701]
[44.89825715322003, 979.3363734139622]
[44.93346330484403, 979.330209578262]
[44.99379240189144, 979.3199557070602]
[45.08172810257503, 979.3056405828042]
[45.13398792378633, 979.3008575620867]
[45.1737190033032, 979.2913724698794]
[45.286360367798096, 979.2826456101711]
[45.37972833268628, 979.2692583270286]
[45.873708140506295, 979.1988870123253]
[46.53965698751366, 979.1267247316093]
[47.12703245285213, 979.0721269989534]
[47.508298316705115, 979.0407083861046]
[47.7584137541032, 979.0183563912359]
[48.344337409614326, 978.971492093101]
[49.66262639102342, 978.8751453975655]
[50.65526679942103, 978.7751016750889]
[50.92911258489836, 978.7535757201877]
[51.19668971358635, 978.732187921035]
[51.45706144416509, 978.7109382776308]
[51.60527024320576, 978.6986064534038]
[52.06756691591834, 978.6765606800194]
[52.462094840801555, 978.6359770309018]
[52.61920908944123, 978.6269858171673]
[52.82960303613005, 978.5998378459427]
[53.05656166776396, 978.5792258341097]
[53.12589209409428, 978.5680028578513]
[53.393330433679466, 978.536514218546]
[53.398608803951696, 978.5359927745923]
[53.456259251633, 978.531685537275]
[53.47688386138564, 978.5261238485891]
[53.48965217396312, 978.5244823855408]
[53.55231043808861, 978.516289461523]
[53.630367253676, 978.5060080553983]
[53.63205735709873, 978.5053719280266]
[53.69472389950643, 978.4967243042023]
[53.7132625257191, 978.4954214366527]
[53.76836975018912, 978.4858815641369]
[53.79223120181399, 978.484896657854]
[53.84697427571743, 978.4740729008435]
[53.91765648007568, 978.4628177161607]
[53.92140633253035, 978.4615893677353]
[53.93688352541921, 978.4610353677957]
[53.965987200052744, 978.4548070809777]
[54.00338471315867, 978.4484158422998]
[54.07488315111279, 978.4356794168604]
[54.092085872095325, 978.4325049046497]
[54.095339136583235, 978.431274745505]
[54.18986846155799, 978.4135384222388]
[54.19283140637772, 978.412307119482]
[54.30082812339224, 978.3886423924772]
[54.5416216973465, 978.326248941885]
[54.54922379077909, 978.3220599724958]
[54.75371413349441, 978.2511647373477]
[54.7565870044762, 978.2486820686187]
[54.99060511208228, 978.165853398297]
[55.54859507221811, 978.0171702416483]
[55.64746304555328, 977.9969102769593]
[55.65061981137462, 977.9956521741742]
[55.885802929134115, 977.9617083275676]
[55.91701822366457, 977.9600010018552]
[56.034731521185634, 977.9432292900572]
[56.062911161050906, 977.9426179714195]
[56.07943825030175, 977.9375681573396]
[56.10057977368669, 977.9368273217887]
[56.109667023104265, 977.9343960340259]
[56.21984297710813, 977.9234578114048]
[56.244921622689645, 977.9193626827015]
[56.29441485964961, 977.9137743358974]
[56.38888054844534, 977.9044674871257]
[56.47692064930355, 977.8958424241318]
[56.57020812067644, 977.885646998582]
[56.5945461098418, 977.8848221352998]
[56.62951780530925, 977.8814706796612]
[56.6347455333368, 977.8802039132723]
[56.666610693840525, 977.87832826474]
[56.7311110585525, 977.8726685143483]
[56.81602154646069, 977.8654223936935]
[56.97247492632996, 977.8526256827446]
[57.01937255532273, 977.8473023784078]
[57.11513392974565, 977.8415181060567]
[57.30640903495035, 977.8273597411393]
[57.319052743123, 977.8248175447577]
[57.50643884536754, 977.8133395319702]
[57.62711851316955, 977.8052248777137]
[57.64065333413821, 977.8026790598935]
[57.93030981872599, 977.786017914777]
[57.96924022537464, 977.7834363630743]
[58.108042519912715, 977.7752353417736]
[58.12277184036515, 977.7726844723218]
[58.130149914125155, 977.7714090517956]
[60.73294882563535, 977.641374117534]
[61.65904763608373, 977.6024499452708]
[61.76082912066457, 977.5985222252941]
[61.84052942143264, 977.5958706766122]
[62.06805271884015, 977.5868311691967]
[62.24842131593533, 977.5800751875654]
[62.575264833136366, 977.5700705550647]
[62.631782034831545, 977.5663664218594]
[62.94443088115924, 977.5539351685763]
[62.9546081277976, 977.552640458547]
[63.22346805036557, 977.545138842234]
[63.3162399755592, 977.5414485022914]
[63.44156051109873, 977.5363157991364]
[63.4517736722169, 977.5350192783877]
[63.83923910782043, 977.5219628145753]
[63.94947563741003, 977.5177444470146]
[64.06150093480167, 977.5160096627775]
[64.1429086801097, 977.511325987411]
[64.24858379076468, 977.511322722176]
[64.26321541740009, 977.5070124783751]
[64.34014706242664, 977.5065182564871]
[64.43161657074019, 977.5017204685419]
[64.61788915577822, 977.4971360102942]
[64.63816693013547, 977.4945342862601]
[64.80178198397309, 977.4901063427542]
[64.82994875709232, 977.48830662636]
[64.88442403922647, 977.4862683164795]
[64.98504532583911, 977.4831191341481]
[65.16848890245834, 977.4774364642726]
[65.25946070553846, 977.4739822070975]
[65.53194582567023, 977.4649544401443]
[65.80221826339056, 977.4560358332888]
[65.81207072039945, 977.4547306489363]
[66.15753089398608, 977.4425972700124]
[66.59715022690989, 977.4299349733074]
[66.74318267485125, 977.4251504353617]
[66.76789896267468, 977.4207914138029]
[66.92171280165616, 977.4195239194738]
[66.93885754701259, 977.4142888179556]
[67.27774634940052, 977.4040446367584]
[67.40533647904418, 977.4038905853105]
[67.60848142864123, 977.3913542220872]
[68.00567535546294, 977.3810570009465]
[68.40053662496392, 977.3710416294753]
[69.36842451360398, 977.3316465541503]
[69.44835003069473, 977.3289173883842]
[69.68443879536896, 977.3208219949179]
[69.81961480118764, 977.3161634831547]
[70.05844324072383, 977.310264564088]
[70.32167699920286, 977.3034873559996]
[70.57634745679427, 977.2940894875937]
[70.8233612359881, 977.2834472800162]
[71.06359171449492, 977.272974908174]
[71.29840025359684, 977.2655723422221]
[71.52603919579622, 977.2554572063372]
[71.54329550345027, 977.253852987692]
[71.57654091072637, 977.2524128895951]
[71.63769428486737, 977.2504633267955]
[71.96558368349628, 977.2386909219139]
[72.12532979500139, 977.2329684596193]
[72.13116773783376, 977.2316335114407]
[72.1773876129449, 977.2291028577217]
[72.48797269985013, 977.2180394113198]
[72.79036657527412, 977.2074126053078]
[74.84830613891135, 977.1470372909836]
[74.96661347388363, 977.1355164713964]
[74.97212964812881, 977.1341622337146]
[75.14086808596046, 977.1301840971339]
[75.37032710519897, 977.1300071326469]
[76.01603094304949, 977.1129806143873]
[76.60919527861635, 977.1034823513133]
[83.97890333098779, 977.0691718376834]
end_solutions
[1.2087519680304644, 1.2937954703555454]
[1.0354925651685836, 1.3668213508666027]
[0.8370471030810205, 1.4504560671176692]
[0.8118610438553382, 1.4610649028576783]
[0.5882295225420929, 1.5553084548487537]
[0.5776926672960789, 1.559739640386808]
[0.5710378113512279, 1.5625382838845265]
[0.4070021926508335, 1.6322478045223945]
[0.4020110506921952, 1.6343467871456834]
[0.39840633705540096, 1.635862719040281]
[0.2701005185350351, 1.6896348418158764]
[0.1991655442112612, 1.718122344784381]
[0.1987220359761121, 1.7185433206304017]
[0.18353678910442547, 1.7241155075516477]
[0.09336818003521705, 1.760139072690668]
[0.08972010500614624, 1.7615019335700284]
[0.08577555659937373, 1.762925166151291]
[0.08254869163914033, 1.7641092558720557]
[0.007071976170937043, 1.794258980871404]
[0.004729900554415864, 1.7951040252165287]
[0.0023878249378946866, 1.7959490695616533]
[-0.06761252855721517, 1.8224315678895353]
[-0.06761252855721517, 1.8224315678895353]
[-0.15114757504932375, 1.8530504893159008]
[-0.1537712323586269, 1.8539883995148454]
[-0.1861327990941459, 1.8656338804274843]
[-0.21143943440326435, 1.874752230241251]
[-0.21324705121105858, 1.8754035409422343]
[-0.2483113333649301, 1.8880476222979525]
[-0.256261363401889, 1.8909220431389209]
[-0.2698535313481564, 1.9128794924348553]
end_values
[ 83.97890333 977.06917184]
[ 72.79036658 977.20741261]
[ 57.31905274 977.82481754]
[ 56.07943825 977.93756816]
[ 45.173719   979.29137247]
[ 44.72297824 979.36939304]
[ 44.49876646 979.41938299]
[ 38.78071832 980.91563   ]
[ 38.63872493 980.96368495]
[ 38.54871664 980.99858463]
[ 35.5410333  982.32363408]
[ 34.29312076 982.99285608]
[ 34.23984633 983.02691342]
[ 34.11334293 983.11425972]
[ 32.89222453 984.05186117]
[ 32.86172405 984.08045258]
[ 32.83830049 984.1054307 ]
[ 32.81952737 984.12842412]
[ 32.15822631 985.00240505]
[ 32.14749753 985.01970066]
[ 32.13814863 985.03706772]
[ 31.80586673 985.73737319]
[ 31.80586673 985.73737319]
[ 31.53739882 986.5369209 ]
[ 31.5313156  986.56063388]
[ 31.45799444 986.86976097]
[ 31.41780328 987.12240571]
[ 31.41519618 987.14077105]
[ 31.3801239  987.50663595]
[ 31.37517017 987.59273496]
[ 31.37088112 989.78773782]
