values
[95.91364665234703, -140.05820875332367]
[95.91385453550652, -140.06037441477548]
[95.91403002917333, -140.06050468329795]
[95.91435685995202, -140.06488081095776]
[95.9144754690159, -140.0687559811164]
[95.91493679483403, -140.07047419998398]
[95.91520985485961, -140.07371665576028]
[95.91540383172716, -140.07533597844787]
[95.915636085903, -140.07695401351336]
[95.91777949933869, -140.08463048208446]
[95.91784624659873, -140.08647467711103]
[95.91868628967575, -140.0876756877251]
[95.9187136894501, -140.08922307801026]
[95.919226765198, -140.09074368426133]
[95.92417796899164, -140.102779075301]
[95.92723124115486, -140.10932705751577]
[95.9285870106666, -140.1116138065572]
[95.92921681304443, -140.11278257656872]
[95.9305060335973, -140.11511355760672]
[95.93907131961876, -140.12891306979776]
[95.94224292003906, -140.13344067751387]
[95.94906153467784, -140.1423851283685]
[95.96211701454692, -140.15301013122374]
[95.97058747393413, -140.15909071139632]
[95.9893469996287, -140.1743800729097]
[96.00864675811421, -140.19741740303175]
[96.06938272280284, -140.22955392226567]
[96.52216706061492, -140.32944636756673]
[97.33128271901151, -140.39626664200082]
[99.30893398837017, -140.63249942528833]
[101.11782057116632, -140.7925798576851]
[107.90118215995139, -140.92874930267183]
[112.36488363755527, -141.89035582304942]
[170.14348875349336, -141.97621759523656]
values
[95.90549799957145, -140.0214902534466]
[95.90556196288685, -140.02394520319356]
[95.90556561866914, -140.02829723393467]
[95.90573770563296, -140.03068332140285]
[95.90578290637617, -140.03182077446402]
[95.9058099569198, -140.03331656907883]
[95.90585499290955, -140.0343345373952]
[95.90589427990025, -140.03435542634736]
[95.90597593259352, -140.03494420023333]
[95.90602003905217, -140.0355807529937]
[95.90624079059849, -140.0393128594496]
[95.90644115005489, -140.04122061285256]
[95.90670677639199, -140.0436550661506]
[95.90675918791024, -140.04426528019846]
[95.90701559770159, -140.04611702676357]
[95.90735369468092, -140.04621303755275]
[95.90742897133018, -140.0494813168538]
[95.9076012968798, -140.0496496393951]
[95.90765186278263, -140.05099008329276]
[95.90772195866566, -140.05104889257657]
[95.90775249923271, -140.0513530872223]
[95.9078838313383, -140.05232808566086]
[95.90792578388798, -140.05246617420735]
[95.90794297875873, -140.0526178802536]
[95.9079850732632, -140.05285994974943]
[95.90800629444888, -140.0529809681011]
[95.9081842677972, -140.053999170738]
[95.90835335617221, -140.05508278260604]
[95.90884048646464, -140.05770384378218]
[95.9094042521011, -140.05866706943982]
[95.90989770028241, -140.06269416257518]
[95.90994344095408, -140.06309796685258]
[95.91051114990782, -140.06494594655578]
[95.91072520844281, -140.06635548844108]
[95.91099389222956, -140.06721444769704]
[95.91125517000367, -140.06847528714854]
[95.91144468673757, -140.06923706684998]
[95.9122687345348, -140.07158260485252]
[95.91239015784068, -140.07223568949968]
[95.91262625343673, -140.07340521852254]
[95.91308253132053, -140.0749644584518]
[95.91336486643863, -140.07542763318136]
[95.9136560268725, -140.07624908550125]
[95.91380489316352, -140.07720029770334]
[95.91428484900811, -140.07889327485228]
[95.91457527685094, -140.07945940368828]
[95.91471445185246, -140.08007469815217]
[95.91551651007713, -140.08247896866604]
[95.91591762298378, -140.08330898284385]
[95.91601908919498, -140.0839702702389]
[95.91650097166767, -140.0851542006024]
[95.91664357958724, -140.08526189794304]
[95.91683613409765, -140.0860922683856]
[95.91740489075993, -140.08766478790577]
[95.91755333905212, -140.08808162824073]
[95.91824658916752, -140.08990869367528]
[95.91833937460197, -140.090021940671]
[95.91846145183248, -140.0903762782538]
[95.9185336786994, -140.09064568830553]
[95.91865311027644, -140.09077839183172]
[95.91925964341226, -140.0909104012107]
[95.91950875612149, -140.09294696633208]
[95.91963966400348, -140.0933191548181]
[95.92022836869556, -140.09472034684703]
[95.92055879978301, -140.09549194610923]
[95.92059439812593, -140.09555824379595]
[95.9207535073769, -140.09578348265]
[95.92087074081587, -140.09622226753498]
[95.9213790152025, -140.09734087011498]
[95.92208061280394, -140.098243311122]
[95.92305691325879, -140.10050465563998]
[95.92322039308257, -140.10067320086767]
[95.92339045182356, -140.10165359263303]
[95.92349996488596, -140.10176453552504]
[95.92366823140988, -140.10211081720115]
[95.92377249955419, -140.1025273875828]
[95.92416368022218, -140.10327012050882]
[95.92455856393937, -140.1041564529091]
[95.92593154620974, -140.1067784934888]
[95.9263131392263, -140.10721157840402]
[95.9268476198568, -140.1085519448778]
[95.92716779306858, -140.10921483622525]
[95.92723124115486, -140.10932705751577]
[95.92740753790044, -140.1097051617094]
[95.92763308763354, -140.1101053161936]
[95.92799890933247, -140.11080211578422]
[95.92858042893172, -140.11184439264179]
[95.92865298731871, -140.1119640667036]
[95.92883460540047, -140.11216664068436]
[95.92906540213284, -140.11272451077215]
[95.92915227731174, -140.11272651681944]
[95.92921681304443, -140.11278257656872]
[95.9294279204565, -140.11339828320945]
[95.92981164417793, -140.1139975437272]
[95.92994818645255, -140.11428636429542]
[95.93000974799784, -140.11433834391744]
[95.9305060335973, -140.11511355760672]
[95.93064841232568, -140.11553410664263]
[95.9310367657103, -140.11621666107274]
[95.9320669981073, -140.1179817243047]
[95.93209319595326, -140.11802171455616]
[95.93236471414217, -140.11831939155934]
[95.93302979553923, -140.11946041766802]
[95.93333183971392, -140.12004560223625]
[95.93370863118474, -140.120687549493]
[95.93393076059965, -140.12105943798989]
[95.93401793819365, -140.12114867288804]
[95.93414538224425, -140.1213758973837]
[95.93426599041427, -140.12158771884774]
[95.9355830670786, -140.12371200291463]
[95.93617425809009, -140.12449239084776]
[95.93685361866548, -140.1256373762826]
[95.93729417435576, -140.1263295932989]
[95.93810863022576, -140.12756388353117]
[95.93907131961876, -140.12891306979776]
[95.93934481423163, -140.12938532660147]
[95.94010460584965, -140.13050255249473]
[95.94024211012575, -140.13061520843124]
[95.94045245654199, -140.1309895979222]
[95.94047102306669, -140.13102867047414]
[95.94089704307522, -140.13155429187813]
[95.94122665622339, -140.13207107879856]
[95.94174985671783, -140.13284603640443]
[95.94224292003906, -140.13344067751387]
[95.94402953788921, -140.13536521070088]
[95.94472558726832, -140.1368122624964]
[95.94558472664443, -140.1380829317277]
[95.94729742018339, -140.14016298549382]
[95.94794065037944, -140.14113048866994]
[95.94853562563412, -140.14188914983066]
[95.94906153467784, -140.1423851283685]
[95.94961329625012, -140.14327408284078]
[95.94996274192921, -140.14370661999936]
[95.95034322077223, -140.1441475843782]
[95.95040797874606, -140.1442259789744]
[95.95040948608585, -140.14424570864207]
[95.9504238879288, -140.1442997940148]
[95.95077353524057, -140.14471857917226]
[95.95087363974329, -140.14481494650212]
[95.9531752922174, -140.14756775663162]
[95.95459654733543, -140.14927538601918]
[95.95473231945073, -140.1494866699558]
[95.95576635015814, -140.15069559251893]
[95.957310403869, -140.15247173287918]
[95.957992192889, -140.1532302719969]
[95.95857018246913, -140.15386277510405]
[95.95946376152435, -140.15470673743602]
[95.95997055465142, -140.15534698400722]
[95.96156807006507, -140.15705264004728]
[95.96215998097817, -140.15783100672957]
[95.96250961921825, -140.1580676223117]
[95.96392305025077, -140.1596093776767]
[95.96416434835368, -140.15971039649511]
[95.96492776702712, -140.16078046415444]
[95.96563932160433, -140.1613358977278]
[95.96588129812167, -140.16177594501485]
[95.96793677374438, -140.16371966153164]
[95.97054063075203, -140.16649922082672]
[95.971046867504, -140.16668556298876]
[95.97124140758129, -140.1668165679838]
[95.97464996146779, -140.1704221630017]
[95.97554631026262, -140.1708695765479]
[95.97653186902119, -140.17205943257633]
[95.97694023218737, -140.17250730563856]
[95.97702045161742, -140.1727232985597]
[95.97785585112787, -140.1729465579018]
[95.978087194934, -140.17336683073455]
[95.97871847650345, -140.1742486665724]
[95.97984551822196, -140.17523835332378]
[95.98031432770972, -140.1757466214687]
[95.98594225166696, -140.18065803352798]
[95.9865808018553, -140.18123384232945]
[95.98807466712418, -140.18254750249]
[95.9883441730234, -140.1825567330401]
[95.98958466371121, -140.18361072236684]
[95.99032364746662, -140.18442999775104]
[95.99267076999763, -140.18597743980513]
[95.99402522721944, -140.18736393828857]
[95.9946558839504, -140.18765513545142]
[95.99649185487351, -140.18873116280875]
[95.99818080733912, -140.19083705818932]
[95.99902909526608, -140.19099993056477]
[96.00060274896778, -140.1923623848957]
[96.00188116054355, -140.19319501517668]
[96.00214740849624, -140.19395089493707]
[96.00591661961235, -140.19678483381838]
[96.00770511265515, -140.1980597844591]
[96.008287564745, -140.1985296873436]
[96.0087421156368, -140.1985585199748]
[96.00888445158773, -140.19865909293932]
[96.01017001977085, -140.1993942812274]
[96.01033805020582, -140.1998848183789]
[96.01748651828876, -140.2051439744635]
[96.01902437850748, -140.20601887097706]
[96.02402375612274, -140.20934659867038]
[96.0276919661392, -140.2116649364671]
[96.02806395688162, -140.21206752251504]
[96.02921571333708, -140.2125579677111]
[96.03074957988039, -140.21397965631317]
[96.03131361470089, -140.21428816624785]
[96.03468838904571, -140.21650759088072]
[96.03618592010247, -140.21714486308593]
[96.03751974349112, -140.2181752540854]
[96.03970585389335, -140.219359925134]
[96.04041512833822, -140.21982915023918]
[96.04146356708482, -140.2206928827377]
[96.0422295663657, -140.221177535212]
[96.04315876867635, -140.221788826487]
[96.0432779651039, -140.22183205795415]
[96.04369813976766, -140.22191677927012]
[96.04436179840117, -140.22243791696707]
[96.04550903414119, -140.22294558833028]
[96.04705238181967, -140.22400018606857]
[96.05438809146563, -140.22828090433538]
[96.05626258460892, -140.22937401851522]
[96.0573385655057, -140.23007008170478]
[96.05816833714033, -140.2304668150538]
[96.06118045002236, -140.23205347977293]
[96.0637428793331, -140.23326279331846]
[96.06588442305141, -140.23380945219697]
[96.06878019665389, -140.23576131064502]
[96.0690998253642, -140.2359674048501]
[96.07187313074749, -140.2380000461102]
[96.07230747476245, -140.2382446980009]
[96.08374408395268, -140.24400650673616]
[96.08620493072429, -140.24528961499215]
[96.0865307116012, -140.24549754181487]
[96.09019076766536, -140.2464987096685]
[96.09503534577767, -140.2493076815862]
[96.10083761664646, -140.2517813757936]
[96.10332291349214, -140.25232072328137]
[96.10810362592831, -140.25568419208756]
[96.11687267605959, -140.25965528740718]
[96.1194234292885, -140.25982218974636]
[96.1273116393827, -140.2642293136325]
[96.13324972689875, -140.26608710738623]
[96.13425648816674, -140.26708262275034]
[96.13466551848758, -140.26729492729874]
[96.13654213607224, -140.26808516905186]
[96.14056394551633, -140.2685253855985]
[96.14515460745551, -140.27160057467944]
[96.15046642508901, -140.27257077921342]
[96.15177602207399, -140.27324049378436]
[96.15550007598986, -140.27457664196612]
[96.16219989990347, -140.27819801257155]
[96.17335946274697, -140.28043794797503]
[96.17374257561205, -140.28191765374865]
[96.17820096811892, -140.28378623907892]
[96.17830933865022, -140.28480678050138]
[96.182309241622, -140.28482758055725]
[96.19167869712513, -140.28894462783921]
[96.19193090799536, -140.28902670322634]
[96.20284790852594, -140.29282663898397]
[96.20719571044276, -140.29398897646294]
[96.20908270962619, -140.29453150214312]
[96.20958522040061, -140.29473769001166]
[96.2112334360974, -140.29604736600777]
[96.21292221903046, -140.29615783777226]
[96.21388560702573, -140.2968783846064]
[96.21703336976825, -140.29765604784953]
[96.21855215912204, -140.2982213396853]
[96.22199830613181, -140.29912428004516]
[96.22330048393134, -140.30009831445656]
[96.22882625403369, -140.3014569636127]
[96.2305707229275, -140.30238063160996]
[96.23592407808393, -140.30393183906557]
[96.23672245378818, -140.3041984922412]
[96.2387297177903, -140.30470758206678]
[96.24621658747935, -140.30650462180486]
[96.24633521486663, -140.30707671106714]
[96.25102632877247, -140.3086194027942]
[96.25371956496829, -140.3093827803609]
[96.25683062640067, -140.31034847779347]
[96.25886522459366, -140.3109425615003]
[96.26273917058279, -140.31179871263376]
[96.26792590790112, -140.3134458852642]
[96.27224179110229, -140.31456220339618]
[96.27369926316979, -140.3149288102663]
[96.27887470794253, -140.31619023500943]
[96.27962349902046, -140.3163676792]
[96.2803746523183, -140.3165444326888]
[96.28359342098662, -140.3172879227292]
[96.28497912381744, -140.31760119760165]
[96.28569891682444, -140.3177623434902]
[96.28646898898393, -140.31793356111586]
[96.28840452842879, -140.318358571592]
[96.28937784980552, -140.3185694506595]
[96.29192581648985, -140.31911265785553]
[96.29350624545194, -140.31944329005998]
[96.2984053692168, -140.3204385300214]
[96.30155084688448, -140.32105466361034]
[96.3035991390332, -140.3214466045788]
[96.3046288625782, -140.32164093685182]
[96.30566230593679, -140.3218341763014]
[96.30774035658928, -140.32221737469416]
[96.31088535923566, -140.3227839634343]
[96.31252341608261, -140.3230728375593]
[96.31417043011172, -140.32335907705215]
[96.32733612195624, -140.32550282555948]
[96.34284631245127, -140.3277272679852]
[96.52216706061492, -140.32944636756673]
[97.33128271901151, -140.39626664200082]
[99.30893398837017, -140.63249942528833]
[101.11782057116632, -140.7925798576851]
[107.90118215995139, -140.92874930267183]
[110.99616435064877, -141.7741994683808]
[111.5055835330495, -141.8583382145501]
[111.57754226661962, -141.94293226921624]
[111.82691143925172, -141.94977914220223]
[112.09844969896982, -141.9562524468763]
[148.42174933253546, -141.97391472003878]
[148.63005260523386, -141.9860051099245]
[148.7516417119581, -142.0044617295389]
[149.2594449310991, -142.02653732386102]
values
[95.90535674870567, -140.02270727088978]
[95.90537166884144, -140.02431967368915]
[95.90538125416032, -140.02524692780605]
[95.90539659875995, -140.02615795586237]
[95.90540768410133, -140.0262480931941]
[95.90542056272469, -140.02639938425864]
[95.90544116525062, -140.0277505699789]
[95.9054589182507, -140.02810879613787]
[95.90547564424455, -140.02865280045236]
[95.90549817131564, -140.0295368440572]
[95.90552908213797, -140.02994215750542]
[95.905533811443, -140.03032073724427]
[95.9055732990184, -140.03114014376516]
[95.90558109380284, -140.0312090174414]
[95.90561497241893, -140.03203054715615]
[95.90566123143552, -140.03292003339328]
[95.90569432195434, -140.03309769871396]
[95.90570433516021, -140.03323672974733]
[95.90572124717397, -140.03375886164932]
[95.90576587222219, -140.03457794710383]
[95.90576607251484, -140.03463709366764]
[95.90578468523654, -140.034692026217]
[95.90588574755144, -140.03628048629227]
[95.90588666033231, -140.0363510826774]
[95.90594920174115, -140.03695723153422]
[95.90596122983874, -140.03721122274416]
[95.90600586145123, -140.03723377881477]
[95.90600982049008, -140.03766279874588]
[95.90602142741916, -140.0380034731368]
[95.9060229972208, -140.038061985974]
[95.906094557178, -140.0388170773495]
[95.9060950361642, -140.0388520876178]
[95.90609596099809, -140.03888709899036]
[95.90613808577095, -140.03928139959942]
[95.90619037461468, -140.03942986645407]
[95.9062449293526, -140.04040906699117]
[95.90633998325221, -140.04141660637407]
[95.9064046865062, -140.0415621998905]
[95.90643911342272, -140.04227329698512]
[95.90651924705513, -140.0429688769209]
[95.90652049858642, -140.04306094436095]
[95.90660969595652, -140.04330657190442]
[95.90664943080576, -140.04360762736178]
[95.90665071182973, -140.04410468427483]
[95.90670264372883, -140.04458820382874]
[95.90674885837008, -140.04498093077808]
[95.90676535128931, -140.0451073882226]
[95.90682564210474, -140.04564830322863]
[95.90688263528203, -140.04604101541054]
[95.90692967533005, -140.04639903443925]
[95.90693220929323, -140.0464559254397]
[95.90694954594527, -140.04651467801716]
[95.90697404176578, -140.04654259501768]
[95.90704689173583, -140.0473310593605]
[95.9071938268703, -140.0483452137435]
[95.90719628717866, -140.04836782821604]
[95.90725272106461, -140.04869337716806]
[95.90725762316896, -140.0487512883761]
[95.9072846142353, -140.04902205094797]
[95.90740372762407, -140.04979324965686]
[95.90740696203954, -140.04983823498858]
[95.90744493145311, -140.04985948294646]
[95.90751616187731, -140.05046212720865]
[95.90753238621147, -140.05064257315541]
[95.90759001099886, -140.05076991720406]
[95.90762416921794, -140.0511744900696]
[95.90775249923271, -140.0513530872223]
[95.90776335337823, -140.0520811607937]
[95.90782083964622, -140.05242026458288]
[95.90788874637244, -140.05279950394245]
[95.90794250267395, -140.05318553349315]
[95.90794477528485, -140.05320775941013]
[95.9080143764469, -140.05360862706064]
[95.90809186435922, -140.05389603350883]
[95.90814160227737, -140.05426519709047]
[95.90823132975824, -140.05483246372202]
[95.90835335617221, -140.05508278260604]
[95.908399975187, -140.05538291000806]
[95.90841411909487, -140.0557537639643]
[95.90851364283294, -140.0561546769177]
[95.90861227127358, -140.05690214359345]
[95.90867978608375, -140.05723982250205]
[95.9087006808908, -140.05736320956711]
[95.90870206664886, -140.05737415357962]
[95.90881754862176, -140.05791494307843]
[95.90885975796894, -140.05816145714314]
[95.90886237085039, -140.05818327697062]
[95.90889520177299, -140.0583207401979]
[95.90889834052773, -140.0583425478865]
[95.90897919287167, -140.05874128887604]
[95.90900763971703, -140.0587450510924]
[95.90902658002773, -140.05899175470248]
[95.90902790669358, -140.0590026304736]
[95.90907969833697, -140.05917482218143]
[95.90918440257192, -140.05965324398147]
[95.90922454969983, -140.05996056226783]
[95.90932859390657, -140.06046450008603]
[95.90941934271949, -140.06086971589642]
[95.90955403360503, -140.06148253102634]
[95.90955651335723, -140.061521030998]
[95.90977465849224, -140.06248442027808]
[95.90980354876928, -140.06259789240136]
[95.90989770028241, -140.06269416257518]
[95.90991603378747, -140.06311004955427]
[95.90991899031124, -140.0631314571348]
[95.91001130597681, -140.06352831256245]
[95.91004249583114, -140.06359712901812]
[95.91007649488286, -140.06379219865448]
[95.91033496024923, -140.0649011160231]
[95.91045138128939, -140.06540114850094]
[95.91058975907204, -140.06598040295376]
[95.91070641024075, -140.06645010950848]
[95.91090571485574, -140.06720266387674]
[95.91090685464303, -140.06724084061406]
[95.91091425460067, -140.067255946852]
[95.91111466575737, -140.06805197147136]
[95.91125517000367, -140.06847528714854]
[95.91138333369787, -140.06905087457974]
[95.91144468673757, -140.06923706684998]
[95.91147950968514, -140.0693593203708]
[95.91154666612147, -140.06965853914056]
[95.91157471573254, -140.0697836179033]
[95.91167334763902, -140.07015482186875]
[95.91186987079234, -140.0708867730804]
[95.91191027249154, -140.07104169245707]
[95.91202312326351, -140.0714170760175]
[95.9122687345348, -140.07158260485252]
[95.91239015784068, -140.07223568949968]
[95.91253825915406, -140.07315465907948]
[95.91262625343673, -140.07340521852254]
[95.9126640129776, -140.0736016675182]
[95.91270474867636, -140.0737847500953]
[95.91287173637141, -140.07420014010205]
[95.91297293991057, -140.07469864507655]
[95.91305867044119, -140.0750056803457]
[95.9132041623414, -140.07549733906905]
[95.91327018286765, -140.07568485671123]
[95.91333243247567, -140.07591816092483]
[95.91337118672752, -140.07604454516445]
[95.91342348397217, -140.07622426137348]
[95.9136560268725, -140.07624908550125]
[95.9136750772729, -140.07698412854268]
[95.91380489316352, -140.07720029770334]
[95.91386165841834, -140.07756750587683]
[95.91425000846195, -140.07879798643972]
[95.91428484900811, -140.07889327485228]
[95.91440922092505, -140.07919019702953]
[95.91457527685094, -140.07945940368828]
[95.91464287215106, -140.08001779557867]
[95.91470147100526, -140.0801945768886]
[95.91484737723582, -140.0806147317247]
[95.9149414995866, -140.08091745129613]
[95.91545068592279, -140.08238075214103]
[95.91551626275846, -140.08255607827527]
[95.91566067591164, -140.08297008102312]
[95.91591762298378, -140.08330898284385]
[95.91594180797155, -140.0837789086065]
[95.91601908919498, -140.0839702702389]
[95.91650097166767, -140.0851542006024]
[95.91659415857805, -140.08558528694175]
[95.91683613409765, -140.0860922683856]
[95.91712727842935, -140.0869680617948]
[95.91731746144113, -140.0875120422182]
[95.91740489075993, -140.08766478790577]
[95.9174269129889, -140.08777279617783]
[95.91755333905212, -140.08808162824073]
[95.91765476105178, -140.08834993020764]
[95.9177802139084, -140.08872713004683]
[95.91793467177837, -140.08912837724773]
[95.91794957650282, -140.0891458312202]
[95.91801013213801, -140.08931041192125]
[95.91813087886203, -140.08962548973946]
[95.91824658916752, -140.08990869367528]
[95.91831585013728, -140.09010461403503]
[95.91846145183248, -140.0903762782538]
[95.91848755063262, -140.09052301927136]
[95.9185336786994, -140.09064568830553]
[95.91865311027644, -140.09077839183172]
[95.91920243003906, -140.0922790009892]
[95.91938365968838, -140.09269713966071]
[95.9194433931427, -140.0928530395234]
[95.91950875612149, -140.09294696633208]
[95.91954737132983, -140.09309631326985]
[95.91962837901518, -140.09327113856176]
[95.91963966400348, -140.0933191548181]
[95.91980388856646, -140.09368080023071]
[95.92001298203242, -140.09422280198348]
[95.9201366795134, -140.0944779765058]
[95.92022836869556, -140.09472034684703]
[95.92052761967531, -140.09542754637934]
[95.92055879978301, -140.09549194610923]
[95.92059439812593, -140.09555824379595]
[95.92060872151346, -140.09562626080438]
[95.9207535073769, -140.09578348265]
[95.92087074081587, -140.09622226753498]
[95.9213790152025, -140.09734087011498]
[95.9214870955553, -140.09758812956284]
[95.92174868388236, -140.09815895951087]
[95.92208061280394, -140.098243311122]
[95.92216256301668, -140.0991016982108]
[95.9222942062717, -140.0993578693171]
[95.92291876254936, -140.1007151897809]
[95.92299643577319, -140.10090892076408]
[95.9230204401136, -140.10095270391116]
[95.92313210005084, -140.10118448802464]
[95.92339045182356, -140.10165359263303]
[95.92349996488596, -140.10176453552504]
[95.92366823140988, -140.10211081720115]
[95.92377249955419, -140.1025273875828]
[95.92416368022218, -140.10327012050882]
[95.92418443807374, -140.10338825623268]
[95.92455856393937, -140.1041564529091]
[95.92457415534881, -140.10418850367944]
[95.92459849750901, -140.10420390722783]
[95.92504805240377, -140.1051354717819]
[95.92509347665269, -140.10523105587515]
[95.92533041580248, -140.10569560496833]
[95.92549321864226, -140.10601603174743]
[95.92566266164137, -140.10636113711575]
[95.92593154620974, -140.1067784934888]
[95.92603179515237, -140.10708337753906]
[95.9263131392263, -140.10721157840402]
[95.92683509035943, -140.10861786657063]
[95.92707365698223, -140.10907963266135]
[95.92716779306858, -140.10921483622525]
[95.92723124115486, -140.10932705751577]
[95.92728419302674, -140.10943098912006]
[95.92740753790044, -140.1097051617094]
[95.92763308763354, -140.1101053161936]
[95.9277585146342, -140.11035301686942]
[95.9278388519867, -140.11050936294623]
[95.92799890933247, -140.11080211578422]
[95.92800121315992, -140.110813183816]
[95.92830224595164, -140.11136315794624]
[95.92858042893172, -140.11184439264179]
[95.92865298731871, -140.1119640667036]
[95.92883460540047, -140.11216664068436]
[95.9289137494818, -140.11248475879177]
[95.92906540213284, -140.11272451077215]
[95.92913762368495, -140.11288990612425]
[95.92939327149257, -140.113347358702]
[95.9294279204565, -140.11339828320945]
[95.92976680545162, -140.11401017507058]
[95.92979711804962, -140.1140564716865]
[95.92994818645255, -140.11428636429542]
[95.93000974799784, -140.11433834391744]
[95.9305060335973, -140.11511355760672]
[95.93064841232568, -140.11553410664263]
[95.9310367657103, -140.11621666107274]
[95.93116231846409, -140.11644420113888]
[95.93196433865255, -140.11779364396514]
[95.9320669981073, -140.1179817243047]
[95.93209319595326, -140.11802171455616]
[95.93236471414217, -140.11831939155934]
[95.93302979553923, -140.11946041766802]
[95.93333183971392, -140.12004560223625]
[95.9333489402677, -140.12011261991964]
[95.9335673432791, -140.12046836068254]
[95.93370863118474, -140.120687549493]
[95.93384173260496, -140.12091860014203]
[95.93393076059965, -140.12105943798989]
[95.93401793819365, -140.12114867288804]
[95.93414538224425, -140.1213758973837]
[95.93426599041427, -140.12158771884774]
[95.93536265397469, -140.1233428535199]
[95.9355830670786, -140.12371200291463]
[95.93592280854365, -140.1242072940523]
[95.93617425809009, -140.12449239084776]
[95.93630126754465, -140.1248077141448]
[95.93665706834136, -140.12535954313014]
[95.93685361866548, -140.1256373762826]
[95.93729417435576, -140.1263295932989]
[95.93741084375634, -140.12651111128818]
[95.93801237233042, -140.12741462787454]
[95.93810863022576, -140.12756388353117]
[95.93830526459742, -140.12785802227629]
[95.93907131961876, -140.12891306979776]
[95.93934481423163, -140.12938532660147]
[95.94010460584965, -140.13050255249473]
[95.94024211012575, -140.13061520843124]
[95.94045245654199, -140.1309895979222]
[95.94047102306669, -140.13102867047414]
[95.94056429581175, -140.1311548126426]
[95.94089704307522, -140.13155429187813]
[95.94122665622339, -140.13207107879856]
[95.94171312102277, -140.1327959019966]
[95.94174985671783, -140.13284603640443]
[95.94224292003906, -140.13344067751387]
[95.94231045387124, -140.13363302107643]
[95.94278594910087, -140.13428796614647]
[95.94402953788921, -140.13536521070088]
[95.94472558726832, -140.1368122624964]
[95.94544194522553, -140.13787802013505]
[95.94550896918895, -140.13798043721363]
[95.94558472664443, -140.1380829317277]
[95.94591620953436, -140.1385229097467]
[95.94628868622038, -140.13901360911845]
[95.94632628403384, -140.13906507730488]
[95.94715493520032, -140.1401484965158]
[95.94729742018339, -140.14016298549382]
[95.94794065037944, -140.14113048866994]
[95.94853562563412, -140.14188914983066]
[95.94906153467784, -140.1423851283685]
[95.94961329625012, -140.14327408284078]
[95.94996274192921, -140.14370661999936]
[95.95022111899408, -140.1440126351594]
[95.95034322077223, -140.1441475843782]
[95.95040797874606, -140.1442259789744]
[95.95040948608585, -140.14424570864207]
[95.9504238879288, -140.1442997940148]
[95.95077353524057, -140.14471857917226]
[95.95087363974329, -140.14481494650212]
[95.95110145874636, -140.1451105443205]
[95.95121675170358, -140.14526901522115]
[95.95165395043934, -140.14580625811752]
[95.95200894883752, -140.146237019448]
[95.9520939822757, -140.14634319191225]
[95.9531752922174, -140.14756775663162]
[95.95459654733543, -140.14927538601918]
[95.95473231945073, -140.1494866699558]
[95.95576635015814, -140.15069559251893]
[95.95670139355065, -140.15175735737284]
[95.957310403869, -140.15247173287918]
[95.95772945091541, -140.15294905556723]
[95.95777755014555, -140.1530036766755]
[95.957992192889, -140.1532302719969]
[95.95819793352236, -140.15348055799518]
[95.95824752842549, -140.15353530730198]
[95.95857018246913, -140.15386277510405]
[95.95946376152435, -140.15470673743602]
[95.95997055465142, -140.15534698400722]
[95.96156807006507, -140.15705264004728]
[95.96215998097817, -140.15783100672957]
[95.96250961921825, -140.1580676223117]
[95.96314679234328, -140.1589054877903]
[95.9637373911873, -140.1595312561307]
[95.96378995407028, -140.15958742562]
[95.9638447076683, -140.15964361282187]
[95.96416434835368, -140.15971039649511]
[95.96428703664313, -140.16011400187122]
[95.96478695007848, -140.16064026094338]
[95.96492776702712, -140.16078046415444]
[95.96495622213853, -140.1608239006552]
[95.96563932160433, -140.1613358977278]
[95.96588129812167, -140.16177594501485]
[95.96793677374438, -140.16371966153164]
[95.96980548337854, -140.1657248125467]
[95.97054063075203, -140.16649922082672]
[95.97065542706825, -140.1666149465376]
[95.971046867504, -140.16668556298876]
[95.97118243429915, -140.167136087825]
[95.97177594767898, -140.16771505897597]
[95.97464996146779, -140.1704221630017]
[95.97554631026262, -140.1708695765479]
[95.97653186902119, -140.17205943257633]
[95.97694023218737, -140.17250730563856]
[95.97702045161742, -140.1727232985597]
[95.97785585112787, -140.1729465579018]
[95.9779734385293, -140.17361278161485]
[95.97846376386346, -140.1740688064634]
[95.97871847650345, -140.1742486665724]
[95.97902351217175, -140.1745841213835]
[95.97921761477087, -140.17476996932223]
[95.97970109234362, -140.17519552969782]
[95.97984551822196, -140.17523835332378]
[95.98017227122473, -140.17562504973745]
[95.98031432770972, -140.1757466214687]
[95.9844653135319, -140.17944332611677]
[95.98554422241102, -140.18040097440468]
[95.9856166955448, -140.18046234052943]
[95.98569136631822, -140.18052372281764]
[95.98594225166696, -140.18065803352798]
[95.9865808018553, -140.18123384232945]
[95.98692715065795, -140.18160777646506]
[95.98801339228753, -140.18251501696005]
[95.98807466712418, -140.18254750249]
[95.9881715283161, -140.18266916580018]
[95.98833594367883, -140.18281384177536]
[95.98958466371121, -140.18361072236684]
[95.99032364746662, -140.18442999775104]
[95.99267076999763, -140.18597743980513]
[95.99364589967954, -140.18722041834167]
[95.99380914631168, -140.1873467479019]
[95.99402522721944, -140.18736393828857]
[95.9946558839504, -140.18765513545142]
[95.99502259771641, -140.18835397086164]
[95.99625430618855, -140.18931683129975]
[95.99633107626134, -140.1894066451243]
[95.99650347758532, -140.1895499177766]
[95.99818080733912, -140.19083705818932]
[95.99902909526608, -140.19099993056477]
[96.00060274896778, -140.1923623848957]
[96.00188116054355, -140.19319501517668]
[96.00214740849624, -140.19395089493707]
[96.00489494199424, -140.19602949068727]
[96.00505686587317, -140.19619320208915]
[96.00591661961235, -140.19678483381838]
[96.00694044547296, -140.19752536775616]
[96.00770511265515, -140.1980597844591]
[96.008287564745, -140.1985296873436]
[96.0087421156368, -140.1985585199748]
[96.00888445158773, -140.19865909293932]
[96.00965873632717, -140.19957393809204]
[96.01033805020582, -140.1998848183789]
[96.01315645972657, -140.20210757602285]
[96.0139095028366, -140.20266960881543]
[96.01428768490948, -140.20295052845455]
[96.01436345416333, -140.2030067046395]
[96.01564681017035, -140.2039172684936]
[96.01721080636801, -140.20502303209173]
[96.0173074427399, -140.2050931032973]
[96.01748651828876, -140.2051439744635]
[96.01902437850748, -140.20601887097706]
[96.02402375612274, -140.20934659867038]
[96.02478836544597, -140.21013655115812]
[96.02638922188186, -140.2112472782186]
[96.02679220219535, -140.21152479668476]
[96.0276919661392, -140.2116649364671]
[96.02806395688162, -140.21206752251504]
[96.0284419313096, -140.21261713687093]
[96.03074957988039, -140.21397965631317]
[96.03131361470089, -140.21428816624785]
[96.0336996009694, -140.21586885445555]
[96.03468838904571, -140.21650759088072]
[96.03601764927399, -140.21743972715092]
[96.03635292887603, -140.2176595235013]
[96.03751974349112, -140.2181752540854]
[96.03970585389335, -140.219359925134]
[96.04033545343327, -140.22016171034053]
[96.04112929772003, -140.22051834220676]
[96.04146356708482, -140.2206928827377]
[96.0422295663657, -140.221177535212]
[96.04315876867635, -140.221788826487]
[96.0432779651039, -140.22183205795415]
[96.04369813976766, -140.22191677927012]
[96.04436179840117, -140.22243791696707]
[96.04550903414119, -140.22294558833028]
[96.04636701986655, -140.22376100141108]
[96.04658300282642, -140.22390485205855]
[96.04705238181967, -140.22400018606857]
[96.04991952043406, -140.22580516138348]
[96.05071742813149, -140.2263782262995]
[96.05134316407117, -140.2266725602349]
[96.05256936687827, -140.22744993183827]
[96.05277812644897, -140.2275392744525]
[96.05325678308049, -140.22773197634575]
[96.05349985193217, -140.22797237464937]
[96.05438809146563, -140.22828090433538]
[96.05440598762408, -140.22851350890178]
[96.05463321229769, -140.2286487506112]
[96.05626258460892, -140.22937401851522]
[96.0573385655057, -140.23007008170478]
[96.05816833714033, -140.2304668150538]
[96.05818342511209, -140.23054799923287]
[96.06118045002236, -140.23205347977293]
[96.06148497804924, -140.2324964556135]
[96.06265751924175, -140.23307916369578]
[96.0637428793331, -140.23326279331846]
[96.06558300589235, -140.2347529128581]
[96.06717868113581, -140.23558196885327]
[96.06762512724465, -140.23586934967543]
[96.06799618234506, -140.23589509981886]
[96.06908547156237, -140.23665044638358]
[96.06946895034244, -140.2368640118435]
[96.07187313074749, -140.2380000461102]
[96.07213361706812, -140.23823070762785]
[96.07230747476245, -140.2382446980009]
[96.07427453419558, -140.2393085046737]
[96.07955785425581, -140.24197065518317]
[96.08117131441348, -140.24296789068595]
[96.08281752479893, -140.2436697653395]
[96.08332189689392, -140.24406782404253]
[96.0838771967735, -140.24432318302476]
[96.08549018399243, -140.24516607570365]
[96.08620493072429, -140.24528961499215]
[96.0865307116012, -140.24549754181487]
[96.09019076766536, -140.2464987096685]
[96.09044326680068, -140.24753445562754]
[96.09217133502491, -140.24820685734088]
[96.09299413592245, -140.24884007025557]
[96.09428201048857, -140.24925383179797]
[96.09503534577767, -140.2493076815862]
[96.09604479208353, -140.25033460908395]
[96.09758938853801, -140.2512151818566]
[96.0982286653, -140.25125736413568]
[96.09862846392554, -140.25173444783533]
[96.09950832642706, -140.2519813321115]
[96.10065917389889, -140.25236406415397]
[96.10209743669529, -140.25307517982804]
[96.10228751305701, -140.2533097330654]
[96.10313985666009, -140.25372503897634]
[96.10443308007308, -140.25409183647068]
[96.1063440331452, -140.2549576073215]
[96.10810362592831, -140.25568419208756]
[96.10856392406669, -140.25628980564414]
[96.10883315436087, -140.25641870147587]
[96.10896787287744, -140.25648314286173]
[96.11214064294589, -140.25773856309166]
[96.11406161949591, -140.2588386902563]
[96.11687267605959, -140.25965528740718]
[96.11808095698433, -140.26047398654345]
[96.1189692258344, -140.26088371554383]
[96.11935873062959, -140.2610629156201]
[96.11986031598107, -140.26129326529602]
[96.1207542272927, -140.26170263573633]
[96.12120224084403, -140.26190725369466]
[96.12165095963694, -140.2621118268012]
[96.12371993598614, -140.26302735545835]
[96.12399972050815, -140.26315458305424]
[96.12413971606946, -140.26321819026114]
[96.12471127116012, -140.26330386973967]
[96.12557306946388, -140.26382950046747]
[96.1273116393827, -140.2642293136325]
[96.13247462957328, -140.26684944087043]
[96.13273939578409, -140.26694168134253]
[96.13359555137127, -140.2673200243765]
[96.1338814872801, -140.26744610335982]
[96.13492788231372, -140.2677268639355]
[96.13625500093688, -140.26786649034773]
[96.13628895767704, -140.26829019773697]
[96.13727533009097, -140.2687114380214]
[96.14008162942056, -140.2699215725382]
[96.14102269974944, -140.2703245882142]
[96.14196658845063, -140.2707274225387]
[96.14252058008228, -140.27092418717186]
[96.14283093900028, -140.2711488990155]
[96.14452123746202, -140.27157178120456]
[96.14490214834173, -140.27190607313113]
[96.14513873921238, -140.27213011817364]
[96.14894989039587, -140.27355749903444]
[96.14964651609898, -140.27384332460517]
[96.15086599545637, -140.27431448698925]
[96.15146110175557, -140.27456304216415]
[96.15205730857778, -140.27481152593026]
[96.15220653223588, -140.27487363571242]
[96.15250518589127, -140.27499784188393]
[96.1537325421594, -140.27550690045464]
[96.15606683277656, -140.27641121014614]
[96.15696939519785, -140.2767823137308]
[96.15727079946987, -140.27690597911877]
[96.1596253441133, -140.27780314295032]
[96.16023002193313, -140.27804962648474]
[96.16038136328237, -140.27811123615461]
[96.16076121919163, -140.2781631543889]
[96.16083579986723, -140.27829603824765]
[96.1612542487883, -140.27836152215468]
[96.16269478664469, -140.2786436411508]
[96.16322764757771, -140.27906887793313]
[96.16381852895537, -140.27943158510072]
[96.1654020259486, -140.27947701814125]
[96.16682262986605, -140.2805598821808]
[96.16983919192272, -140.2815249697504]
[96.1703711971464, -140.28182596540796]
[96.17156828062411, -140.28226572456208]
[96.17187963725544, -140.2823880413725]
[96.17777477674899, -140.28440301127944]
[96.17830933865022, -140.28480678050138]
[96.18131515880751, -140.28583038812727]
[96.18490231154213, -140.2871971288306]
[96.18801240100822, -140.28828859947978]
[96.18922625890508, -140.2886199502006]
[96.19167869712513, -140.28894462783921]
[96.19193090799536, -140.28902670322634]
[96.19655585882182, -140.2900914462175]
[96.19665018895722, -140.2913352719308]
[96.19979840381191, -140.29232463963922]
[96.2002900840179, -140.2925037796681]
[96.20284790852594, -140.29282663898397]
[96.20662996464598, -140.2939017995461]
[96.20719571044276, -140.29398897646294]
[96.20783970307163, -140.2947125623536]
[96.20869784037781, -140.29535147841037]
[96.20886377542283, -140.29541068607313]
[96.20951484461202, -140.29545687562754]
[96.21006053290519, -140.29583684578026]
[96.2112334360974, -140.29604736600777]
[96.21162275881917, -140.2963066265631]
[96.21234403983831, -140.29659743619445]
[96.21329796307204, -140.2968837531852]
[96.21379723773666, -140.2971419610816]
[96.2155611120429, -140.29749913897612]
[96.21703336976825, -140.29765604784953]
[96.21722747840064, -140.29815812915857]
[96.21734843836173, -140.298240217389]
[96.22101324665783, -140.29912356659798]
[96.22199830613181, -140.29912428004516]
[96.22330048393134, -140.30009831445656]
[96.22878021292682, -140.30160315858487]
[96.22956814090126, -140.30193310350654]
[96.2305707229275, -140.30238063160996]
[96.23241171801877, -140.30301685624556]
[96.23296610113684, -140.30320301084708]
[96.23592407808393, -140.30393183906557]
[96.23672245378818, -140.3041984922412]
[96.23828955493548, -140.30481157061035]
[96.23952468822611, -140.3049390646716]
[96.23954708561246, -140.30494564843562]
[96.23963668732185, -140.3049719830002]
[96.2398159491277, -140.30502464977005]
[96.23999528878232, -140.30507731339398]
[96.24035420163462, -140.30518263120342]
[96.24037238734243, -140.3054450862981]
[96.24107170494916, -140.30567585564125]
[96.24446214721286, -140.30666845311933]
[96.24633521486663, -140.30707671106714]
[96.25102632877247, -140.3086194027942]
[96.25361640874713, -140.30891019614836]
[96.25371956496829, -140.3093827803609]
[96.25608155996031, -140.30961646806915]
[96.25683062640067, -140.31034847779347]
[96.25861260839585, -140.31073578664996]
[96.25886522459366, -140.3109425615003]
[96.26003553148962, -140.31111896611705]
[96.26135449714255, -140.31149862675696]
[96.26143882631187, -140.31160343617987]
[96.26273917058279, -140.31179871263376]
[96.26420505452519, -140.3123269775699]
[96.26437361105073, -140.31254775032107]
[96.26705198182316, -140.31311754216452]
[96.26705782236202, -140.31311915809889]
[96.26718633342468, -140.31315470786802]
[96.26781887889382, -140.31333930694123]
[96.26792590790112, -140.3134458852642]
[96.26859672646361, -140.31372904512403]
[96.26932677475612, -140.31395476778923]
[96.27069791861747, -140.31416822032148]
[96.27211447177166, -140.31467607380964]
[96.27354827574092, -140.31482002517006]
[96.27369926316979, -140.3149288102663]
[96.27420636622597, -140.3151827269003]
[96.27634869024452, -140.3152507231968]
[96.27846921433654, -140.3159658226242]
[96.27887470794253, -140.31619023500943]
[96.27955453819209, -140.31631785655134]
[96.27962349902046, -140.3163676792]
[96.2803746523183, -140.3165444326888]
[96.2806565835518, -140.31666620808673]
[96.28291087957483, -140.31735184852252]
[96.28489034266539, -140.317521375709]
[96.28497912381744, -140.31760119760165]
[96.28523218381535, -140.31802271324966]
[96.28827098623259, -140.3183294909128]
[96.28840452842879, -140.318358571592]
[96.28861234714412, -140.3189259395912]
[96.29007614120415, -140.31931999475205]
[96.29271855871731, -140.3202563342123]
[96.29518910143935, -140.32055781475086]
[96.29650944843576, -140.3208579515992]
[96.29721004991858, -140.3215122063728]
[96.29907446696268, -140.3218982476585]
[96.29918007027212, -140.32192620978464]
[96.29920940888533, -140.3219339768592]
[96.29926222316682, -140.3219479573933]
[96.30208788448556, -140.32269321291565]
[96.30622459079117, -140.32285414938565]
[96.30735311724703, -140.32379902074783]
[96.31107901046298, -140.32449428898158]
[96.31300679400972, -140.32482930686032]
[96.31834372676244, -140.32490993663728]
[96.31904995144464, -140.32578375834743]
[96.32481122783261, -140.32584709540376]
[96.32548361697303, -140.32666207242454]
[96.32563649711268, -140.32849666765094]
[96.32797219344677, -140.3290817463219]
[96.32855786241562, -140.32922794199425]
[96.32888760790905, -140.32931016404942]
[96.32889677065822, -140.32931244786167]
[96.32889982494581, -140.32931320913082]
[96.32894869612184, -140.32932538932786]
[96.32953552825376, -140.32947153565306]
[96.33188983519562, -140.33005582476937]
[96.34301452058135, -140.33189400851805]
[96.35547325648041, -140.33492874358458]
[96.35863753147066, -140.33568529649668]
[96.36022710506673, -140.3360632528895]
[96.36102375068516, -140.33625215103558]
[96.3614225381738, -140.3363465800917]
[96.36172183208151, -140.33641739312543]
[96.36182163543896, -140.33644099580164]
[96.36192145815697, -140.3364645976436]
[96.3620213002354, -140.33648819865138]
[96.36207122853475, -140.33649999884238]
[96.36209619449944, -140.3365058988597]
[96.36210867793557, -140.3365088488488]
[96.36211491976708, -140.33651032383847]
[97.33128271901151, -140.39626664200082]
[99.30893398837017, -140.63249942528833]
[101.11782057116632, -140.7925798576851]
[107.90118215995139, -140.92874930267183]
[110.99616435064877, -141.7741994683808]
[111.5055835330495, -141.8583382145501]
[111.57754226661962, -141.94293226921624]
[111.72942086990489, -141.98001994156706]
[148.63005260523386, -141.9860051099245]
[148.7516417119581, -142.0044617295389]
[149.2553740860492, -142.0077875843527]
[149.2594449310991, -142.02653732386102]
values
[95.90533368512992, -140.02109796210385]
[95.90535674870567, -140.02270727088978]
[95.9053589735165, -140.02548168883766]
[95.90538834871867, -140.0256949657412]
[95.90539659875995, -140.02615795586237]
[95.90540768410133, -140.0262480931941]
[95.90542056272469, -140.02639938425864]
[95.9054353695322, -140.02746360536858]
[95.9054398767311, -140.02781096541847]
[95.90545297479082, -140.02824271831184]
[95.90546705655038, -140.02867428253467]
[95.90548212204644, -140.02910565785902]
[95.90549817131564, -140.0295368440572]
[95.90549833039358, -140.02956688921037]
[95.90549963515372, -140.02983245704428]
[95.90551884302819, -140.03041110193035]
[95.90557201625315, -140.03122980417274]
[95.90558086529539, -140.03131380035546]
[95.90560058830373, -140.03217424705127]
[95.90563761852056, -140.0325200609805]
[95.90566123143552, -140.03292003339328]
[95.90566145394887, -140.03294976511964]
[95.90566168116757, -140.03296463134623]
[95.90566198569749, -140.03297949781458]
[95.90567969806364, -140.03356038752977]
[95.90572124717397, -140.03375886164932]
[95.90576587222219, -140.03457794710383]
[95.90576607251484, -140.03463709366764]
[95.90577639848144, -140.03473534890455]
[95.90582439793543, -140.03549447298445]
[95.9058547426412, -140.0359081463665]
[95.90588574755144, -140.03628048629227]
[95.90588666033231, -140.0363510826774]
[95.90594920174115, -140.03695723153422]
[95.90596122983874, -140.03721122274416]
[95.90598245954594, -140.03760769306106]
[95.90600982049008, -140.03766279874588]
[95.90602142741916, -140.0380034731368]
[95.90602205753186, -140.03803272915872]
[95.9060229972208, -140.038061985974]
[95.90603431595483, -140.0381449204747]
[95.90604010900087, -140.03818638123772]
[95.90605925711321, -140.03848192366033]
[95.906094557178, -140.0388170773495]
[95.9060950361642, -140.0388520876178]
[95.90609596099807, -140.03888709899036]
[95.90613808577095, -140.03928139959942]
[95.90619037461468, -140.03942986645407]
[95.90622787950103, -140.0404233847886]
[95.90633998325221, -140.04141660637407]
[95.90634130047522, -140.04144554175252]
[95.90634207527123, -140.04146000969442]
[95.90635641628114, -140.04168704629205]
[95.90640539979022, -140.04220257744035]
[95.90643911342272, -140.04227329698512]
[95.90648277064474, -140.04274882089948]
[95.90651924705513, -140.0429688769209]
[95.90652049858642, -140.04306094436095]
[95.90652289221947, -140.0431184897535]
[95.90660969595652, -140.04330657190442]
[95.90664943080576, -140.04360762736178]
[95.90665071182973, -140.04410468427483]
[95.9066843104894, -140.0446001816598]
[95.90669703831199, -140.04468208648632]
[95.90671012318259, -140.04476397353287]
[95.90671679952095, -140.04480491038495]
[95.90672155831413, -140.04481723187382]
[95.90672356513343, -140.04484584278762]
[95.90674885837008, -140.04498093077808]
[95.90676535128931, -140.0451073882226]
[95.90682564210474, -140.04564830322863]
[95.90688263528203, -140.04604101541054]
[95.90692967533005, -140.04639903443925]
[95.90693220929323, -140.0464559254397]
[95.90693394148879, -140.04648437169635]
[95.90694954594527, -140.04651467801716]
[95.90697404176578, -140.04654259501768]
[95.90698992405882, -140.0469078146659]
[95.90704689173583, -140.0473310593605]
[95.90713846765465, -140.0480567183934]
[95.90716617114757, -140.0482052352454]
[95.9071938268703, -140.0483452137435]
[95.90719628717866, -140.04836782821604]
[95.90725272106461, -140.04869337716806]
[95.90725762316896, -140.0487512883761]
[95.9072846142353, -140.04902205094797]
[95.90728650659375, -140.04904320059484]
[95.90737281065844, -140.04966368626876]
[95.90740372762407, -140.04979324965686]
[95.90740696203953, -140.04983823498858]
[95.90740938706472, -140.04986635132204]
[95.90742464335392, -140.04994738554547]
[95.9074800013199, -140.05040012312622]
[95.90751616187731, -140.05046212720865]
[95.90753238621147, -140.05064257315541]
[95.90753550270911, -140.0506818191248]
[95.90759001099886, -140.05076991720406]
[95.90762416921794, -140.0511744900696]
[95.90774428476257, -140.05206869637377]
[95.90776335337823, -140.0520811607937]
[95.90780735532945, -140.05239444951528]
[95.90782083964622, -140.05242026458288]
[95.90788874637244, -140.05279950394245]
[95.90790660212478, -140.0530203773894]
[95.9079143620974, -140.0530606412564]
[95.90792879320895, -140.0531272602362]
[95.90793015042654, -140.05314115518453]
[95.90794250267395, -140.05318553349315]
[95.90794477528485, -140.05320775941013]
[95.9080143764469, -140.05360862706064]
[95.90809186435922, -140.05389603350883]
[95.90814160227737, -140.05426519709047]
[95.90820977072505, -140.05473973417762]
[95.90823132975824, -140.05483246372202]
[95.90823417717502, -140.0548600776811]
[95.90835335617221, -140.05508278260604]
[95.908399975187, -140.05538291000806]
[95.90841411909487, -140.0557537639643]
[95.9084945529209, -140.0563245294831]
[95.90854566743826, -140.0565643856652]
[95.90861227127358, -140.05690214359345]
[95.90867978608375, -140.05723982250205]
[95.90868464485013, -140.05729435492867]
[95.9087006808908, -140.05736320956711]
[95.90870206664886, -140.05737415357962]
[95.90881754862176, -140.05791494307843]
[95.90882498273271, -140.05801765328462]
[95.90884649335392, -140.05811725453037]
[95.90885975796894, -140.05816145714314]
[95.90886237085039, -140.05818327697062]
[95.90886410497208, -140.05819691439456]
[95.90889520177299, -140.0583207401979]
[95.90889834052773, -140.0583425478865]
[95.90897919287167, -140.05874128887604]
[95.90900763971703, -140.0587450510924]
[95.90902658002773, -140.05899175470248]
[95.90902790669358, -140.0590026304736]
[95.90907969833697, -140.05917482218143]
[95.90918440257192, -140.05965324398147]
[95.90922454969983, -140.05996056226783]
[95.9092925668879, -140.06027793256277]
[95.90932859390657, -140.06046450008603]
[95.90941934271949, -140.06086971589642]
[95.90953764790791, -140.06144194082574]
[95.90955403360503, -140.06148253102634]
[95.90955651335723, -140.061521030998]
[95.90959850989168, -140.06174665027388]
[95.90968775707108, -140.06212599231782]
[95.90969690762924, -140.06216548611857]
[95.90973579928601, -140.06232657007916]
[95.90977465849224, -140.06248442027808]
[95.90980354876928, -140.06259789240136]
[95.90989770028241, -140.06269416257518]
[95.90991603378747, -140.06311004955427]
[95.90991899031124, -140.0631314571348]
[95.91001130597681, -140.06352831256245]
[95.91004249583114, -140.06359712901812]
[95.91007649488286, -140.06379219865448]
[95.91033496024923, -140.0649011160231]
[95.9103993099817, -140.065175855673]
[95.91040886171814, -140.0652150849092]
[95.91045138128939, -140.06540114850094]
[95.91058975907204, -140.06598040295376]
[95.91063679287464, -140.06617619877724]
[95.91064646889981, -140.0662153434204]
[95.9106660902469, -140.06629361817375]
[95.91068607068318, -140.06637187354025]
[95.91070641024075, -140.06645010950848]
[95.91090571485574, -140.06720266387674]
[95.91090685464303, -140.06724084061406]
[95.9109085854055, -140.06725137022704]
[95.91091425460067, -140.067255946852]
[95.91111466575737, -140.06805197147136]
[95.91111683176672, -140.06806508965855]
[95.91125517000367, -140.06847528714854]
[95.91138333369787, -140.06905087457974]
[95.91141383023113, -140.06916752583228]
[95.91142417541163, -140.06920639978676]
[95.91144468673757, -140.06923706684998]
[95.91147950968514, -140.0693593203708]
[95.91154666612147, -140.06965853914056]
[95.91157471573254, -140.0697836179033]
[95.911664219062, -140.0701244425424]
[95.91167334763902, -140.07015482186875]
[95.91186987079234, -140.0708867730804]
[95.91191027249154, -140.07104169245707]
[95.91195211212539, -140.07119653293623]
[95.91197357124808, -140.07127392356085]
[95.91202312326351, -140.0714170760175]
[95.9122204567947, -140.0721482276113]
[95.91239015784068, -140.07223568949968]
[95.91253825915406, -140.07315465907948]
[95.91262625343673, -140.07340521852254]
[95.9126640129776, -140.0736016675182]
[95.91270474867636, -140.0737847500953]
[95.91279091746077, -140.0740923976432]
[95.91287173637141, -140.07420014010205]
[95.91297293991057, -140.07469864507655]
[95.91305867044119, -140.0750056803457]
[95.91308100270066, -140.07508238913775]
[95.91309230379647, -140.0751207360222]
[95.91310369487505, -140.07515907789713]
[95.9132041623414, -140.07549733906905]
[95.91327018286765, -140.07568485671123]
[95.91333243247567, -140.07591816092483]
[95.91337118672752, -140.07604454516445]
[95.91337723821215, -140.076071251358]
[95.91340018107317, -140.0761477664236]
[95.91342348397217, -140.07622426137348]
[95.9136560268725, -140.07624908550125]
[95.9136750772729, -140.07698412854268]
[95.91380489316352, -140.07720029770334]
[95.91386165841834, -140.07756750587683]
[95.9139077355026, -140.07771996330342]
[95.91425000846195, -140.07879798643972]
[95.91428484900811, -140.07889327485228]
[95.91432071321518, -140.07902598753867]
[95.91440922092505, -140.07919019702953]
[95.91457527685094, -140.07945940368828]
[95.91459224700066, -140.0798584756031]
[95.91464024662713, -140.08001010525442]
[95.91464287215106, -140.08001779557867]
[95.91470147100526, -140.0801945768886]
[95.91484737723582, -140.0806147317247]
[95.9149414995866, -140.08091745129613]
[95.91499072341284, -140.08106868837328]
[95.91545068592279, -140.08238075214103]
[95.91551626275846, -140.08255607827527]
[95.9155413321865, -140.08263138672393]
[95.91565017305435, -140.08294973420476]
[95.91566067591164, -140.08297008102312]
[95.91591762298378, -140.08330898284385]
[95.91594180797155, -140.0837789086065]
[95.91599300962613, -140.0839290627493]
[95.91601908919498, -140.0839702702389]
[95.91650097166767, -140.0851542006024]
[95.91659415857805, -140.08558528694175]
[95.91664492695145, -140.08573481302878]
[95.91669713900373, -140.08588425587433]
[95.91683613409765, -140.0860922683856]
[95.91712727842935, -140.0869680617948]
[95.91731746144113, -140.0875120422182]
[95.91740489075993, -140.08766478790577]
[95.9174269129889, -140.08777279617783]
[95.91755333905212, -140.08808162824073]
[95.91765476105178, -140.08834993020764]
[95.9177802139084, -140.08872713004683]
[95.91780785384371, -140.08880127214812]
[95.91793467177837, -140.08912837724773]
[95.91794957650282, -140.0891458312202]
[95.91801013213801, -140.08931041192125]
[95.91806463694036, -140.08945848911856]
[95.91813087886203, -140.08962548973946]
[95.91818630463492, -140.08977343536068]
[95.91824658916752, -140.08990869367528]
[95.91831585013728, -140.09010461403503]
[95.91846145183248, -140.0903762782538]
[95.91848755063262, -140.09052301927136]
[95.9185336786994, -140.09064568830553]
[95.91865311027644, -140.09077839183172]
[95.91920243003906, -140.0922790009892]
[95.91938365968838, -140.09269713966071]
[95.9194433931427, -140.0928530395234]
[95.91950875612149, -140.09294696633208]
[95.91954737132983, -140.09309631326985]
[95.91962837901518, -140.09327113856176]
[95.91963614832903, -140.09332932651975]
[95.91976529269247, -140.093642267416]
[95.91980388856646, -140.09368080023071]
[95.92001298203242, -140.09422280198348]
[95.92004228012553, -140.09429589293546]
[95.9201366795134, -140.0944779765058]
[95.92017321254897, -140.09460835100506]
[95.92022836869556, -140.09472034684703]
[95.92052761967531, -140.09542754637934]
[95.92055879978301, -140.09549194610923]
[95.9205872863492, -140.09557325146125]
[95.92060872151346, -140.09562626080438]
[95.9207535073769, -140.09578348265]
[95.92087074081587, -140.09622226753498]
[95.9213790152025, -140.09734087011498]
[95.9214870955553, -140.09758812956284]
[95.92174868388236, -140.09815895951087]
[95.92208061280394, -140.098243311122]
[95.92216256301668, -140.0991016982108]
[95.9222942062717, -140.0993578693171]
[95.92274631898215, -140.10037037965003]
[95.92291876254936, -140.1007151897809]
[95.92299643577319, -140.10090892076408]
[95.9230204401136, -140.10095270391116]
[95.92313210005084, -140.10118448802464]
[95.92319602445207, -140.1013279208769]
[95.92321632652501, -140.10137770745482]
[95.92339045182356, -140.10165359263303]
[95.92349996488596, -140.10176453552504]
[95.92366823140988, -140.10211081720115]
[95.92377249955419, -140.1025273875828]
[95.92416368022218, -140.10327012050882]
[95.92418443807374, -140.10338825623268]
[95.92455856393937, -140.1041564529091]
[95.92457415534881, -140.10418850367944]
[95.92459849750901, -140.10420390722783]
[95.9248967747329, -140.10482857062212]
[95.92504805240377, -140.1051354717819]
[95.92509347665269, -140.10523105587515]
[95.92533041580248, -140.10569560496833]
[95.92549321864226, -140.10601603174743]
[95.92552724223607, -140.1060867727848]
[95.92566266164137, -140.10636113711575]
[95.92593154620974, -140.1067784934888]
[95.92603179515237, -140.10708337753906]
[95.9263131392263, -140.10721157840402]
[95.92683509035943, -140.10861786657063]
[95.92707365698223, -140.10907963266135]
[95.92716779306858, -140.10921483622525]
[95.92723124115486, -140.10932705751577]
[95.92728419302674, -140.10943098912006]
[95.92740753790044, -140.1097051617094]
[95.92763308763354, -140.1101053161936]
[95.9277585146342, -140.11035301686942]
[95.9278388519867, -140.11050936294623]
[95.92799890933247, -140.11080211578422]
[95.92800121315992, -140.110813183816]
[95.92830224595164, -140.11136315794624]
[95.92858042893172, -140.11184439264179]
[95.92865298731871, -140.1119640667036]
[95.92883460540047, -140.11216664068436]
[95.9289137494818, -140.11248475879177]
[95.92906540213284, -140.11272451077215]
[95.92913762368495, -140.11288990612425]
[95.92939327149257, -140.113347358702]
[95.9294279204565, -140.11339828320945]
[95.92976680545162, -140.11401017507058]
[95.92979711804962, -140.1140564716865]
[95.92994818645255, -140.11428636429542]
[95.93000974799784, -140.11433834391744]
[95.93017080650267, -140.11472448206072]
[95.9305060335973, -140.11511355760672]
[95.93064841232568, -140.11553410664263]
[95.93098886256617, -140.11614350028188]
[95.9310367657103, -140.11621666107274]
[95.93116231846409, -140.11644420113888]
[95.93166092443828, -140.1172837755479]
[95.93196433865255, -140.11779364396514]
[95.9320669981073, -140.1179817243047]
[95.93209319595326, -140.11802171455616]
[95.93236471414217, -140.11831939155934]
[95.93264688004483, -140.11895346753252]
[95.93302979553923, -140.11946041766802]
[95.93333183971392, -140.12004560223625]
[95.9333489402677, -140.12011261991964]
[95.9335673432791, -140.12046836068254]
[95.9336583663915, -140.12062051781808]
[95.93370863118474, -140.120687549493]
[95.93384173260496, -140.12091860014203]
[95.93393076059965, -140.12105943798989]
[95.93401793819365, -140.12114867288804]
[95.93414538224425, -140.1213758973837]
[95.93426599041427, -140.12158771884774]
[95.93536265397469, -140.1233428535199]
[95.9355830670786, -140.12371200291463]
[95.93592280854365, -140.1242072940523]
[95.93617425809009, -140.12449239084776]
[95.93630126754465, -140.1248077141448]
[95.93665706834136, -140.12535954313014]
[95.93685361866548, -140.1256373762826]
[95.93729417435576, -140.1263295932989]
[95.937377177676, -140.12646230894097]
[95.93741084375634, -140.12651111128818]
[95.93801237233042, -140.12741462787454]
[95.93810863022576, -140.12756388353117]
[95.93830526459742, -140.12785802227629]
[95.93907131961876, -140.12891306979776]
[95.93934481423163, -140.12938532660147]
[95.94010460584965, -140.13050255249473]
[95.94024211012575, -140.13061520843124]
[95.94045245654199, -140.1309895979222]
[95.94047102306669, -140.13102867047414]
[95.94056429581175, -140.1311548126426]
[95.94089704307522, -140.13155429187813]
[95.94122665622339, -140.13207107879856]
[95.94171312102277, -140.1327959019966]
[95.94174985671783, -140.13284603640443]
[95.94224292003906, -140.13344067751387]
[95.94231045387124, -140.13363302107643]
[95.94278594910087, -140.13428796614647]
[95.94328457701675, -140.13497979848682]
[95.94402953788921, -140.13536521070088]
[95.94472558726832, -140.1368122624964]
[95.94544194522553, -140.13787802013505]
[95.94550896918895, -140.13798043721363]
[95.94558472664443, -140.1380829317277]
[95.94591620953436, -140.1385229097467]
[95.94628868622038, -140.13901360911845]
[95.94632628403384, -140.13906507730488]
[95.94715493520032, -140.1401484965158]
[95.94729742018339, -140.14016298549382]
[95.94794065037944, -140.14113048866994]
[95.94853562563412, -140.14188914983066]
[95.94906153467784, -140.1423851283685]
[95.94961329625012, -140.14327408284078]
[95.94996274192921, -140.14370661999936]
[95.95022111899408, -140.1440126351594]
[95.95034322077223, -140.1441475843782]
[95.95040797874606, -140.1442259789744]
[95.95040948608585, -140.14424570864207]
[95.9504238879288, -140.1442997940148]
[95.95077353524057, -140.14471857917226]
[95.95087363974329, -140.14481494650212]
[95.95110145874636, -140.1451105443205]
[95.95121675170358, -140.14526901522115]
[95.95165395043934, -140.14580625811752]
[95.95200894883752, -140.146237019448]
[95.9520939822757, -140.14634319191225]
[95.9525368471344, -140.14687981636348]
[95.9531752922174, -140.14756775663162]
[95.95459654733543, -140.14927538601918]
[95.95473231945073, -140.1494866699558]
[95.95576635015814, -140.15069559251893]
[95.95670139355065, -140.15175735737284]
[95.957310403869, -140.15247173287918]
[95.95772945091541, -140.15294905556723]
[95.95777755014555, -140.1530036766755]
[95.957992192889, -140.1532302719969]
[95.95819793352236, -140.15348055799518]
[95.95824752842549, -140.15353530730198]
[95.95857018246913, -140.15386277510405]
[95.95946376152435, -140.15470673743602]
[95.95997055465142, -140.15534698400722]
[95.96156807006507, -140.15705264004728]
[95.96215998097817, -140.15783100672957]
[95.96250961921825, -140.1580676223117]
[95.96314679234328, -140.1589054877903]
[95.9637373911873, -140.1595312561307]
[95.96378995407028, -140.15958742562]
[95.9638447076683, -140.15964361282187]
[95.96416434835368, -140.15971039649511]
[95.96428703664313, -140.16011400187122]
[95.96478695007848, -140.16064026094338]
[95.96492776702712, -140.16078046415444]
[95.96495622213853, -140.1608239006552]
[95.96563932160433, -140.1613358977278]
[95.96588129812167, -140.16177594501485]
[95.96793677374438, -140.16371966153164]
[95.96980548337854, -140.1657248125467]
[95.97054063075203, -140.16649922082672]
[95.97065542706825, -140.1666149465376]
[95.971046867504, -140.16668556298876]
[95.97118243429915, -140.167136087825]
[95.97177594767898, -140.16771505897597]
[95.97464996146779, -140.1704221630017]
[95.97554631026262, -140.1708695765479]
[95.97653186902119, -140.17205943257633]
[95.97694023218737, -140.17250730563856]
[95.97702045161742, -140.1727232985597]
[95.97785585112787, -140.1729465579018]
[95.97790684400539, -140.17355316652447]
[95.9779734385293, -140.17361278161485]
[95.97846376386346, -140.1740688064634]
[95.97871847650345, -140.1742486665724]
[95.97902351217175, -140.1745841213835]
[95.97921761477087, -140.17476996932223]
[95.97970109234362, -140.17519552969782]
[95.97984551822196, -140.17523835332378]
[95.98017227122473, -140.17562504973745]
[95.98031432770972, -140.1757466214687]
[95.9844653135319, -140.17944332611677]
[95.98554422241102, -140.18040097440468]
[95.9856166955448, -140.18046234052943]
[95.98569136631822, -140.18052372281764]
[95.98594225166696, -140.18065803352798]
[95.9865808018553, -140.18123384232945]
[95.98692715065795, -140.18160777646506]
[95.98801339228753, -140.18251501696005]
[95.98807466712418, -140.18254750249]
[95.9881715283161, -140.18266916580018]
[95.98833594367883, -140.18281384177538]
[95.98958466371121, -140.18361072236684]
[95.99032364746662, -140.18442999775104]
[95.99267076999763, -140.18597743980513]
[95.99364589967954, -140.18722041834167]
[95.99380914631168, -140.1873467479019]
[95.99402522721944, -140.18736393828857]
[95.9946558839504, -140.18765513545142]
[95.99502259771641, -140.18835397086164]
[95.99625430618855, -140.18931683129975]
[95.99633107626134, -140.1894066451243]
[95.99650347758532, -140.1895499177766]
[95.99818080733912, -140.19083705818932]
[95.99902909526608, -140.19099993056477]
[96.00060274896778, -140.1923623848957]
[96.00188116054355, -140.19319501517668]
[96.00214740849624, -140.19395089493707]
[96.00489494199424, -140.19602949068727]
[96.00505686587317, -140.19619320208915]
[96.00591661961235, -140.19678483381838]
[96.00694044547296, -140.19752536775616]
[96.00770511265515, -140.1980597844591]
[96.008287564745, -140.1985296873436]
[96.0087421156368, -140.1985585199748]
[96.00888445158773, -140.19865909293932]
[96.00965873632717, -140.19957393809204]
[96.01033805020582, -140.1998848183789]
[96.01315645972657, -140.20210757602285]
[96.0139095028366, -140.20266960881543]
[96.01399611282314, -140.20274264148128]
[96.01428768490948, -140.20295052845455]
[96.01436345416333, -140.2030067046395]
[96.01564681017035, -140.2039172684936]
[96.01721080636801, -140.20502303209173]
[96.0173074427399, -140.2050931032973]
[96.01748651828876, -140.2051439744635]
[96.01902437850748, -140.20601887097706]
[96.02402375612274, -140.20934659867038]
[96.02478836544597, -140.21013655115812]
[96.02638922188186, -140.2112472782186]
[96.02679220219535, -140.21152479668476]
[96.0276919661392, -140.2116649364671]
[96.02806395688162, -140.21206752251504]
[96.0284419313096, -140.21261713687093]
[96.02854387682841, -140.2126864270047]
[96.03074957988039, -140.21397965631317]
[96.03131361470089, -140.21428816624785]
[96.0336996009694, -140.21586885445555]
[96.03468838904571, -140.21650759088072]
[96.03601764927399, -140.21743972715092]
[96.03635292887603, -140.2176595235013]
[96.03751974349112, -140.2181752540854]
[96.03970585389335, -140.219359925134]
[96.04033545343327, -140.22016171034053]
[96.04112929772003, -140.22051834220676]
[96.04146356708482, -140.2206928827377]
[96.0422295663657, -140.221177535212]
[96.04315876867635, -140.221788826487]
[96.0432779651039, -140.22183205795415]
[96.04369813976766, -140.22191677927012]
[96.04436179840117, -140.22243791696707]
[96.04550903414119, -140.22294558833028]
[96.04636701986655, -140.22376100141108]
[96.04658300282642, -140.22390485205855]
[96.04705238181967, -140.22400018606857]
[96.04991952043406, -140.22580516138348]
[96.05071742813149, -140.2263782262995]
[96.05134316407117, -140.2266725602349]
[96.05256936687827, -140.22744993183827]
[96.05268191837786, -140.227517635859]
[96.05277812644897, -140.2275392744525]
[96.05325678308049, -140.22773197634575]
[96.05349985193217, -140.22797237464937]
[96.05438809146563, -140.22828090433538]
[96.05440598762408, -140.22851350890178]
[96.05463321229769, -140.2286487506112]
[96.05626258460892, -140.22937401851522]
[96.0573385655057, -140.23007008170478]
[96.05816833714033, -140.2304668150538]
[96.05818342511209, -140.23054799923287]
[96.06118045002236, -140.23205347977293]
[96.06148497804924, -140.2324964556135]
[96.06265751924175, -140.23307916369578]
[96.0637428793331, -140.23326279331846]
[96.06558300589235, -140.2347529128581]
[96.06717868113581, -140.23558196885327]
[96.06762512724465, -140.23586934967543]
[96.06799618234506, -140.23589509981886]
[96.06908547156237, -140.23665044638358]
[96.06946895034244, -140.2368640118435]
[96.0696849677924, -140.23698412335682]
[96.07187313074749, -140.2380000461102]
[96.07213361706812, -140.23823070762785]
[96.07230747476245, -140.2382446980009]
[96.07427453419558, -140.2393085046737]
[96.07687920196146, -140.2407501537965]
[96.07955785425581, -140.24197065518317]
[96.08117131441348, -140.24296789068595]
[96.08281752479893, -140.2436697653395]
[96.08332189689392, -140.24406782404253]
[96.0838771967735, -140.24432318302476]
[96.08549018399243, -140.24516607570365]
[96.08620493072429, -140.24528961499215]
[96.0865307116012, -140.24549754181487]
[96.09019076766536, -140.2464987096685]
[96.09044326680068, -140.24753445562754]
[96.09217133502491, -140.24820685734088]
[96.09299413592245, -140.24884007025557]
[96.09428201048857, -140.24925383179797]
[96.09503534577767, -140.2493076815862]
[96.09604479208353, -140.25033460908395]
[96.09758938853801, -140.2512151818566]
[96.0982286653, -140.25125736413568]
[96.09862846392554, -140.25173444783533]
[96.09950832642706, -140.2519813321115]
[96.0997716708884, -140.2521113434038]
[96.10065917389889, -140.25236406415397]
[96.10209743669529, -140.25307517982804]
[96.10228751305701, -140.2533097330654]
[96.10313985666009, -140.25372503897634]
[96.10443308007308, -140.25409183647068]
[96.1063440331452, -140.2549576073215]
[96.10810362592831, -140.25568419208756]
[96.10830148197309, -140.2561723472264]
[96.10856392406669, -140.25628980564414]
[96.10883315436087, -140.25641870147587]
[96.10896787287744, -140.25648314286173]
[96.11214064294589, -140.25773856309166]
[96.11406161949591, -140.2588386902563]
[96.11465314988706, -140.25912066148362]
[96.11687267605959, -140.25965528740718]
[96.11808095698433, -140.26047398654345]
[96.1189692258344, -140.26088371554383]
[96.11935873062959, -140.2610629156201]
[96.11986031598107, -140.26129326529602]
[96.1207542272927, -140.26170263573633]
[96.12120224084403, -140.26190725369466]
[96.12165095963694, -140.2621118268012]
[96.12345058753631, -140.26291492885943]
[96.12371993598614, -140.26302735545835]
[96.12399972050815, -140.26315458305424]
[96.12413971606946, -140.26321819026114]
[96.12471127116012, -140.26330386973967]
[96.12557306946388, -140.26382950046747]
[96.12586743850088, -140.26397190342377]
[96.1273116393827, -140.2642293136325]
[96.12987021619563, -140.2656310362602]
[96.13247462957327, -140.26684944087043]
[96.13273939578409, -140.26694168134253]
[96.13359555137127, -140.2673200243765]
[96.1338814872801, -140.26744610335982]
[96.13492788231372, -140.2677268639355]
[96.13625500093688, -140.26786649034773]
[96.13628895767704, -140.26829019773697]
[96.13727533009097, -140.2687114380214]
[96.14008162942056, -140.2699215725382]
[96.14102269974944, -140.2703245882142]
[96.14196658845063, -140.2707274225387]
[96.14252058008228, -140.27092418717186]
[96.14283093900028, -140.2711488990155]
[96.14418495753384, -140.2716123263944]
[96.14490214834173, -140.27190607313113]
[96.14513873921238, -140.27213011817364]
[96.14849065492123, -140.27338634037724]
[96.14894989039587, -140.27355749903444]
[96.14964651609898, -140.27384332460517]
[96.15086599545637, -140.27431448698925]
[96.15104752820116, -140.27441839119288]
[96.15146110175557, -140.27456304216415]
[96.15205730857778, -140.27481152593026]
[96.15220653223588, -140.27487363571242]
[96.15250518589127, -140.27499784188393]
[96.1537325421594, -140.27550690045464]
[96.1545439037805, -140.2757394656428]
[96.15606683277656, -140.27641121014614]
[96.15696939519785, -140.2767823137308]
[96.15727079946987, -140.27690597911877]
[96.15800860281382, -140.2771925683179]
[96.1596253441133, -140.27780314295032]
[96.16023002193313, -140.27804962648474]
[96.16038136328237, -140.27811123615461]
[96.16076121919163, -140.2781631543889]
[96.16083579986723, -140.27829603824765]
[96.1612542487883, -140.27836152215468]
[96.16269478664469, -140.2786436411508]
[96.16322764757771, -140.27906887793313]
[96.16381852895537, -140.27943158510072]
[96.1654020259486, -140.27947701814125]
[96.16682262986605, -140.2805598821808]
[96.16983919192272, -140.2815249697504]
[96.1703711971464, -140.28182596540796]
[96.17156828062411, -140.28226572456208]
[96.17187963725544, -140.2823880413725]
[96.17477081698728, -140.28276199568444]
[96.17758749362277, -140.2845277005471]
[96.17830933865022, -140.28480678050138]
[96.18131515880751, -140.28583038812727]
[96.18490231154213, -140.2871971288306]
[96.18767236307744, -140.28807345261882]
[96.18801240100822, -140.28828859947978]
[96.18922625890508, -140.2886199502006]
[96.19167869712513, -140.28894462783921]
[96.19193090799536, -140.28902670322634]
[96.19343092033506, -140.28936372780842]
[96.1940908255946, -140.289647723564]
[96.19655585882182, -140.2900914462175]
[96.19665018895722, -140.2913352719308]
[96.19791632241686, -140.29169930349576]
[96.19979840381191, -140.29232463963922]
[96.2002900840179, -140.2925037796681]
[96.20284790852594, -140.29282663898397]
[96.20548619320854, -140.29429536093747]
[96.20783970307163, -140.2947125623536]
[96.20869784037781, -140.29535147841037]
[96.20886377542283, -140.29541068607313]
[96.20951484461202, -140.29545687562754]
[96.21006053290519, -140.29583684578026]
[96.2112334360974, -140.29604736600777]
[96.21153481825974, -140.29633569871257]
[96.21234403983831, -140.29659743619445]
[96.21315459970148, -140.29685871059849]
[96.21329796307204, -140.2968837531852]
[96.21379723773666, -140.2971419610816]
[96.2155611120429, -140.29749913897612]
[96.21703336976825, -140.29765604784953]
[96.21722747840064, -140.29815812915857]
[96.21734843836173, -140.298240217389]
[96.22101324665783, -140.29912356659798]
[96.22199830613181, -140.29912428004516]
[96.22208829294712, -140.29913812287313]
[96.22330048393134, -140.30009831445656]
[96.22681914055175, -140.30122800090874]
[96.22878021292682, -140.30160315858487]
[96.22956814090126, -140.30193310350654]
[96.2305707229275, -140.30238063160996]
[96.23241171801877, -140.30301685624556]
[96.23296610113684, -140.30320301084708]
[96.23390647971524, -140.3034647523601]
[96.23474241971061, -140.30371709161733]
[96.23592407808393, -140.30393183906557]
[96.23672245378818, -140.3041984922412]
[96.23828955493548, -140.30481157061035]
[96.23868627015219, -140.30494553002242]
[96.23954708561246, -140.30494564843562]
[96.23963668732185, -140.3049719830002]
[96.2398159491277, -140.30502464977005]
[96.23999528878232, -140.30507731339398]
[96.24035420163462, -140.30518263120342]
[96.24037238734243, -140.3054450862981]
[96.24107170494916, -140.30567585564125]
[96.24191730522438, -140.30592470811956]
[96.24446214721286, -140.30666845311933]
[96.24633521486663, -140.30707671106714]
[96.24843033153516, -140.30774414565545]
[96.25102632877247, -140.3086194027942]
[96.25253326379338, -140.30869656360107]
[96.25361640874713, -140.30891019614836]
[96.25371956496829, -140.3093827803609]
[96.25385891895904, -140.30940390679356]
[96.2538589197372, -140.30940390701647]
[96.25608155996031, -140.30961646806915]
[96.25612566634946, -140.30981505892888]
[96.25621708381975, -140.31016457572082]
[96.25683062640067, -140.31034847779347]
[96.25861260839585, -140.31073578664996]
[96.25886522459366, -140.3109425615003]
[96.26003553148962, -140.31111896611705]
[96.26135449714255, -140.31149862675696]
[96.26143882631187, -140.31160343617987]
[96.26273917058279, -140.31179871263376]
[96.26420505452519, -140.3123269775699]
[96.26437361105073, -140.31254775032107]
[96.26487657918092, -140.3126615532707]
[96.26535490045333, -140.31278880282622]
[96.26704524287535, -140.31311567763237]
[96.26704530864417, -140.31311569582942]
[96.26704534286534, -140.31311570529783]
[96.26704541130773, -140.31311572423462]
[96.26704760146883, -140.3131163302117]
[96.26705198182316, -140.31311754216452]
[96.26705782236202, -140.31311915809889]
[96.26718633342468, -140.31315470786802]
[96.26781887889382, -140.31333930694123]
[96.26792590790112, -140.3134458852642]
[96.26859672646361, -140.31372904512403]
[96.26906341766168, -140.31386183315954]
[96.26932677475612, -140.31395476778923]
[96.27069791861747, -140.31416822032148]
[96.27211447177166, -140.31467607380964]
[96.27354827574092, -140.31482002517006]
[96.27369926316979, -140.3149288102663]
[96.27420636622597, -140.3151827269003]
[96.27444370415826, -140.31527020698118]
[96.27846921433654, -140.3159658226242]
[96.27887470794253, -140.31619023500943]
[96.27955453819209, -140.31631785655134]
[96.27962349902046, -140.3163676792]
[96.2803746523183, -140.3165444326888]
[96.2806565835518, -140.31666620808673]
[96.28291087957483, -140.31735184852252]
[96.28382552514633, -140.31791153254238]
[96.28523218381535, -140.31802271324966]
[96.28827098623259, -140.3183294909128]
[96.28840452842879, -140.318358571592]
[96.28861234714412, -140.3189259395912]
[96.29007614120415, -140.31931999475205]
[96.29271855871731, -140.3202563342123]
[96.29518910143935, -140.32055781475086]
[96.29650944843576, -140.3208579515992]
[96.29721004991858, -140.3215122063728]
[96.29907446696268, -140.3218982476585]
[96.29918007027212, -140.32192620978464]
[96.29920940888533, -140.3219339768592]
[96.29921617472736, -140.32193576795885]
[96.2992161908443, -140.3219357722254]
[96.29921621663144, -140.32193577905187]
[96.29921711058545, -140.3219360157031]
[96.29926222316682, -140.3219479573933]
[96.30208788448556, -140.32269321291565]
[96.30622459079117, -140.32285414938565]
[96.30735311724703, -140.32379902074783]
[96.31107901046298, -140.32449428898158]
[96.31286430728159, -140.32548769442826]
[96.31904995144464, -140.32578375834743]
[96.32318443629973, -140.32769902261433]
[96.32485577677551, -140.32837109174335]
[96.32563649711268, -140.32849666765094]
[96.32797219344677, -140.3290817463219]
[96.32855786241562, -140.32922794199425]
[96.32888760790905, -140.32931016404942]
[96.32889371638956, -140.32931168659172]
[96.32889677065822, -140.32931244786167]
[96.32889829779967, -140.32931282849634]
[96.32889982494581, -140.32931320913082]
[96.32890058852064, -140.32931339944798]
[96.32890074958738, -140.329313439593]
[96.3289007630096, -140.3293134429384]
[96.32890076636517, -140.32931344377477]
[96.32890087486152, -140.32931347081689]
[96.3289028792523, -140.32931397039914]
[96.32894869612184, -140.32932538932786]
[96.32953552825376, -140.32947153565306]
[96.33188983519562, -140.33005582476937]
[96.33706252890647, -140.3311698881204]
[96.34301452058135, -140.33189400851805]
[96.34532011369409, -140.33298857406362]
[96.34635905182276, -140.3332132492691]
[96.35547325648041, -140.33492874358458]
[96.35577696456761, -140.3352086722478]
[96.35863753147066, -140.33568529649668]
[96.36022710506673, -140.3360632528895]
[96.36102375068516, -140.33625215103558]
[96.3614225381738, -140.3363465800917]
[96.36172183208151, -140.33641739312543]
[96.36182163543896, -140.33644099580164]
[96.36192145815697, -140.3364645976436]
[96.3620213002354, -140.33648819865138]
[96.36207122853475, -140.33649999884238]
[96.36209619449944, -140.3365058988597]
[96.36210867793557, -140.3365088488488]
[96.36211491976708, -140.33651032383847]
[96.36211804071118, -140.33651106133206]
[96.36212038143167, -140.33651161445175]
[96.36212155179587, -140.3365118910114]
[96.362122136979, -140.33651202929119]
[96.36212228327489, -140.33651206386114]
[96.36212242957079, -140.3365120984311]
[96.36212272216278, -140.33651216757096]
[96.36212286845881, -140.33651220214088]
[96.36212294160686, -140.33651221942586]
[96.36212299646792, -140.33651223238957]
[96.36212305132895, -140.3365122453533]
[96.3621230650442, -140.33651224859423]
[96.3621230719018, -140.3365122502147]
[96.36212307361623, -140.33651225061982]
[96.36212307875947, -140.33651225183516]
[96.37013171299438, -140.33811160843374]
[96.37497745923088, -140.33905513090116]
[96.3793103429219, -140.3398836681614]
[96.3963276532557, -140.34300380753868]
[96.39688262098511, -140.34310205838588]
[96.40133592963525, -140.3438826587462]
[96.41484059941818, -140.34616668759224]
[96.43202711064095, -140.34889951004828]
[96.44250226018069, -140.35047381248958]
[96.46922668720615, -140.35419415591812]
[96.48562986737852, -140.3562781171516]
[96.50793155553657, -140.35888307692392]
[96.54814681642945, -140.36296213984244]
[97.33128271901151, -140.39626664200082]
[99.30893398837017, -140.63249942528833]
[101.11782057116632, -140.7925798576851]
[107.90118215995139, -140.92874930267183]
[110.99616435064877, -141.7741994683808]
[111.5055835330495, -141.8583382145501]
[111.57754226661962, -141.94293226921624]
[111.72942086990489, -141.98001994156706]
[111.8283295281169, -141.99320046845727]
[148.7516417119581, -142.0044617295389]
[149.04291539267246, -142.094903819763]
end_solutions
[1.3780194372531336, -1.7742764664810782, -0.7267288050429885]
[0.646283065289282, -1.7723368233919652, -0.7293452706909543]
[0.646283065289282, -1.7723368233919652, -0.7293452706909543]
[1.2134207132299015, -0.6107161280784333, -1.3425824887373008]
[1.211474416959472, -0.6122683605357346, -1.3451447066194895]
[1.2095281206890425, -0.6138205929930359, -1.3477069245016782]
[1.208045228292525, -0.6150032462938368, -1.3496590905071553]
[1.205566542795761, -0.6160556385568174, -1.352146298065418]
[1.2034103939709992, -0.6168046159085099, -1.3541678589439843]
[1.2011908451421534, -0.6176080365691043, -1.3562634752279683]
[1.1989712963133072, -0.6184114572296989, -1.3583590915119523]
[1.1973326776050168, -0.6188889301628868, -1.359823578361532]
[1.1956940588967262, -0.6193664030960748, -1.3612880652111117]
[1.1942666858776108, -0.619867589758969, -1.3625868653705837]
[1.1928393128584953, -0.6203687764218633, -1.3638856655300557]
[1.1916296237583923, -0.6209572837122508, -1.3650446783322736]
[1.1904199346582895, -0.6215457910026383, -1.3662036911344912]
[1.1893028715498386, -0.6221278391879934, -1.3672891496871733]
[1.1883710604246915, -0.6226969691632837, -1.3682274997407837]
[1.1874843413361007, -0.6232072114388882, -1.369108709993474]
[1.1865976222475096, -0.6237174537144928, -1.3699899202461645]
[1.185789078934378, -0.6241858820237449, -1.370798888979785]
[1.185136887172165, -0.624570682400292, -1.3714633746752656]
[1.184409338085294, -0.6249803497806671, -1.3721899517299274]
[1.1836789705476218, -0.6254069641235667, -1.372926678944478]
[1.1830762108492747, -0.6257350691504728, -1.3735212841217743]
[1.1825277305833202, -0.6260592666482787, -1.3740763670726595]
[1.1819378361303707, -0.626390631533541, -1.3746636292333252]
[1.18153123817454, -0.6266111060924471, -1.3750641720503811]
[1.1808639699438297, -0.6269927025179812, -1.3757323757862767]
[1.1804409836790994, -0.6272311009216871, -1.3761529493198243]
end_values
[ 149.04291539 -142.09490382]
[ 111.82832953 -141.99320047]
[ 111.82832953 -141.99320047]
[  96.50793156 -140.35888308]
[  96.43202711 -140.34889951]
[  96.36212307 -140.33651225]
[  96.31286431 -140.32548769]
[  96.2410717  -140.30567586]
[  96.18490231 -140.28719713]
[  96.13247463 -140.26684944]
[  96.08549018 -140.24516608]
[  96.05463321 -140.22864875]
[  96.0267922 -140.2115248]
[  96.00505687 -140.1961932 ]
[  95.98554422 -140.18040097]
[  95.97065543 -140.16661495]
[  95.9573104  -140.15247173]
[  95.94632628 -140.13906508]
[  95.93810863 -140.12756388]
[  95.93116232 -140.1164442 ]
[  95.92504805 -140.10513547]
[  95.92017321 -140.09460835]
[  95.91669714 -140.08588426]
[  95.91340018 -140.07614777]
[  95.91064647 -140.06621534]
[  95.90882498 -140.05801765]
[  95.90748    -140.05040012]
[  95.9064054  -140.04220258]
[  95.90588423 -140.03653944]
[  95.90539451 -140.02709958]
[  95.90533369 -140.02109796]
