values
[-50.070623711094655, 1316.004870639688]
[-50.02024694185909, 1280.0970718945632]
[-49.572725052712016, 1244.8738261079964]
[-48.72805804365341, 1210.335133279987]
[-48.375013644802415, 1200.3817357540504]
[-46.93761099309103, 1164.3332094688844]
[-45.86951295310921, 1143.1972513876985]
[-44.92322600701947, 1128.196143389191]
[-44.665893783284005, 1124.148267559833]
[-44.5464929127904, 1121.8003921363115]
[-42.248365472185455, 1089.7670704009424]
[-41.47215691935618, 1080.5468601745104]
[-38.862312108504874, 1051.50966953815]
[-37.70166097560511, 1039.5371518077259]
[-37.70087263930792, 1039.5346120754702]
[-36.735865966079565, 1030.6218485023983]
[-36.45890484447092, 1028.390367766465]
[-36.17984693788202, 1026.1626855853217]
[-35.73941917848932, 1021.7835584471876]
[-33.24016899112982, 1000.3912682661991]
[-33.055143610374245, 998.4581000392848]
[-31.11701094864509, 983.4902211054384]
[-28.863154710440426, 966.8130921196015]
[-27.851577337271948, 966.0836522090239]
[-27.668997519852503, 958.6499301607627]
[-26.388043468774292, 950.2845900790772]
[-26.386809568946994, 950.2788961736701]
[-26.38187382357456, 950.2561208550757]
[-25.075567694853792, 941.9899004198096]
[-25.07242746376685, 941.9757711247312]
[-23.937582367911983, 935.327258253636]
[-23.8365583164236, 934.8621145694228]
[-23.823142698191262, 934.429998816741]
[-23.78370938331333, 934.1788671142963]
[-23.76398103872514, 934.0533221645622]
[-23.74862761659256, 933.8911410118915]
[-23.735770921209937, 933.8380265372881]
[-23.73294542977375, 933.8081067239287]
[-23.73153252825471, 933.7931471404859]
[-23.72835312007231, 933.7594888656288]
[-23.727293200494117, 933.748269683104]
[-23.7247312101919, 933.7304314755412]
[-23.724349423425117, 933.7292815246583]
[-23.72390451011951, 933.7281315753897]
[-23.723014682009627, 933.7258316816958]
[-23.7220662482706, 933.7239415623667]
[-23.721112186076326, 933.7227472332536]
[-23.720684583538105, 933.7201093262236]
[-23.720146599424243, 933.7186515674667]
[-23.719455349589197, 933.7166321714938]
[-23.719302913056296, 933.7162771073506]
[-23.7191867709059, 933.7160065823988]
[-23.719150476478497, 933.7159220433707]
[-23.719128699820857, 933.7158713199584]
[-23.719106923162276, 933.7158205965493]
[-23.719099664275916, 933.7158036887471]
[-23.719085146502835, 933.7157698731437]
[-23.718998039855784, 933.7155669795541]
[-23.718976263191692, 933.7155162561651]
[-21.136288501448007, 933.6595445082033]
values
[-50.070623711094655, 1316.004870639688]
[-50.063744198729395, 1305.420651472471]
[-50.02024694185909, 1280.0970718945632]
[-49.915508796636374, 1268.4008816701887]
[-49.905217037287855, 1267.2034871250485]
[-49.84612913727446, 1262.39987988146]
[-49.7501121694232, 1258.317237709198]
[-49.572725052712016, 1244.8738261079964]
[-49.05286070454354, 1222.0570109243824]
[-49.04900997346393, 1220.3755683193704]
[-48.7395463952888, 1212.209924542581]
[-48.73915055937008, 1211.552028422696]
[-48.72805804365341, 1210.335133279987]
[-48.375013644802415, 1200.3817357540504]
[-48.37374759833057, 1200.3638882874393]
[-47.25414847216835, 1171.5782153971124]
[-47.252988285590774, 1171.5286740889483]
[-46.99149666104489, 1165.6837553454266]
[-46.93771266341871, 1164.3344569255023]
[-46.93761099309103, 1164.3332094688844]
[-46.766545641883695, 1161.8271842633924]
[-46.72052167274215, 1159.9582064900937]
[-46.71915216249481, 1159.909013150559]
[-46.717781748324555, 1159.8598212656177]
[-46.71641043023142, 1159.8106308352694]
[-46.424856849006396, 1154.626957533156]
[-45.86951295310921, 1143.1972513876985]
[-45.17569052724559, 1131.3043342068652]
[-44.92322600701947, 1128.196143389191]
[-44.665893783284005, 1124.148267559833]
[-44.559742796129086, 1122.2313998410064]
[-44.5464929127904, 1121.8003921363115]
[-44.19168175641377, 1116.5182184233922]
[-43.88927918623685, 1112.5907329866845]
[-43.88337964462262, 1112.3532900011005]
[-43.847398672947655, 1111.589645086286]
[-43.82932141051112, 1111.207962269817]
[-43.82026108514309, 1111.017155771817]
[-43.186414656459306, 1102.9651532161329]
[-43.12816565144773, 1101.826887808467]
[-43.12084585488423, 1101.6846541527127]
[-42.248365472185455, 1089.7670704009424]
[-41.47215691935618, 1080.5468601745104]
[-41.060046840991035, 1075.4882853173654]
[-40.971760600288896, 1074.4248284416558]
[-40.71200880988434, 1071.6377804200606]
[-40.522767182329304, 1069.263950261376]
[-40.13632105657768, 1065.2765349834976]
[-40.08818706709084, 1064.4914835188556]
[-40.05035143798709, 1063.936816236774]
[-40.03138481159826, 1063.6595611437608]
[-38.862312108504874, 1051.50966953815]
[-37.70166097560511, 1039.5371518077259]
[-37.70087263930792, 1039.5346120754702]
[-37.46572216252743, 1037.064442030047]
[-36.735865966079565, 1030.6218485023983]
[-36.73586577720176, 1030.621847982263]
[-36.4902018846478, 1028.15850119906]
[-36.49019945681682, 1028.1584919020895]
[-36.490198857877395, 1028.1584896284674]
[-36.17984693788202, 1026.1626855853217]
[-35.73941917848932, 1021.7835584471876]
[-35.736112889188995, 1021.760648015257]
[-35.735879984715794, 1021.7587028224502]
[-35.54639769367469, 1019.9840291879827]
[-35.514229929370735, 1019.6258297994871]
[-35.41737953006256, 1018.5517901977527]
[-35.34440004772261, 1017.746810332646]
[-34.472222671679404, 1010.8357338164487]
[-34.29929020450039, 1009.0134568672836]
[-33.24016899112982, 1000.3912682661991]
[-33.055143610374245, 998.4581000392848]
[-32.91584533015994, 997.2631450584757]
[-32.91583326989559, 997.2631019957055]
[-32.432708858033095, 993.7034008839883]
[-32.374160917924534, 993.0897582561419]
[-31.931518771361908, 989.8176998487256]
[-31.786920955006536, 988.6230991701473]
[-31.716316084690327, 988.1288489245371]
[-31.228918493381315, 984.4781525004922]
[-31.153075114997016, 983.7809031483516]
[-31.134078113484676, 983.6066489940407]
[-31.11701094864509, 983.4902211054384]
[-30.773473531768193, 981.2285205667329]
[-30.773473135493788, 981.228519573439]
[-30.773472863576714, 981.2285182247857]
[-30.62415832420575, 980.0420611591486]
[-30.624158066439083, 980.0420602559908]
[-30.624153054221452, 980.0420431246301]
[-30.624153038449, 980.0420430312637]
[-30.50843328773929, 978.9573171027707]
[-30.04982539179762, 975.9255118091713]
[-30.04982479434055, 975.9255103269631]
[-29.946567272976207, 975.0166231184899]
[-29.46750370780282, 971.8651938164986]
[-29.467478292375922, 971.8651086571891]
[-29.447526639616807, 971.6925619960775]
[-29.427544604193166, 971.5199852532362]
[-29.4275416576695, 971.5199754057757]
[-29.427537180106448, 971.5199604015776]
[-29.427534584298563, 971.5199516617517]
[-29.42753304798879, 971.5199464064365]
[-28.863154710440426, 966.8130921196015]
[-28.735058604392364, 966.5720954997629]
[-28.73505860062726, 966.5720954979868]
[-27.851577337271948, 966.0836522090239]
[-27.670776203186687, 958.660871040197]
[-27.670768640965374, 958.6608463517953]
[-27.67076862427591, 958.6608462600856]
[-27.67076680314604, 958.6608403418531]
[-27.668997519852503, 958.6499301607627]
[-26.388447547805974, 950.2867196340584]
[-26.38844754305807, 950.286719571375]
[-26.388444827098333, 950.2867108992854]
[-26.38815264298662, 950.2848824401638]
[-26.388043468774292, 950.2845900790772]
[-26.386809568946994, 950.2788961736701]
[-26.38187382357456, 950.2561208550757]
[-26.377562988608386, 950.2019018059258]
[-26.377562987151983, 950.2019018013435]
[-25.075567694853792, 941.9899004198096]
[-25.07242746376685, 941.9757711247312]
[-25.072285571772596, 941.9715876902081]
[-25.07228105497925, 941.9715735911967]
[-25.07227897886721, 941.9715668911182]
[-25.0722776301908, 941.9715628848162]
[-25.07227624181194, 941.9715585908554]
[-25.072276104341086, 941.9715581289099]
[-25.07227578580273, 941.9715570714296]
[-25.072275756140648, 941.9715569734194]
[-25.072275748620577, 941.971556970058]
[-25.072273115106825, 941.9715492667771]
[-25.0722730841612, 941.9715486544468]
[-25.072272021392273, 941.9715453931746]
[-25.072271952041618, 941.9715450470859]
[-25.07227054006586, 941.9715406467384]
[-25.07226986007381, 941.9715385488904]
[-25.07226800673657, 941.9715326728124]
[-25.072267595208555, 941.9715317181756]
[-25.066658993739612, 941.9294402246906]
[-23.937582367911983, 935.327258253636]
[-23.8365583164236, 934.8621145694228]
[-23.823142698191262, 934.429998816741]
[-23.78370938331333, 934.1788671142963]
[-23.76398103872514, 934.0533221645622]
[-23.74862761659256, 933.8911410118915]
[-23.735770921209937, 933.8380265372881]
[-23.73294542977375, 933.8081067239287]
[-23.73153252825471, 933.7931471404859]
[-23.72835312007231, 933.7594888656288]
[-23.727293200494117, 933.748269683104]
[-23.7247312101919, 933.7304314755412]
[-23.72468310807657, 933.7301439876691]
[-23.724571879890632, 933.7298564998979]
[-23.724349423425117, 933.7292815246583]
[-23.72390451011951, 933.7281315753897]
[-23.72333285741543, 933.722611920242]
[-23.72271333639081, 933.7189896477004]
[-23.722237549460754, 933.7154097481796]
[-23.722237202496814, 933.715400406845]
[-23.722237037579546, 933.7153975943619]
[-23.722236683750765, 933.7153962453543]
[-23.722236587175882, 933.7153947265479]
[-23.72223648930894, 933.7153910828287]
[-23.722236343154545, 933.7153866797062]
[-23.72223629486713, 933.7153859203029]
[-23.722236030636893, 933.7153790759796]
[-23.722235908626217, 933.7153750525588]
[-23.72223588782282, 933.7153599262547]
[-23.722235883924334, 933.7153599241078]
[-23.722235879049457, 933.715359485324]
[-23.722235746721303, 933.7153592084431]
[-23.722235703317864, 933.7153591167233]
[-23.722235694664644, 933.7153590258467]
[-23.72223568990981, 933.715358937117]
[-23.722235679141733, 933.7153588911804]
[-23.72223567617059, 933.7153588495374]
[-23.72223565463451, 933.7153587576641]
[-23.722235643866377, 933.7153587117275]
[-23.722235641917187, 933.7153587106541]
[-23.722235640895246, 933.7153586700846]
[-23.722235631612794, 933.7153586449693]
[-23.722235623673825, 933.7153585223917]
[-23.72214975701868, 933.7153584522574]
[-23.722148471942777, 933.7153569101356]
[-23.7221442563428, 933.715356406144]
[-23.722140040742865, 933.7153559021524]
[-23.7221367209713, 933.715355725474]
[-23.722134207336495, 933.715355623656]
[-23.722133401199635, 933.7153555487955]
[-23.72213160954293, 933.7153548941694]
[-23.722115906513302, 933.7153543380903]
[-23.72211137477003, 933.7153542367291]
[-23.722109266970108, 933.715353990077]
[-23.72210374603763, 933.7153539239879]
[-23.722086924397107, 933.7153532843489]
[-23.722069852046964, 933.7153530324423]
[-23.72206036622407, 933.71535274159]
[-23.722042315678824, 933.7153523996199]
[-23.722014785597157, 933.7153521739775]
[-23.72197342071009, 933.7153517330191]
[-23.721965936622308, 933.7153512453515]
[-23.721918108641404, 933.7153498686291]
[-23.721870462800585, 933.7153498025194]
[-23.721851368036184, 933.7153495139534]
[-23.72183579937748, 933.715348179445]
[-23.7217112472789, 933.7153469230392]
[-23.721662733155288, 933.7153458937]
[-23.721623528180146, 933.7153458398546]
[-23.721502436181588, 933.715343376083]
[-23.7214849414938, 933.7153432676765]
[-23.721172778736587, 933.7153379065343]
[-21.136288501448007, 933.6595445082033]
values
[-50.070623711094655, 1316.004870639688]
[-50.063744198729395, 1305.420651472471]
[-50.02024694185909, 1280.0970718945632]
[-49.915508796636374, 1268.4008816701887]
[-49.905217037287855, 1267.2034871250485]
[-49.84612913727446, 1262.39987988146]
[-49.7501121694232, 1258.317237709198]
[-49.572725052712016, 1244.8738261079964]
[-49.05432230645127, 1222.3376825622572]
[-49.05286070454354, 1222.0570109243824]
[-49.04900997346393, 1220.3755683193704]
[-48.89368322783948, 1215.4750624289836]
[-48.7404201678353, 1212.3113871923624]
[-48.7395463952888, 1212.209924542581]
[-48.73915055937008, 1211.552028422696]
[-48.72900230626711, 1210.4365092074977]
[-48.72876657964328, 1210.4111646802119]
[-48.72805804365341, 1210.335133279987]
[-48.375013644802415, 1200.3817357540504]
[-48.37374759833057, 1200.3638882874393]
[-47.25414847216835, 1171.5782153971124]
[-47.2529882880851, 1171.528674099256]
[-47.252988288084936, 1171.5286740992556]
[-47.252988285590774, 1171.5286740889483]
[-47.2495023023206, 1171.3800588920137]
[-47.01020715230746, 1166.5224508877757]
[-46.99149666104489, 1165.6837553454266]
[-46.971242482108686, 1164.7961368213523]
[-46.97028069168087, 1164.7591324020525]
[-46.93771266341871, 1164.3344569255023]
[-46.93761099309103, 1164.3332094688844]
[-46.92722168839845, 1162.9237322662266]
[-46.766545641883695, 1161.8271842633924]
[-46.766544611314764, 1161.8271788445213]
[-46.76654460578186, 1161.8271788215998]
[-46.76654460553514, 1161.827178821316]
[-46.76654460553468, 1161.8271788213144]
[-46.76253656204027, 1161.679437850543]
[-46.72052167285977, 1159.9582064902156]
[-46.72052167274215, 1159.9582064900937]
[-46.71915216249481, 1159.909013150559]
[-46.71846706845888, 1159.8844170263253]
[-46.717781748442164, 1159.8598212657396]
[-46.717781748324555, 1159.8598212656177]
[-46.71743900357345, 1159.847523521693]
[-46.71641043023142, 1159.8106308352694]
[-46.674592635483556, 1158.1404614424946]
[-46.50649053315637, 1156.8510197896478]
[-46.50649053315591, 1156.8510197896462]
[-46.45924030599796, 1155.0613002285943]
[-46.45595881333893, 1154.950950004074]
[-46.424856849006396, 1154.626957533156]
[-46.410782133952516, 1153.2735062196198]
[-46.14157622794621, 1148.5191339516623]
[-46.14157622585582, 1148.5191339420348]
[-46.141576225498376, 1148.5191339416447]
[-45.86951295310921, 1143.1972513876985]
[-45.17569052724559, 1131.3043342068652]
[-44.92322600701947, 1128.196143389191]
[-44.665893783284005, 1124.148267559833]
[-44.559742796129086, 1122.2313998410064]
[-44.557683877375304, 1122.1833553488943]
[-44.557683877375126, 1122.1833553488937]
[-44.55768387689844, 1122.1833553483978]
[-44.55613909309467, 1122.147322926901]
[-44.55356332280184, 1122.0872707085646]
[-44.553563322325175, 1122.0872707080687]
[-44.5464929127904, 1121.8003921363115]
[-44.48617457088136, 1120.4080373295442]
[-44.484081250918834, 1120.3600479339425]
[-44.19168175641377, 1116.5182184233922]
[-43.89821886839321, 1112.7817255601055]
[-43.89821886839276, 1112.7817255601042]
[-43.894867761198036, 1112.7100986473288]
[-43.893750279713046, 1112.6862237594826]
[-43.89375027405764, 1112.686223737576]
[-43.8937502738322, 1112.6862237373798]
[-43.88927918623685, 1112.5907329866845]
[-43.88337964462262, 1112.3532900011005]
[-43.847398672947655, 1111.589645086286]
[-43.82932141051112, 1111.207962269817]
[-43.82026108514309, 1111.017155771817]
[-43.81799374411199, 1110.9694577839155]
[-43.814591037473505, 1110.8979135291938]
[-43.186414656459306, 1102.9651532161329]
[-43.12816565144773, 1101.826887808467]
[-43.12084585488423, 1101.6846541527127]
[-43.12084584643554, 1101.6846541212049]
[-43.12084584620993, 1101.6846541210111]
[-43.120845845960616, 1101.6846541207435]
[-43.11840448481182, 1101.6372475415085]
[-42.248365472185455, 1089.7670704009424]
[-41.47215691935618, 1080.5468601745104]
[-41.060046840991035, 1075.4882853173654]
[-40.971760600288896, 1074.4248284416558]
[-40.968802946864386, 1074.3782807552873]
[-40.71200880988434, 1071.6377804200606]
[-40.522767182329304, 1069.263950261376]
[-40.13632105657768, 1065.2765349834976]
[-40.08818706709084, 1064.4914835188556]
[-40.05035143798709, 1063.936816236774]
[-40.03138481159826, 1063.6595611437608]
[-40.02505537141869, 1063.567154416168]
[-39.70751028655825, 1060.7475267711893]
[-38.862312108504874, 1051.50966953815]
[-37.70166097560511, 1039.5371518077259]
[-37.70087263930792, 1039.5346120754702]
[-37.46572216252743, 1037.064442030047]
[-37.3341144941014, 1035.3886570359255]
[-36.735865966079565, 1030.6218485023983]
[-36.73586577720176, 1030.621847982263]
[-36.4902018846478, 1028.15850119906]
[-36.49019945681682, 1028.1584919020895]
[-36.490198857877395, 1028.1584896284674]
[-36.35600814727777, 1026.5385437305772]
[-36.17984693788202, 1026.1626855853217]
[-35.73941917848932, 1021.7835584471876]
[-35.736112889188995, 1021.760648015257]
[-35.735879984715794, 1021.7587028224502]
[-35.54639769367469, 1019.9840291879827]
[-35.514229929370735, 1019.6258297994871]
[-35.48889775360247, 1019.4010719252898]
[-35.41737953006256, 1018.5517901977527]
[-35.34440004796128, 1017.7468103328508]
[-35.3444000479612, 1017.7468103328507]
[-35.34440004772261, 1017.746810332646]
[-35.344400047297995, 1017.7468103323807]
[-34.472222671679404, 1010.8357338164487]
[-34.29929020450039, 1009.0134568672836]
[-34.29929019687512, 1009.0134568433806]
[-34.29929019640376, 1009.0134568429821]
[-33.24016899112982, 1000.3912682661991]
[-33.055143610374245, 998.4581000392848]
[-32.91584533015994, 997.2631450584757]
[-32.91583326989559, 997.2631019957055]
[-32.432708858033095, 993.7034008839883]
[-32.374160917924534, 993.0897582561419]
[-32.26907936659377, 992.0808181070664]
[-31.931518771361908, 989.8176998487256]
[-31.865551941181295, 989.3882072149845]
[-31.786920955006536, 988.6230991701473]
[-31.716316084690327, 988.1288489245371]
[-31.535269112329523, 986.1994721219182]
[-31.228918493381315, 984.4781525004922]
[-31.153075114997016, 983.7809031483516]
[-31.134078113484676, 983.6066489940407]
[-31.12457419230197, 983.5195306532879]
[-31.124574192075464, 983.5195306531263]
[-31.11701094864509, 983.4902211054384]
[-30.95564807172887, 981.9314271457725]
[-30.773473531768193, 981.2285205667329]
[-30.773473135493788, 981.228519573439]
[-30.773472863576714, 981.2285182247857]
[-30.62415832420575, 980.0420611591486]
[-30.624158066439083, 980.0420602559908]
[-30.624153054221452, 980.0420431246301]
[-30.624153038449, 980.0420430312637]
[-30.539758447521553, 979.2607793912648]
[-30.53975844752147, 979.2607793912645]
[-30.539758447521024, 979.2607793912634]
[-30.50843328773929, 978.9573171027707]
[-30.04982539179762, 975.9255118091713]
[-30.04982479434055, 975.9255103269631]
[-29.946567278512568, 975.0166231455169]
[-29.946567274837317, 975.0166231354411]
[-29.946567272976207, 975.0166231184899]
[-29.946567266242003, 975.0166231091094]
[-29.946567264858967, 975.0166231063401]
[-29.946567264751515, 975.016623106275]
[-29.946567264497638, 975.0166231060482]
[-29.94656726449739, 975.0166231060476]
[-29.77375952807327, 973.4607290000017]
[-29.773759527833402, 973.4607289998097]
[-29.771279676157484, 973.4391221241964]
[-29.768799598260948, 973.4175156120393]
[-29.46750370780282, 971.8651938164986]
[-29.467478292375922, 971.8651086571891]
[-29.447526639616807, 971.6925619960775]
[-29.427544604193166, 971.5199852532362]
[-29.4275416576695, 971.5199754057757]
[-29.427537180106448, 971.5199604015776]
[-29.427534584298563, 971.5199516617517]
[-29.42753304798879, 971.5199464064365]
[-28.863154710440426, 966.8130921196015]
[-28.735058604392364, 966.5720954997629]
[-28.73505860062726, 966.5720954979868]
[-28.735058585150124, 966.5720954671594]
[-28.735058584923387, 966.5720954670024]
[-28.735058584588458, 966.5720954667792]
[-28.735058584301044, 966.5720954666756]
[-28.735058584079503, 966.5720954663302]
[-27.851577337271948, 966.0836522090239]
[-27.670776203186687, 958.660871040197]
[-27.670768640965374, 958.6608463517953]
[-27.67076862427591, 958.6608462600856]
[-27.67076680314604, 958.6608403418531]
[-27.668997519852503, 958.6499301607627]
[-27.654965246612512, 958.5327433352395]
[-27.65496524661247, 958.5327433352394]
[-27.654965246612274, 958.5327433352393]
[-27.654965246612, 958.5327433352388]
[-27.654965246609798, 958.5327433352344]
[-27.654965246609088, 958.5327433352321]
[-27.654965246607098, 958.5327433352277]
[-27.654965245966643, 958.5327433348582]
[-27.654965244936815, 958.5327433338434]
[-27.654965243830787, 958.5327433332379]
[-27.654965237844465, 958.5327433144721]
[-27.65496523305555, 958.532743299225]
[-26.388447547805974, 950.2867196340584]
[-26.38844754305807, 950.286719571375]
[-26.388444827098333, 950.2867108992854]
[-26.38815264298662, 950.2848824401638]
[-26.388043468774292, 950.2845900790772]
[-26.386809568946994, 950.2788961736701]
[-26.38187382357456, 950.2561208550757]
[-26.377562995067755, 950.2019018230519]
[-26.37756299506768, 950.2019018230517]
[-26.377562995067343, 950.2019018230511]
[-26.377562995067326, 950.201901823051]
[-26.377562995061602, 950.201901823037]
[-26.377562995049814, 950.2019018230094]
[-26.377562994613427, 950.2019018227456]
[-26.37756299409298, 950.2019018222624]
[-26.377562988608386, 950.2019018059258]
[-26.377562987151983, 950.2019018013435]
[-26.108890239044356, 948.6556501981192]
[-25.140145567209075, 942.9783983602902]
[-25.075567694853792, 941.9899004198096]
[-25.07242746376685, 941.9757711247312]
[-25.072285571772596, 941.9715876902081]
[-25.07228105497925, 941.9715735911967]
[-25.07227897886721, 941.9715668911182]
[-25.0722776301908, 941.9715628848162]
[-25.07227624181194, 941.9715585908554]
[-25.072276104341086, 941.9715581289099]
[-25.07227578580273, 941.9715570714296]
[-25.072275756140648, 941.9715569734194]
[-25.072275748620577, 941.971556970058]
[-25.072273115106825, 941.9715492667771]
[-25.0722730841612, 941.9715486544468]
[-25.072272021392273, 941.9715453931746]
[-25.072271952041618, 941.9715450470859]
[-25.07227054006586, 941.9715406467384]
[-25.07226986007381, 941.9715385488904]
[-25.07226800673657, 941.9715326728124]
[-25.072267595208555, 941.9715317181756]
[-25.066658993739612, 941.9294402246906]
[-25.06665899274278, 941.9294402201755]
[-25.06665899186323, 941.9294402188714]
[-25.06665899133155, 941.9294402185113]
[-25.066658991126687, 941.9294402165986]
[-25.066658988380382, 941.9294402106334]
[-24.781342825221863, 940.425338850428]
[-24.770975226155212, 940.3727597526192]
[-23.937582367911983, 935.327258253636]
[-23.8365583164236, 934.8621145694228]
[-23.823142698191262, 934.429998816741]
[-23.78370938331333, 934.1788671142963]
[-23.76398103872514, 934.0533221645622]
[-23.74862761659256, 933.8911410118915]
[-23.735770921209937, 933.8380265372881]
[-23.73294542977375, 933.8081067239287]
[-23.73153252825471, 933.7931471404859]
[-23.72835312007231, 933.7594888656288]
[-23.727293200494117, 933.748269683104]
[-23.7247312101919, 933.7304314755412]
[-23.72468310807657, 933.7301439876691]
[-23.724571879890632, 933.7298564998979]
[-23.724349423425117, 933.7292815246583]
[-23.72390451011951, 933.7281315753897]
[-23.72333285741543, 933.722611920242]
[-23.72271333639081, 933.7189896477004]
[-23.722237549460754, 933.7154097481796]
[-23.722237202496814, 933.715400406845]
[-23.722237037579546, 933.7153975943619]
[-23.722236683750765, 933.7153962453543]
[-23.722236587175882, 933.7153947265479]
[-23.72223648930894, 933.7153910828287]
[-23.722236343154545, 933.7153866797062]
[-23.72223629486713, 933.7153859203029]
[-23.722236030636893, 933.7153790759796]
[-23.722235908626217, 933.7153750525588]
[-23.72223588782282, 933.7153599262547]
[-23.722235883924334, 933.7153599241078]
[-23.722235879049457, 933.715359485324]
[-23.722235746721303, 933.7153592084431]
[-23.722235703317864, 933.7153591167233]
[-23.722235694664644, 933.7153590258467]
[-23.72223568990981, 933.715358937117]
[-23.722235679141733, 933.7153588911804]
[-23.72223567617059, 933.7153588495374]
[-23.72223565463451, 933.7153587576641]
[-23.72223564846923, 933.7153587382904]
[-23.722235643866377, 933.7153587117275]
[-23.722235641917187, 933.7153587106541]
[-23.722235640895246, 933.7153586700846]
[-23.722235631612794, 933.7153586449693]
[-23.72223562620507, 933.7153586019847]
[-23.72223562490398, 933.7153585312564]
[-23.72223562462993, 933.7153585241049]
[-23.722235624295863, 933.7153585233971]
[-23.72223562396164, 933.7153585226893]
[-23.722235623823543, 933.7153585222567]
[-23.7222356237798, 933.7153585221918]
[-23.722235623767382, 933.7153585221538]
[-23.722235623765314, 933.7153585221016]
[-23.722235623757943, 933.7153585220182]
[-23.7222356237571, 933.7153585218786]
[-23.722235623740396, 933.7153585218731]
[-23.72223562373747, 933.7153585218476]
[-23.72223562373638, 933.7153585218294]
[-23.722235623732395, 933.7153585217463]
[-23.72223562372602, 933.715358521726]
[-23.72223562372529, 933.7153585217097]
[-23.722235623719676, 933.7153585217083]
[-23.722235623718667, 933.7153585217078]
[-23.72223562371699, 933.7153585216855]
[-23.722235623716244, 933.715358521683]
[-23.72223562371561, 933.7153585216225]
[-23.72223562370932, 933.7153585216168]
[-23.722235623709068, 933.7153585216162]
[-23.72223562370708, 933.7153585216021]
[-23.722235623704318, 933.7153585215747]
[-23.722235623703526, 933.715358521572]
[-23.72223562370317, 933.7153585215718]
[-23.722235623702908, 933.7153585215677]
[-23.72223562370224, 933.7153585215627]
[-23.72223562370189, 933.7153585215611]
[-23.722235623701764, 933.7153585215549]
[-23.722235623701412, 933.7153585215542]
[-23.722235623701266, 933.7153585215536]
[-23.722235623701003, 933.7153585215524]
[-23.722235623700847, 933.7153585215495]
[-23.72223562370054, 933.7153585215467]
[-23.722235623700506, 933.7153585215424]
[-23.72223562370032, 933.715358521541]
[-23.722235623700296, 933.7153585215408]
[-23.722235623700204, 933.7153585215401]
[-23.722235623700183, 933.7153585215383]
[-23.722235623700143, 933.7153585215382]
[-23.72223562370013, 933.7153585215381]
[-23.72223562370008, 933.715358521538]
[-23.72223562370001, 933.7153585215378]
[-23.7222011267161, 933.7153578181609]
[-23.722172936135628, 933.7153563638932]
[-23.722172445400748, 933.7153562545672]
[-23.722140856181973, 933.7153551225002]
[-23.72213160954293, 933.7153548941694]
[-23.722122993970693, 933.7153548551037]
[-23.72211707180457, 933.7153544467373]
[-23.722115906513302, 933.7153543380903]
[-23.72211137477003, 933.7153542367291]
[-23.722109266970108, 933.715353990077]
[-23.72210374603763, 933.7153539239879]
[-23.72209464022096, 933.7153537769535]
[-23.722093472353063, 933.7153534239612]
[-23.722093472353034, 933.7153534239611]
[-23.722086924397107, 933.7153532843489]
[-23.722069852046964, 933.7153530324423]
[-23.72206036622407, 933.71535274159]
[-23.722055696424796, 933.7153525311571]
[-23.72204608857031, 933.7153517247714]
[-23.72204608857024, 933.7153517247707]
[-23.721965936622308, 933.7153512453515]
[-23.721951321003694, 933.7153483263921]
[-23.72183579937748, 933.715348179445]
[-23.7217112472789, 933.7153469230392]
[-23.721662733155288, 933.7153458937]
[-23.721623528180146, 933.7153458398546]
[-23.721502436181588, 933.715343376083]
[-23.7214849414938, 933.7153432676765]
[-23.72140999662046, 933.7153420529348]
[-23.721386310302837, 933.715341693434]
[-23.721172778736587, 933.7153379065343]
[-23.721052861762388, 933.7153365997659]
[-23.721028736513745, 933.7153360949874]
[-23.720690807573803, 933.7153297089286]
[-23.720504068598906, 933.715327670831]
[-23.720453621904134, 933.7153270412621]
[-23.72042616789698, 933.7153267293348]
[-23.7199415483919, 933.7153185860553]
[-23.71967013756763, 933.7153140929527]
[-23.71964865684689, 933.7153138569709]
[-23.71884396186727, 933.7153007287917]
[-23.718316217089548, 933.715292296121]
[-23.717154604390736, 933.7152733416891]
[-23.716568802997678, 933.7152640685517]
[-23.716518468722168, 933.7152625805884]
[-23.716490870883774, 933.7152623410032]
[-23.71461807127615, 933.715231794107]
[-23.71377493149476, 933.7152190473021]
[-23.713726383574233, 933.7152175713147]
[-23.713681929090434, 933.7152165993083]
[-23.713588391200442, 933.7152138090918]
[-23.710872470692898, 933.7151707045074]
[-23.709405814686438, 933.7151460722575]
[-23.709405321694046, 933.7151460237885]
[-23.709279462121394, 933.7151417691086]
[-23.705191892865145, 933.7150773967173]
[-23.705129208382537, 933.7150753462901]
[-23.702990903410715, 933.7150399565526]
[-23.702989918043052, 933.715039879273]
[-23.702864550736823, 933.715035653717]
[-23.696575988634336, 933.7149339162015]
[-23.693368527240338, 933.7148808005797]
[-23.693367543314572, 933.7148806415771]
[-23.69324217646473, 933.7148764361442]
[-23.68374614054298, 933.7147218060279]
[-23.678997997764885, 933.714644495736]
[-23.67893457090935, 933.7146421916714]
[-23.67880895951793, 933.714637843222]
[-23.6645013295199, 933.7144036938573]
[-23.657284636986336, 933.7142844693396]
[-23.657158465742057, 933.7142799954779]
[-23.6356342685976, 933.7139268418359]
[-23.624809030778493, 933.7137480965624]
[-23.624809030242147, 933.7137480880546]
[-23.62468279695066, 933.7137436117856]
[-23.592333349893124, 933.7132121637279]
[-23.576095426712083, 933.7129443451225]
[-23.57609539538003, 933.7129443311751]
[-23.57596909868992, 933.7129398367617]
[-23.527381451767322, 933.7121415252732]
[-23.503024348528598, 933.7117404723316]
[-23.502992742737824, 933.7117393335119]
[-23.50289797228971, 933.7117359465914]
[-23.502866382141494, 933.7117348174893]
[-23.42995251287723, 933.7105386986229]
[-23.39343213760472, 933.709939177721]
[-23.393242593993765, 933.709932406326]
[-23.283806788431303, 933.7081415432014]
[-23.28374360628852, 933.7081392889484]
[-23.228930344785756, 933.7072422675958]
[-23.228740796981924, 933.7072355082905]
[-23.064488214521354, 933.7045583804563]
[-22.982313218449484, 933.7032221586707]
[-22.982265829925517, 933.703220473223]
[-22.98221844139242, 933.7032187879571]
[-22.982076275835336, 933.7032137314336]
[-22.98202888733541, 933.7032120456824]
[-22.73559339813108, 933.6992228999267]
[-22.612183127100295, 933.6972306777005]
[-22.61199356358651, 933.6972239626223]
[-22.24222478384781, 933.6913004159426]
[-22.24212999738416, 933.6912970717569]
[-22.05709675177785, 933.688350707518]
[-22.05690717409481, 933.6883440330306]
[-21.50197029173444, 933.6795933722791]
[-21.224439429689664, 933.6752623460013]
[-21.224392029978517, 933.6752606923642]
[-21.224344630258273, 933.6752590388223]
[-21.224202431098757, 933.6752540781597]
[-21.136288501448007, 933.6595445082033]
[-19.975189543926536, 933.6561438487304]
[-19.974905097814773, 933.6561340641265]
[-18.72573672151895, 933.6376462111914]
[-18.725641890211065, 933.6376429953004]
[-18.100934209067752, 933.6286302148757]
[-18.10083936979475, 933.6286270217673]
[-18.100791950159355, 933.6286254251964]
[-18.100649691246566, 933.6286206355422]
[-18.100602271609468, 933.6286190389807]
[-16.226127403572754, 933.602510390825]
[-15.288576473882458, 933.5899751531663]
[-15.288529036318927, 933.5899736079214]
[-15.288481598755084, 933.5899720626774]
[-15.288434161190928, 933.5899705174342]
[-15.288339286061642, 933.5899674269502]
[-15.288291848496584, 933.5899658817095]
[-15.28824441093115, 933.5899643364697]
[-15.288149535799427, 933.5899612459925]
[-12.47533364874883, 933.5544679324083]
[-12.475238737767405, 933.5544649445502]
[-6.845575986527763, 933.4928770795581]
[-6.845481003835779, 933.4928742969688]
[-6.845386021142595, 933.492871514383]
values
[-50.070623711094655, 1316.004870639688]
[-50.063744198729395, 1305.420651472471]
[-50.02024694185909, 1280.0970718945632]
[-49.915508796636374, 1268.4008816701887]
[-49.905217037287855, 1267.2034871250485]
[-49.84612913727446, 1262.39987988146]
[-49.7501121694232, 1258.317237709198]
[-49.572725052712016, 1244.8738261079964]
[-49.05432230645127, 1222.3376825622572]
[-49.05286070454354, 1222.0570109243824]
[-49.04900997346393, 1220.3755683193704]
[-48.97904224917373, 1219.8319785323954]
[-48.89368322783948, 1215.4750624289836]
[-48.81198383996949, 1212.9031625677046]
[-48.7404201678353, 1212.3113871923624]
[-48.7395463952888, 1212.209924542581]
[-48.73915055937008, 1211.552028422696]
[-48.72900230626711, 1210.4365092074977]
[-48.72876657964328, 1210.4111646802119]
[-48.72841256587664, 1210.3731485709952]
[-48.72805804365341, 1210.335133279987]
[-48.375013644802415, 1200.3817357540504]
[-48.37374759833057, 1200.3638882874393]
[-47.25414847216835, 1171.5782153971124]
[-47.2529882880851, 1171.528674099256]
[-47.252988288084936, 1171.5286740992556]
[-47.252988285590774, 1171.5286740889483]
[-47.2495023023206, 1171.3800588920137]
[-47.17287830843678, 1167.7707377548873]
[-47.01020715230746, 1166.5224508877757]
[-46.99149666104489, 1165.6837553454266]
[-46.971242482108686, 1164.7961368213523]
[-46.97028069168087, 1164.7591324020525]
[-46.93771266341871, 1164.3344569255023]
[-46.93761099309103, 1164.3332094688844]
[-46.92722168839845, 1162.9237322662266]
[-46.92524599964293, 1162.8498069038908]
[-46.84493966039307, 1162.3014485415301]
[-46.766545641883695, 1161.8271842633924]
[-46.766544611314764, 1161.8271788445213]
[-46.76654460578186, 1161.8271788215998]
[-46.76654460553514, 1161.827178821316]
[-46.76654460553468, 1161.8271788213144]
[-46.76253656204027, 1161.679437850543]
[-46.72052167285977, 1159.9582064902156]
[-46.72052167274215, 1159.9582064900937]
[-46.71915216249481, 1159.909013150559]
[-46.71846706845888, 1159.8844170263253]
[-46.717781748442164, 1159.8598212657396]
[-46.717781748324555, 1159.8598212656177]
[-46.71743900357345, 1159.847523521693]
[-46.71641043023142, 1159.8106308352694]
[-46.674592635483556, 1158.1404614424946]
[-46.6731896302371, 1158.0913217544705]
[-46.50649053315637, 1156.8510197896478]
[-46.50649053315591, 1156.8510197896462]
[-46.45924030599796, 1155.0613002285943]
[-46.45595881333893, 1154.950950004074]
[-46.424856849006396, 1154.626957533156]
[-46.410782133952516, 1153.2735062196198]
[-46.40854541501961, 1153.200017970285]
[-46.14157622794621, 1148.5191339516623]
[-46.14157622585582, 1148.5191339420348]
[-46.141576225498376, 1148.5191339416447]
[-45.86951295310921, 1143.1972513876985]
[-45.17569052724559, 1131.3043342068652]
[-44.92322600701947, 1128.196143389191]
[-44.804561847137734, 1125.0772354743133]
[-44.665893783284005, 1124.148267559833]
[-44.559742796129086, 1122.2313998410064]
[-44.557683877375304, 1122.1833553488943]
[-44.557683877375126, 1122.1833553488937]
[-44.55768387689844, 1122.1833553483978]
[-44.55613909309467, 1122.147322926901]
[-44.55356332280184, 1122.0872707085646]
[-44.553563322325175, 1122.0872707080687]
[-44.5464929127904, 1121.8003921363115]
[-44.48617457088136, 1120.4080373295442]
[-44.484081250918834, 1120.3600479339425]
[-44.48093957445762, 1120.2880665662199]
[-44.39280307986384, 1119.7555200378301]
[-44.19168175641377, 1116.5182184233922]
[-44.15522521657698, 1115.6574553704763]
[-43.89821886839321, 1112.7817255601055]
[-43.89821886839276, 1112.7817255601042]
[-43.894867761198036, 1112.7100986473288]
[-43.893750279713046, 1112.6862237594826]
[-43.89375027405764, 1112.686223737576]
[-43.8937502738322, 1112.6862237373798]
[-43.88927918623685, 1112.5907329866845]
[-43.88337964462262, 1112.3532900011005]
[-43.847398672947655, 1111.589645086286]
[-43.82932141051112, 1111.207962269817]
[-43.82026108514309, 1111.017155771817]
[-43.81799374411199, 1110.9694577839155]
[-43.814591037473505, 1110.8979135291938]
[-43.724701602581035, 1110.3689223389479]
[-43.72470160258102, 1110.3689223389476]
[-43.47238683352332, 1106.2960551742594]
[-43.186414656459306, 1102.9651532161329]
[-43.12816565144773, 1101.826887808467]
[-43.12084585488423, 1101.6846541527127]
[-43.12084584643554, 1101.6846541212049]
[-43.12084584620993, 1101.6846541210111]
[-43.120845845960616, 1101.6846541207435]
[-43.11840448481182, 1101.6372475415085]
[-43.114740747996, 1101.5661403997879]
[-42.248365472185455, 1089.7670704009424]
[-41.47215691935618, 1080.5468601745104]
[-41.060046840991035, 1075.4882853173654]
[-40.971760600288896, 1074.4248284416558]
[-40.96880294686458, 1074.3782807552877]
[-40.968802946864386, 1074.3782807552873]
[-40.71200880988434, 1071.6377804200606]
[-40.65891471220524, 1070.4031537668254]
[-40.522767182329304, 1069.263950261376]
[-40.13632105657768, 1065.2765349834976]
[-40.08818706709084, 1064.4914835188556]
[-40.05035143798709, 1063.936816236774]
[-40.03138481159826, 1063.6595611437608]
[-40.02505537141869, 1063.567154416168]
[-39.70751028655825, 1060.7475267711893]
[-38.862312108504874, 1051.50966953815]
[-37.70166097560511, 1039.5371518077259]
[-37.70087263930792, 1039.5346120754702]
[-37.46572216252743, 1037.064442030047]
[-37.3341144941014, 1035.3886570359255]
[-36.735865966079565, 1030.6218485023983]
[-36.73586577720176, 1030.621847982263]
[-36.4902018846478, 1028.15850119906]
[-36.49019945681682, 1028.1584919020895]
[-36.490198857877395, 1028.1584896284674]
[-36.35600814727777, 1026.5385437305772]
[-36.17984693788202, 1026.1626855853217]
[-35.73941917848932, 1021.7835584471876]
[-35.736112889188995, 1021.760648015257]
[-35.735879984715794, 1021.7587028224502]
[-35.54639769367469, 1019.9840291879827]
[-35.514229929370735, 1019.6258297994871]
[-35.48889775360247, 1019.4010719252898]
[-35.480837834706456, 1019.3115515079504]
[-35.41737953006256, 1018.5517901977527]
[-35.34440004796128, 1017.7468103328508]
[-35.3444000479612, 1017.7468103328507]
[-35.34440004772261, 1017.746810332646]
[-35.344400047297995, 1017.7468103323807]
[-34.472222671679404, 1010.8357338164487]
[-34.29929020450039, 1009.0134568672836]
[-34.29929019687512, 1009.0134568433806]
[-34.29929019640376, 1009.0134568429821]
[-33.24016899112982, 1000.3912682661991]
[-33.055143610374245, 998.4581000392848]
[-32.91584533015994, 997.2631450584757]
[-32.91583326989559, 997.2631019957055]
[-32.82876879838304, 996.3833543011788]
[-32.432708858033095, 993.7034008839883]
[-32.374160917924534, 993.0897582561419]
[-32.26907936659377, 992.0808181070664]
[-31.931518771361908, 989.8176998487256]
[-31.865551941181295, 989.3882072149845]
[-31.786920955006536, 988.6230991701473]
[-31.716316084690327, 988.1288489245371]
[-31.701014499198905, 987.7928768924118]
[-31.53879303294744, 986.232210406841]
[-31.535269112329523, 986.1994721219182]
[-31.2465055217946, 984.0636252617322]
[-31.153075114997016, 983.7809031483516]
[-31.134078113484676, 983.6066489940407]
[-31.12457419230197, 983.5195306532879]
[-31.124574192075464, 983.5195306531263]
[-31.11701094864509, 983.4902211054384]
[-30.95564807172887, 981.9314271457725]
[-30.773473531768193, 981.2285205667329]
[-30.773473135493788, 981.228519573439]
[-30.773472863576714, 981.2285182247857]
[-30.62415832420575, 980.0420611591486]
[-30.624158066439083, 980.0420602559908]
[-30.624153054221452, 980.0420431246301]
[-30.624153038449, 980.0420430312637]
[-30.539758447521553, 979.2607793912648]
[-30.53975844752147, 979.2607793912645]
[-30.539758447521024, 979.2607793912634]
[-30.50843328773929, 978.9573171027707]
[-30.04982539179762, 975.9255118091713]
[-30.04982479434055, 975.9255103269631]
[-29.946567278512568, 975.0166231455169]
[-29.946567274837317, 975.0166231354411]
[-29.946567272976207, 975.0166231184899]
[-29.946567266242003, 975.0166231091094]
[-29.946567264858967, 975.0166231063401]
[-29.946567264751515, 975.016623106275]
[-29.946567264497638, 975.0166231060482]
[-29.94656726449739, 975.0166231060476]
[-29.82250089405428, 974.4767939822725]
[-29.77375952807327, 973.4607290000017]
[-29.773759527833402, 973.4607289998097]
[-29.771279676157484, 973.4391221241964]
[-29.768799598260948, 973.4175156120393]
[-29.46750370780282, 971.8651938164986]
[-29.467478292375922, 971.8651086571891]
[-29.447526639616807, 971.6925619960775]
[-29.427544604193166, 971.5199852532362]
[-29.4275416576695, 971.5199754057757]
[-29.427537180106448, 971.5199604015776]
[-29.427534584298563, 971.5199516617517]
[-29.42753304798879, 971.5199464064365]
[-29.345000643349398, 970.7870617977385]
[-28.863154710440426, 966.8130921196015]
[-28.735058604392364, 966.5720954997629]
[-28.73505860062726, 966.5720954979868]
[-28.735058585150124, 966.5720954671594]
[-28.735058584923387, 966.5720954670024]
[-28.735058584588458, 966.5720954667792]
[-28.735058584301044, 966.5720954666756]
[-28.735058584079503, 966.5720954663302]
[-27.851577337271948, 966.0836522090239]
[-27.670776203186687, 958.660871040197]
[-27.670768640965374, 958.6608463517953]
[-27.67076862427591, 958.6608462600856]
[-27.67076680314604, 958.6608403418531]
[-27.668997519852503, 958.6499301607627]
[-27.654965246612797, 958.5327433352393]
[-27.654965246612, 958.5327433352388]
[-27.654965246609798, 958.5327433352344]
[-27.654965246609088, 958.5327433352321]
[-27.654965246607098, 958.5327433352277]
[-27.654965245966643, 958.5327433348582]
[-27.654965244936815, 958.5327433338434]
[-27.654965243830787, 958.5327433332379]
[-27.654965237844465, 958.5327433144721]
[-27.65496523305555, 958.532743299225]
[-26.388447547805974, 950.2867196340584]
[-26.38844754305807, 950.286719571375]
[-26.388444827098333, 950.2867108992854]
[-26.38815264298662, 950.2848824401638]
[-26.388043468774292, 950.2845900790772]
[-26.386809568946994, 950.2788961736701]
[-26.38187382357456, 950.2561208550757]
[-26.377562995067755, 950.2019018230519]
[-26.377562995067727, 950.2019018230518]
[-26.37756299506768, 950.2019018230517]
[-26.377562995067343, 950.2019018230511]
[-26.377562995067326, 950.201901823051]
[-26.377562995061602, 950.201901823037]
[-26.377562995049814, 950.2019018230094]
[-26.377562994613427, 950.2019018227456]
[-26.37756299409298, 950.2019018222624]
[-26.377562988608386, 950.2019018059258]
[-26.377562987151983, 950.2019018013435]
[-26.108890239044356, 948.6556501981192]
[-25.778589077307362, 946.5847123120782]
[-25.140145567209075, 942.9783983602902]
[-25.075567694853792, 941.9899004198096]
[-25.07242746376685, 941.9757711247312]
[-25.072285571772596, 941.9715876902081]
[-25.07228105497925, 941.9715735911967]
[-25.07227897886721, 941.9715668911182]
[-25.0722776301908, 941.9715628848162]
[-25.07227624181194, 941.9715585908554]
[-25.072276104341086, 941.9715581289099]
[-25.07227578580273, 941.9715570714296]
[-25.072275756140648, 941.9715569734194]
[-25.072275748620577, 941.971556970058]
[-25.072273115106825, 941.9715492667771]
[-25.0722730841612, 941.9715486544468]
[-25.072272021392273, 941.9715453931746]
[-25.072271952041618, 941.9715450470859]
[-25.07227054006586, 941.9715406467384]
[-25.07226986007381, 941.9715385488904]
[-25.07226800673657, 941.9715326728124]
[-25.072267595208555, 941.9715317181756]
[-25.066658993739612, 941.9294402246906]
[-25.06665899274278, 941.9294402201755]
[-25.06665899186323, 941.9294402188714]
[-25.06665899133155, 941.9294402185113]
[-25.066658991126687, 941.9294402165986]
[-25.066658988380382, 941.9294402106334]
[-24.781342825221863, 940.425338850428]
[-24.770975226155212, 940.3727597526192]
[-24.436445835051426, 938.3374482101765]
[-23.937582367911983, 935.327258253636]
[-23.8365583164236, 934.8621145694228]
[-23.823142698191262, 934.429998816741]
[-23.78370938331333, 934.1788671142963]
[-23.76398103872514, 934.0533221645622]
[-23.74862761659256, 933.8911410118915]
[-23.735770921209937, 933.8380265372881]
[-23.73294542977375, 933.8081067239287]
[-23.73153252825471, 933.7931471404859]
[-23.72835312007231, 933.7594888656288]
[-23.727293200494117, 933.748269683104]
[-23.7247312101919, 933.7304314755412]
[-23.72468310807657, 933.7301439876691]
[-23.724571879890632, 933.7298564998979]
[-23.724349423425117, 933.7292815246583]
[-23.72390451011951, 933.7281315753897]
[-23.72333285741543, 933.722611920242]
[-23.72271333639081, 933.7189896477004]
[-23.722237549460754, 933.7154097481796]
[-23.722237202496814, 933.715400406845]
[-23.722237037579546, 933.7153975943619]
[-23.722236683750765, 933.7153962453543]
[-23.722236587175882, 933.7153947265479]
[-23.72223648930894, 933.7153910828287]
[-23.722236343154545, 933.7153866797062]
[-23.72223629486713, 933.7153859203029]
[-23.722236030636893, 933.7153790759796]
[-23.722235908626217, 933.7153750525588]
[-23.72223588782282, 933.7153599262547]
[-23.722235883924334, 933.7153599241078]
[-23.722235879049457, 933.715359485324]
[-23.722235746721303, 933.7153592084431]
[-23.722235703317864, 933.7153591167233]
[-23.722235694664644, 933.7153590258467]
[-23.72223568990981, 933.715358937117]
[-23.722235679141733, 933.7153588911804]
[-23.72223567617059, 933.7153588495374]
[-23.72223565463451, 933.7153587576641]
[-23.72223564846923, 933.7153587382904]
[-23.722235643866377, 933.7153587117275]
[-23.722235641917187, 933.7153587106541]
[-23.722235640895246, 933.7153586700846]
[-23.722235631612794, 933.7153586449693]
[-23.72223562620507, 933.7153586019847]
[-23.72223562490398, 933.7153585312564]
[-23.72223562462993, 933.7153585241049]
[-23.722235624295863, 933.7153585233971]
[-23.72223562396164, 933.7153585226893]
[-23.722235623823543, 933.7153585222567]
[-23.7222356237798, 933.7153585221918]
[-23.722235623767382, 933.7153585221538]
[-23.722235623765314, 933.7153585221016]
[-23.722235623757943, 933.7153585220182]
[-23.7222356237571, 933.7153585218786]
[-23.722235623740396, 933.7153585218731]
[-23.72223562373747, 933.7153585218476]
[-23.72223562373638, 933.7153585218294]
[-23.722235623732395, 933.7153585217463]
[-23.72223562372602, 933.715358521726]
[-23.72223562372529, 933.7153585217097]
[-23.722235623719676, 933.7153585217083]
[-23.722235623718667, 933.7153585217078]
[-23.72223562371699, 933.7153585216855]
[-23.722235623716244, 933.715358521683]
[-23.72223562371561, 933.7153585216225]
[-23.72223562370932, 933.7153585216168]
[-23.722235623709068, 933.7153585216162]
[-23.72223562370708, 933.7153585216021]
[-23.722235623704318, 933.7153585215747]
[-23.722235623703526, 933.715358521572]
[-23.72223562370317, 933.7153585215718]
[-23.722235623702908, 933.7153585215677]
[-23.72223562370224, 933.7153585215627]
[-23.72223562370189, 933.7153585215611]
[-23.722235623701764, 933.7153585215549]
[-23.72223562370175, 933.715358521538]
[-23.722235623701486, 933.7153585215378]
[-23.7222011267161, 933.7153578181609]
[-23.722172936135628, 933.7153563638932]
[-23.722172445400748, 933.7153562545672]
[-23.722140856181973, 933.7153551225002]
[-23.72213160954293, 933.7153548941694]
[-23.722122993970693, 933.7153548551037]
[-23.72211707180457, 933.7153544467373]
[-23.722115906513302, 933.7153543380903]
[-23.72211137477003, 933.7153542367291]
[-23.722109266970108, 933.715353990077]
[-23.72210374603763, 933.7153539239879]
[-23.72209464022096, 933.7153537769535]
[-23.722093472353087, 933.7153534239612]
[-23.722093472353034, 933.7153534239611]
[-23.722086924397107, 933.7153532843489]
[-23.722069852046964, 933.7153530324423]
[-23.72206036622407, 933.71535274159]
[-23.722055696424796, 933.7153525311571]
[-23.72204608857031, 933.7153517247714]
[-23.72204608857024, 933.7153517247707]
[-23.72202239667877, 933.7153508751758]
[-23.721951321003694, 933.7153483263921]
[-23.721915783165954, 933.7153470520011]
[-23.721809169651518, 933.7153432288305]
[-23.72175586289445, 933.7153413172468]
[-23.721595942617967, 933.7153355825022]
[-23.721515982479588, 933.7153327151335]
[-23.721276102055775, 933.7153241130418]
[-23.721156161841932, 933.7153198120039]
[-23.720796341185398, 933.7153069089226]
[-23.720076699819728, 933.7152811029048]
[-23.717154604390736, 933.7152733416891]
[-23.716568802997678, 933.7152640685517]
[-23.716518468722168, 933.7152625805884]
[-23.716490870883774, 933.7152623410032]
[-23.71461807127615, 933.715231794107]
[-23.71377493149476, 933.7152190473021]
[-23.713726383574233, 933.7152175713147]
[-23.713681929090434, 933.7152165993083]
[-23.713588391200442, 933.7152138090918]
[-23.710872470692898, 933.7151707045074]
[-23.709405814686438, 933.7151460722575]
[-23.709405321694046, 933.7151460237885]
[-23.709279462121394, 933.7151417691086]
[-23.705191892865145, 933.7150773967173]
[-23.705129208382537, 933.7150753462901]
[-23.702990903410715, 933.7150399565526]
[-23.702989918043052, 933.715039879273]
[-23.702864550736823, 933.715035653717]
[-23.696575988634336, 933.7149339162015]
[-23.693368527240338, 933.7148808005797]
[-23.693367543314572, 933.7148806415771]
[-23.69324217646473, 933.7148764361442]
[-23.68374614054298, 933.7147218060279]
[-23.678997997764885, 933.714644495736]
[-23.67893457090935, 933.7146421916714]
[-23.67880895951793, 933.714637843222]
[-23.6645013295199, 933.7144036938573]
[-23.657284636986336, 933.7142844693396]
[-23.657158465742057, 933.7142799954779]
[-23.6356342685976, 933.7139268418359]
[-23.624809030778493, 933.7137480965624]
[-23.624809030242147, 933.7137480880546]
[-23.62468279695066, 933.7137436117856]
[-23.592333349893124, 933.7132121637279]
[-23.576095426712083, 933.7129443451225]
[-23.57609539538003, 933.7129443311751]
[-23.57596909868992, 933.7129398367617]
[-23.527381451767322, 933.7121415252732]
[-23.503024348528598, 933.7117404723316]
[-23.502992742737824, 933.7117393335119]
[-23.50289797228971, 933.7117359465914]
[-23.502866382141494, 933.7117348174893]
[-23.42995251287723, 933.7105386986229]
[-23.39343213760472, 933.709939177721]
[-23.393242593993765, 933.709932406326]
[-23.283806788431303, 933.7081415432014]
[-23.28374360628852, 933.7081392889484]
[-23.228930344785756, 933.7072422675958]
[-23.228740796981924, 933.7072355082905]
[-23.064488214521354, 933.7045583804563]
[-22.982313218449484, 933.7032221586707]
[-22.982265829925517, 933.703220473223]
[-22.98221844139242, 933.7032187879571]
[-22.982076275835336, 933.7032137314336]
[-22.98202888733541, 933.7032120456824]
[-22.73559339813108, 933.6992228999267]
[-22.612183127100295, 933.6972306777005]
[-22.61199356358651, 933.6972239626223]
[-22.24222478384781, 933.6913004159426]
[-22.24212999738416, 933.6912970717569]
[-22.05709675177785, 933.688350707518]
[-22.05690717409481, 933.6883440330306]
[-21.50197029173444, 933.6795933722791]
[-21.224439429689664, 933.6752623460013]
[-21.224392029978517, 933.6752606923642]
[-21.224344630258273, 933.6752590388223]
[-21.224202431098757, 933.6752540781597]
[-21.136288501448007, 933.6595445082033]
[-19.975189543926536, 933.6561438487304]
[-19.974905097814773, 933.6561340641265]
[-18.72573672151895, 933.6376462111914]
[-18.725641890211065, 933.6376429953004]
[-18.100934209067752, 933.6286302148757]
[-18.10083936979475, 933.6286270217673]
[-18.100791950159355, 933.6286254251964]
[-18.100649691246566, 933.6286206355422]
[-18.100602271609468, 933.6286190389807]
[-16.226127403572754, 933.602510390825]
[-15.288914466513575, 933.5899861630603]
[-15.28864763022716, 933.5899774710352]
[-15.288576473882458, 933.5899751531663]
[-15.288529036318927, 933.5899736079214]
[-15.288481598755084, 933.5899720626774]
[-15.288434161191645, 933.5899705174342]
[-15.288434161191539, 933.589970517434]
[-15.288339286061642, 933.5899674269502]
[-15.288291848496584, 933.5899658817095]
[-15.28824441093115, 933.5899643364697]
[-15.288149535799427, 933.5899612459925]
[-15.288007223099477, 933.589956610283]
[-15.287953855836214, 933.5899548718938]
[-15.287473550449498, 933.5899392264395]
[-15.28699324502994, 933.589923581071]
[-15.286272786840911, 933.5899001131794]
[-12.47533364874883, 933.5544679324083]
[-12.475238737767405, 933.5544649445502]
[-6.8464679333091425, 933.4929032099735]
[-6.84610729593836, 933.4928926447283]
[-6.845866871013989, 933.4928856012584]
[-6.845575986527763, 933.4928770795581]
[-6.845481003835779, 933.4928742969688]
[-6.845386021142595, 933.492871514383]
end_solutions
[0.9062626587023944, 1.0690555935925898]
[0.8119251066727009, 1.1063048304801186]
[0.8119132869367713, 1.1063098389417882]
[0.8119132869367719, 1.1063098389417885]
[0.811913286936768, 1.1063098389417902]
[0.8119132869367698, 1.1063098389417891]
[0.811913286936768, 1.1063098389417902]
[0.8119132869367669, 1.1063098389417907]
[0.8119132869367672, 1.1063098389417907]
[0.8119132869367669, 1.1063098389417911]
[0.8119132869367673, 1.1063098389417905]
[0.8119132869367669, 1.1063098389417907]
[0.8119132869367665, 1.1063098389417918]
[0.8119132869367669, 1.106309838941791]
[0.8119132869367665, 1.1063098389417918]
[0.8119132869367666, 1.1063098389417916]
[0.8119132869367665, 1.1063098389417918]
[0.8119132869367666, 1.1063098389417916]
[0.8119132869367665, 1.1063098389417918]
[0.8119132869367666, 1.1063098389417918]
[0.8119132869367665, 1.106309838941792]
[0.8119132869367666, 1.1063098389417918]
[0.8119132869367665, 1.1063098389417918]
[0.8119132869367665, 1.1063098389417918]
[0.8119132869367666, 1.1063098389417916]
[0.8119132869367666, 1.1063098389417916]
[0.8994476990768746, 1.2054477282565985]
[1.2882099018880377, 1.6480467612905656]
[1.7145267593653633, 2.1341546019469013]
[2.1408436168426888, 2.620262442603237]
[2.58969116076672, 3.1319234997282424]
end_values
[ -6.84538602 933.49287151]
[-23.7200767 933.7152811]
[-23.72223562 933.71535852]
[-23.72223562 933.71535852]
[-23.72223562 933.71535852]
[-23.72223562 933.71535852]
[-23.72223562 933.71535852]
[-23.72223562 933.71535852]
[-23.72223562 933.71535852]
[-23.72223562 933.71535852]
[-23.72223562 933.71535852]
[-23.72223562 933.71535852]
[-23.72223562 933.71535852]
[-23.72223562 933.71535852]
[-23.72223562 933.71535852]
[-23.72223562 933.71535852]
[-23.72223562 933.71535852]
[-23.72223562 933.71535852]
[-23.72223562 933.71535852]
[-23.72223562 933.71535852]
[-23.72223562 933.71535852]
[-23.72223562 933.71535852]
[-23.72223562 933.71535852]
[-23.72223562 933.71535852]
[-23.72223562 933.71535852]
[-23.72223562 933.71535852]
[-26.377563   950.20190182]
[ -36.35600815 1026.53854373]
[ -44.15522522 1115.65745537]
[ -48.72805804 1210.33513328]
[ -50.07062371 1316.00487064]
