values
[6836.714852706575, 231378.8185077041]
[6838.747937180058, 65236.04773036181]
[6842.077789987148, 64256.29822987998]
[6872.22305288692, 40736.67327810616]
[7014.518808365169, 30903.12639241427]
[7020.9434223369335, 30168.51787895062]
[7067.880218886375, 29531.348875299125]
[7096.075402842813, 29398.541235809837]
[7136.456108669211, 28709.603640102243]
[7197.593789943944, 27667.84519996812]
[7198.529644940425, 27660.739883222]
[7199.997275003524, 27653.808519156068]
[7232.697744268241, 27557.15069894358]
[7375.478058973748, 26424.157831387452]
[7470.532331331658, 25988.94034070694]
[8415.869787159741, 22249.516210957016]
[9324.886894620164, 10355.239388366976]
[9386.979391060562, 10260.568027222487]
[9469.647399464708, 10155.734508537429]
[9489.751488720754, 10036.832749039188]
[9556.7174087171, 9874.395454180407]
[9558.333924596529, 9853.7015933902]
[9563.368092301893, 9846.863157308831]
[9576.706733880448, 9831.682844172698]
[10165.314861477173, 9747.15474952405]
[10219.177392814114, 9740.504545059865]
[10251.739461345467, 9693.526094457024]
values
[6749.173640183504, 68592.99324528562]
[6811.564260300367, 58537.46768370737]
[6871.908712696148, 41435.00272867723]
[6872.22305288692, 40736.67327810616]
[6899.103759687095, 37419.16934148903]
[6899.299944728942, 37418.05222554593]
[6938.850321606325, 35661.20075896417]
[6939.1586113423755, 35658.28721650567]
[6969.8013915507945, 32197.537037009573]
[6970.530817408709, 32191.421798508418]
[7010.44517799297, 30205.17091513625]
[7011.096228107082, 30201.88464418961]
[7011.803102808245, 30198.609523596886]
[7011.844615587039, 30198.42502126803]
[7012.679327048549, 30194.868249149597]
[7015.184242805103, 30185.466032844302]
[7020.9434223369335, 30168.51787895062]
[7067.880218886375, 29531.348875299125]
[7096.075402842813, 29398.541235809837]
[7114.805730822454, 28738.109541325575]
[7116.731227070657, 28735.31965046045]
[7117.417166662085, 28734.342749874846]
[7118.678927281636, 28732.56614397791]
[7119.946671698487, 28730.8047747733]
[7121.1005304974915, 28729.219501864955]
[7121.858873529286, 28728.185718169352]
[7122.238150374472, 28727.67084577575]
[7125.267251634642, 28723.60012536328]
[7136.456108669211, 28709.603640102243]
[7187.867122995467, 27697.373593866414]
[7188.272113078552, 27695.966334639947]
[7188.596285269951, 27694.788628079503]
[7188.974520068124, 27693.36050297983]
[7189.64439844071, 27690.71749187756]
[7190.005239843873, 27689.25858820214]
[7190.306218696017, 27688.03882609918]
[7190.527661457705, 27687.14618569332]
[7190.631950362276, 27686.72847753585]
[7190.694881899328, 27686.477475959742]
[7190.729837475709, 27686.33843612469]
[7190.922257760015, 27685.578535862383]
[7190.980619326041, 27685.350075321538]
[7191.008289857541, 27685.242113166547]
[7191.286516231465, 27684.17040553513]
[7191.57761263848, 27683.078983162293]
[7193.841795815327, 27676.094265874424]
[7197.593789943944, 27667.84519996812]
[7198.529644940425, 27660.739883222]
[7199.997275003524, 27653.808519156068]
[7232.697744268241, 27557.15069894358]
[7348.375659714942, 26965.3214346231]
[7349.681869453062, 26964.918767159397]
[7350.6107359024945, 26964.627234018277]
[7351.27381981926, 26964.4162801149]
[7371.64771774129, 26405.963704435722]
[7470.532331331658, 25988.94034070694]
[8219.490138100264, 22992.03682283746]
[8415.869787159741, 22249.516210957016]
[9036.89468131659, 14492.920503201469]
[9324.886894620164, 10355.239388366976]
[9345.806221519539, 10312.581301878203]
[9345.854547733143, 10308.948271462674]
[9346.163608918097, 10303.613768392615]
[9346.329356899692, 10301.869654128779]
[9346.423890603053, 10301.004427771815]
[9346.428511831355, 10300.963984371967]
[9346.519228709278, 10300.200040894904]
[9346.535720742988, 10300.066797815427]
[9346.580176211288, 10299.715389942177]
[9346.742735526712, 10298.514262951461]
[9346.753732485566, 10298.437185222423]
[9346.799803891043, 10298.119361499777]
[9347.103548146686, 10296.197915258092]
[9347.152072955554, 10295.914442536787]
[9347.170279722715, 10295.809514329721]
[9347.192883440832, 10295.680297833762]
[9347.234283118727, 10295.44656563446]
[9347.597174497763, 10293.539029534448]
[9347.617567848712, 10293.438419444326]
[9347.648855450378, 10293.285266629571]
[9347.744250350706, 10292.826955850973]
[9347.792806877853, 10292.598448898454]
[9347.993789495331, 10291.68406041365]
[9348.079236950924, 10291.309473197147]
[9348.246330387303, 10290.599005955642]
[9348.42765588507, 10289.858160639948]
[9348.489443514718, 10289.612311699279]
[9348.520588323565, 10289.489594410177]
[9348.551900057626, 10289.36701554089]
[9348.61502307789, 10289.122273949892]
[9349.619430170304, 10285.585637698912]
[9350.172893880806, 10283.864084675506]
[9380.36157912072, 10217.447402278534]
[9380.865999768701, 10188.933875381892]
[9381.16194202604, 10187.76685778019]
[9381.240820469908, 10186.294878964352]
[9381.839541692669, 10185.025521904507]
[9382.046955619817, 10184.300326845121]
[9382.200322546903, 10183.789449628823]
[9382.365160190122, 10183.226838563603]
[9382.719893587857, 10182.172844989482]
[9382.98296142846, 10181.433218331154]
[9383.03492229976, 10181.150032552876]
[9383.062571030336, 10181.12103555403]
[9383.174141065778, 10181.004973806504]
[9383.222070977088, 10180.584319468235]
[9383.319354307732, 10180.313554138942]
[9383.976235665346, 10178.498182888317]
[9384.098673738712, 10178.268728870433]
[9384.162662427598, 10178.008892800923]
[9384.55300231236, 10177.066736131308]
[9384.570155731659, 10176.951240980226]
[9384.911631220033, 10176.135723144042]
[9384.951407901352, 10176.086995095218]
[9384.97378980249, 10175.996138958559]
[9385.02325056415, 10175.839116278727]
[9385.159577819364, 10175.722682282785]
[9385.229149947054, 10175.349065701832]
[9385.43863179959, 10174.858979153718]
[9385.682582644004, 10174.315081644061]
[9385.873115276228, 10173.903548292352]
[9386.372079190603, 10172.766641754912]
[9386.525460986164, 10172.448365071165]
[9387.163504651735, 10172.081392606951]
[9387.548783082439, 10170.433052287373]
[9387.919634767908, 10169.542799655335]
[9388.477752681914, 10168.58735020966]
[9388.614306310976, 10168.324100581754]
[9389.170031177979, 10167.272348295028]
[9389.370912694843, 10166.829369527337]
[9389.608254964422, 10166.534057612253]
[9389.740847570072, 10166.22281623332]
[9390.061966121313, 10165.824973618663]
[9390.167007330636, 10165.388316198067]
[9390.346852575763, 10165.259712510006]
[9390.927052300256, 10164.131601585497]
[9392.18395336309, 10162.101332170456]
[9392.491430463777, 10161.53528892359]
[9392.652747024935, 10161.276893484703]
[9392.73373321875, 10161.14778622977]
[9394.935364028745, 10158.323647842979]
[9395.350280065672, 10157.178301643222]
[9396.869266985115, 10155.0318438578]
[9458.030035605629, 10124.158117929954]
[9470.675244046151, 10101.020387800145]
[9470.86123802199, 10100.076390948605]
[9472.723118261722, 10095.801939629837]
[9472.929939059923, 10055.835000807243]
[9476.31033695962, 10041.694581563956]
[9476.643286700546, 10041.164506900896]
[9478.486968599607, 10038.227755364349]
[9489.751488720754, 10036.832749039188]
[9542.426875891648, 10002.663537650744]
[9556.7174087171, 9874.395454180407]
[9558.333924596529, 9853.7015933902]
[9563.368092301893, 9846.863157308831]
[9576.706733880448, 9831.682844172698]
[9636.771785181541, 9831.57762150835]
[9637.312108766986, 9828.286631797515]
[9644.436937093327, 9827.640465149523]
[9647.547256549291, 9816.687341482833]
[9650.042051782675, 9803.482648694262]
[9663.530959546242, 9799.161810668127]
[9680.393102121878, 9797.141628851508]
[9752.24391608768, 9793.297949820402]
[9770.723359409845, 9754.200885655318]
[9783.583528889305, 9750.131050886817]
[9783.617573795773, 9740.737011289806]
[9793.744420461297, 9724.302120563685]
[9820.525769018814, 9652.34280687149]
[9866.160968535045, 9624.917267680014]
[9878.417044114489, 9622.02291955892]
[9880.328883393986, 9618.937367675942]
[9952.668005838974, 9563.821038614356]
[10087.00566660651, 9503.282759550384]
[10173.924795667614, 9446.147880002864]
[10205.632292783228, 9433.950928724167]
[10241.59121519522, 9409.317998059707]
[10285.793080711675, 9362.83106015876]
[10348.35069129549, 9360.80026299045]
[10350.38319299702, 9358.61892449997]
[10376.03091654179, 9358.011335851901]
[10377.98710368755, 9354.030689938929]
[10467.600696901505, 9322.826847315642]
[10487.568251912864, 9266.91317021844]
[10538.171822429142, 9211.289274191387]
[10538.66234353025, 9209.295521184273]
[10539.406461360877, 9207.54628942948]
[10540.336382616135, 9206.10787455317]
[10541.268689924123, 9205.093562381497]
[10541.96976148594, 9204.518032392874]
[10543.391979261247, 9203.713840225897]
[10544.722984084025, 9203.321694201351]
values
[6749.173640183504, 68592.99324528562]
[6791.01774070262, 45278.706524633984]
[6871.908712696148, 41435.00272867723]
[6872.22305288692, 40736.67327810616]
[6895.948317166478, 37439.40796127952]
[6896.637816300967, 37434.49068162293]
[6899.103759687095, 37419.16934148903]
[6899.299944728942, 37418.05222554593]
[6938.850321606325, 35661.20075896417]
[6939.1586113423755, 35658.28721650567]
[6969.8013915507945, 32197.537037009573]
[6970.140172699791, 32194.926393392325]
[6970.260702248821, 32193.917635352303]
[6970.530817408709, 32191.421798508418]
[7000.509136142046, 31417.718698175868]
[7000.951809883454, 31414.07109474396]
[7001.085114070721, 31412.850278278962]
[7002.094338869642, 31396.755628632178]
[7004.881984662934, 29852.93529113978]
[7005.35322309881, 29850.835257017992]
[7005.892232072127, 29848.730244800707]
[7006.500802220572, 29846.620380456363]
[7007.180530424732, 29844.5057834609]
[7007.932803806598, 29842.386566841367]
[7008.758784009907, 29840.262837242535]
[7009.659391892212, 29838.13469501964]
[7010.635292768319, 29836.002234353364]
[7011.686882353637, 29833.865543388154]
[7046.289327348286, 29419.40307665173]
[7066.607339929871, 29414.6097567836]
[7080.219641538413, 29091.374089523968]
[7083.778410519072, 29058.290691616385]
[7098.080337792214, 28929.561610784676]
[7098.320129200401, 28926.773369142684]
[7098.415794817727, 28925.84256995683]
[7098.518614826453, 28924.911069779024]
[7098.7439245993155, 28923.045942644927]
[7098.865507314096, 28922.11230250963]
[7098.992439245268, 28921.177935062547]
[7099.124276212433, 28920.242832522807]
[7107.923590313415, 28748.879406040065]
[7109.0107366182565, 28747.071717623836]
[7111.245146396119, 28743.496481551974]
[7111.814962655123, 28742.611119421894]
[7112.388812155203, 28741.729160849238]
[7112.966467673885, 28740.85061645645]
[7113.850142946581, 28638.999865253045]
[7115.4066788781, 28636.050747453482]
[7118.1324433423315, 28631.101051160702]
[7118.6953671903575, 28630.106468407765]
[7119.26369772055, 28629.11047896963]
[7119.837211119399, 28628.11314440746]
[7120.998887387367, 28626.114688650603]
[7121.586599256366, 28625.113693018775]
[7123.977996845547, 28621.099411109466]
[7124.584853409737, 28620.093588254942]
[7125.807796550924, 28618.07969639875]
[7126.423434160147, 28617.07175925233]
[7127.041551028048, 28616.063249711908]
[7127.6619246456485, 28615.054234449715]
[7150.463542010756, 28473.02001800105]
[7170.981650907298, 27942.984468423158]
[7177.08712464987, 27723.105415083694]
[7177.859686771981, 27721.051891409665]
[7178.292722176108, 27720.013226707357]
[7178.752239721666, 27718.96636446883]
[7179.735331397608, 27716.847352404813]
[7180.25090450327, 27715.774893456484]
[7180.777103003881, 27714.693618733076]
[7181.309946005261, 27713.60341203151]
[7182.380373766028, 27711.395814357355]
[7183.434121879321, 27709.15147603124]
[7183.947260024115, 27708.015400273576]
[7184.447980841903, 27706.87001477514]
[7184.934351201029, 27705.715309132527]
[7185.404872359993, 27704.5512876891]
[7185.858490991494, 27703.37796940742]
[7186.294602197119, 27702.195387729225]
[7186.713044946206, 27701.003590424196]
[7187.114090492265, 27699.802639427257]
[7187.498424414142, 27698.592610664215]
[7187.867122995467, 27697.373593866414]
[7188.272113078552, 27695.966334639947]
[7188.596285269951, 27694.788628079503]
[7188.974520068124, 27693.36050297983]
[7189.64439844071, 27690.71749187756]
[7190.005239843873, 27689.25858820214]
[7190.306218696017, 27688.03882609918]
[7190.527661457705, 27687.14618569332]
[7190.631950362276, 27686.72847753585]
[7190.694881899328, 27686.477475959742]
[7190.729837475709, 27686.33843612469]
[7190.922257760015, 27685.578535862383]
[7190.980619326041, 27685.350075321538]
[7191.008289857541, 27685.242113166547]
[7191.286516231465, 27684.17040553513]
[7191.57761263848, 27683.078983162293]
[7193.841795815327, 27676.094265874424]
[7197.593789943944, 27667.84519996812]
[7198.529644940425, 27660.739883222]
[7199.997275003524, 27653.808519156068]
[7232.697744268241, 27557.15069894358]
[7321.1082622863305, 26972.75367171968]
[7348.375659714942, 26965.3214346231]
[7349.681869453062, 26964.918767159397]
[7350.6107359024945, 26964.627234018277]
[7351.27381981926, 26964.4162801149]
[7370.585215780229, 26409.319130925072]
[7371.64771774129, 26405.963704435722]
[7433.136864544601, 26262.227695212638]
[7438.320428260284, 26221.522018064505]
[7470.532331331658, 25988.94034070694]
[7528.993149505174, 25974.469743340283]
[8048.726751984292, 23979.70291392232]
[8201.27006616831, 23035.490690119]
[8219.490138100264, 22992.03682283746]
[8415.869787159741, 22249.516210957016]
[9034.213535165634, 14499.047942322977]
[9036.89468131659, 14492.920503201469]
[9242.009360772816, 11412.250301997125]
[9243.350805032009, 11408.788556198619]
[9324.886894620164, 10355.239388366976]
[9345.806221519539, 10312.581301878203]
[9345.854547733143, 10308.948271462674]
[9346.163608918097, 10303.613768392615]
[9346.329356899692, 10301.869654128779]
[9346.33277087818, 10301.837040090943]
[9346.423890603053, 10301.004427771815]
[9346.428511831355, 10300.963984371967]
[9346.519228709278, 10300.200040894904]
[9346.535720742988, 10300.066797815427]
[9346.55449595774, 10299.917037076648]
[9346.573505692984, 10299.76742262534]
[9346.580176211288, 10299.715389942177]
[9346.742735526712, 10298.514262951461]
[9346.753732485566, 10298.437185222423]
[9346.799803891043, 10298.119361499777]
[9346.836308974458, 10297.873096076648]
[9346.858520619002, 10297.725540224767]
[9347.103548146686, 10296.197915258092]
[9347.152072955554, 10295.914442536787]
[9347.161849670027, 10295.858002870642]
[9347.170279722715, 10295.809514329721]
[9347.187215667132, 10295.71259018201]
[9347.192883440832, 10295.680297833762]
[9347.2128090163, 10295.567336527503]
[9347.234283118727, 10295.44656563446]
[9347.238629418413, 10295.422242322857]
[9347.55887516452, 10293.729694200849]
[9347.587562548679, 10293.58666822467]
[9347.597174497763, 10293.539029534448]
[9347.617567848712, 10293.438419444326]
[9347.648855450378, 10293.285266629571]
[9347.744250350706, 10292.826955850973]
[9347.792806877853, 10292.598448898454]
[9347.972669254526, 10291.777896253412]
[9347.993789495331, 10291.68406041365]
[9348.004385909462, 10291.637170803426]
[9348.03632015487, 10291.496615368234]
[9348.079236950924, 10291.309473197147]
[9348.246330387303, 10290.599005955642]
[9348.427655885065, 10289.858160639948]
[9348.462328976511, 10289.719802698784]
[9348.489443514718, 10289.612311699279]
[9348.520588323565, 10289.489594410177]
[9348.551900057626, 10289.36701554089]
[9348.61502307789, 10289.122273949892]
[9348.960332095035, 10287.835440822148]
[9349.456892836357, 10286.118325063246]
[9349.497229038358, 10285.984879052761]
[9349.537764334715, 10285.85161565197]
[9349.619430170304, 10285.585637698912]
[9350.071750411716, 10284.168826942736]
[9350.172893880806, 10283.864084675506]
[9350.77431258998, 10282.13179672869]
[9351.42481529123, 10280.391778947647]
[9380.36157912072, 10217.447402278534]
[9380.865999768701, 10188.933875381892]
[9381.16194202604, 10187.76685778019]
[9381.240820469908, 10186.294878964352]
[9381.69006190722, 10185.585369686922]
[9381.839541692669, 10185.025521904507]
[9381.890526423804, 10184.958705953874]
[9381.958476168284, 10184.607511049271]
[9382.046955619817, 10184.300326845121]
[9382.200322546903, 10183.789449628823]
[9382.365160190122, 10183.226838563603]
[9382.451114522237, 10182.95746425046]
[9382.628353874374, 10182.698395371455]
[9382.664880316308, 10182.523629516532]
[9382.683112081777, 10182.34949321717]
[9382.719893587857, 10182.172844989482]
[9382.759187701035, 10181.973022277189]
[9382.941192440781, 10181.420416170968]
[9383.026367603255, 10181.261727927018]
[9383.03492229976, 10181.150032552876]
[9383.062571030336, 10181.12103555403]
[9383.127917193568, 10180.867244213805]
[9383.222070977088, 10180.584319468235]
[9383.319354307732, 10180.313554138942]
[9383.497499963072, 10179.91050861329]
[9383.519779992692, 10179.88273444419]
[9383.565930354755, 10179.717540996628]
[9383.567428754244, 10179.607927051316]
[9383.813256794627, 10178.901276596456]
[9383.93881586729, 10178.547762250657]
[9383.976235665346, 10178.498182888317]
[9384.066134972147, 10178.194137964552]
[9384.162662427598, 10178.008892800923]
[9384.270276663838, 10177.99076161597]
[9384.47311265195, 10177.328924548598]
[9384.497504391971, 10177.300903858128]
[9384.523426997253, 10177.176989756304]
[9384.526079048035, 10177.067593864542]
[9384.55300231236, 10177.066736131308]
[9384.570155731659, 10176.951240980226]
[9384.577870220199, 10176.902156578883]
[9384.592957580178, 10176.77878303886]
[9384.680584423953, 10176.667089449094]
[9384.715115045126, 10176.493472478334]
[9384.852719472125, 10176.139428931978]
[9384.907114809972, 10176.11101874255]
[9384.951407901352, 10176.086995095218]
[9384.97378980249, 10175.996138958559]
[9385.02325056415, 10175.839116278727]
[9385.159577819364, 10175.722682282785]
[9385.228526209654, 10175.613996451017]
[9385.229149947054, 10175.349065701832]
[9385.43863179959, 10174.858979153718]
[9385.557665290233, 10174.574667129697]
[9385.584164262526, 10174.546465121506]
[9385.651418340596, 10174.343730039827]
[9385.677824145792, 10174.290358771877]
[9385.695380091882, 10174.192468887964]
[9385.739533209511, 10174.04123427935]
[9385.873115276228, 10173.903548292352]
[9385.926340649215, 10173.746503565739]
[9386.000079524627, 10173.375577478479]
[9386.372079190603, 10172.766641754912]
[9386.49960407804, 10172.482507458451]
[9386.525460986164, 10172.448365071165]
[9386.760512454639, 10171.926750015582]
[9386.786565988128, 10171.886065280476]
[9386.86072519999, 10171.540923704328]
[9386.876620373678, 10171.5382789346]
[9386.889485290878, 10171.512600482773]
[9386.923470904365, 10171.375993863301]
[9386.969400098003, 10171.279382198172]
[9387.253539469926, 10170.615403365275]
[9387.505452756186, 10170.393080630805]
[9387.587701600323, 10169.90956656409]
[9387.919634767908, 10169.542799655335]
[9388.169710858287, 10169.340222952349]
[9388.182875378683, 10168.839642372655]
[9388.213691579504, 10168.811264841217]
[9388.257295573381, 10168.568011983625]
[9388.433284914652, 10168.216127338826]
[9388.610914216162, 10167.864476738767]
[9389.170031177979, 10167.272348295028]
[9389.370912694843, 10166.829369527337]
[9389.481394704531, 10166.496509418306]
[9389.653877272847, 10165.908992700415]
[9389.690547136956, 10165.827456989837]
[9389.879296102885, 10165.477678719337]
[9390.167007330636, 10165.388316198067]
[9390.346852575763, 10165.259712510006]
[9390.927052300256, 10164.131601585497]
[9391.09578758414, 10163.52827666991]
[9391.170765001081, 10163.147891652563]
[9391.22299157962, 10163.105492094432]
[9392.18395336309, 10162.101332170456]
[9392.491430463777, 10161.53528892359]
[9392.646405835298, 10161.252679752351]
[9392.73373321875, 10161.14778622977]
[9392.809814792538, 10160.487216264608]
[9394.456925848452, 10157.821256847585]
[9394.572284656342, 10157.737434227749]
[9394.649386035755, 10157.68154559676]
[9394.687995255723, 10157.653599219337]
[9394.726643441441, 10157.625651468807]
[9394.804056546267, 10157.56975185289]
[9395.350280065672, 10157.178301643222]
[9396.140427821108, 10155.625607298594]
[9396.201081447254, 10155.225419455379]
[9396.381683899943, 10155.100767714333]
[9396.40778774553, 10155.036711560702]
[9396.869266985115, 10155.0318438578]
[9398.453113737372, 10152.27281875636]
[9458.030035605629, 10124.158117929954]
[9470.675244046151, 10101.020387800145]
[9470.86123802199, 10100.076390948605]
[9472.723118261722, 10095.801939629837]
[9472.929939059923, 10055.835000807243]
[9476.31033695962, 10041.694581563956]
[9476.643286700546, 10041.164506900896]
[9478.486968599607, 10038.227755364349]
[9489.751488720754, 10036.832749039188]
[9542.426875891648, 10002.663537650744]
[9556.7174087171, 9874.395454180407]
[9558.333924596529, 9853.7015933902]
[9563.368092301893, 9846.863157308831]
[9576.706733880448, 9831.682844172698]
[9636.771785181541, 9831.57762150835]
[9637.312108766986, 9828.286631797515]
[9644.436937093327, 9827.640465149523]
[9644.499915172308, 9813.386290433777]
[9647.380772270879, 9807.762481535501]
[9648.722475143371, 9805.451811931265]
[9649.382834428832, 9804.424417617483]
[9650.042051782675, 9803.482648694262]
[9650.207200694758, 9803.260581963033]
[9650.372627144436, 9803.043859300229]
[9650.39332843815, 9803.017144489433]
[9650.403681162177, 9803.003818365363]
[9650.414035293634, 9802.990513093711]
[9650.434747846786, 9802.963965102024]
[9663.530959546242, 9799.161810668127]
[9672.298964881269, 9793.119740873872]
[9707.74550351489, 9776.221706493436]
[9707.754826864866, 9776.211093895292]
[9770.723359409845, 9754.200885655318]
[9783.450719079287, 9749.654984041183]
[9783.617573795773, 9740.737011289806]
[9793.744420461297, 9724.302120563685]
[9800.098773408992, 9707.337389207403]
[9809.891104650134, 9656.382973145419]
[9818.90881813632, 9651.684947030997]
[9866.160968535045, 9624.917267680014]
[9868.652170481702, 9603.914058408483]
[9902.823715165698, 9586.718040214664]
[9933.926365464005, 9569.100839692775]
[9952.668005838974, 9563.821038614356]
[9977.86853679088, 9535.870312948668]
[10042.930487403552, 9513.74260377247]
[10087.00566660651, 9503.282759550384]
[10173.924795667614, 9446.147880002864]
[10205.632292783228, 9433.950928724167]
[10223.644480693594, 9343.121839450954]
[10345.496239998101, 9278.449151497265]
[10413.296637522342, 9242.700235012248]
[10469.548910321539, 9215.39587826619]
[10472.165598045398, 9214.790199601235]
[10507.913678740122, 9213.866151242291]
[10516.96371428136, 9212.790109194339]
[10532.767383237095, 9212.739236177275]
[10538.076529026606, 9211.95504020474]
[10538.171822429142, 9211.289274191387]
[10538.284700221675, 9210.692788669454]
[10538.336612222742, 9210.456132197705]
[10538.443336742079, 9210.027621792478]
[10538.444566724631, 9210.02377120774]
[10538.557819747413, 9209.62493493578]
[10538.57305532933, 9209.575069662846]
[10538.66234353025, 9209.295521184273]
[10538.69588125226, 9209.195827315778]
[10539.367188088205, 9207.620842251954]
[10539.406461360877, 9207.54628942948]
[10540.07350597138, 9206.460781732267]
[10540.221013605358, 9206.25835715451]
[10540.336382616135, 9206.10787455317]
[10540.459823124133, 9205.9535896698]
[10540.860078548109, 9205.497950661476]
[10540.90659041607, 9205.448943845022]
[10541.052353523892, 9205.300592999478]
[10541.268689924123, 9205.093562381497]
[10541.337475470209, 9205.030851224656]
[10541.402832849451, 9204.972557638397]
[10541.406537282975, 9204.969339890127]
[10541.524801552638, 9204.867269412558]
[10541.536837196825, 9204.857082520371]
[10541.859160873642, 9204.59993681334]
[10541.956950190068, 9204.52732088973]
[10541.96976148594, 9204.518032392874]
[10542.034940959998, 9204.4711855045]
[10542.11147100592, 9204.417581325868]
[10542.135314718678, 9204.401134241725]
[10542.166651686988, 9204.379782016433]
[10542.203413081415, 9204.355011248246]
[10542.206787732284, 9204.352752976236]
[10542.289877791181, 9204.298007013014]
[10542.312173955537, 9204.283577031689]
[10542.317175880804, 9204.280373338539]
[10542.326069464294, 9204.274665906294]
[10542.373032319589, 9204.244825428275]
[10542.39927710651, 9204.228369365961]
[10542.432829633384, 9204.207565810342]
[10542.440087846595, 9204.203089580764]
[10542.448656915896, 9204.197811078075]
[10542.510415638173, 9204.16040430052]
[10542.579640295811, 9204.119458511726]
[10542.59191741843, 9204.112306445892]
[10542.616469220864, 9204.098102177028]
[10542.644485197192, 9204.082043387922]
[10542.665560549573, 9204.070092120755]
[10542.67507364085, 9204.06472382743]
[10542.68334340946, 9204.060074607862]
[10542.754441627623, 9204.020697448988]
[10542.776480578314, 9204.008695437458]
[10542.784364496702, 9204.004438173959]
[10542.786051274856, 9204.003527325833]
[10542.810552974788, 9203.990367044395]
[10542.826171784392, 9203.982043055375]
[10542.836986265367, 9203.97630329755]
[10542.864934936235, 9203.961596216093]
[10542.867330346631, 9203.96035248366]
[10542.891216563174, 9203.947919268849]
[10542.90286652286, 9203.94190208432]
[10542.936268406127, 9203.924806363562]
[10542.940768660937, 9203.922519121528]
[10542.948486021784, 9203.91860853659]
[10542.97362457212, 9203.9059475646]
[10542.976272186157, 9203.904626054013]
[10542.997159801967, 9203.894213917918]
[10542.999507586557, 9203.893051304214]
[10543.004039689378, 9203.890809880562]
[10543.028431004444, 9203.878802831267]
[10543.031796623072, 9203.877155400298]
[10543.047349409697, 9203.86957244467]
[10543.053525295887, 9203.866571282737]
[10543.056160564436, 9203.865297846893]
[10543.058847121372, 9203.863995755632]
[10543.058897614506, 9203.86397369087]
[10543.061733390106, 9203.862599759104]
[10543.068340863185, 9203.85941480413]
[10543.08492766089, 9203.851451490626]
[10543.130801691867, 9203.82971047868]
[10543.141329455972, 9203.824783112006]
[10543.153477842912, 9203.81912185929]
[10543.156643144024, 9203.817649683207]
[10543.161334034485, 9203.815473913128]
[10543.16835344056, 9203.81222746985]
[10543.17186251392, 9203.810608191767]
[10543.189401496404, 9203.80255119481]
[10543.196571987899, 9203.799274244326]
[10543.198682682281, 9203.798312848267]
[10543.211588907483, 9203.79244329208]
[10543.219732321608, 9203.788758509185]
[10543.228317737105, 9203.784887746322]
[10543.236965454304, 9203.781002720003]
[10543.23725315966, 9203.780873252952]
[10543.24134390892, 9203.779041344109]
[10543.257950313784, 9203.771636586309]
[10543.273384787555, 9203.764803093765]
[10543.275132571272, 9203.764032295183]
[10543.275288398168, 9203.763964449014]
[10543.27528839817, 9203.763964449012]
[10543.27551742611, 9203.763863275923]
[10543.284202212199, 9203.760041754183]
[10543.289385500797, 9203.757768285655]
[10543.290369208102, 9203.757337677705]
[10543.293177811596, 9203.75610786595]
[10543.296057225525, 9203.754849380979]
[10543.299386357938, 9203.753396133348]
[10543.301002412005, 9203.752691590573]
[10543.302217456468, 9203.752162574941]
[10543.309172468962, 9203.749137167863]
[10543.310802581494, 9203.748429242378]
[10543.31227105711, 9203.74779220235]
[10543.31295483526, 9203.747495749325]
[10543.319746857202, 9203.744555744694]
[10543.321919851229, 9203.743616562595]
[10543.323996056128, 9203.742720307344]
[10543.325148799822, 9203.742223473739]
[10543.325796695759, 9203.62308913762]
[10543.995306790097, 9202.266193925298]
[10544.350289897697, 9201.316943076983]
[10544.423990148322, 9201.060862866896]
[10545.174498505687, 9199.98446550819]
[10545.658492259474, 9197.917889866932]
[10546.192852511987, 9196.006387530486]
[10546.192973940724, 9196.006049516998]
[10547.244461116637, 9194.752519167621]
[10547.607911855495, 9194.15308084447]
[10547.795966713937, 9193.85749260291]
[10547.991650382635, 9193.559319524926]
[10548.195366000487, 9193.351285861128]
[10548.397035669155, 9192.968734558966]
[10548.398647312011, 9192.96584441715]
[10548.399184733087, 9192.96488120806]
[10548.399722257545, 9192.963918084757]
[10548.400259885355, 9192.962955047253]
[10548.401335451008, 9192.9610292297]
[10549.513588098227, 9191.486326349039]
[10549.585395296093, 9187.688400339894]
[10549.585506861298, 9187.688136421568]
[10552.343997768601, 9185.129412900686]
[10552.544742761542, 9184.878902384768]
[10555.701275945792, 9184.551816310457]
[10555.766120438451, 9184.480211033006]
[10555.85782995285, 9184.378819360774]
[10555.955895117217, 9184.270287833328]
[10555.985699185914, 9184.237265087007]
[10556.015544405796, 9184.20418350211]
[10556.40119843134, 9183.77556105269]
[10556.483402569776, 9183.683894064345]
[10556.498657380524, 9183.666866973886]
[10556.596532245456, 9183.557550323061]
[10556.762637246671, 9183.371662408772]
[10556.793524986804, 9183.337035629005]
[10556.867822983515, 9183.253691618425]
[10556.96724683194, 9183.142010399355]
[10556.992166920954, 9183.113990507194]
[10557.142224563368, 9182.94503096827]
[10557.192447896878, 9182.888389941072]
[10557.27743128545, 9182.792444954512]
[10557.293199740787, 9182.774623952566]
[10557.305822279961, 9182.760357728146]
[10557.324767970658, 9182.738939407795]
[10557.394357352612, 9182.660210394204]
[10557.41495445057, 9182.636890767568]
[10557.495919348858, 9182.545146560551]
[10557.585116710534, 9182.443930223824]
[10557.674621641941, 9182.34221233459]
[10557.770859984645, 9182.232670462668]
[10557.786933841646, 9182.21435718885]
[10557.803017435905, 9182.196027807238]
[10557.875513955603, 9182.11334602513]
[10557.957914246135, 9182.019244499932]
[10558.008123730615, 9181.961839744565]
[10558.019474207542, 9181.948855814586]
[10558.113702802702, 9181.840968558136]
[10558.12448659702, 9181.828610425368]
[10558.133238814256, 9181.81857876682]
[10558.18295511933, 9181.761565836234]
[10558.231534876462, 9181.705808760664]
[10558.233986521684, 9181.702993655286]
[10558.262195921183, 9181.670593537692]
[10558.270377880386, 9181.661193113645]
[10558.295347616224, 9181.632496586708]
[10558.30558753361, 9181.620724730963]
[10558.344328104618, 9181.576169387354]
[10558.394780660627, 9181.518098999635]
[10558.40819159893, 9181.502654537106]
[10558.427934134437, 9181.479911820406]
[10558.487243796762, 9181.411541904525]
[10558.497243803375, 9181.400007285996]
[10558.507041000066, 9181.388704641837]
[10558.526851843175, 9181.365843716365]
[10558.52938077004, 9181.362924864121]
[10558.546676315187, 9181.342959117854]
[10558.571476054169, 9181.314320064124]
[10558.581401902824, 9181.302854076865]
[10558.582953123807, 9181.301061981154]
[10558.586366102112, 9181.2971188614]
[10558.586676392793, 9181.296760361232]
[10558.593813994292, 9181.288513260448]
[10558.599168347417, 9181.282325925618]
[10558.605610398981, 9181.274880907413]
[10558.626110273019, 9181.251183793098]
[10558.637298107664, 9181.238247461686]
[10558.638541465438, 9181.236809628135]
[10558.639163164185, 9181.236090676608]
[10558.646002724876, 9181.228180680268]
[10558.655954037567, 9181.21667022503]
[10558.660930964994, 9181.210912772205]
[10558.665753171295, 9181.205333824924]
[10558.665908739573, 9181.205153835683]
[10558.682092355552, 9181.186427043658]
[10558.684816439076, 9181.183274359908]
[10558.692367364714, 9181.174534601954]
[10558.693301634947, 9181.173453157762]
[10558.69472256127, 9181.171808361316]
[10558.703269034535, 9181.16191450522]
[10558.705761413034, 9181.15902891407]
[10558.705839303266, 9181.158938733364]
[10558.709773028553, 9181.154384136302]
[10558.719317420426, 9181.143332014328]
[10558.721440981686, 9181.1408727412]
[10558.724460988562, 9181.137375145981]
[10558.725708049506, 9181.135930818782]
[10558.727276693318, 9181.13411399414]
[10558.731437414082, 9181.129294747801]
[10558.731671289379, 9181.12902384614]
[10558.733113561293, 9181.127353213753]
[10558.73330846831, 9181.12712744311]
[10558.734750820344, 9181.12545666981]
[10558.735530499482, 9181.124553497419]
[10558.735686437778, 9181.124372858587]
[10558.735808265157, 9181.124231733484]
[10558.736553859611, 9181.123368028606]
[10558.737011946623, 9181.122837369952]
[10558.73810358689, 9181.121572771162]
[10558.73817668924, 9181.121488085675]
[10558.739122162677, 9181.120392791223]
[10558.739130691574, 9181.120382910744]
[10558.739224509553, 9181.120274225237]
[10558.739239130571, 9181.120257287177]
[10558.739799608158, 9181.119607985605]
[10558.739897083611, 9181.119495061674]
[10558.740715890111, 9181.118546478325]
[10558.741300765807, 9181.117868894315]
[10558.741517660164, 9181.117617618369]
[10558.742470551999, 9181.11651366504]
[10558.7426557724, 9181.116299079597]
[10558.742745945909, 9181.1161946096]
[10558.743016468097, 9181.115881196782]
[10558.744108330582, 9181.114616206936]
[10558.744394098134, 9181.114285123629]
[10558.74459090768, 9181.114057103938]
[10558.74466524474, 9181.11397097825]
[10558.74504424486, 9181.113531873327]
[10558.745088725904, 9181.11348033794]
[10558.745207545448, 9181.11334267435]
[10558.745551210826, 9181.112944504139]
[10558.74566820421, 9181.112808955233]
[10558.745902192368, 9181.11253785495]
[10558.746058185498, 9181.112357119626]
[10558.746292176742, 9181.112086013918]
[10558.746311676096, 9181.112063421619]
[10558.747072160972, 9181.11118230461]
[10565.976154412429, 9172.223176037873]
[10574.541839932763, 9160.940203093858]
[10578.981383678381, 9155.322058175521]
values
[6749.173640183504, 68592.99324528562]
[6791.01774070262, 45278.706524633984]
[6791.762174830319, 45256.25143670186]
[6871.908712696148, 41435.00272867723]
[6872.22305288692, 40736.67327810616]
[6892.503217782015, 37479.68853437266]
[6892.569933277463, 37477.975115608126]
[6895.948317166478, 37439.40796127952]
[6896.637816300967, 37434.49068162293]
[6899.103759687095, 37419.16934148903]
[6899.299944728942, 37418.05222554593]
[6938.850321606325, 35661.20075896417]
[6939.1586113423755, 35658.28721650567]
[6969.8013915507945, 32197.537037009573]
[6970.140172699791, 32194.926393392325]
[6970.260702248821, 32193.917635352303]
[6970.530817408709, 32191.421798508418]
[6999.8249799675805, 31422.54760642121]
[7000.509136142046, 31417.718698175868]
[7000.951809883454, 31414.07109474396]
[7001.085114070721, 31412.850278278962]
[7001.211037082398, 31411.62698700831]
[7001.440143639959, 31409.172984587178]
[7002.094338869642, 31396.755628632178]
[7003.285638164035, 29868.51244151729]
[7003.297248898543, 29867.48420243734]
[7003.320959955476, 29866.454409392925]
[7003.357119043809, 29865.423084610928]
[7003.3799742362735, 29864.90685466513]
[7003.406070087968, 29864.390249955057]
[7003.46815277577, 29863.35592692007]
[7003.586630036287, 29861.801697753566]
[7003.633047889743, 29861.28289981429]
[7003.854419549994, 29859.204167676628]
[7004.134785101105, 29857.11988868291]
[7004.476548533255, 29855.030214688133]
[7004.881984662934, 29852.93529113978]
[7005.35322309881, 29850.835257017992]
[7005.892232072127, 29848.730244800707]
[7006.500802220572, 29846.620380456363]
[7007.180530424732, 29844.5057834609]
[7007.932803806598, 29842.386566841367]
[7008.758784009907, 29840.262837242535]
[7009.659391892212, 29838.13469501964]
[7010.635292768319, 29836.002234353364]
[7011.686882353637, 29833.865543388154]
[7046.289327348286, 29419.40307665173]
[7066.607339929871, 29414.6097567836]
[7080.219641538413, 29091.374089523968]
[7083.778410519072, 29058.290691616385]
[7098.080337792214, 28929.561610784676]
[7098.320129200401, 28926.773369142684]
[7098.415794817727, 28925.84256995683]
[7098.518614826453, 28924.911069779024]
[7098.7439245993155, 28923.045942644927]
[7098.865507314096, 28922.11230250963]
[7098.992439245268, 28921.177935062547]
[7099.124276212433, 28920.242832522807]
[7099.2605849600695, 28919.306986668285]
[7099.400946696462, 28918.370388855434]
[7099.54496030167, 28917.433030039276]
[7099.692245182895, 28916.49490079379]
[7099.918530761526, 28915.086240868477]
[7099.995223575729, 28914.616291527625]
[7100.150279006478, 28913.675790933317]
[7107.5470173076, 28652.508908781823]
[7108.137556386938, 28651.08397812916]
[7108.339273320634, 28650.607705979528]
[7108.749890988736, 28649.653253424996]
[7109.16994780492, 28648.696295753773]
[7109.3834626754115, 28648.21689241082]
[7110.037691457024, 28646.775057200477]
[7111.4056980515315, 28643.875633771924]
[7112.359787014648, 28641.9315706513]
[7112.848876048556, 28640.956362808392]
[7113.345729042072, 28639.979109389995]
[7113.850142946581, 28638.999865253045]
[7115.4066788781, 28636.050747453482]
[7118.1324433423315, 28631.101051160702]
[7118.6953671903575, 28630.106468407765]
[7119.26369772055, 28629.11047896963]
[7119.837211119399, 28628.11314440746]
[7120.998887387367, 28626.114688650603]
[7121.586599256366, 28625.113693018775]
[7123.977996845547, 28621.099411109466]
[7124.584853409737, 28620.093588254942]
[7125.807796550924, 28618.07969639875]
[7126.423434160147, 28617.07175925233]
[7127.041551028048, 28616.063249711908]
[7127.6619246456485, 28615.054234449715]
[7150.463542010756, 28473.02001800105]
[7170.981650907298, 27942.984468423158]
[7175.591447805652, 27731.037622685755]
[7175.626280366361, 27730.067825813683]
[7175.70493855407, 27729.092438957996]
[7175.827894651358, 27728.111134723214]
[7175.995100673891, 27727.12360018396]
[7176.2059804855335, 27726.129537038116]
[7176.459433003986, 27725.12866174489]
[7176.753846623635, 27724.12070564796]
[7177.08712464987, 27723.105415083694]
[7177.859686771981, 27721.051891409665]
[7178.292722176108, 27720.013226707357]
[7178.752239721666, 27718.96636446883]
[7179.735331397608, 27716.847352404813]
[7180.25090450327, 27715.774893456484]
[7180.777103003881, 27714.693618733076]
[7181.309946005261, 27713.60341203151]
[7182.380373766028, 27711.395814357355]
[7183.434121879321, 27709.15147603124]
[7183.947260024115, 27708.015400273576]
[7184.447980841903, 27706.87001477514]
[7184.934351201029, 27705.715309132527]
[7185.404872359993, 27704.5512876891]
[7185.858490991494, 27703.37796940742]
[7186.294602197119, 27702.195387729225]
[7186.713044946206, 27701.003590424196]
[7187.114090492265, 27699.802639427257]
[7187.498424414142, 27698.592610664215]
[7187.867122995467, 27697.373593866414]
[7188.272113078552, 27695.966334639947]
[7188.596285269951, 27694.788628079503]
[7188.974520068124, 27693.36050297983]
[7189.64439844071, 27690.71749187756]
[7190.005239843873, 27689.25858820214]
[7190.306218696017, 27688.03882609918]
[7190.527661457705, 27687.14618569332]
[7190.631950362276, 27686.72847753585]
[7190.694881899328, 27686.477475959742]
[7190.729837475709, 27686.33843612469]
[7190.922257760015, 27685.578535862383]
[7190.980619326041, 27685.350075321538]
[7191.008289857541, 27685.242113166547]
[7191.286516231465, 27684.17040553513]
[7191.57761263848, 27683.078983162293]
[7193.841795815327, 27676.094265874424]
[7197.593789943944, 27667.84519996812]
[7198.529644940425, 27660.739883222]
[7199.997275003524, 27653.808519156068]
[7232.697744268241, 27557.15069894358]
[7321.1082622863305, 26972.75367171968]
[7348.375659714942, 26965.3214346231]
[7349.681869453062, 26964.918767159397]
[7350.6107359024945, 26964.627234018277]
[7351.27381981926, 26964.4162801149]
[7370.585215780229, 26409.319130925072]
[7371.64771774129, 26405.963704435722]
[7433.136864544601, 26262.227695212638]
[7438.320428260284, 26221.522018064505]
[7470.532331331658, 25988.94034070694]
[7522.627871449615, 25982.75529540645]
[7524.527816533197, 25981.074198963808]
[7528.993149505174, 25974.469743340283]
[7867.524774393833, 24678.478661771765]
[8048.726751984292, 23979.70291392232]
[8201.27006616831, 23035.490690119]
[8219.490138100264, 22992.03682283746]
[8415.869787159741, 22249.516210957016]
[9034.213535165634, 14499.047942322977]
[9036.89468131659, 14492.920503201469]
[9242.009360772816, 11412.250301997125]
[9243.350805032009, 11408.788556198619]
[9324.886894620164, 10355.239388366976]
[9345.806221519539, 10312.581301878203]
[9345.854547733143, 10308.948271462674]
[9346.163608918097, 10303.613768392615]
[9346.329356899692, 10301.869654128779]
[9346.33277087818, 10301.837040090943]
[9346.423890603053, 10301.004427771815]
[9346.428511831355, 10300.963984371967]
[9346.519228709278, 10300.200040894904]
[9346.535720742988, 10300.066797815427]
[9346.55449595774, 10299.917037076648]
[9346.573505692984, 10299.76742262534]
[9346.580176211288, 10299.715389942177]
[9346.742735526712, 10298.514262951461]
[9346.753732485566, 10298.437185222423]
[9346.799803891043, 10298.119361499777]
[9346.836308974458, 10297.873096076648]
[9346.858520619002, 10297.725540224767]
[9347.103548146686, 10296.197915258092]
[9347.152072955554, 10295.914442536787]
[9347.161849670027, 10295.858002870642]
[9347.170279722715, 10295.809514329721]
[9347.187215667132, 10295.71259018201]
[9347.192883440832, 10295.680297833762]
[9347.2128090163, 10295.567336527503]
[9347.234283118727, 10295.44656563446]
[9347.238629418413, 10295.422242322857]
[9347.55887516452, 10293.729694200849]
[9347.587562548679, 10293.58666822467]
[9347.597174497763, 10293.539029534448]
[9347.617567848712, 10293.438419444326]
[9347.648855450378, 10293.285266629571]
[9347.744250350706, 10292.826955850973]
[9347.792806877853, 10292.598448898454]
[9347.972669254526, 10291.777896253412]
[9347.993789495331, 10291.68406041365]
[9348.004385909462, 10291.637170803426]
[9348.03632015487, 10291.496615368234]
[9348.079236950924, 10291.309473197147]
[9348.246330387303, 10290.599005955642]
[9348.427655885065, 10289.858160639948]
[9348.462328976511, 10289.719802698784]
[9348.489443514718, 10289.612311699279]
[9348.520588323565, 10289.489594410177]
[9348.551900057626, 10289.36701554089]
[9348.61502307789, 10289.122273949892]
[9348.960332095035, 10287.835440822148]
[9348.998086727903, 10287.699690244684]
[9349.456892836357, 10286.118325063246]
[9349.497229038358, 10285.984879052761]
[9349.537764334715, 10285.85161565197]
[9349.619430170304, 10285.585637698912]
[9350.071750411716, 10284.168826942736]
[9350.114970117093, 10284.038099007936]
[9350.172893880806, 10283.864084675506]
[9350.72832827323, 10282.259758209431]
[9350.77431258998, 10282.13179672869]
[9351.42481529123, 10280.391778947647]
[9380.36157912072, 10217.447402278534]
[9380.865999768701, 10188.933875381892]
[9381.16194202604, 10187.76685778019]
[9381.240820469908, 10186.294878964352]
[9381.69006190722, 10185.585369686922]
[9381.838701178383, 10185.308671079609]
[9381.839541692669, 10185.025521904507]
[9381.890526423804, 10184.958705953874]
[9381.958476168284, 10184.607511049271]
[9382.046955619817, 10184.300326845121]
[9382.200322546903, 10183.789449628823]
[9382.365160190122, 10183.226838563603]
[9382.451114522237, 10182.95746425046]
[9382.628353874374, 10182.698395371455]
[9382.664880316308, 10182.523629516532]
[9382.683112081777, 10182.34949321717]
[9382.719893587857, 10182.172844989482]
[9382.759187701035, 10181.973022277189]
[9382.941192440781, 10181.420416170968]
[9383.026367603255, 10181.261727927018]
[9383.03492229976, 10181.150032552876]
[9383.062571030336, 10181.12103555403]
[9383.127917193568, 10180.867244213805]
[9383.212832667965, 10180.637005297887]
[9383.222070977088, 10180.584319468235]
[9383.319354307732, 10180.313554138942]
[9383.340225773287, 10180.258427421086]
[9383.497499963072, 10179.91050861329]
[9383.519779992692, 10179.88273444419]
[9383.565930354755, 10179.717540996628]
[9383.567428754244, 10179.607927051316]
[9383.656181670067, 10179.333910968951]
[9383.813256794627, 10178.901276596456]
[9383.93881586729, 10178.547762250657]
[9383.976235665346, 10178.498182888317]
[9383.99982170777, 10178.407964067052]
[9384.066134972147, 10178.194137964534]
[9384.112717724402, 10178.03824022663]
[9384.159941077418, 10177.95735412639]
[9384.470125053627, 10177.05804137034]
[9384.506746802685, 10177.016018538116]
[9384.570155731659, 10176.951240980226]
[9384.577870220199, 10176.902156578883]
[9384.592957580178, 10176.77878303886]
[9384.616799980648, 10176.678201605146]
[9384.680584423953, 10176.667089449094]
[9384.715115045126, 10176.493472478334]
[9384.852719472125, 10176.139428931978]
[9384.892511978655, 10175.999399067203]
[9384.954210213282, 10175.814454493982]
[9385.030240256508, 10175.743188793402]
[9385.079852809342, 10175.490144872289]
[9385.09466734086, 10175.47346081458]
[9385.113892650903, 10175.45236711635]
[9385.229149947054, 10175.349065701832]
[9385.331501217268, 10174.903061985498]
[9385.341496809539, 10174.833668217967]
[9385.557665290233, 10174.574667129697]
[9385.584164262526, 10174.546465121506]
[9385.651418340596, 10174.343730039827]
[9385.677824145792, 10174.290358771877]
[9385.695380091882, 10174.192468887964]
[9385.739533209511, 10174.04123427935]
[9385.8639546455, 10173.590050194773]
[9385.989095934983, 10173.209777244352]
[9386.11173741825, 10173.06406301774]
[9386.13605933172, 10172.941861525942]
[9386.26968242121, 10172.67914225375]
[9386.49960407804, 10172.482507458451]
[9386.525460986164, 10172.448365071165]
[9386.68643232554, 10171.59438631122]
[9386.841046386557, 10171.36797482818]
[9386.969400098003, 10171.279382198172]
[9387.08896950128, 10170.968562182854]
[9387.129468401145, 10170.729038369398]
[9387.231523533206, 10170.6366541536]
[9387.253539469926, 10170.615403365275]
[9387.270187776234, 10170.502635259903]
[9387.300607883817, 10170.425017611957]
[9387.331089919855, 10170.347410795908]
[9387.5753131221, 10169.789618659495]
[9387.883055711183, 10169.03177156041]
[9388.182875378683, 10168.839642372655]
[9388.213691579504, 10168.811264841217]
[9388.257295573381, 10168.568011983625]
[9388.40992650636, 10168.237399925358]
[9388.433284914652, 10168.216127338826]
[9388.509817025984, 10167.862309649401]
[9388.549556619628, 10167.77071325624]
[9388.99288414674, 10166.942364522474]
[9389.156382574376, 10166.57689186048]
[9389.171258935661, 10166.468799007822]
[9389.653877272847, 10165.908992700415]
[9389.690547136956, 10165.827456989837]
[9389.80210337976, 10165.193974837543]
[9390.583917817657, 10164.068564298168]
[9390.854625031654, 10163.521055657422]
[9390.856218742569, 10163.485036227554]
[9390.874536454636, 10163.293694368294]
[9391.170765001081, 10163.147891652563]
[9391.22299157962, 10163.105492094432]
[9391.266634239873, 10162.885599912803]
[9391.309779889845, 10162.653256290529]
[9391.581256059755, 10162.199529762574]
[9391.93492501604, 10161.675881059109]
[9391.936736276131, 10161.640183281197]
[9392.043984827927, 10161.55565839289]
[9392.125209756516, 10161.309737718146]
[9392.646405835298, 10161.252679752351]
[9392.696936265325, 10160.162309133366]
[9393.264780652971, 10159.414652144158]
[9393.476390518084, 10158.907917514938]
[9394.112971063782, 10158.072650072872]
[9394.22726797072, 10157.98886480035]
[9394.275306513944, 10157.660457472333]
[9394.447598112672, 10157.535014823678]
[9394.534041941128, 10157.472283748682]
[9395.350280065672, 10157.178301643222]
[9395.874585895823, 10155.414330395974]
[9396.201081447254, 10155.225419455379]
[9396.381683899943, 10155.100767714333]
[9396.40778774553, 10155.036711560702]
[9396.685145170384, 10154.364331620853]
[9398.453113737372, 10152.27281875636]
[9458.030035605629, 10124.158117929954]
[9470.675244046151, 10101.020387800145]
[9470.86123802199, 10100.076390948605]
[9472.723118261722, 10095.801939629837]
[9472.929939059923, 10055.835000807243]
[9476.31033695962, 10041.694581563956]
[9476.643286700546, 10041.164506900896]
[9478.486968599607, 10038.227755364349]
[9489.751488720754, 10036.832749039188]
[9542.426875891648, 10002.663537650744]
[9556.7174087171, 9874.395454180407]
[9558.333924596529, 9853.7015933902]
[9563.368092301893, 9846.863157308831]
[9576.706733880448, 9831.682844172698]
[9636.771785181541, 9831.57762150835]
[9637.312108766986, 9828.286631797515]
[9644.436937093327, 9827.640465149523]
[9644.499915172308, 9813.386290433777]
[9647.380772270879, 9807.762481535501]
[9648.722475143371, 9805.451811931265]
[9649.382834428832, 9804.424417617483]
[9650.042051782675, 9803.482648694262]
[9650.207200694758, 9803.260581963033]
[9650.295044506214, 9803.144782936342]
[9650.341585334769, 9803.08408794309]
[9650.372627144436, 9803.043859300229]
[9650.39332843815, 9803.017144489433]
[9650.403681162177, 9803.003818365363]
[9650.414035293634, 9802.990513093711]
[9650.434747846786, 9802.963965102024]
[9650.504696575214, 9802.874981235735]
[9661.726076883717, 9802.018620825464]
[9663.530959546242, 9799.161810668127]
[9672.298964881269, 9793.119740873872]
[9675.180732166402, 9782.543858498097]
[9707.74550351489, 9776.221706493436]
[9707.754826864866, 9776.211093895292]
[9707.768859542575, 9776.195438718063]
[9767.618080111757, 9767.56407204295]
[9770.723359409845, 9754.200885655318]
[9783.450719079287, 9749.654984041183]
[9783.617573795773, 9740.737011289806]
[9793.744420461297, 9724.302120563685]
[9800.079733804938, 9707.306900831174]
[9804.763721265583, 9696.034706088665]
[9805.017418193454, 9667.551534469896]
[9809.811198193613, 9656.330677456508]
[9818.90881813632, 9651.684947030997]
[9829.128004484288, 9636.624930608466]
[9846.18863397039, 9615.149369348052]
[9868.652170481702, 9603.914058408483]
[9902.823715165698, 9586.718040214664]
[9933.195635718579, 9561.814390178306]
[9977.86853679088, 9535.870312948668]
[10026.094374923452, 9520.156899797626]
[10042.930487403552, 9513.74260377247]
[10087.00566660651, 9503.282759550384]
[10173.924795667614, 9446.147880002864]
[10205.632292783228, 9433.950928724167]
[10223.644480693594, 9343.121839450954]
[10289.783936199477, 9317.937341954199]
[10345.496239998101, 9278.449151497265]
[10413.296637522342, 9242.700235012248]
[10469.548910321539, 9215.39587826619]
[10472.165598045398, 9214.790199601235]
[10497.361261419393, 9213.109597935108]
[10516.96371428136, 9212.790109194339]
[10532.767383237095, 9212.739236177275]
[10538.076529026606, 9211.95504020474]
[10538.171822429142, 9211.289274191387]
[10538.284700221675, 9210.692788669454]
[10538.336612222742, 9210.456132197705]
[10538.443336742079, 9210.027621792478]
[10538.444566724631, 9210.02377120774]
[10538.557819747413, 9209.62493493578]
[10538.57305532933, 9209.575069662846]
[10538.66234353025, 9209.295521184273]
[10538.69588125226, 9209.195827315778]
[10539.367188088205, 9207.620842251954]
[10539.406461360877, 9207.54628942948]
[10540.07350597138, 9206.460781732267]
[10540.221013605358, 9206.25835715451]
[10540.336382616135, 9206.10787455317]
[10540.459823124133, 9205.9535896698]
[10540.860078548109, 9205.497950661476]
[10540.90659041607, 9205.448943845022]
[10541.052353523892, 9205.300592999478]
[10541.268689924123, 9205.093562381497]
[10541.337475470209, 9205.030851224656]
[10541.402832849451, 9204.972557638397]
[10541.406537282975, 9204.969339890127]
[10541.524801552638, 9204.867269412558]
[10541.536837196825, 9204.857082520371]
[10541.859160873642, 9204.59993681334]
[10541.956950190068, 9204.52732088973]
[10541.96976148594, 9204.518032392874]
[10542.034940959998, 9204.4711855045]
[10542.11147100592, 9204.417581325868]
[10542.135314718678, 9204.401134241725]
[10542.166651686988, 9204.379782016433]
[10542.203413081415, 9204.355011248246]
[10542.206787732284, 9204.352752976236]
[10542.289877791181, 9204.298007013014]
[10542.312173955537, 9204.283577031689]
[10542.317175880804, 9204.280373338539]
[10542.326069464294, 9204.274665906294]
[10542.373032319589, 9204.244825428275]
[10542.39927710651, 9204.228369365961]
[10542.432829633384, 9204.207565810342]
[10542.440087846595, 9204.203089580764]
[10542.448656915896, 9204.197811078075]
[10542.510415638173, 9204.16040430052]
[10542.579640295811, 9204.119458511726]
[10542.59191741843, 9204.112306445892]
[10542.616469220864, 9204.098102177028]
[10542.644485197192, 9204.082043387922]
[10542.665560549573, 9204.070092120755]
[10542.67507364085, 9204.06472382743]
[10542.68334340946, 9204.060074607862]
[10542.754441627623, 9204.020697448988]
[10542.776480578314, 9204.008695437458]
[10542.784364496702, 9204.004438173959]
[10542.786051274856, 9204.003527325833]
[10542.810552974788, 9203.990367044395]
[10542.826171784392, 9203.982043055375]
[10542.836986265367, 9203.97630329755]
[10542.864934936235, 9203.961596216093]
[10542.867330346631, 9203.96035248366]
[10542.891216563174, 9203.947919268849]
[10542.90286652286, 9203.94190208432]
[10542.936268406127, 9203.924806363562]
[10542.940768660937, 9203.922519121528]
[10542.948486021784, 9203.91860853659]
[10542.97362457212, 9203.9059475646]
[10542.976272186157, 9203.904626054013]
[10542.997159801967, 9203.894213917918]
[10542.999507586557, 9203.893051304214]
[10543.004039689378, 9203.890809880562]
[10543.028431004444, 9203.878802831267]
[10543.031796623072, 9203.877155400298]
[10543.047349409697, 9203.86957244467]
[10543.053525295887, 9203.866571282737]
[10543.056160564436, 9203.865297846893]
[10543.058847121372, 9203.863995755632]
[10543.058897614506, 9203.86397369087]
[10543.061733390106, 9203.862599759104]
[10543.068340863185, 9203.85941480413]
[10543.08492766089, 9203.851451490626]
[10543.130801691867, 9203.82971047868]
[10543.141329455972, 9203.824783112006]
[10543.153477842912, 9203.81912185929]
[10543.156643144024, 9203.817649683207]
[10543.161334034485, 9203.815473913128]
[10543.16835344056, 9203.81222746985]
[10543.17186251392, 9203.810608191767]
[10543.189401496404, 9203.80255119481]
[10543.196571987899, 9203.799274244326]
[10543.198682682281, 9203.798312848267]
[10543.211588907483, 9203.79244329208]
[10543.219732321608, 9203.788758509185]
[10543.228317737105, 9203.784887746322]
[10543.236965454304, 9203.781002720003]
[10543.23725315966, 9203.780873252952]
[10543.24134390892, 9203.779041344109]
[10543.257950313784, 9203.771636586309]
[10543.273384787555, 9203.764803093765]
[10543.275132571272, 9203.764032295183]
[10543.275288398168, 9203.763964449014]
[10543.27528839817, 9203.763964449012]
[10543.27551742611, 9203.763863275923]
[10543.284202212199, 9203.760041754183]
[10543.289385500797, 9203.757768285655]
[10543.290369208102, 9203.757337677705]
[10543.293177811596, 9203.75610786595]
[10543.296057225525, 9203.754849380979]
[10543.299386357938, 9203.753396133348]
[10543.301002412005, 9203.752691590573]
[10543.302217456468, 9203.752162574941]
[10543.309172468962, 9203.749137167863]
[10543.310802581494, 9203.748429242378]
[10543.31227105711, 9203.74779220235]
[10543.31295483526, 9203.747495749325]
[10543.319746857202, 9203.744555744694]
[10543.321919851229, 9203.743616562595]
[10543.323996056128, 9203.742720307344]
[10543.325148799822, 9203.742223473739]
[10543.325796695759, 9203.62308913762]
[10543.995306790097, 9202.266193925298]
[10544.350289897697, 9201.316943076983]
[10544.423990148322, 9201.060862866896]
[10545.174498505687, 9199.98446550819]
[10545.333062915111, 9199.778998191672]
[10545.540635517995, 9199.514932066306]
[10545.552161327418, 9199.50050900932]
[10545.553809359768, 9199.498448694783]
[10545.554440345677, 9199.497659988585]
[10545.554633515536, 9199.497418548784]
[10545.658492259474, 9197.917889866932]
[10546.192852511987, 9196.006387530486]
[10546.192973940724, 9196.006049516998]
[10547.244461116637, 9194.752519167621]
[10547.607911855495, 9194.15308084447]
[10547.795966713937, 9193.85749260291]
[10547.991650382635, 9193.559319524926]
[10548.195366000487, 9193.351285861128]
[10548.397035669155, 9192.968734558966]
[10548.398647312011, 9192.96584441715]
[10548.399184733087, 9192.96488120806]
[10548.399722257545, 9192.963918084757]
[10548.400259885355, 9192.962955047253]
[10548.401335451008, 9192.9610292297]
[10549.513588098227, 9191.486326349039]
[10549.585395296093, 9187.688400339894]
[10549.585506861298, 9187.688136421568]
[10550.934622405284, 9184.876874052667]
[10551.743468732519, 9183.480564165338]
[10551.743569821323, 9183.480399673283]
[10551.745086311952, 9183.47793230038]
[10551.745133707065, 9183.477855195208]
[10551.745346988699, 9183.47750822211]
[10551.745442465333, 9183.477352900996]
[10551.74548431785, 9183.47728481604]
[10551.745552089273, 9183.4771745675]
[10556.762637246671, 9183.371662408772]
[10556.793524986804, 9183.337035629005]
[10556.867822983515, 9183.253691618425]
[10556.923903127885, 9183.190439572263]
[10556.96724683194, 9183.142010399355]
[10556.992166920954, 9183.113990507194]
[10557.051249965, 9183.047225255526]
[10557.092468229928, 9183.000820316045]
[10557.142224563368, 9182.94503096827]
[10557.192447896878, 9182.888389941072]
[10557.27743128545, 9182.792444954512]
[10557.293199740787, 9182.774623952566]
[10557.305822279961, 9182.760357728146]
[10557.324767970658, 9182.738939407795]
[10557.394357352612, 9182.660210394204]
[10557.41495445057, 9182.636890767568]
[10557.495919348858, 9182.545146560551]
[10557.585116710534, 9182.443930223824]
[10557.674621641941, 9182.34221233459]
[10557.74257169258, 9182.264748145657]
[10557.770859984645, 9182.232670462668]
[10557.786933841646, 9182.21435718885]
[10557.803017435905, 9182.196027807238]
[10557.875513955603, 9182.11334602513]
[10557.957914246135, 9182.019244499932]
[10558.008123730615, 9181.961839744565]
[10558.019474207542, 9181.948855814586]
[10558.113702802702, 9181.840968558136]
[10558.12448659702, 9181.828610425368]
[10558.133238814256, 9181.81857876682]
[10558.18295511933, 9181.761565836234]
[10558.231534876462, 9181.705808760664]
[10558.233986521684, 9181.702993655286]
[10558.262195921183, 9181.670593537692]
[10558.270377880386, 9181.661193113645]
[10558.295347616224, 9181.632496586708]
[10558.30558753361, 9181.620724730963]
[10558.344328104618, 9181.576169387354]
[10558.394780660627, 9181.518098999635]
[10558.40819159893, 9181.502654537106]
[10558.427934134437, 9181.479911820406]
[10558.487243796762, 9181.411541904525]
[10558.497243803375, 9181.400007285996]
[10558.507041000066, 9181.388704641837]
[10558.526851843175, 9181.365843716365]
[10558.52938077004, 9181.362924864121]
[10558.546676315187, 9181.342959117854]
[10558.571476054169, 9181.314320064124]
[10558.581401902824, 9181.302854076865]
[10558.582953123807, 9181.301061981154]
[10558.586366102112, 9181.2971188614]
[10558.586676392793, 9181.296760361232]
[10558.593813994292, 9181.288513260448]
[10558.599168347417, 9181.282325925618]
[10558.605610398981, 9181.274880907413]
[10558.626110273019, 9181.251183793098]
[10558.637298107664, 9181.238247461686]
[10558.638541465438, 9181.236809628135]
[10558.639163164185, 9181.236090676608]
[10558.646002724876, 9181.228180680268]
[10558.655954037567, 9181.21667022503]
[10558.660930964994, 9181.210912772205]
[10558.665753171295, 9181.205333824924]
[10558.665908739573, 9181.205153835683]
[10558.682092355552, 9181.186427043658]
[10558.684816439076, 9181.183274359908]
[10558.692367364714, 9181.174534601954]
[10558.693301634947, 9181.173453157762]
[10558.69472256127, 9181.171808361316]
[10558.703269034535, 9181.16191450522]
[10558.705761413034, 9181.15902891407]
[10558.705839303266, 9181.158938733364]
[10558.709773028553, 9181.154384136302]
[10558.719317420426, 9181.143332014328]
[10558.721440981686, 9181.1408727412]
[10558.724460988562, 9181.137375145981]
[10558.725708049506, 9181.135930818782]
[10558.727276693318, 9181.13411399414]
[10558.731437414082, 9181.129294747801]
[10558.731671289379, 9181.12902384614]
[10558.733113561293, 9181.127353213753]
[10558.73330846831, 9181.12712744311]
[10558.734750820344, 9181.12545666981]
[10558.735530499482, 9181.124553497419]
[10558.735686437778, 9181.124372858587]
[10558.735808265157, 9181.124231733484]
[10558.736553859611, 9181.123368028606]
[10558.737011946623, 9181.122837369952]
[10558.73810358689, 9181.121572771162]
[10558.73817668924, 9181.121488085675]
[10558.739122162677, 9181.120392791223]
[10558.739130691574, 9181.120382910744]
[10558.739224509553, 9181.120274225237]
[10558.739239130571, 9181.120257287177]
[10558.739799608158, 9181.119607985605]
[10558.739897083611, 9181.119495061674]
[10558.740715890111, 9181.118546478325]
[10558.741300765807, 9181.117868894315]
[10558.741517660164, 9181.117617618369]
[10558.742470551999, 9181.11651366504]
[10558.7426557724, 9181.116299079597]
[10558.742745945909, 9181.1161946096]
[10558.743016468097, 9181.115881196782]
[10558.743842063517, 9181.114924695949]
[10558.744108330582, 9181.114616206936]
[10558.744394098134, 9181.114285123629]
[10558.74459090768, 9181.114057103938]
[10558.74464574648, 9181.113993568628]
[10558.74466524474, 9181.11397097825]
[10558.744737754041, 9181.113886970099]
[10558.74480462726, 9181.113809491708]
[10558.74504424486, 9181.113531873327]
[10558.745088725904, 9181.11348033794]
[10558.74519459714, 9181.113357676197]
[10558.745207545448, 9181.11334267435]
[10558.745300468761, 9181.113235013774]
[10558.745404208074, 9181.113114821595]
[10558.745500331035, 9181.113003453538]
[10558.745510080451, 9181.112992157863]
[10558.745551210826, 9181.112944504139]
[10558.74566820421, 9181.112808955233]
[10558.74570019467, 9181.112771890923]
[10558.745806068098, 9181.112649225322]
[10558.745902192368, 9181.11253785495]
[10558.746058185498, 9181.112357119626]
[10558.746058871011, 9181.112356325382]
[10558.746292176742, 9181.112086013918]
[10558.746311676096, 9181.112063421619]
[10558.747072160972, 9181.11118230461]
[10561.096904927006, 9178.332068031912]
[10561.354915680506, 9178.02002029562]
[10563.016756969128, 9175.97872637384]
[10563.503240067104, 9175.371335459102]
[10564.150573391405, 9174.556677897684]
[10564.674272111557, 9173.892468020205]
[10565.723353845522, 9172.54919307985]
[10565.976154412429, 9172.223176037873]
[10568.245282993428, 9169.262892787245]
[10568.61857628328, 9168.771205277562]
[10568.773700072466, 9168.566586001878]
[10570.395232692079, 9166.42011246155]
[10570.730506404358, 9165.975234818905]
[10570.8329700916, 9165.839247165726]
[10572.107546593046, 9164.14815571075]
[10572.446092246832, 9163.699642366293]
[10573.68061126959, 9162.069599858947]
[10574.092635586918, 9161.52829194427]
[10574.541839932763, 9160.940203093858]
[10575.172014072292, 9160.119436330851]
[10575.79455803855, 9159.314397471562]
[10576.075121887312, 9158.953733300521]
[10576.429957757364, 9158.499701430972]
[10576.960547612878, 9157.825577380943]
[10577.086999603505, 9157.665828154799]
[10577.101529987904, 9157.64749491396]
[10577.70056392461, 9156.896104453155]
[10578.145941006489, 9156.343425826379]
[10578.385402105081, 9156.0485465525]
[10578.86817268387, 9155.45921065312]
[10578.946176751408, 9155.364664017972]
[10578.981383678381, 9155.322058175521]
[10579.192683356998, 9155.067173777612]
[10579.451503960496, 9154.756998955161]
[10579.51435578028, 9154.682022629488]
[10579.52843574912, 9154.66524500243]
[10579.537385970452, 9154.654586844588]
[10579.67972270836, 9154.485417760863]
[10579.796991074656, 9154.346588612343]
[10579.862931141222, 9154.268745015692]
[10579.944295350084, 9154.172912025142]
[10580.082242388427, 9154.01099919197]
[10580.093131727646, 9153.998250200004]
[10580.328464065582, 9153.723803878664]
[10580.370865903056, 9153.674585006258]
[10580.412019231788, 9153.62688135688]
[10580.439844335386, 9153.594665779576]
[10580.548106138362, 9153.469617068391]
[10580.603301214389, 9153.406045939655]
[10580.610812873425, 9153.397403771396]
[10580.630268018203, 9153.37503171265]
[10580.648485554908, 9153.354097467747]
[10580.681565890192, 9153.31611692458]
[10580.73384328395, 9153.256188827581]
[10580.755780398, 9153.23107504664]
[10580.786533593055, 9153.195902047919]
[10580.845994673533, 9153.128007680052]
[10580.860717121897, 9153.111220098217]
[10580.893028789758, 9153.074408152139]
[10580.89425219024, 9153.073015275897]
[10580.89917513599, 9153.067410751826]
[10580.92597453711, 9153.036919685437]
[10580.952600006069, 9153.006656128502]
[10580.953591421528, 9153.005529952214]
[10580.980452122694, 9152.975031099211]
[10581.026009768257, 9152.923373795407]
[10581.059534146054, 9152.885418051812]
[10581.064665069804, 9152.879613309722]
[10581.070084344326, 9152.873483317668]
[10581.070408361642, 9152.873116845665]
[10581.082307706969, 9152.859661879716]
[10581.09363649034, 9152.846857842931]
[10581.099331751218, 9152.840423114587]
[10581.110559822382, 9152.827741036375]
[10581.125070538194, 9152.811359518322]
[10581.127856081048, 9152.80821588323]
[10581.132264939637, 9152.803240973519]
[10581.134386435038, 9152.800847404811]
[10581.15043285452, 9152.782749444257]
[10581.15132718655, 9152.781741173012]
[10581.152812595084, 9152.78006643203]
[10581.191826603343, 9152.73611562485]
[10581.194652446717, 9152.732934850083]
[10581.198644315638, 9152.728442102554]
[10581.201616858323, 9152.725097035744]
[10581.203317027395, 9152.723184029903]
[10581.20802131511, 9152.717891335626]
[10581.209856599617, 9152.715826782001]
[10581.2126031482, 9152.712737399437]
[10581.228797603888, 9152.694528252141]
[10581.22968111005, 9152.693535180326]
[10581.23002107382, 9152.69315305022]
[10581.23170038485, 9152.691265576608]
[10581.232966456102, 9152.689842650758]
[10581.233641810726, 9152.689083676782]
[10581.23797376325, 9152.684215698791]
[10581.244408533012, 9152.6769862251]
[10581.24447161697, 9152.676915375936]
[10581.24542711052, 9152.675842023378]
[10581.249259846878, 9152.67153700373]
[10581.25127175986, 9152.669277425024]
[10581.252475627256, 9152.667925453383]
[10581.255301172549, 9152.664752559713]
[10581.256602116597, 9152.66329179156]
[10581.257887432972, 9152.661848657746]
[10581.25833248785, 9152.661348973901]
[10581.26071585605, 9152.658673210777]
[10581.26265894145, 9152.656491919244]
[10581.26386783671, 9152.655134912287]
[10581.263964635906, 9152.655026260956]
[10581.26411746928, 9152.654854701852]
[10581.264750461412, 9152.654144189679]
[10581.265765698745, 9152.653004656764]
[10581.265921872735, 9152.652829367018]
[10581.266469765958, 9152.652214418162]
[10581.268001353395, 9152.650495455522]
[10581.268443869036, 9152.649998820669]
[10581.268837763106, 9152.649556764203]
[10581.269112585276, 9152.64924833873]
[10581.269462394002, 9152.648855765756]
[10581.269902378699, 9152.648361999023]
[10581.270347422076, 9152.6478625659]
[10581.270462127477, 9152.647733846175]
[10581.270778163313, 9152.647379190968]
[10581.270923430002, 9152.647216176154]
[10581.271216055007, 9152.64688780045]
[10581.272034654874, 9152.645969211733]
[10581.2723844614, 9152.645576686735]
[10581.272627937784, 9152.645303481464]
[10581.272898663352, 9152.644999701355]
[10581.273845488196, 9152.64393729752]
[10581.274416548269, 9152.64329654803]
[10581.274575999867, 9152.643117640506]
[10581.27492910015, 9152.642721460217]
[10581.275182904104, 9152.642436693697]
[10581.275306510383, 9152.642298008548]
[10581.275361507805, 9152.64223630229]
[10581.275470979685, 9152.642113477383]
[10581.275562293382, 9152.642011025846]
[10581.275687215983, 9152.64187086663]
[10581.275781498474, 9152.641765085062]
[10581.275818076234, 9152.641724046223]
[10581.275944315195, 9152.641582412258]
[10581.276384115872, 9152.641088979723]
[10581.276402274001, 9152.64106860759]
[10581.276584901016, 9152.640863712915]
[10581.276767527956, 9152.640658819813]
[10581.27684976236, 9152.640566559703]
[10581.276896077281, 9152.640514598757]
[10581.276959528017, 9152.640443412696]
[10581.277086429465, 9152.640301041161]
[10581.277178438322, 9152.640197816037]
[10581.277206973744, 9152.64016580218]
[10581.277315408355, 9152.640044149877]
[10581.277467133597, 9152.639873931068]
[10581.277498035015, 9152.63983926303]
[10581.277561073715, 9152.639768540848]
[10581.27758934832, 9152.639736820192]
[10581.277597691604, 9152.639727460126]
[10581.277600936348, 9152.639723819753]
[10581.277640798966, 9152.639679098713]
[10581.277657485549, 9152.639660378585]
[10581.277680661598, 9152.639634377756]
[10581.277697348174, 9152.639615657657]
[10581.277726318229, 9152.639583156679]
[10581.277777681938, 9152.639525533086]
[10581.277780318142, 9152.639522575688]
[10581.277783562891, 9152.639518935342]
[10581.277801060638, 9152.639499305247]
[10581.277819058258, 9152.639479114172]
[10581.277863288109, 9152.639429494042]
[10581.277866141654, 9152.639426292737]
[10581.277903237655, 9152.639384675946]
[10581.277908944725, 9152.639378273356]
[10581.277913116373, 9152.639373593376]
[10581.277931773042, 9152.63935266305]
[10581.27794033364, 9152.63934305919]
[10581.277969144217, 9152.639310737668]
[10581.277973149332, 9152.639306244431]
[10581.2779888438, 9152.639288637407]
[10581.278005965027, 9152.639269429736]
[10581.278007529398, 9152.639267674756]
[10581.27801595241, 9152.639258225274]
[10581.278025172069, 9152.639247882109]
[10581.278030357691, 9152.63924206457]
[10581.278043061013, 9152.639227813173]
[10581.278045914558, 9152.6392246119]
[10581.278066602697, 9152.639201402691]
[10581.278070828675, 9152.639196661767]
[10581.278080157006, 9152.63918619667]
[10581.27808119991, 9152.639185026701]
[10581.278112972683, 9152.639149382134]
[10581.278127530972, 9152.639133049814]
[10581.278132042135, 9152.639127988945]
[10581.278137227753, 9152.639122171424]
[10581.278139500077, 9152.639119622203]
[10581.278140863464, 9152.639118092678]
[10581.278142019326, 9152.639116795961]
[10581.278148357855, 9152.639109685042]
[10581.2781486419, 9152.639109366399]
[10581.278149550824, 9152.639108346702]
[10581.27815111362, 9152.63910659347]
[10581.278152177121, 9152.63910540037]
[10581.278153894506, 9152.639103473715]
[10581.278153894507, 9152.639103473713]
[10581.278154348973, 9152.639102963873]
[10581.278154870413, 9152.639102378884]
[10581.27815496729, 9152.639102270212]
[10581.278160056043, 9152.639096561357]
[10581.278161873903, 9152.639094521992]
[10581.27817147019, 9152.639083756345]
[10581.278173010578, 9152.639082028263]
[10581.27817391951, 9152.639081008565]
[10581.278174721388, 9152.63908010897]
[10581.278175687114, 9152.63907902556]
[10581.278176621745, 9152.639077977052]
[10581.278178086195, 9152.63907633415]
[10581.278179349103, 9152.639074917348]
[10581.278182884336, 9152.639070951325]
[10581.27819069987, 9152.639062183434]
[10581.27819640695, 9152.639055780925]
[10581.278202718717, 9152.639048700046]
[10581.278203313565, 9152.639048032726]
[10581.278204857237, 9152.639046300952]
[10581.278205712626, 9152.639045341317]
[10581.278206621564, 9152.63904432163]
[10581.278208475494, 9152.639042241788]
[10581.278213562317, 9152.63903653512]
[10581.278215472776, 9152.639034391865]
[10581.27821629977, 9152.639033464086]
[10581.278217126775, 9152.639032536325]
[10581.278218003756, 9152.63903155247]
[10581.27821929424, 9152.639030104745]
[10581.278223619885, 9152.639025252009]
[10581.27822474676, 9152.639023987806]
[10581.278225232925, 9152.639023442416]
[10581.27822564642, 9152.639022978534]
[10581.278226266675, 9152.639022282712]
[10581.278226669932, 9152.639021830297]
[10581.278226866443, 9152.639021609855]
[10581.278227631508, 9152.639020751552]
[10581.278228540921, 9152.639019731329]
[10581.278229368409, 9152.639018803022]
[10581.278229926724, 9152.639018176667]
[10581.278230113, 9152.639017967707]
[10581.278231338129, 9152.639016593268]
[10581.278231849885, 9152.63901601915]
[10581.278233115834, 9152.639014598963]
[10581.27823377305, 9152.639013861659]
[10581.278234584688, 9152.639012951116]
[10581.278234993068, 9152.639012492973]
[10581.278235106678, 9152.639012365522]
[10581.27823520238, 9152.639012258163]
[10581.278235463378, 9152.639011965359]
[10581.2782355061, 9152.639011917423]
[10581.278235809827, 9152.639011576692]
[10581.27823582007, 9152.639011565208]
[10581.278237433102, 9152.639009755618]
[10581.278237875005, 9152.639009259865]
[10581.278240281517, 9152.639006560112]
[10581.278240286643, 9152.63900655436]
[10581.278240559406, 9152.639006248368]
[10581.2782408424, 9152.639005930885]
[10581.278241398162, 9152.639005307414]
[10581.27824251993, 9152.639004048946]
[10581.27824475321, 9152.639001543532]
end_solutions
[-5.529993424404898, 2.3462349791478294, 8.707849118251676, 35.77938005995452, -26.083907049633016, -8.075210046675778, -3.1618689530437116, -11.11175523001079, -7.557715657714981, 9.362524818214894]
[-5.5299934254625835, 2.3462349845633836, 8.707849120409492, 35.779380068135445, -26.083907049852776, -8.075210049734741, -3.161868956628677, -11.1117552365212, -7.557715664086759, 9.362524815371893]
[-5.5299934254625835, 2.3462349845633836, 8.707849120409492, 35.779380068135445, -26.083907049852776, -8.075210049734741, -3.161868956628677, -11.1117552365212, -7.557715664086759, 9.362524815371893]
[-5.529993427435528, 2.346234994665231, 8.707849124434553, 35.77938008339564, -26.083907050262688, -8.075210055440746, -3.161868963315855, -11.111755248665329, -7.557715675972291, 9.362524810068734]
[-5.529993428199598, 2.3462349985774145, 8.707849125993354, 35.77938008930552, -26.083907050421438, -8.075210057650533, -3.161868965905626, -11.111755253368434, -7.5577156805752495, 9.362524808014959]
[-5.529993427435528, 2.346234994665231, 8.707849124434553, 35.77938008339564, -26.083907050262688, -8.075210055440746, -3.161868963315855, -11.111755248665329, -7.557715675972291, 9.362524810068734]
[-5.529993428963667, 2.3462350024895975, 8.707849127552155, 35.779380095215394, -26.08390705058019, -8.075210059860321, -3.161868968495396, -11.11175525807154, -7.557715685178207, 9.362524805961183]
[-5.529993428963667, 2.3462350024895975, 8.707849127552155, 35.779380095215394, -26.08390705058019, -8.075210059860321, -3.161868968495396, -11.11175525807154, -7.557715685178207, 9.362524805961183]
[-5.529993428199598, 2.3462349985774145, 8.707849125993354, 35.77938008930552, -26.083907050421438, -8.075210057650533, -3.161868965905626, -11.111755253368434, -7.5577156805752495, 9.362524808014959]
[-5.529993427817563, 2.346234996621323, 8.707849125213954, 35.779380086350585, -26.083907050342063, -8.07521005654564, -3.1618689646107407, -11.11175525101688, -7.557715678273771, 9.362524809041847]
[-5.529993427817563, 2.346234996621323, 8.707849125213954, 35.779380086350585, -26.083907050342063, -8.07521005654564, -3.1618689646107407, -11.11175525101688, -7.557715678273771, 9.362524809041847]
[-5.339721324976525, 1.295501241858704, 8.247025041403383, 34.22225459793318, -26.090971821670163, -7.50444626450298, -2.4870679457264053, -9.899617945456093, -6.397953466771389, 9.860662207558121]
[-5.390813504169721, 1.5974795349208404, 8.391805787029828, 34.66500218233671, -26.077275245589295, -7.666816802402179, -2.6788807134134, -10.239372640502387, -6.71734187442593, 9.729241644920583]
[-5.202973154347558, 0.5051081483043186, 7.87751275870789, 33.05841658319558, -26.116947689965286, -7.076549956082886, -1.9820917740984063, -9.001689238783145, -5.548547025338369, 10.214910229296112]
[-5.202973154347558, 0.5051081483043186, 7.87751275870789, 33.05841658319558, -26.116947689965286, -7.076549956082886, -1.9820917740984063, -9.001689238783145, -5.548547025338369, 10.214910229296112]
[-5.13550070490704, 0.08801821303554186, 7.667130174051966, 32.45124075038472, -26.145935467990284, -6.854079555925706, -1.7192634332777328, -8.54018182712888, -5.1198244475117605, 10.386211968437355]
[-5.13550070490704, 0.08801821303554186, 7.667130174051966, 32.45124075038472, -26.145935467990284, -6.854079555925706, -1.7192634332777328, -8.54018182712888, -5.1198244475117605, 10.386211968437355]
[-5.135157966822258, 0.08702273825108367, 7.668916536123292, 32.45129515908991, -26.145525047940897, -6.856126673509104, -1.720544255499338, -8.541147666829024, -5.121156061224859, 10.386518587390055]
[-4.965631658021893, -0.6563666756514908, 7.938240438403305, 31.80710852220482, -26.073008518142586, -7.205445303844224, -1.804601356023584, -8.32590024138773, -5.0527671126791525, 10.648045572089655]
[-4.963219624263681, -0.6576035216271996, 7.945420466019303, 31.808988535666344, -26.07105037339924, -7.214501313985405, -1.8102641336677876, -8.332562295875828, -5.0592299979379405, 10.648471221581069]
[-4.960807590505469, -0.6588403676029084, 7.9526004936353, 31.810868549127868, -26.069092228655887, -7.223557324126586, -1.8159269113119914, -8.339224350363928, -5.065692883196728, 10.64889687107248]
[-4.959065907370849, -0.6597453480935699, 7.957796153960517, 31.812222987963374, -26.067676374891334, -7.230107511149752, -1.8200227934620559, -8.34403516953201, -5.07036559623765, 10.649207790838972]
[-4.9575247151799475, -0.6605297038239479, 7.962378351413906, 31.813425782007144, -26.06642615703026, -7.23588842777935, -1.8236376300312274, -8.348291814436067, -5.0744921249759765, 10.649477980447138]
[-4.880719121328216, -0.8097875396695322, 8.304670846519386, 31.84754720956044, -25.985126304901698, -7.636035072570085, -2.0744137964734204, -8.571315728305809, -5.341238012507187, 10.698293134522327]
[-4.879104306623381, -0.8113080048786743, 8.311051807399593, 31.849093302466642, -25.983460774077713, -7.643529953023895, -2.0792078347689573, -8.57634516610769, -5.3464969128064155, 10.69891088515367]
[-4.877598982553116, -0.8127253767111624, 8.31700011464229, 31.850534564339974, -25.981908172635823, -7.65051665181794, -2.0836768188687618, -8.581033588723857, -5.351399239481944, 10.69948674992131]
[-4.876093658482851, -0.8141427485436505, 8.322948421884988, 31.85197582621331, -25.980355571193932, -7.657503350611984, -2.0881458029685662, -8.585722011340025, -5.356301566157473, 10.70006261468895]
[1.0979263246202975, -0.009781435518748764, 6.765543652674818, 25.473732122561213, -25.255545773818156, -9.920275046822677, -0.8101347669305716, -12.479627002860148, -3.3012300916670876, 11.434477815057278]
[1.7509665939866652, 0.0026524139031241685, 6.58754010178088, 24.645700571776075, -25.189914621502027, -10.136131613640545, -0.6248112256016437, -12.835821938708612, -2.9789180442755843, 11.569202585313842]
[1.7520955870393637, 0.0015893850287580676, 6.592001332212903, 24.64678151818108, -25.18875017042061, -10.141371637736079, -0.628162963676497, -12.83933825567074, -2.982594789282231, 11.569634483889573]
[4.807732801488612, 0.36929755763514677, 6.251479719482397, 21.528016002290627, -24.69513363455419, -11.65263355967667, -0.2319461132882693, -15.04066334069174, -2.1341526500359773, 12.052736219116131]
end_values
[10581.27823809  9152.63900902]
[10581.27823964  9152.63900728]
[10581.27823964  9152.63900728]
[10581.27824252  9152.63900405]
[10581.27824364  9152.6390028 ]
[10581.27824252  9152.63900405]
[10581.27824475  9152.63900154]
[10581.27824475  9152.63900154]
[10581.27824364  9152.6390028 ]
[10581.27824308  9152.63900342]
[10581.27824308  9152.63900342]
[10223.64448069  9343.12183945]
[10345.49624    9278.4491515]
[9846.18863397 9615.14936935]
[9846.18863397 9615.14936935]
[9650.50469658 9802.87498124]
[9650.50469658 9802.87498124]
[9650.29504451 9803.14478294]
[ 9394.27530651 10157.66045747]
[ 9390.87453645 10163.29369437]
[ 9387.88305571 10169.03177156]
[ 9385.98909593 10173.20977724]
[ 9384.5124914  10176.92139385]
[ 9349.53776433 10285.85161565]
[ 9348.42765589 10289.85816064]
[ 9347.55887516 10293.7296942 ]
[ 9346.85852062 10297.72554022]
[ 7175.70493855 27729.09243896]
[ 7003.46815278 29863.35592692]
[ 7003.32095996 29866.45440939]
[ 6749.17364018 68592.99324529]
