values
[86490.08965566612, 163019.22944685817]
[86628.83740899545, 155389.3175546852]
[86892.27857445614, 151802.78351574182]
[86945.21380357005, 151034.34566295103]
[86954.69935867791, 150339.24165434868]
[86984.78559940288, 149689.9409008737]
[86999.01565705787, 149638.7383891982]
[87087.98712319924, 148828.4052626988]
[87100.49114389962, 147849.85677372594]
[87189.9100095263, 146785.53625932263]
[87330.20015526332, 144812.38947336207]
[87686.88334350646, 143087.02696617175]
[88128.00716543465, 137309.443669983]
[89784.41696416092, 126780.85863650337]
[90752.42140175893, 124886.50285601553]
[94227.54207406226, 100968.88889450686]
[94278.07750668752, 95869.05170727272]
[98721.55013186854, 94870.17956648255]
[99228.10620050466, 82791.7190917833]
[100168.7540138535, 82017.4678518691]
[100481.78814775292, 81850.01501548542]
[105695.53767481992, 78790.25830556577]
[105854.27190605798, 71472.3305510165]
[106065.76294636974, 71265.07417315473]
[106487.57503912726, 71169.99563745005]
[106496.13298992065, 71146.23955112779]
[106732.93066320791, 71095.42284209418]
[106857.7040996609, 71045.47104178857]
[107219.11570320415, 70863.15047225029]
[107456.14068676544, 70767.26055439345]
[107811.62381548599, 70655.77061817571]
[108262.6541160454, 70291.61706076941]
[108476.21225115523, 70247.6695433548]
[108691.64258207373, 70118.06359011446]
[109453.23005183433, 69925.6258978237]
[109672.51706211662, 69907.04222134543]
[110254.82449252074, 69706.64919902202]
[110419.73853613796, 69620.55656970924]
[118701.60853307156, 66116.83866390499]
[123121.39599372544, 64731.85363995192]
[138152.99024757126, 60335.20560999678]
[155941.26682230778, 56745.01623888499]
[177004.19414847228, 56259.422515377104]
[181527.003111822, 55246.00943171845]
[207837.6093238616, 52392.68589018671]
[215875.00110574166, 50209.23940388337]
[471807.09898291284, 48521.56308737768]
[521288.99435978534, 48485.04915868709]
values
[79480.78649323797, 143278.10894520773]
[79515.58822026629, 132656.40075554387]
[79544.06239688907, 132561.1229139355]
[79596.47624743551, 129255.41094545969]
[79783.97046030087, 127912.40687087063]
[79828.08219238707, 125900.27585253367]
[79899.22805625874, 125066.66025451795]
[79978.92188554029, 122981.94450858845]
[80093.5369454148, 121406.91784725909]
[80171.56006852533, 120769.76798118152]
[80217.90370813444, 119948.3568162259]
[80231.6024398312, 119910.63826534718]
[80248.16060109912, 119877.37178424618]
[80306.70120097575, 119407.11912239381]
[80312.64597831332, 119215.83615014244]
[80369.67620213136, 118620.14792730672]
[80371.90201439273, 118202.74862472562]
[80397.53083881865, 117945.11206735982]
[80429.31188475434, 117276.60569461135]
[80610.41324407782, 117228.57289901853]
[80645.61444570501, 116584.70978487386]
[80701.51960078065, 116578.91524436952]
[80720.89545097956, 115953.29634622915]
[80833.0524634375, 115248.10778834365]
[80899.19176806195, 114655.1890263957]
[80931.04546594832, 114641.70841879405]
[81058.30674826463, 113469.11344039695]
[81105.93312755653, 113367.5053806221]
[81195.21658353736, 112288.34123215365]
[81325.25602471303, 111702.8792144612]
[81400.18147938792, 111194.35659840086]
[81628.0628503724, 110159.6646075599]
[81787.91826735038, 109653.85901433145]
[82013.23193707727, 109177.11491820401]
[82152.64591859744, 108255.59100091901]
[85851.65556375949, 95441.30537054891]
[87347.21952030975, 88555.62734783243]
[87556.14863033638, 88214.23323934294]
[87654.46029096821, 87989.70727175935]
[87810.870128733, 87466.24891032647]
[88024.13925832338, 87086.74314403505]
[88139.80099483306, 86663.7810985779]
[88393.58454046302, 86294.75966521946]
[88439.57425642373, 86071.03584204907]
[88494.76839086978, 85918.31245578222]
[88880.66359783072, 85417.35978543064]
[88963.622672519, 85293.23193559841]
[89112.58594366083, 85008.38917756299]
[89193.2419084095, 84995.69691755706]
[89277.01658371628, 84704.74419566993]
[89391.10464594261, 84565.29275060313]
[89534.25198769142, 84406.4066354744]
[89590.25788303283, 84326.26004817823]
[89642.58394249383, 84219.75422250129]
[89726.30503809536, 84009.51361654168]
[89836.77407050773, 83840.94235717165]
[89942.20710813883, 83795.94314389875]
[89978.61011541539, 83584.49069729916]
[90100.62340407683, 83420.8285343836]
[90179.03379536672, 83382.68272929662]
[90329.03827069417, 83140.39276634662]
[90486.73888007517, 82843.72981340432]
[90566.72690091874, 82681.26593382386]
[90648.42145405659, 82562.12513375211]
[90650.94234451815, 82559.94780681186]
[91126.60648425414, 82508.13439048799]
[91287.6329658798, 81718.62420942976]
[91488.80273526427, 81535.7310480787]
[91712.01723420127, 81222.34948329646]
[91979.05134588547, 80878.07409111642]
[92152.48649506767, 80675.60434286793]
[92340.72404866912, 80482.63265914978]
[92553.59703194503, 80198.51415935972]
[92764.92318905931, 80028.91195172767]
[92852.74220511994, 80024.42280925995]
[92948.92533401247, 79816.37006924968]
[93026.6517296304, 79717.56309270377]
[93266.77099169092, 79522.45648497442]
[93511.80803431576, 79360.46990654066]
[93587.11968605974, 79229.83733641254]
[93731.91592049402, 78960.47984881351]
[93878.16965918457, 78867.45760789917]
[93923.71305209261, 78785.64968054947]
[94282.69203562701, 78731.59033600638]
[94308.12441746572, 78389.51366463274]
[94518.37296713758, 78169.87618503749]
[94928.72049799739, 77780.32697145102]
[94953.94992890334, 77745.83271988295]
[95023.2872312342, 77725.47484573702]
[95182.4653957854, 77712.46762323315]
[95188.2168800477, 77700.75278661281]
[95246.11197199795, 77624.59638549772]
[95451.31832964774, 77332.41561663932]
[95467.66109860981, 77299.22399734655]
[95522.2511285364, 77284.44989474789]
[95645.74049250533, 77280.67940725292]
[95858.27525463077, 77179.01685760458]
[96067.61568826956, 76746.14294761598]
[96090.90071860982, 76679.53444448557]
[96169.9024441408, 76636.68662525441]
[96387.58992070003, 76548.35808801741]
[97417.22360993618, 76000.14348403813]
[97783.03476539241, 75790.13221055431]
[97844.17549204614, 75694.02327433025]
[97937.97125583666, 75669.26238111133]
[98141.69252161868, 75566.82477407496]
[98145.46111576127, 75343.19124466326]
[98411.31539948698, 75168.5207150625]
[98685.04234924394, 75135.91627277345]
[98728.27887460352, 75062.90005849351]
[99471.38603483146, 74632.63392404646]
[99511.40399596581, 74555.08857717382]
[99906.14690641368, 74464.7421661192]
[100109.31946698691, 74289.33279654883]
[100314.80441925622, 74274.02043841405]
[100592.92330727834, 74021.77889952873]
[100854.02636588474, 73936.33291459995]
[101451.12411377579, 73636.63563115076]
[101573.25215081449, 73541.51048041537]
[101662.31227375349, 73536.63357834726]
[101855.70355003337, 73444.13637923144]
[102116.68878517272, 73295.7026648326]
[102467.48200307282, 73166.37609200746]
[102918.78017240741, 73049.48015629732]
[103124.6221467064, 72924.23308447235]
[103158.64796801006, 72788.21070914865]
[103310.1179430501, 72781.67864036416]
[103438.96649318929, 72735.93600878188]
[103813.99825645858, 72591.47546410587]
[103829.74955777307, 72486.803672246]
[104112.79105275132, 72460.3749689241]
[104158.09608996144, 72348.77100078858]
[104287.2030752912, 72288.84100449251]
[104759.89570810879, 72090.22282000766]
[104786.0704402348, 72062.77180374129]
[105051.82548370086, 72018.01132423207]
[105165.87661766639, 71902.83328236375]
[105376.38227807479, 71755.4611574443]
[105401.63039811124, 71618.9622917097]
[105678.0475945365, 71570.7732268712]
[105854.27190605798, 71472.3305510165]
[106026.92811723745, 71402.98248483318]
[106065.76294636974, 71265.07417315473]
[106356.66296389725, 71232.47165612203]
[106487.57503912726, 71169.99563745005]
[106496.13298992065, 71146.23955112779]
[106732.93066320791, 71095.42284209418]
[106857.7040996609, 71045.47104178857]
[107219.11570320415, 70863.15047225029]
[107410.32079830377, 70719.62962021427]
[107469.77903935652, 70691.42374803616]
[107811.62381548599, 70655.77061817571]
[108262.6541160454, 70291.61706076941]
[108414.93699696228, 70267.97253480382]
[108476.21225115523, 70247.6695433548]
[108691.64258207373, 70118.06359011446]
[108771.23510237943, 70042.70155248571]
[109205.83683783171, 69841.7105464918]
[110254.82449252074, 69706.64919902202]
[110419.73853613796, 69620.55656970924]
[111023.34461553165, 69037.6355448926]
[111401.6632746557, 68751.82790251092]
[113295.88976083, 68091.9849776158]
[113687.32473077094, 67926.8785323998]
[114051.36450283376, 67839.47440263515]
[115570.9459288569, 67208.0934263639]
[115633.43028953022, 67185.55526899954]
[117529.07332616426, 66495.0699361915]
[118701.60853307156, 66116.83866390499]
[120173.39222016897, 65596.38004104413]
[122980.68104061755, 62989.72644558369]
[123796.10188251802, 62793.79632192184]
[125557.16632106305, 62326.63530426303]
[125818.39523496649, 62247.852461519375]
[126009.14937115599, 62205.33737793416]
[126831.06334806525, 61951.944018965245]
[127022.77032030614, 61934.072814135536]
[127308.90423364556, 61761.434089965864]
[127529.7469479023, 61706.94845783601]
[127826.89642952522, 61674.948932220665]
[127940.97486155546, 61639.7029736033]
[128367.02543815269, 61566.48708223074]
[128747.39984335897, 61451.35630402988]
[129044.15850352203, 61370.42220310046]
[129297.89777478029, 61358.52945401796]
[129347.46955827546, 61296.526478452484]
[129614.33209829654, 61234.45573917193]
[129834.41883754417, 61186.37048142368]
[129860.38321715499, 61175.3824394776]
[129904.6985279636, 61161.32767060091]
[129943.51477397775, 61149.56272310949]
[129982.24969088938, 61137.96889441538]
[130111.50801043205, 61108.52679449312]
[130422.2381958319, 61049.04571750033]
[130500.83557320903, 60994.698325446334]
[131325.0790041436, 60753.60186515849]
[131788.03231358744, 60690.06300057599]
[131849.68822676767, 60654.70587521893]
[131955.60329897885, 60646.731337632824]
[133096.92655266298, 60411.78073696035]
[133986.5678284129, 60259.100877901314]
[135723.84031817512, 59785.74398778694]
[137722.21164562684, 59311.66458373969]
[139880.0577668395, 58940.43941930612]
[143565.41579916023, 58398.38258145523]
[155941.26682230778, 56745.01623888499]
[177004.19414847228, 56259.422515377104]
[181527.003111822, 55246.00943171845]
[204548.42275703108, 46930.977516692066]
[209317.5314939752, 44728.66865535807]
[210378.55589180265, 44449.88678020946]
[212669.07127603382, 43869.557700678175]
[213254.40168707474, 43678.919738020326]
[213739.17722176752, 43573.62851106375]
[214126.44970018126, 43500.74346160827]
[215350.52955394218, 43158.44584469576]
[216040.6287647219, 42998.15252246174]
[216091.52298999554, 42985.46474161981]
[216091.5229899956, 42985.46474161976]
[216410.3930411533, 42907.476550649895]
[216487.0901396526, 42881.683642284304]
[216522.00189733712, 42868.96135012641]
[216557.7641341283, 42856.37975293176]
[217058.23292091864, 42652.59899475575]
[217698.88291595955, 42617.57062601798]
[217749.16765796373, 42609.13628236167]
[218282.9555632396, 42369.323206957226]
[219021.935933987, 42329.03129870254]
[219339.90162564343, 42192.99262710999]
[220243.6260346528, 42164.952857051474]
[220286.97855036697, 42028.48225455673]
[221320.66405141822, 41901.313135116594]
[222373.48051344627, 41789.98129171147]
[224906.52542656232, 41643.41974514364]
[224985.44241619928, 41638.531096683546]
[226492.5682458024, 41431.894788203215]
[226768.68359374502, 41382.96175042545]
[230205.34493758724, 41081.67572406399]
[231704.4844824437, 41056.4344296369]
[237593.58658018202, 40637.04986249791]
[237805.28332143935, 40623.375444271296]
[244634.0603945529, 40276.838585623096]
[247100.13603880265, 40219.07299352188]
[252410.35435101337, 40035.09110297189]
[258867.1384912795, 39895.91535252588]
[287159.59300312854, 39524.31531606311]
[299333.17006240465, 39290.081721562674]
[347523.4217861882, 39175.61636303046]
[366447.2532164735, 39010.51959974262]
[380437.3835396946, 38988.8246622066]
[395773.49043303344, 38974.474841985604]
values
[79428.99027635198, 133089.01448021943]
[79515.58822026629, 132656.40075554387]
[79544.06239688907, 132561.1229139355]
[79588.67092691934, 129682.78601407431]
[79596.47624743551, 129255.41094545969]
[79635.60070593058, 128329.91817629579]
[79783.97046030087, 127912.40687087063]
[79828.08219238707, 125900.27585253367]
[79835.41574925907, 124767.43384938147]
[79903.94780935274, 123759.1040327087]
[79978.92188554029, 122981.94450858845]
[80087.37561528389, 121404.85917428763]
[80167.38127672678, 120419.16440730667]
[80172.43134629633, 120017.32766483532]
[80217.90370813444, 119948.3568162259]
[80231.6024398312, 119910.63826534718]
[80248.16060109912, 119877.37178424618]
[80252.45462711377, 119515.27584469818]
[80306.70120097575, 119407.11912239381]
[80312.64597831332, 119215.83615014244]
[80333.33698368103, 118981.09903616722]
[80369.67620213136, 118620.14792730672]
[80371.90201439273, 118202.74862472562]
[80372.42654694953, 117918.38484510932]
[80392.5059201368, 117614.9549980847]
[80429.31188475434, 117276.60569461135]
[80533.13249716967, 116902.02131204183]
[80575.57335546555, 116417.29426236394]
[80708.02804211371, 116310.38359104052]
[80720.89545097956, 115953.29634622915]
[80733.82390358442, 115943.38443690968]
[80745.29993521512, 115306.43813069482]
[80833.0524634375, 115248.10778834365]
[80885.7462957943, 114990.68665957268]
[80888.29880573883, 114666.26259434549]
[80899.19176806195, 114655.1890263957]
[80928.98214448013, 114351.95201623296]
[80978.39574963228, 114048.54625456633]
[81022.86207463659, 113811.74813928634]
[81058.30674826463, 113469.11344039695]
[81105.93312755653, 113367.5053806221]
[81124.07108969503, 112888.69399329578]
[81139.80648205543, 112888.37122684217]
[81195.21658353736, 112288.34123215365]
[81325.25602471303, 111702.8792144612]
[81325.25602471309, 111702.87921446118]
[81400.18147938792, 111194.35659840086]
[81538.48705513743, 110731.47262192829]
[81628.0628503724, 110159.6646075599]
[81787.91826735038, 109653.85901433145]
[81893.5312241277, 109139.54082871552]
[82137.04103609185, 108226.09558218138]
[85851.65556375949, 95441.30537054891]
[87322.8823776551, 88745.23019681068]
[87347.21952030975, 88555.62734783243]
[87391.82836204417, 88417.3812665224]
[87556.14863033638, 88214.23323934294]
[87654.46029096821, 87989.70727175935]
[87712.26695645592, 87647.54043019394]
[87810.870128733, 87466.24891032647]
[87987.03288610882, 87151.37037021368]
[87999.56131079188, 87145.84812572622]
[88024.13925832338, 87086.74314403505]
[88073.23583146642, 86755.72574654261]
[88139.80099483306, 86663.7810985779]
[88284.1711439322, 86471.47680629272]
[88393.58454046302, 86294.75966521946]
[88439.57425642373, 86071.03584204907]
[88494.76839086978, 85918.31245578222]
[88872.21901982337, 85441.661372695]
[88880.66359783072, 85417.35978543064]
[88963.622672519, 85293.23193559841]
[89022.34490204681, 85189.40077570912]
[89112.58594366083, 85008.38917756299]
[89193.2419084095, 84995.69691755706]
[89246.63173053478, 84666.9008218189]
[89328.18214063138, 84638.667956156]
[89391.10464594261, 84565.29275060313]
[89534.25198769142, 84406.4066354744]
[89572.8973455027, 84266.65459319923]
[89642.58394249383, 84219.75422250129]
[89726.30503809536, 84009.51361654168]
[89772.09234446155, 83960.50697740208]
[89812.1362603879, 83843.37059004836]
[89836.77407050773, 83840.94235717165]
[89942.20710813883, 83795.94314389875]
[89961.21491613566, 83592.25527333454]
[89978.61011541539, 83584.49069729916]
[90063.22008215434, 83517.84210708615]
[90100.62340407683, 83420.8285343836]
[90114.19607229676, 83402.52896295035]
[90179.03379536672, 83382.68272929662]
[90329.03827069417, 83140.39276634662]
[90382.37573205735, 83070.44697485371]
[90486.73888007517, 82843.72981340432]
[90566.72690091874, 82681.26593382386]
[90648.42145405659, 82562.12513375211]
[90650.94234451815, 82559.94780681186]
[91011.75242971478, 82148.42339043076]
[91287.6329658798, 81718.62420942976]
[91488.80273526427, 81535.7310480787]
[91712.01723420127, 81222.34948329646]
[91810.62151674295, 81056.07010287965]
[91815.97478327007, 81052.30485226784]
[91979.05134588547, 80878.07409111642]
[92152.48649506767, 80675.60434286793]
[92214.54578784086, 80594.53214758463]
[92217.97069853471, 80590.3721761668]
[92340.72404866912, 80482.63265914978]
[92449.35049173118, 80434.58820235454]
[92553.59703194503, 80198.51415935972]
[92637.8153008575, 80050.3686794048]
[92657.26942170311, 80023.83204876455]
[92826.57502954498, 79954.82141742934]
[92948.92533401247, 79816.37006924968]
[93026.6517296304, 79717.56309270377]
[93056.29955584247, 79616.28711821935]
[93065.90098569731, 79604.59324727328]
[93070.70266356722, 79598.81661794153]
[93115.35929446951, 79596.269389286]
[93218.84369218932, 79447.08081584837]
[93348.02461290895, 79253.506320101]
[93370.33190593022, 79234.35679129857]
[93487.70240121448, 79175.34841778093]
[93491.49215757806, 79170.6250646577]
[93498.99097988875, 79161.05164745978]
[93502.70356388456, 79156.20225137699]
[93678.53962615371, 79126.46979923108]
[93689.5221513153, 79117.04844103385]
[93700.42990637825, 79107.22882162234]
[93718.32377583718, 79089.8559233197]
[93731.91592049402, 78960.47984881351]
[93838.22881925544, 78851.22892705532]
[93846.43948399261, 78842.48793475462]
[93855.11906355919, 78839.08625832776]
[93923.71305209261, 78785.64968054947]
[93943.94195570878, 78639.15719586391]
[94017.88596748366, 78559.6000524504]
[94025.3048389128, 78552.39381927715]
[94032.71957801362, 78545.29549883546]
[94040.13891832271, 78538.26253100982]
[94047.57141699946, 78531.25119232605]
[94051.29520846118, 78527.73986911293]
[94055.02538162854, 78524.21747826203]
[94055.02538162855, 78524.217478262]
[94058.34724826567, 78521.07280670873]
[94062.50880375641, 78517.1179931682]
[94070.02929974956, 78509.91082893076]
[94308.12441746572, 78389.51366463274]
[94348.76950118357, 78377.67167134423]
[94352.36818822395, 78372.40974817296]
[94366.47934274822, 78264.19514516677]
[94379.51562839582, 78249.59520279044]
[94383.88015308681, 78244.85131163358]
[94518.37296713758, 78169.87618503749]
[94520.40018367092, 78073.1220189781]
[94928.72049799739, 77780.32697145102]
[94953.94992890334, 77745.83271988295]
[95023.2872312342, 77725.47484573702]
[95065.41822353343, 77674.9145539887]
[95129.70511415848, 77628.3797223818]
[95135.19617051868, 77624.57690700753]
[95146.23877996678, 77616.44891279926]
[95151.78708719373, 77612.11990758654]
[95157.35111856333, 77607.61289700757]
[95162.92908803101, 77602.927796917]
[95168.51915340645, 77598.06525322299]
[95168.51915340648, 77598.06525322297]
[95174.11942174284, 77593.02663582876]
[95179.72795492128, 77587.81402928718]
[95185.34277541327, 77582.43022022209]
[95202.20471966467, 77565.28962313967]
[95324.54719871991, 77344.91607129734]
[95326.82667529151, 77342.64528696184]
[95333.16933861366, 77336.03042375422]
[95338.20731249254, 77326.20739981778]
[95349.09517016947, 77317.13766569976]
[95351.13049073919, 77314.4566055949]
[95467.66109860981, 77299.22399734655]
[95492.68167651024, 77298.48131637744]
[95501.34692938696, 77290.82956731676]
[95504.22226557368, 77288.4196557474]
[95509.97495370993, 77283.76475811185]
[95510.21022157298, 77244.08983810927]
[95511.5581875179, 77242.53295103186]
[95516.29202584365, 77237.13337947687]
[95618.00779962045, 77091.57450822678]
[95627.69043873785, 77081.08403671911]
[95797.63636472725, 77022.46629458091]
[95810.86333339717, 76896.79820968396]
[96067.61568826956, 76746.14294761598]
[96090.90071860982, 76679.53444448557]
[96142.6754652502, 76609.97136115357]
[96184.41303172399, 76563.97437317076]
[96190.98136491916, 76557.694977657]
[96204.5841324317, 76545.47851168501]
[96209.25594175598, 76541.51963522164]
[96215.19153301055, 76536.65799179008]
[96215.1915330106, 76536.65799179005]
[96218.80358717643, 76533.78940857806]
[96226.14042342136, 76528.16604597236]
[96228.61906780669, 76526.32635828586]
[96233.62521837899, 76522.70069566794]
[96237.42208075289, 76520.02937077922]
[96249.02475805563, 76512.26912283635]
[96259.59597256545, 76505.6995183715]
[96260.93381308121, 76504.90044148455]
[96260.93381308125, 76504.90044148454]
[96264.96865383719, 76502.53293209425]
[96270.39719644343, 76499.44579832278]
[96387.42216929364, 76452.74910402847]
[96716.28598851613, 76256.40663962289]
[96764.29035978418, 76186.82924093389]
[96983.00602162836, 76178.69437028868]
[97236.28996726997, 75949.04947512363]
[97291.84333078467, 75942.67651247328]
[97352.52039208119, 75899.52739309015]
[97355.71312349623, 75897.18647359985]
[97356.90552685628, 75896.30415819358]
[97359.0600210698, 75894.69862516974]
[97365.17877547031, 75890.05717150321]
[97366.35027445556, 75889.15435621131]
[97550.1348250133, 75716.35066335258]
[97784.91536832851, 75606.08297988768]
[98003.96012464279, 75527.37935252931]
[98008.63605882818, 75524.41211274464]
[98133.74725110683, 75415.04611163159]
[98145.46111576127, 75343.19124466326]
[98190.89084652695, 75339.09343220343]
[98193.05557943473, 75337.0702538458]
[98194.45779818733, 75335.19286723623]
[98302.34322090671, 75237.34776328987]
[98365.60593018676, 75194.15934756315]
[98375.25498653542, 75185.56284402]
[98377.68053569588, 75183.40416974522]
[98382.09060140389, 75179.48312030271]
[98393.2049425521, 75176.88311110882]
[98411.31539948698, 75168.5207150625]
[98685.04234924394, 75135.91627277345]
[98728.27887460352, 75062.90005849351]
[98929.24223357294, 74939.15267152892]
[98945.01598989147, 74929.19874427177]
[99471.38603483146, 74632.63392404646]
[99511.40399596581, 74555.08857717382]
[99906.14690641368, 74464.7421661192]
[100109.31946698691, 74289.33279654883]
[100314.80441925622, 74274.02043841405]
[100579.9147448136, 74038.0138248848]
[100592.92330727834, 74021.77889952873]
[100714.8602265156, 73978.57767250222]
[100854.02636588474, 73936.33291459995]
[101451.12411377579, 73636.63563115076]
[101573.25215081449, 73541.51048041537]
[101662.31227375349, 73536.63357834726]
[101855.70355003337, 73444.13637923144]
[102116.68878517272, 73295.7026648326]
[102467.48200307282, 73166.37609200746]
[102918.78017240741, 73049.48015629732]
[103124.6221467064, 72924.23308447235]
[103158.64796801006, 72788.21070914865]
[103310.1179430501, 72781.67864036416]
[103438.96649318929, 72735.93600878188]
[103813.99825645858, 72591.47546410587]
[103829.74955777307, 72486.803672246]
[104112.79105275132, 72460.3749689241]
[104158.09608996144, 72348.77100078858]
[104287.2030752912, 72288.84100449251]
[104759.89570810879, 72090.22282000766]
[104786.0704402348, 72062.77180374129]
[105051.82548370086, 72018.01132423207]
[105165.87661766639, 71902.83328236375]
[105376.38227807479, 71755.4611574443]
[105401.63039811124, 71618.9622917097]
[105678.0475945365, 71570.7732268712]
[105854.27190605798, 71472.3305510165]
[106026.92811723745, 71402.98248483318]
[106065.76294636974, 71265.07417315473]
[106356.66296389725, 71232.47165612203]
[106487.57503912726, 71169.99563745005]
[106496.13298992065, 71146.23955112779]
[106732.93066320791, 71095.42284209418]
[106857.7040996609, 71045.47104178857]
[107219.11570320415, 70863.15047225029]
[107410.32079830377, 70719.62962021427]
[107469.77903935652, 70691.42374803616]
[107693.28508458189, 70271.91372005978]
[108414.93699696228, 70267.97253480382]
[108476.21225115523, 70247.6695433548]
[108691.64258207373, 70118.06359011446]
[108771.23510237943, 70042.70155248571]
[109205.83683783171, 69841.7105464918]
[110254.82449252074, 69706.64919902202]
[110419.73853613796, 69620.55656970924]
[111023.34461553165, 69037.6355448926]
[111401.6632746557, 68751.82790251092]
[113295.88976083, 68091.9849776158]
[113687.32473077094, 67926.8785323998]
[114051.36450283376, 67839.47440263515]
[115570.9459288569, 67208.0934263639]
[115633.43028953022, 67185.55526899954]
[116374.36784026516, 65192.58151307257]
[117031.44710059307, 64936.92575522332]
[117038.34352344665, 64934.76286666482]
[117046.69880035112, 64932.151988394566]
[117381.8582529699, 64780.30277798614]
[117688.18285429204, 64653.75170721607]
[117699.91423249211, 64649.430441668424]
[117700.71988726349, 64649.14163028525]
[117701.1225506684, 64648.99767309084]
[117702.32988573275, 64648.56759753614]
[117703.13423049421, 64648.28237884867]
[117703.93813969076, 64647.998360350924]
[117710.35380944885, 64645.76956336523]
[117715.14751214927, 64644.14876671234]
[117716.7420109986, 64643.618217332325]
[118448.29123517197, 64538.116395001336]
[118464.42453879784, 64534.94092068811]
[118515.00043601364, 64422.32066371705]
[119024.44370634005, 64297.422869444665]
[119033.97267655167, 64295.9025842705]
[119108.11191280858, 64262.7040230029]
[119120.62011768171, 64260.62355104308]
[119120.62011768173, 64260.62355104307]
[119144.75163471623, 64246.47884345494]
[119181.14727980766, 64230.543315422154]
[119253.41437169211, 64199.6207760182]
[119325.46545828089, 64170.01899382839]
[119626.61756961921, 64062.229568815026]
[119638.31707206712, 64058.485070642855]
[119641.13814981497, 64057.71776713831]
[120311.00789355772, 63834.99485788196]
[120346.38630403255, 63821.14152711363]
[120347.60551826646, 63820.734899309486]
[120348.0119108307, 63820.599488187654]
[120349.63743326328, 63820.058509128685]
[120352.88835054339, 63818.97980741002]
[120365.89490861134, 63814.711192879106]
[121017.84748838142, 63603.01618063897]
[121333.94371988767, 63591.42527301322]
[121745.92533959213, 63431.61771264328]
[122289.38242143807, 63293.03239984951]
[122969.75493871563, 62993.40626677889]
[122980.68104061755, 62989.72644558369]
[122997.25227416998, 62984.275049965385]
[123002.82517744834, 62982.47572982436]
[123014.045376397, 62978.903164580515]
[123018.14168822549, 62976.81698332366]
[123025.36521351676, 62975.36462616486]
[123048.30446436736, 62968.38595543895]
[123071.64100252069, 62961.53213744919]
[123119.47319897462, 62948.167351025375]
[123168.75048777324, 62935.205502065655]
[123376.18298770841, 62886.15231396141]
[123744.6984418378, 62804.13898312851]
[123796.10188251802, 62793.79632192184]
[123847.4479058068, 62782.59622752807]
[124426.01561041994, 62623.10666297407]
[124426.4667159879, 62622.97622159645]
[124435.5170729418, 62620.38107743318]
[124442.79547903582, 62618.32362858765]
[124800.87448687646, 62525.89773303751]
[124885.30955589996, 62501.560602315694]
[124975.10501549051, 62479.46434491602]
[125054.22097521521, 62450.86499488151]
[125132.83555767537, 62423.42402593881]
[125226.97168006138, 62397.12959867144]
[125293.91968775098, 62373.467391126855]
[125378.17115819413, 62351.39312934039]
[125421.34575868079, 62341.11086517117]
[125557.16632106305, 62326.63530426303]
[125818.39523496649, 62247.852461519375]
[125850.3010365338, 62245.275499326075]
[125857.54841132877, 62243.17351756496]
[126009.14937115599, 62205.33737793416]
[126621.92390457573, 62010.74939699661]
[126831.06334806525, 61951.944018965245]
[127022.77032030614, 61934.072814135536]
[127093.59219571411, 61882.3999592008]
[127118.69463837812, 61871.1863895646]
[127131.18651267907, 61865.60171090965]
[127137.41778346145, 61862.81615857422]
[127143.63936838342, 61860.03560994298]
[127164.7645593826, 61849.81668558628]
[127168.4306077984, 61848.97060685707]
[127180.77065348587, 61843.47739798921]
[127193.07498950385, 61838.014143683075]
[127199.21412614666, 61835.29462113795]
[127241.96029889154, 61816.51585086455]
[127308.90423364556, 61761.434089965864]
[127529.7469479023, 61706.94845783601]
[127826.89642952522, 61674.948932220665]
[127940.97486155546, 61639.7029736033]
[128147.13844337579, 61581.45282381803]
[128367.02543815269, 61566.48708223074]
[128501.49318807806, 61502.01222986496]
[128569.27645679806, 61491.67365145443]
[128747.39984335897, 61451.35630402988]
[129044.15850352203, 61370.42220310046]
[129106.1621590352, 61366.445262330046]
[129287.41679978969, 61316.50652577714]
[129347.46955827546, 61296.526478452484]
[129431.08295215257, 61269.627248801124]
[129457.7165892812, 61268.11508576024]
[129524.90920575717, 61242.079787601666]
[129595.84894562773, 61221.225572887866]
[129834.41883754417, 61186.37048142368]
[129860.38321715499, 61175.3824394776]
[129904.6985279636, 61161.32767060091]
[129943.51477397775, 61149.56272310949]
[129982.24969088938, 61137.96889441538]
[130111.50801043205, 61108.52679449312]
[130422.2381958319, 61049.04571750033]
[130500.83557320903, 60994.698325446334]
[130625.1572634664, 60936.20770272494]
[131325.0790041436, 60753.60186515849]
[131356.41471662113, 60747.43677010274]
[131375.175964508, 60743.91197386507]
[131788.03231358744, 60690.06300057599]
[131849.68822676767, 60654.70587521893]
[131955.60329897885, 60646.731337632824]
[133096.92655266298, 60411.78073696035]
[133285.34060922047, 60379.68931239024]
[133986.5678284129, 60259.100877901314]
[134087.32182749387, 60168.16483107573]
[135476.00641891613, 59784.20503730176]
[135478.89338969984, 59783.47719382513]
[137722.21164562684, 59311.66458373969]
[139880.0577668395, 58940.43941930612]
[143565.41579916023, 58398.38258145523]
[155941.26682230778, 56745.01623888499]
[176973.22694541243, 52289.79119204026]
[180690.8300942435, 51671.526422090465]
[204548.42275703108, 46930.977516692066]
[208593.92870689326, 44811.5339432381]
[209317.5314939752, 44728.66865535807]
[209652.52531775233, 44585.25760794987]
[210378.55589180265, 44449.88678020946]
[210683.64310237704, 44241.830015207954]
[210757.59329749556, 44220.074330445364]
[211466.32484667943, 44105.21895417417]
[212669.07127603382, 43869.557700678175]
[213254.40168707474, 43678.919738020326]
[213739.17722176752, 43573.62851106375]
[213914.63290118426, 43216.24316579953]
[214821.328835145, 43122.39100223915]
[215180.4106909065, 43029.88969697391]
[215353.14018728925, 42959.94286744668]
[215456.64291270805, 42924.21233684557]
[215661.64029942342, 42854.67445709988]
[216048.6350002722, 42733.045396134345]
[216518.25264681442, 42638.52913161018]
[216621.59447901495, 42618.629546974276]
[217397.91946722896, 42509.19743949155]
[217727.0312719351, 42466.08645444122]
[217805.8277719167, 42448.61647234786]
[217927.92418772078, 42431.053720902186]
[218049.79874908942, 42411.38976563185]
[218282.9555632396, 42369.323206957226]
[218505.9043311393, 42324.454207728406]
[218629.3938895893, 42301.60088894649]
[218769.14795866632, 42279.43833489541]
[218875.36855786626, 42257.4301024739]
[219270.3032583079, 42194.815102896944]
[219339.90162564343, 42192.99262710999]
[219519.4350078191, 42154.66477710908]
[219649.60417019745, 42133.87131453588]
[219829.07213666273, 42111.90176595363]
[220006.06570158008, 42069.847588438744]
[220232.94360456622, 42026.132936793365]
[220810.84735672158, 41950.1895663844]
[221026.1621583933, 41923.587404269485]
[221305.31311478405, 41900.331859077065]
[221461.32246878007, 41890.71937970121]
[221702.33321094775, 41869.00780979741]
[222001.56947407185, 41842.84973661725]
[222373.48051344627, 41789.98129171146]
[222961.7519367681, 41706.588882616954]
[223253.55621896475, 41672.305153957466]
[223558.5201403495, 41646.48842035084]
[223840.2971307179, 41630.844821354185]
[223994.84754411064, 41624.642041556464]
[224758.07720662374, 41585.54046765729]
[225243.97151523564, 41527.5153658427]
[226492.5682458024, 41431.894788203215]
[226768.68359374502, 41382.96175042545]
[227291.91789434355, 41262.4268409558]
[229237.04803605785, 41178.87490682981]
[229455.19380774337, 41160.31661160902]
[229793.0948529128, 41120.08751715081]
[230167.69328054335, 41081.173962102934]
[231704.4844824437, 41056.4344296369]
[232298.01973031537, 40942.022770902404]
[235067.47449251564, 40763.90352920996]
[237593.58658018202, 40637.04986249791]
[237805.28332143935, 40623.375444271296]
[238146.32031277256, 40580.413752603614]
[244634.0603945529, 40276.838585623096]
[247100.13603880265, 40219.07299352188]
[252410.35435101337, 40035.09110297189]
[258867.1384912795, 39895.91535252588]
[287159.59300312854, 39524.31531606311]
[299333.17006240465, 39290.081721562674]
[347523.4217861882, 39175.61636303046]
[352970.1399386072, 39130.228430189956]
[366315.53513211414, 39009.44382659105]
[379720.9747516604, 38995.75979418929]
[380248.78442906286, 38995.551636281496]
[380437.3835396946, 38988.8246622066]
[394576.72842225205, 38970.614433330324]
values
[79428.99027635198, 133089.01448021943]
[79515.58822026629, 132656.40075554387]
[79544.06239688907, 132561.1229139355]
[79588.67092691934, 129682.78601407431]
[79596.47624743551, 129255.41094545969]
[79635.60070593058, 128329.91817629579]
[79783.97046030087, 127912.40687087063]
[79816.85902628496, 126238.5936504525]
[79828.08219238707, 125900.27585253367]
[79835.41574925907, 124767.43384938147]
[79903.94780935274, 123759.1040327087]
[79978.92188554029, 122981.94450858845]
[80023.02937780248, 122269.00697325976]
[80087.37561528389, 121404.85917428763]
[80162.39210746446, 120920.64804706462]
[80167.38127672678, 120419.16440730667]
[80172.43134629633, 120017.32766483532]
[80217.90370813444, 119948.3568162259]
[80218.95810601991, 119853.82169260287]
[80252.45462711377, 119515.27584469818]
[80306.70120097575, 119407.11912239381]
[80312.64597831332, 119215.83615014244]
[80327.76421489415, 119053.07396385632]
[80333.33698368103, 118981.09903616722]
[80367.78781276687, 118551.79762913469]
[80371.90201439273, 118202.74862472562]
[80372.42654694953, 117918.38484510932]
[80392.5059201368, 117614.9549980847]
[80429.31188475434, 117276.60569461135]
[80533.13249716967, 116902.02131204183]
[80575.57335546555, 116417.29426236394]
[80705.60313140905, 116037.11721604416]
[80720.89545097956, 115953.29634622915]
[80733.82390358442, 115943.38443690968]
[80745.29993521512, 115306.43813069482]
[80833.0524634375, 115248.10778834365]
[80872.29557726897, 115217.18969027046]
[80873.79675112973, 115189.65145298556]
[80885.7462957943, 114990.68665957268]
[80888.29880573883, 114666.26259434549]
[80899.19176806195, 114655.1890263957]
[80928.98214448013, 114351.95201623296]
[80974.0505582905, 113660.71986121725]
[81037.62248111893, 113309.4429137281]
[81048.78396662713, 112909.34654216126]
[81107.76182692203, 112490.26562345198]
[81107.76182692204, 112490.26562345197]
[81195.21658353736, 112288.34123215365]
[81325.25602471303, 111702.8792144612]
[81325.25602471309, 111702.87921446118]
[81379.67358989782, 111473.9008028206]
[81381.44568943806, 111144.00778854545]
[81461.856529215, 110435.0049427494]
[81618.81551201898, 110072.95873645511]
[81787.91826735038, 109653.85901433145]
[81893.5312241277, 109139.54082871552]
[81905.36193399549, 108973.67062047869]
[81987.40126433867, 108486.73767934836]
[82137.04103609185, 108226.09558218138]
[85851.65556375949, 95441.30537054891]
[87322.8823776551, 88745.23019681068]
[87347.21952030975, 88555.62734783243]
[87385.1879706607, 88478.54207834232]
[87391.82836204417, 88417.3812665224]
[87511.43152299969, 88104.48184824658]
[87551.97604218891, 87991.83823085457]
[87654.46029096821, 87989.70727175935]
[87712.26695645592, 87647.54043019394]
[87715.49226305675, 87627.10212512781]
[87761.93211520255, 87580.31380587578]
[87765.14039397452, 87546.70902319624]
[87810.870128733, 87466.24891032647]
[87965.89231515965, 87246.28193484654]
[87987.03288610882, 87151.37037021368]
[87991.15076920259, 87111.13814226603]
[88024.13925832338, 87086.74314403505]
[88073.23583146642, 86755.72574654261]
[88139.80099483306, 86663.7810985779]
[88284.1711439322, 86471.47680629272]
[88393.58454046302, 86294.75966521946]
[88439.57425642373, 86071.03584204907]
[88494.76839086978, 85918.31245578222]
[88814.12906090854, 85470.76730262543]
[88872.21901982337, 85441.661372695]
[88880.66359783072, 85417.35978543064]
[88963.622672519, 85293.23193559841]
[89022.34490204681, 85189.40077570912]
[89047.79073315854, 85056.14954075626]
[89112.58594366083, 85008.38917756299]
[89193.2419084095, 84995.69691755706]
[89246.63173053478, 84666.9008218189]
[89284.56895172576, 84640.46514071382]
[89328.18214063138, 84638.667956156]
[89391.10464594261, 84565.29275060313]
[89534.25198769142, 84406.4066354744]
[89572.8973455027, 84266.65459319923]
[89642.58394249383, 84219.75422250129]
[89726.30503809536, 84009.51361654168]
[89772.09234446155, 83960.50697740208]
[89812.1362603879, 83843.37059004836]
[89833.57880211204, 83822.2865015857]
[89867.62178581668, 83767.89537716196]
[89961.21491613566, 83592.25527333454]
[89978.61011541539, 83584.49069729916]
[90063.22008215434, 83517.84210708615]
[90100.62340407683, 83420.8285343836]
[90114.19607229676, 83402.52896295035]
[90179.03379536672, 83382.68272929662]
[90329.03827069417, 83140.39276634662]
[90355.25588504031, 83068.66087919504]
[90486.73888007517, 82843.72981340432]
[90566.72690091874, 82681.26593382386]
[90648.42145405659, 82562.12513375211]
[90650.94234451815, 82559.94780681186]
[90665.33659895447, 82526.74496302538]
[91011.75242971478, 82148.42339043076]
[91287.6329658798, 81718.62420942976]
[91488.80273526427, 81535.7310480787]
[91712.01723420127, 81222.34948329646]
[91810.62151674295, 81056.07010287965]
[91815.97478327007, 81052.30485226784]
[91892.84949691029, 80961.6559386382]
[91931.39970145623, 80878.13459715323]
[91979.05134588547, 80878.07409111642]
[92152.48649506767, 80675.60434286793]
[92202.58707139302, 80664.69376699887]
[92207.55312353582, 80595.76477841273]
[92211.07006126066, 80591.73295569175]
[92217.97069853471, 80590.3721761668]
[92256.86022416389, 80522.87376535677]
[92340.72404866912, 80482.63265914978]
[92449.35049173118, 80434.58820235454]
[92512.157714078, 80194.75224376675]
[92637.8153008575, 80050.3686794048]
[92640.61445577358, 80020.01839009646]
[92813.19643408504, 79867.09104003129]
[92934.98145767882, 79756.49541126423]
[92958.1791003418, 79706.43355833816]
[93056.29955584247, 79616.28711821935]
[93065.90098569731, 79604.59324727328]
[93070.70266356722, 79598.81661794153]
[93115.35929446951, 79596.269389286]
[93206.59538416645, 79401.75228050166]
[93241.02520687469, 79327.48997980094]
[93263.22170770941, 79307.74593877351]
[93342.41596651782, 79258.31806813834]
[93348.02461290895, 79253.506320101]
[93370.33190593022, 79234.35679129857]
[93376.44239764164, 79222.93969797046]
[93383.60403330706, 79215.75772228748]
[93424.74842878061, 79214.74877168924]
[93487.70240121448, 79175.34841778093]
[93491.49215757806, 79170.6250646577]
[93498.99097988875, 79161.05164745978]
[93502.70356388456, 79156.20225137699]
[93616.61573964899, 79054.16444645768]
[93731.91592049402, 78960.47984881351]
[93781.08094105605, 78936.9850753894]
[93838.22881925544, 78851.22892705532]
[93846.43948399261, 78842.48793475462]
[93855.11906355919, 78839.08625832776]
[93881.9766781178, 78680.69504965561]
[93889.47844637951, 78670.11970567147]
[93896.98005747292, 78660.03523121846]
[93943.94195570878, 78639.15719586391]
[93993.07120794735, 78603.86550080313]
[94003.0004919783, 78574.4955891863]
[94017.38467405633, 78551.25197183275]
[94032.71957801362, 78545.29549883546]
[94040.13891832271, 78538.26253100982]
[94047.57141699946, 78531.25119232605]
[94051.29520846118, 78527.73986911293]
[94055.02538162854, 78524.21747826203]
[94055.02538162855, 78524.217478262]
[94058.34724826567, 78521.07280670873]
[94062.50880375641, 78517.1179931682]
[94070.02929974956, 78509.91082893076]
[94163.93799043201, 78436.7034713304]
[94308.12441746572, 78389.51366463274]
[94348.76950118357, 78377.67167134423]
[94352.36818822395, 78372.40974817296]
[94366.47934274822, 78264.19514516677]
[94379.51562839582, 78249.59520279044]
[94383.88015308681, 78244.85131163358]
[94418.11385911815, 78184.75968003306]
[94507.06021124442, 78089.87212062745]
[94520.40018367092, 78073.1220189781]
[94661.34027944319, 78055.3576589222]
[94722.18335086595, 77952.10966517373]
[94827.82567786588, 77721.1024305895]
[95024.17358884573, 77641.9546452796]
[95107.97685688066, 77641.9278927709]
[95129.70511415844, 77628.37972238175]
[95135.19617051868, 77624.57690700753]
[95140.70792159793, 77620.60072957461]
[95146.23877996678, 77616.44891279926]
[95151.78708719373, 77612.11990758654]
[95157.35111856333, 77607.61289700757]
[95162.92908803101, 77602.927796917]
[95168.51915340645, 77598.06525322299]
[95168.51915340648, 77598.06525322297]
[95174.11942174284, 77593.02663582876]
[95179.72795492128, 77587.81402928718]
[95185.34277541327, 77582.43022022209]
[95193.16274054685, 77420.97189369453]
[95324.54719871991, 77344.91607129734]
[95326.82667529151, 77342.64528696184]
[95327.78116390471, 77341.67844200764]
[95333.16933861366, 77336.03042375422]
[95334.093871076, 77335.0269943654]
[95334.09387107601, 77335.02699436538]
[95338.20731249254, 77326.20739981778]
[95343.21409531593, 77324.53136552636]
[95349.09517016947, 77317.13766569976]
[95351.13049073919, 77314.4566055949]
[95467.66109860981, 77299.22399734655]
[95492.68167651024, 77298.48131637744]
[95501.34692938696, 77290.82956731676]
[95504.22226557368, 77288.4196557474]
[95509.97495370993, 77283.76475811185]
[95510.21022157298, 77244.08983810927]
[95511.5581875179, 77242.53295103186]
[95516.29202584365, 77237.13337947687]
[95561.41591251663, 77163.14247968786]
[95568.62321864975, 77157.7271154848]
[95575.9122204203, 77152.18531763554]
[95583.28629299068, 77146.50106866882]
[95618.00779962045, 77091.57450822678]
[95627.69043873785, 77081.08403671911]
[95785.90901395194, 76988.73154646809]
[95810.86333339717, 76896.79820968396]
[96067.61568826956, 76746.14294761598]
[96090.90071860982, 76679.53444448557]
[96142.6754652502, 76609.97136115357]
[96184.41303172399, 76563.97437317076]
[96190.98136491916, 76557.694977657]
[96204.5841324317, 76545.47851168501]
[96209.25594175598, 76541.51963522164]
[96215.19153301055, 76536.65799179008]
[96215.1915330106, 76536.65799179005]
[96218.80358717643, 76533.78940857806]
[96226.14042342136, 76528.16604597236]
[96228.61906780669, 76526.32635828586]
[96228.93004891604, 76526.09764538966]
[96233.15314412946, 76523.0375209029]
[96233.62521837899, 76522.70069566794]
[96234.57106134837, 76522.02897640278]
[96237.42208075289, 76520.02937077922]
[96243.18414091796, 76516.1011013261]
[96249.02475805563, 76512.26912283635]
[96251.97393231881, 76510.3897896533]
[96259.59597256545, 76505.6995183715]
[96260.93381308121, 76504.90044148455]
[96260.93381308125, 76504.90044148454]
[96264.96865383719, 76502.53293209425]
[96270.39719644343, 76499.44579832278]
[96387.42216929364, 76452.74910402847]
[96716.28598851613, 76256.40663962289]
[96764.29035978418, 76186.82924093389]
[96983.00602162836, 76178.69437028868]
[96992.32658769787, 76087.50290340281]
[97060.20349276578, 76040.97405289041]
[97070.21327927643, 76035.90755072817]
[97236.28996726997, 75949.04947512363]
[97291.84333078467, 75942.67651247328]
[97352.52039208119, 75899.52739309015]
[97355.71312349623, 75897.18647359985]
[97356.90552685628, 75896.30415819358]
[97359.0600210698, 75894.69862516974]
[97363.78427232515, 75891.12583625539]
[97365.17877547031, 75890.05717150321]
[97366.35027445556, 75889.15435621131]
[97373.10923266744, 75883.8534566765]
[97550.1348250133, 75716.35066335258]
[97784.91536832851, 75606.08297988768]
[98003.96012464279, 75527.37935252931]
[98008.63605882818, 75524.41211274464]
[98133.74725110683, 75415.04611163159]
[98145.46111576127, 75343.19124466326]
[98190.89084652695, 75339.09343220343]
[98193.05557943473, 75337.0702538458]
[98194.45779818733, 75335.19286723623]
[98302.34322090671, 75237.34776328987]
[98365.60593018676, 75194.15934756315]
[98375.25498653542, 75185.56284402]
[98377.68053569588, 75183.40416974522]
[98382.09060140389, 75179.48312030271]
[98391.886467587, 75170.7982378983]
[98411.31539948698, 75168.5207150625]
[98600.71702446564, 75066.49283060954]
[98728.27887460352, 75062.90005849351]
[98929.24223357294, 74939.15267152892]
[98945.01598989147, 74929.19874427177]
[99471.38603483146, 74632.63392404646]
[99511.40399596581, 74555.08857717382]
[99906.14690641368, 74464.7421661192]
[100109.31946698691, 74289.33279654883]
[100314.80441925622, 74274.02043841405]
[100579.9147448136, 74038.0138248848]
[100592.92330727834, 74021.77889952873]
[100714.8602265156, 73978.57767250222]
[100854.02636588474, 73936.33291459995]
[101451.12411377579, 73636.63563115076]
[101573.25215081449, 73541.51048041537]
[101662.31227375349, 73536.63357834726]
[101855.70355003337, 73444.13637923144]
[102116.68878517272, 73295.7026648326]
[102467.48200307282, 73166.37609200746]
[102918.78017240741, 73049.48015629732]
[103124.6221467064, 72924.23308447235]
[103158.64796801006, 72788.21070914865]
[103310.1179430501, 72781.67864036416]
[103438.96649318929, 72735.93600878188]
[103813.99825645858, 72591.47546410587]
[103829.74955777307, 72486.803672246]
[104112.79105275132, 72460.3749689241]
[104147.62398976347, 71927.28574009797]
[104161.17388489693, 71925.10749592078]
[105165.87661766639, 71902.83328236375]
[105376.38227807479, 71755.4611574443]
[105401.63039811124, 71618.9622917097]
[105678.0475945365, 71570.7732268712]
[105854.27190605798, 71472.3305510165]
[106026.92811723745, 71402.98248483318]
[106065.76294636974, 71265.07417315473]
[106356.66296389725, 71232.47165612203]
[106487.57503912726, 71169.99563745005]
[106496.13298992065, 71146.23955112779]
[106732.93066320791, 71095.42284209418]
[106857.7040996609, 71045.47104178857]
[107219.11570320415, 70863.15047225029]
[107410.32079830377, 70719.62962021427]
[107469.77903935652, 70691.42374803616]
[107693.28508458189, 70271.91372005978]
[108414.93699696228, 70267.97253480382]
[108476.21225115523, 70247.6695433548]
[108691.64258207373, 70118.06359011446]
[108771.23510237943, 70042.70155248571]
[109205.83683783171, 69841.7105464918]
[110254.82449252074, 69706.64919902202]
[110419.73853613796, 69620.55656970924]
[111023.34461553165, 69037.6355448926]
[111401.6632746557, 68751.82790251092]
[112268.19520778955, 66687.25115292968]
[112274.36149309175, 66683.7215631359]
[112280.48344080901, 66680.21095421635]
[112283.52797984947, 66678.46360262822]
[112289.58464656169, 66674.98643096504]
[112292.59698312813, 66673.25724504425]
[112298.59024870588, 66669.81921571998]
[112413.47961935778, 66616.9342974627]
[112442.0410552716, 66601.93696908576]
[112564.35149441056, 66545.05588760105]
[112917.29897315292, 66404.30391476642]
[113292.3268028416, 66273.83447951752]
[113435.98247058119, 66219.05996909241]
[113466.66188197517, 66217.62600693876]
[113585.04516938773, 66168.8259947957]
[113600.04620666723, 66168.00103227702]
[113606.06476976398, 66167.63229536911]
[113615.11980799101, 66167.02848189454]
[113630.30426593109, 66165.86399352347]
[113770.80343128064, 66117.18944513494]
[113906.87207715046, 66071.05340299163]
[113935.8281863479, 66064.78565968304]
[113943.13590817976, 66063.10370403825]
[114257.60349452654, 65945.44069033454]
[114264.23695638955, 65942.10887112957]
[114270.8259700861, 65938.76185632822]
[114555.80007897888, 65797.28268582076]
[114897.4645564713, 65659.43811611009]
[114940.80195812923, 65647.98872827891]
[115651.08950518764, 65403.54795147022]
[116053.74281161177, 65245.04494345091]
[116197.90780356247, 65194.576872288315]
[116277.00799183737, 65169.716566136034]
[116530.5212031559, 65091.22614756264]
[116598.72137367101, 65066.85993880305]
[117031.44710059307, 64936.92575522332]
[117034.8923008106, 64935.84447573241]
[117038.34352344665, 64934.76286666482]
[117046.69880035112, 64932.151988394566]
[117168.54094497755, 64867.52137679891]
[117381.8582529699, 64780.30277798614]
[117626.94998026168, 64675.89327578974]
[117688.18285429204, 64653.75170721607]
[117699.91423249211, 64649.430441668424]
[117700.71988726349, 64649.14163028525]
[117701.1225506684, 64648.99767309084]
[117702.32988573275, 64648.56759753614]
[117703.13423049421, 64648.28237884867]
[117703.93813969076, 64647.998360350924]
[117710.35380944885, 64645.76956336523]
[117715.14751214927, 64644.14876671234]
[117716.7420109986, 64643.618217332325]
[117780.62388292434, 64621.04403969725]
[117929.21837173842, 64573.73985668536]
[117933.79582596086, 64572.295807174916]
[117944.48870023206, 64569.10160968704]
[118252.88593403004, 64483.089894325974]
[118259.89732823666, 64481.28187203552]
[118515.00043601364, 64422.32066371705]
[119018.67360951508, 64298.34259080545]
[119024.44370634005, 64297.422869444665]
[119033.97267655167, 64295.9025842705]
[119108.11191280858, 64262.7040230029]
[119120.62011768171, 64260.62355104308]
[119120.62011768173, 64260.62355104307]
[119144.75163471623, 64246.47884345494]
[119181.14727980766, 64230.543315422154]
[119253.41437169211, 64199.6207760182]
[119325.46545828089, 64170.01899382839]
[119328.89861419215, 64167.691615318116]
[119552.30653489489, 64084.99936235293]
[119626.61756961921, 64062.229568815026]
[119635.02695040611, 64059.54605862266]
[119638.31707206712, 64058.485070642855]
[119641.13814981497, 64057.71776713831]
[120311.00789355772, 63834.99485788196]
[120346.38630403255, 63821.14152711363]
[120347.60551826646, 63820.734899309486]
[120348.0119108307, 63820.599488187654]
[120349.63743326328, 63820.058509128685]
[120352.88835054339, 63818.97980741002]
[120365.89490861134, 63814.711192879106]
[121017.84748838142, 63603.01618063897]
[121333.94371988767, 63591.42527301322]
[121338.47180052078, 63537.492728354504]
[121652.04611280636, 63460.85773469606]
[121745.92533959213, 63431.61771264328]
[121772.25731327843, 63415.230063562965]
[121877.76655612327, 63374.077673861604]
[121947.88867106148, 63356.63043411045]
[122289.38242143807, 63293.03239984951]
[122664.63986484421, 63091.196689057826]
[122969.75493871563, 62993.40626677889]
[122980.68104061755, 62989.72644558369]
[122997.25227416998, 62984.275049965385]
[123002.82517744834, 62982.47572982436]
[123014.045376397, 62978.903164580515]
[123018.14168822549, 62976.81698332366]
[123025.36521351676, 62975.36462616486]
[123048.30446436736, 62968.38595543895]
[123071.64100252069, 62961.53213744919]
[123119.47319897462, 62948.167351025375]
[123168.75048777324, 62935.205502065655]
[123252.35126652809, 62915.809426064945]
[123376.18298770841, 62886.15231396141]
[123624.56639817615, 62851.298010501414]
[123632.92164024628, 62832.46637652631]
[123744.6984418378, 62804.13898312851]
[123796.10188251802, 62793.79632192184]
[123847.4479058068, 62782.59622752807]
[123977.79498317587, 62741.48206637928]
[124229.0408734082, 62698.367354068236]
[124426.01561041994, 62623.10666297407]
[124426.4667159879, 62622.97622159645]
[124435.5170729418, 62620.38107743318]
[124442.79547903582, 62618.32362858765]
[124789.78633701992, 62555.73899308928]
[124800.87448687646, 62525.89773303751]
[124885.30955589996, 62501.560602315694]
[124975.10501549051, 62479.46434491602]
[125043.6907406105, 62441.661616011166]
[125116.21109496067, 62440.337561303146]
[125132.83555767537, 62423.42402593881]
[125226.97168006138, 62397.12959867144]
[125293.91968775098, 62373.467391126855]
[125378.17115819413, 62351.39312934039]
[125421.34575868079, 62341.11086517117]
[125557.16632106305, 62326.63530426303]
[125813.17433854078, 62264.60540840543]
[125818.39523496649, 62247.852461519375]
[125850.3010365338, 62245.275499326075]
[125857.54841132877, 62243.17351756496]
[125896.12496486402, 62234.26992152516]
[126009.14937115599, 62205.33737793416]
[126518.29706693973, 62112.95277333284]
[126559.9129109061, 62086.45466416384]
[126621.92390457573, 62010.74939699661]
[126708.32823391039, 61971.95749344958]
[126831.06334806525, 61951.944018965245]
[127022.77032030614, 61934.072814135536]
[127093.59219571411, 61882.3999592008]
[127118.69463837812, 61871.1863895646]
[127131.18651267907, 61865.60171090965]
[127137.41778346145, 61862.81615857422]
[127143.63936838342, 61860.03560994298]
[127164.7645593826, 61849.81668558628]
[127168.4306077984, 61848.97060685707]
[127180.77065348587, 61843.47739798921]
[127193.07498950385, 61838.014143683075]
[127199.21412614666, 61835.29462113795]
[127241.96029889154, 61816.51585086455]
[127308.90423364556, 61761.434089965864]
[127529.7469479023, 61706.94845783601]
[127826.7928115961, 61607.99830756369]
[128147.13844337579, 61581.45282381803]
[128367.02543815269, 61566.48708223074]
[128501.49318807806, 61502.01222986496]
[128569.27645679806, 61491.67365145443]
[128747.39984335897, 61451.35630402988]
[129044.15850352203, 61370.42220310046]
[129106.1621590352, 61366.445262330046]
[129287.41679978969, 61316.50652577714]
[129347.46955827546, 61296.526478452484]
[129431.08295215257, 61269.627248801124]
[129457.7165892812, 61268.11508576024]
[129524.90920575717, 61242.079787601666]
[129595.84894562773, 61221.225572887866]
[129716.81813345305, 61210.63097645887]
[129834.41883754417, 61186.37048142368]
[129860.38321715499, 61175.3824394776]
[129904.6985279636, 61161.32767060091]
[129919.84014018878, 61134.31414281826]
[130111.50801043205, 61108.52679449312]
[130422.2381958319, 61049.04571750033]
[130500.83557320903, 60994.698325446334]
[130625.1572634664, 60936.20770272494]
[131325.0790041436, 60753.60186515849]
[131356.41471662113, 60747.43677010274]
[131375.175964508, 60743.91197386507]
[131788.03231358744, 60690.06300057599]
[131849.68822676767, 60654.70587521893]
[131955.60329897885, 60646.731337632824]
[132594.11423986917, 60546.33012192868]
[133096.92655266298, 60411.78073696035]
[133197.89986220302, 60401.82465990127]
[133285.34060922047, 60379.68931239024]
[133986.5678284129, 60259.100877901314]
[134087.32182749387, 60168.16483107573]
[134087.7414141604, 60168.03841527775]
[135476.00641891613, 59784.20503730176]
[135478.89338969984, 59783.47719382513]
[137722.21164562684, 59311.66458373969]
[139880.0577668395, 58940.43941930612]
[143565.41579916023, 58398.38258145523]
[155941.26682230778, 56745.01623888499]
[176973.22694541243, 52289.79119204026]
[180690.8300942435, 51671.526422090465]
[204548.42275703108, 46930.977516692066]
[208593.92870689326, 44811.5339432381]
[209317.5314939752, 44728.66865535807]
[209652.52531775233, 44585.25760794987]
[210378.55589180265, 44449.88678020946]
[210683.64310237704, 44241.830015207954]
[210757.59329749556, 44220.074330445364]
[211466.32484667943, 44105.21895417417]
[212669.07127603382, 43869.557700678175]
[213254.40168707474, 43678.919738020326]
[213739.17722176752, 43573.62851106375]
[213914.63290118426, 43216.24316579953]
[214821.328835145, 43122.39100223915]
[215007.59351496282, 43026.07475574769]
[215353.14018728925, 42959.942867446676]
[215456.64291270805, 42924.21233684557]
[215661.64029942342, 42854.67445709988]
[216048.6350002722, 42733.045396134345]
[216463.9666598747, 42648.98210716932]
[216463.9666598748, 42648.98210716931]
[216518.25264681442, 42638.52913161018]
[216621.59447901495, 42618.629546974276]
[217397.91946722896, 42509.19743949155]
[217633.26960497332, 42481.13339457219]
[217680.3524301568, 42473.72782334749]
[217727.0312719351, 42466.08645444122]
[217805.8277719167, 42448.61647234786]
[217895.63269805972, 42435.56475464173]
[217911.6591560347, 42433.31938446686]
[217927.92418772075, 42431.05372090218]
[218049.79874908942, 42411.38976563185]
[218254.88230111697, 42374.68874123156]
[218254.88230111703, 42374.688741231555]
[218282.9555632396, 42369.323206957226]
[218505.9043311393, 42324.454207728406]
[218559.69337262685, 42312.736635730784]
[218629.3938895893, 42301.60088894649]
[218769.14795866632, 42279.43833489541]
[218875.36855786626, 42257.4301024739]
[218938.39564757745, 42246.80344737057]
[219182.0612029231, 42207.67516394514]
[219199.48519382093, 42205.09835144588]
[219270.3032583079, 42194.815102896944]
[219339.90162564343, 42192.99262710999]
[219519.4350078191, 42154.66477710908]
[219552.20840693937, 42149.4929450798]
[219584.7336677095, 42144.303792846]
[219649.60417019745, 42133.87131453588]
[219829.07213666273, 42111.90176595363]
[219889.54672892592, 42091.71076959078]
[219906.25426662996, 42088.991909336044]
[220006.06570158008, 42069.847588438744]
[220232.94360456622, 42026.132936793365]
[220810.84735672158, 41950.1895663844]
[220890.09067807396, 41939.39363311482]
[221026.1621583933, 41923.587404269485]
[221221.77937837047, 41905.21627442334]
[221242.69301260734, 41903.98311256279]
[221263.6352024046, 41902.758844002055]
[221305.31311478405, 41900.331859077065]
[221461.32246878007, 41890.71937970121]
[221632.4583681294, 41874.44245293682]
[221702.33321094775, 41869.00780979741]
[222001.56947407185, 41842.84973661725]
[222082.96301995203, 41835.21959047307]
[222373.48051344627, 41789.98129171146]
[222961.7519367681, 41706.588882616954]
[223097.4763077821, 41688.253424846705]
[223253.55621896475, 41672.305153957466]
[223558.5201403495, 41646.48842035084]
[223840.2971307179, 41630.844821354185]
[223994.84754411064, 41624.642041556464]
[224673.5657706415, 41591.89328912638]
[224758.07720662374, 41585.54046765729]
[224936.3212070864, 41570.14282902726]
[225243.97151523564, 41527.5153658427]
[226492.5682458024, 41431.894788203215]
[226768.68359374502, 41382.96175042545]
[227246.93717709027, 41263.2939919567]
[227291.91789434355, 41262.4268409558]
[229237.04803605785, 41178.87490682981]
[229455.19380774337, 41160.31661160902]
[229587.38994582655, 41139.9958628417]
[229689.46033894113, 41130.03746447946]
[229793.0948529128, 41120.08751715081]
[230167.69328054335, 41081.173962102934]
[231704.4844824437, 41056.4344296369]
[232169.8250383661, 40947.37097464282]
[232298.01973031537, 40942.022770902404]
[235007.3809546629, 40766.94505750802]
[235067.47449251564, 40763.90352920996]
[237593.58658018202, 40637.04986249791]
[237805.28332143935, 40623.375444271296]
[237947.62124908585, 40591.563769960616]
[238146.32031277256, 40580.413752603614]
[241152.09734123602, 40458.16194625322]
[244634.0603945529, 40276.838585623096]
[247100.13603880265, 40219.07299352188]
[252410.35435101337, 40035.09110297189]
[258867.1384912795, 39895.91535252588]
[287159.59300312854, 39524.31531606311]
[299333.17006240465, 39290.081721562674]
[347523.4217861882, 39175.61636303046]
[352834.40539499687, 39129.69679717771]
[360774.82994302607, 39050.65967365363]
[366033.47614712786, 39008.822513765]
[379720.9747516604, 38995.75979418929]
[379863.93909474893, 38995.71211523274]
[380248.78442906286, 38995.551636281496]
[380437.3835396946, 38988.8246622066]
[394576.72842225205, 38970.614433330324]
end_solutions
[5.764197955038448, -12.794133004206202, -5.2687176321678635, -9.428441960866694, 14.34414770112543, -4.861860656831232, 27.044081379854287, -4.33058561514934, 3.774225390786458, 17.801586470054133, -17.761654493734973, 13.850528320537695, -11.573070641430471, -18.87182892064872, 32.994855107033736, -15.302785405222345, 10.888330490503431, -13.243348706339454, 3.849717025687109, -9.638267633048002]
[2.834752827800261, -10.509609578864366, -4.635317742709978, -5.871742488032325, 11.437861985032894, -4.055857231635726, 31.350517454108207, -9.080091084771428, 1.2596412418454275, 16.181893923097682, -11.750549872180528, 12.833195785474725, -11.397128780300692, -17.167066828448164, 29.97664050297313, -13.733923998842643, 9.532084517509858, -11.309381204597189, 6.022885957925477, -8.349483013419396]
[2.1864065328833187, -10.003612076217774, -4.511011676531258, -5.078974889337863, 10.76529639786412, -3.8688218665330565, 32.30396492726089, -10.136603875436283, 0.7108229170528185, 15.808050456095172, -10.401880359756582, 12.599106276222637, -11.357658639339686, -16.80257993684362, 29.321458496612323, -13.387265533854158, 9.230384672633427, -10.859074433313886, 6.523878265834323, -8.029861311064781]
[1.9702911012443378, -9.834946242002243, -4.4695763211383515, -4.814719023106376, 10.541107868807863, -3.8064767448321666, 32.621780751645126, -10.4887748056579, 0.5278834754552822, 15.683435967094335, -9.952323855615266, 12.521076439805274, -11.344501925686018, -16.681084306308776, 29.103064494492056, -13.271712712191329, 9.129818057674616, -10.70897217621945, 6.6908757018039395, -7.923320743613243]
[1.800458349110452, -9.702392460271886, -4.43738331709781, -4.606925502730961, 10.364249585499895, -3.7572824344544076, 32.87154202999439, -10.765650003955967, 0.3843008672009074, 15.585151648835772, -9.598618483782685, 12.459549846225253, -11.334150497521655, -16.58590531578357, 28.93173859172661, -13.180919427380012, 9.050752873572188, -10.590498090312192, 6.822574392563559, -7.838798187453673]
[1.5380602379663761, -9.49761457357118, -4.386705610352538, -4.286207290643401, 10.092730810695347, -3.6817865014303868, 33.257412400413585, -11.193116666101137, 0.16200459226020963, 15.434206989092662, -9.053210847332634, 12.365016766970548, -11.318188498378682, -16.438093045239082, 28.66627649025152, -13.040607068865672, 8.928684827756994, -10.40876766203058, 7.02487057374317, -7.710239608710166]
[-3.06758858915212, -5.789996990329106, -3.7699045715207817, 2.1305805180855053, 4.7000108187168985, -2.3611168619707166, 40.32011286270904, -19.170795696977585, -4.1418865921339325, 12.085697332305438, 1.3789333230010765, 10.745521287642656, -11.15375523174356, -13.642020085556057, 23.80861743739242, -9.947362005375751, 6.522023268987361, -7.393450710707489, 10.860954637368163, -5.400110419424859]
[-3.236691331419796, -5.635386564236552, -3.7926694726900534, 2.4085618640269275, 4.4480223547572795, -2.2751473497731567, 40.60988290914848, -19.52490945248426, -4.317168321520213, 11.934873765688568, 1.8386566977964875, 10.647595595414069, -11.145784391160722, -13.557543222786078, 23.599319371627228, -9.812344205392597, 6.424831071576546, -7.213000400194992, 11.04053234365331, -5.280947858976324]
[-3.612766812105773, -5.345415474272505, -3.792031260599436, 2.831594593381432, 3.979399859644666, -2.1195100602584738, 41.158173256855065, -20.139894369528957, -4.566767811033531, 11.699955792311478, 2.6452587073223146, 10.465760817254438, -11.116466130295574, -13.416250556498767, 23.279960045406053, -9.689554650567821, 6.260746901115241, -6.802637766080094, 11.394768051433125, -4.932222984024884]
[-3.7225890823867647, -5.261499830571727, -3.7909767397765837, 2.9527750240606414, 3.8437828505275187, -2.0748045681215954, 41.31698331748743, -20.317086508716613, -4.637978051157036, 11.632463153163899, 2.8779529483142756, 10.413433562885785, -11.107836404610577, -13.375331832745498, 23.188680263871454, -9.655727534794053, 6.213413079349445, -6.6833515928861615, 11.497502280356297, -4.829584222127151]
[-3.7462522672293446, -5.243465726518588, -3.790689012317619, 2.9787600745795806, 3.814634387396758, -2.0652295926497617, 41.35112422703443, -20.355120014073215, -4.653232898884754, 11.61797379585423, 2.927925023195309, 10.40221921397442, -11.105977433259726, -13.366520815307965, 23.169130327556907, -9.648540729491772, 6.203242578350514, -6.657716018855692, 11.519590900409739, -4.807437814321627]
[-3.7462522672293446, -5.243465726518588, -3.790689012317619, 2.9787600745795806, 3.814634387396758, -2.0652295926497617, 41.35112422703443, -20.355120014073215, -4.653232898884754, 11.61797379585423, 2.927925023195309, 10.40221921397442, -11.105977433259726, -13.366520815307965, 23.169130327556907, -9.648540729491772, 6.203242578350514, -6.657716018855692, 11.519590900409739, -4.807437814321627]
[-1.7169363577802128, -4.0555348467449965, -7.200663999856621, 3.595506352041533, 7.813649569400612, 1.281225875508242, 43.28814327031603, -24.92419669636495, -6.831092398371164, 14.528515772668431, 3.8961758978188996, 7.30244572309873, -11.033814782337142, -14.00913881122661, 16.251102785432597, -10.13102227142602, 6.72699046890115, -1.085373277032336, 9.289720509142976, -9.969158401282368]
[-1.7196630232099355, -4.054439058282599, -7.199367066921187, 3.595880474882821, 7.811808384681814, 1.2811256458007825, 43.29045709795746, -24.925535682509206, -6.830998120097478, 14.52795614532948, 3.898465385856777, 7.302417040618925, -11.033610149551755, -14.008241701928053, 16.251313139732858, -10.132321381060102, 6.72641214586967, -1.083814001765167, 9.291277500110965, -9.965958265906186]
[-1.8883869012714654, -3.9531789520304708, -7.140266015426619, 3.593948180705401, 7.7531371888621115, 1.3487757569654506, 43.4702362973864, -25.08502724444931, -6.842438130636912, 14.584175226419433, 4.052753774299557, 7.217186853818051, -10.995324163026595, -13.988568263251548, 16.159014434701113, -10.242571610488145, 6.714384167943486, -0.8527908449174051, 9.378725285860387, -9.813688383101027]
[-1.8897502339863266, -3.952631057799272, -7.139617548958902, 3.594135242126045, 7.752216596502713, 1.3487256421117209, 43.471393211207115, -25.085696737521438, -6.84239099150007, 14.583895412749957, 4.053898518318496, 7.2171725125781485, -10.995221846633902, -13.98811970860227, 16.159119611851246, -10.243221165305187, 6.714095006427746, -0.8520112072838205, 9.379503781344383, -9.812088315412936]
[-2.2182225880244024, -3.8400905967301755, -6.9903626799051235, 3.722612956081141, 7.4213191344286855, 1.27868270106555, 43.738655624598316, -25.21977826669471, -6.843700344479917, 14.381888831404456, 4.391985747280535, 7.281110369334903, -10.99938893447284, -13.842994955596343, 16.265347559530007, -10.321807806374382, 6.604676343309906, -0.7835711666832845, 9.607312418975017, -9.369698177559467]
[-2.7914099268730315, -3.6280894232775305, -6.729719309462022, 3.901244816512434, 6.9070786403752376, 1.198435699080932, 44.2167336509125, -25.48073672024367, -6.842944230182212, 14.112289229015492, 4.953563514915883, 7.3440496409696765, -10.987486622178302, -13.614968332650168, 16.39220201358531, -10.501638412399268, 6.437793129025475, -0.5816964813929, 9.983934321145, -8.634148661536017]
[-2.7914099268730315, -3.6280894232775305, -6.729719309462022, 3.901244816512434, 6.9070786403752376, 1.198435699080932, 44.2167336509125, -25.48073672024367, -6.842944230182212, 14.112289229015492, 4.953563514915883, 7.3440496409696765, -10.987486622178302, -13.614968332650168, 16.39220201358531, -10.501638412399268, 6.437793129025475, -0.5816964813929, 9.983934321145, -8.634148661536017]
[-3.3497621572263476, -3.4339232480747732, -6.484567547990255, 4.138189966124088, 6.32685854204272, 1.0810179392603754, 44.677989760051496, -25.72083570500658, -6.853342284384773, 13.751627449041003, 5.550360844579283, 7.451864509138051, -10.997134505752129, -13.365704948506911, 16.569225884541545, -10.621192829832701, 6.245709338594212, -0.46521568431412674, 10.38023033813635, -7.876590586626529]
[-3.494956671572332, -3.4017053941868833, -6.426920756906624, 4.275332027288725, 6.07766499904842, 0.9963429287501292, 44.78738064178408, -25.757216896721527, -6.8671540324809515, 13.534676641824138, 5.760983791875235, 7.54305075094993, -11.026562671830154, -13.265905057557621, 16.689822360102674, -10.582572530521874, 6.1592564257844025, -0.5452383241707138, 10.51874997936521, -7.62790599387232]
[-3.494956671572332, -3.4017053941868833, -6.426920756906624, 4.275332027288725, 6.07766499904842, 0.9963429287501292, 44.78738064178408, -25.757216896721527, -6.8671540324809515, 13.534676641824138, 5.760983791875235, 7.54305075094993, -11.026562671830154, -13.265905057557621, 16.689822360102674, -10.582572530521874, 6.1592564257844025, -0.5452383241707138, 10.51874997936521, -7.62790599387232]
[-3.7826972195382944, -3.3054579283106635, -6.296443318642468, 4.391447024007553, 5.782107673936682, 0.9294452243730936, 45.02005559803801, -25.870234014047544, -6.867349690012705, 13.348544196132366, 6.058428225069019, 7.605810420055969, -11.032923530036268, -13.135349472186093, 16.79057408279922, -10.649478120007586, 6.060742521694989, -0.4942739422009239, 10.719467565822479, -7.23533790035701]
[-3.7916827286691306, -3.322397067633911, -6.302233405467421, 4.490362658498477, 5.651406007898952, 0.8653610980110411, 45.01747226460502, -25.848445213817985, -6.883898168988641, 13.193269930022785, 6.141029075786388, 7.680230303430598, -11.065003623792403, -13.090019810388814, 16.878672399334896, -10.563760488752926, 6.013041549653688, -0.6213281483422473, 10.770894915584567, -7.161563662195084]
[-5.99324992298283, -2.9652611887972062, -5.444330986852998, 7.005764767485467, 1.2852328237541908, -0.7841179620007999, 46.58619898700508, -26.186520293853732, -7.136963649630996, 9.144011859926316, 9.625801706393123, 9.487858544153113, -11.683877933190391, -11.35026156238581, 19.213031073310958, -9.573933037077992, 4.4796107370198595, -2.560736219494434, 13.07174386681422, -3.0635294970184628]
[-5.99324992298283, -2.9652611887972062, -5.444330986852998, 7.005764767485467, 1.2852328237541908, -0.7841179620007999, 46.58619898700508, -26.186520293853732, -7.136963649630996, 9.144011859926316, 9.625801706393123, 9.487858544153113, -11.683877933190391, -11.35026156238581, 19.213031073310958, -9.573933037077992, 4.4796107370198595, -2.560736219494434, 13.07174386681422, -3.0635294970184628]
[-6.045756460954685, -2.9820179246851155, -5.436650913184198, 7.187611452178862, 1.0259281378619587, -0.9022578303503431, 46.611267017561715, -26.162767007879175, -7.16433314374151, 8.856744020688694, 9.802924142886594, 9.623081921124056, -11.739247217266604, -11.256248025294983, 19.376677977330928, -9.438042083740086, 4.386082664031001, -2.7707053097398324, 13.184419431022583, -2.887376250620199]
[-6.150769536898395, -3.0155313964609336, -5.421290765846598, 7.55130482156565, 0.5073187660774948, -1.1385375670494295, 46.66140307867498, -26.11526043593006, -7.2190721319625375, 8.282208342213451, 10.157169015873539, 9.893528675065944, -11.849985785419026, -11.068220951113329, 19.70397178537086, -9.166260177064274, 4.1990265180532855, -3.1906434902306295, 13.409770559439309, -2.535069757823672]
[-6.219212711577307, -3.0795887045149497, -5.432592819965858, 7.991733056154191, -0.08966894681474324, -1.4241350273006586, 46.67345991733431, -26.03112600681704, -7.290342848187541, 7.589408485721651, 10.544920159822958, 10.223631487240949, -11.989974636821717, -10.85794966481022, 20.097567992475142, -8.80173665350244, 3.9820248775925084, -3.73770761205837, 13.65308021501366, -2.1745642313688935]
[-6.592975800366334, -3.037047338266753, -5.296222448389559, 8.506538567339902, -0.9427510073398921, -1.7606360075353726, 46.930946899834495, -26.06586488257706, -7.34872605188203, 6.764826377106649, 11.204419182242292, 10.596499192020548, -12.124162115170508, -10.524994314999308, 20.57140181353337, -8.552727170255746, 3.680750726193401, -4.184451530576528, 14.085483165062685, -1.422365632587565]
[-6.592975800366334, -3.037047338266753, -5.296222448389559, 8.506538567339902, -0.9427510073398921, -1.7606360075353726, 46.930946899834495, -26.06586488257706, -7.34872605188203, 6.764826377106649, 11.204419182242292, 10.596499192020548, -12.124162115170508, -10.524994314999308, 20.57140181353337, -8.552727170255746, 3.680750726193401, -4.184451530576528, 14.085483165062685, -1.422365632587565]
end_values
[394576.72842225  38970.61443333]
[244634.06039455  40276.83858562]
[227246.93717709  41263.29399196]
[223097.47630778  41688.25342485]
[220232.94360457  42026.13293679]
[216463.96665987  42648.98210717]
[127826.7928116   61607.99830756]
[123018.14168823  62976.81698332]
[114897.46455647  65659.43811611]
[112564.35149441  66545.0558876 ]
[112143.30647723  66738.4120306 ]
[112143.30647723  66738.4120306 ]
[96243.18414092 76516.10110133]
[96226.14042342 76528.16604597]
[94827.82567787 77721.10243059]
[94821.37719368 77727.52442005]
[93241.02520687 79327.4899798 ]
[90665.33659895 82526.74496303]
[90665.33659895 82526.74496303]
[88494.76839087 85918.31245578]
[88073.23583147 86755.72574654]
[88073.23583147 86755.72574654]
[87391.82836204 88417.38126652]
[87347.21952031 88555.62734783]
[ 81461.85652922 110435.00494275]
[ 81461.85652922 110435.00494275]
[ 81107.76182692 112490.26562345]
[ 80429.31188475 117276.60569461]
[ 79903.94780935 123759.10403271]
[ 79428.99027635 133089.01448022]
[ 79428.99027635 133089.01448022]
