%
% index = 1335, name = bbob_f013_i02_d03__bbob_f013_i04_d03
% instance = 1, reference value = 5.340556198217660e-01
% function evaluation | indicator value | target hit
1	1.573783892921328e+02	1.584893192461114e+02
2	5.139165783198388e+01	5.248074602497726e+01
3	2.193423133926146e+01	2.238721138568340e+01
16	2.030584694291979e+01	2.041737944669530e+01
27	1.422078470889191e+01	1.445439770745927e+01
28	1.355125336907390e+01	1.380384264602885e+01
42	7.516656804555301e+00	7.585775750291837e+00
89	6.796140559175711e+00	6.918309709189364e+00
98	1.241709449263069e+00	1.258925411794167e+00
348	1.108518347926766e+00	1.122018454301963e+00
419	5.331384584716626e-01	5.370317963702527e-01
424	5.071899162660248e-01	5.128613839913648e-01
426	4.948723697487432e-01	5.011872336272722e-01
439	4.723783468769948e-01	4.786300923226383e-01
471	4.028773647410165e-01	4.073802778041127e-01
476	3.864911143282744e-01	3.890451449942806e-01
482	3.190271147578574e-01	3.235936569296283e-01
492	3.089376938836745e-01	3.090295432513591e-01
509	2.307330282092633e-01	2.344228815319922e-01
511	2.263546876111933e-01	2.290867652767773e-01
516	2.200446155982364e-01	2.238721138568339e-01
530	2.175319226481566e-01	2.187761623949552e-01
534	2.125698781539947e-01	2.137962089502232e-01
690	1.766702970659507e-01	1.778279410038923e-01
704	1.715484181913843e-01	1.737800828749375e-01
709	1.618826536762169e-01	1.621810097358930e-01
730	1.575910782846328e-01	1.584893192461113e-01
745	1.520433541441298e-01	1.548816618912481e-01
753	1.506566180127920e-01	1.513561248436208e-01
793	1.440548126445125e-01	1.445439770745928e-01
799	1.409364936872365e-01	1.412537544622754e-01
809	1.374186107177906e-01	1.380384264602885e-01
851	1.348688208460813e-01	1.348962882591654e-01
947	1.304433823823142e-01	1.318256738556407e-01
954	1.286263296665038e-01	1.288249551693134e-01
965	1.254411567220309e-01	1.258925411794167e-01
984	1.229433284971250e-01	1.230268770812381e-01
1088	1.201254707656483e-01	1.202264434617413e-01
1203	1.171102381094786e-01	1.174897554939529e-01
1204	1.071126573074733e-01	1.071519305237607e-01
1213	1.042591041984490e-01	1.047128548050900e-01
1221	1.017339403531685e-01	1.023292992280754e-01
1222	9.792590201480073e-02	1.000000000000000e-01
1226	9.699912370932606e-02	9.772372209558107e-02
1240	9.546590902368940e-02	9.549925860214359e-02
1249	9.312325520473286e-02	9.332543007969910e-02
1314	9.120041838222104e-02	9.120108393559097e-02
1500	8.284070330589310e-02	8.317637711026708e-02
1512	6.327337410323364e-02	6.456542290346556e-02
1514	6.304324404272665e-02	6.309573444801933e-02
1515	6.157441685264781e-02	6.165950018614822e-02
1517	4.385852526901135e-02	4.466835921509630e-02
1519	3.971877132443807e-02	3.981071705534973e-02
1522	3.890360828796030e-02	3.890451449942807e-02
1528	3.793732112860765e-02	3.801893963205612e-02
1551	3.706681310960908e-02	3.715352290971726e-02
1753	3.625457905583540e-02	3.630780547701014e-02
1776	3.543639452088643e-02	3.548133892335755e-02
1778	3.224434208347227e-02	3.235936569296283e-02
1789	3.114285528094041e-02	3.162277660168379e-02
1797	3.089181772807936e-02	3.090295432513590e-02
1802	2.995106252051194e-02	3.019951720402016e-02
1809	2.939279758896007e-02	2.951209226666385e-02
1824	2.868642311234537e-02	2.884031503126606e-02
1839	2.817271714502889e-02	2.818382931264454e-02
2028	2.752419080739610e-02	2.754228703338166e-02
2048	2.528970997486801e-02	2.570395782768863e-02
2051	2.417145933014664e-02	2.454708915685030e-02
2052	2.353359367060237e-02	2.398832919019490e-02
2053	2.336393622521082e-02	2.344228815319923e-02
2059	2.279951912893674e-02	2.290867652767773e-02
2081	2.231079599884411e-02	2.238721138568340e-02
2089	2.177535467277991e-02	2.187761623949553e-02
2284	2.129752427371878e-02	2.137962089502233e-02
2296	2.077591637363541e-02	2.089296130854040e-02
2318	2.037306581880716e-02	2.041737944669529e-02
2322	1.993148964582114e-02	1.995262314968880e-02
2327	1.898916831030417e-02	1.905460717963247e-02
2333	1.855590402711083e-02	1.862087136662868e-02
2364	1.819381250112373e-02	1.819700858609984e-02
2559	1.774476255334956e-02	1.778279410038923e-02
2561	1.717261364047240e-02	1.737800828749375e-02
2575	1.694507769801523e-02	1.698243652461744e-02
2591	1.635524066544858e-02	1.659586907437561e-02
2597	1.587142609930225e-02	1.621810097358930e-02
2598	1.575965318807016e-02	1.584893192461113e-02
2643	1.543798696708198e-02	1.548816618912481e-02
2854	1.513425204648366e-02	1.513561248436208e-02
2908	1.469873594984439e-02	1.479108388168207e-02
3173	1.443803268703070e-02	1.445439770745927e-02
3202	1.382306300781411e-02	1.412537544622754e-02
3203	1.357825396649504e-02	1.380384264602885e-02
3480	1.348458560776888e-02	1.348962882591653e-02
4028	1.306698259930628e-02	1.318256738556407e-02
4303	1.287272580026044e-02	1.288249551693134e-02
5432	1.235658782308358e-02	1.258925411794167e-02
5949	1.230238606770728e-02	1.230268770812382e-02
7103	1.201888028380493e-02	1.202264434617413e-02
7380	1.173557851584051e-02	1.174897554939530e-02
7935	1.082796873313174e-02	1.096478196143185e-02
8215	1.070020648736769e-02	1.071519305237606e-02
8225	9.681921021085227e-03	9.772372209558112e-03
8472	9.509851170530825e-03	9.549925860214359e-03
8489	9.252401001309973e-03	9.332543007969915e-03
8735	9.101077555023762e-03	9.120108393559097e-03
8744	8.884476112249295e-03	8.912509381337459e-03
8758	8.699229383498763e-03	8.709635899560805e-03
8783	8.502005497853959e-03	8.511380382023767e-03
9041	8.308951378727114e-03	8.317637711026709e-03
9294	8.125589051707127e-03	8.128305161640995e-03
9333	7.940284861271629e-03	7.943282347242814e-03
9891	7.759393993915897e-03	7.762471166286920e-03
10415	7.580699241438671e-03	7.585775750291836e-03
10981	7.411912127734510e-03	7.413102413009177e-03
13051	7.252189656939523e-03	7.413102413009177e-03
